,mfcc_0_mean,mfcc_1_mean,mfcc_2_mean,mfcc_3_mean,mfcc_4_mean,mfcc_5_mean,mfcc_6_mean,mfcc_7_mean,mfcc_8_mean,mfcc_9_mean,mfcc_10_mean,mfcc_11_mean,energy_mean,dmfcc_0_mean,dmfcc_1_mean,dmfcc_2_mean,dmfcc_3_mean,dmfcc_4_mean,dmfcc_5_mean,dmfcc_6_mean,dmfcc_7_mean,dmfcc_8_mean,dmfcc_9_mean,dmfcc_10_mean,dmfcc_11_mean,denergy_mean,ddmfcc_0_mean,ddmfcc_1_mean,ddmfcc_2_mean,ddmfcc_3_mean,ddmfcc_4_mean,ddmfcc_5_mean,ddmfcc_6_mean,ddmfcc_7_mean,ddmfcc_8_mean,ddmfcc_9_mean,ddmfcc_10_mean,ddmfcc_11_mean,ddenergy_mean,mfcc_0_std,mfcc_1_std,mfcc_2_std,mfcc_3_std,mfcc_4_std,mfcc_5_std,mfcc_6_std,mfcc_7_std,mfcc_8_std,mfcc_9_std,mfcc_10_std,mfcc_11_std,energy_std,dmfcc_0_std,dmfcc_1_std,dmfcc_2_std,dmfcc_3_std,dmfcc_4_std,dmfcc_5_std,dmfcc_6_std,dmfcc_7_std,dmfcc_8_std,dmfcc_9_std,dmfcc_10_std,dmfcc_11_std,denergy_std,ddmfcc_0_std,ddmfcc_1_std,ddmfcc_2_std,ddmfcc_3_std,ddmfcc_4_std,ddmfcc_5_std,ddmfcc_6_std,ddmfcc_7_std,ddmfcc_8_std,ddmfcc_9_std,ddmfcc_10_std,ddmfcc_11_std,ddenergy_std,target,filename,type,amplitude,ruido
0,-156.0684728585719,73.60588749558514,31.663675893349414,11.376747881837002,4.194334620701834,-3.8695352874079694,-2.7302047483610212,-2.1410315062660366,-0.48562364767286603,-5.497258990023644,-0.6914813654452654,4.589516199746145,0.09665706485975534,43.96101403179992,35.65090163015362,21.788704229705708,30.241761396404083,10.50940432424639,10.333638220680555,9.084155335054948,13.170118859098732,9.35342232877157,13.45524335182139,12.936899698389468,8.380875265145217,0.05295068299196394,3.0457308143449295,2.5734788091886167,-0.19111777203793903,0.1707414904795559,0.3461712118298496,-0.09762375958247617,0.06551821355890916,-0.07121603691220549,0.022256121396491982,-0.4105089575019328,-0.6535978449224745,-0.3769098714560972,0.002541077413385914,29.14520244591572,13.179440807833991,17.097184801163404,13.000507301426596,4.9116032156450515,5.461689970530993,6.111233212249281,7.525396575129992,5.737187049924512,5.694506757747085,5.12287954331634,5.1410765978280715,0.01951977718438573,-1.1101112788623908,-0.4241136751816247,0.14687151031335688,-0.18267800535592085,-0.09296850520956491,0.22085083150771137,-0.3195582338988076,-0.1152338625394582,0.004783912356055827,0.015005817813111855,-0.13042698041751324,0.15271246694088442,-0.0013538369288047154,30.775585883507766,14.39419163497203,19.863235968407132,11.453522576821765,5.091462120678062,6.302278329876295,6.820304994159093,9.535641241036883,6.173058032995935,7.160064233860957,5.158957825232999,6.4772535964265785,0.018793290928412264,zero,/content/speechcommands/zero/b49caed3_nohash_2.wav,testing,5.0,Kitchen.wav
1,-218.43220235292222,46.33345370455651,13.48831146290235,23.641003981938173,6.467760344015996,-4.148840100710405,1.3133725984709517,10.712882792092019,8.104462853931281,-5.314097723309878,0.4055358370646991,8.50061665016063,0.08714471245184541,79.51051934351403,44.721710920661124,37.55846920663524,25.253549836846886,20.78759876958477,15.941955227127355,14.472840732878494,8.537331747285018,9.412759460362741,7.189576718079045,9.592125167789046,6.901855225365213,0.05813745328724298,0.4716161146622631,-0.2165098081806695,-0.13996905589782146,0.19730150166335003,-0.5979286819203108,-0.02370424759489609,-0.15626613416287635,-0.28992215087358425,0.1409324233851765,-0.5133101233406661,0.4451131280624478,0.04305787553275022,0.00015927731029448971,22.015424181021274,17.179145729931417,16.72393324295367,9.972522395618594,11.1065431900898,6.775146343021904,6.0871679686535405,5.101552030382274,6.011079344737524,4.993452741890183,5.5513061669603,5.243319646024315,0.015927021562226834,-0.4173578163659973,-0.3441599120971785,-0.10565671045936079,-0.12247331331185726,0.14374656207697137,0.21938147534260757,0.23307029145706756,0.06476678211679913,0.029886076381144495,-0.15771948092956167,-0.12341425801118175,-0.055330968035281904,6.873638679583867e-05,14.130311369381122,18.15044024096077,15.167726425834624,8.126830629765083,8.79388274352305,8.209623621151717,6.460375450984888,5.837082136520343,5.944329813802272,5.802687411056124,6.417511772520823,6.9533382919777145,0.010720724996917027,zero,/content/speechcommands/zero/692a88e6_nohash_1.wav,testing,5.0,Kitchen.wav
2,-215.8200488894125,38.369596091612415,39.83660716466278,15.556530085533115,14.869502656959522,5.493794147307867,2.038091617569699,4.742116775032104,-3.0626111937805556,-0.47031358907330356,3.056635014293309,8.894510838593376,0.06221362471114844,68.04281934940576,46.09946226279948,20.65910089233065,24.836116851263373,11.820408212837608,11.087101520878543,15.809847804118297,14.0696575187078,11.105623301868265,8.345134230113596,10.19461040017534,5.2916901598012025,0.03355021282230618,-0.058996032949461284,0.6590305288123954,0.21038483811638448,-0.10764013344453796,-0.08545354359967706,0.13537674962049467,0.02073747755289964,-0.07691025389434307,0.019335969366240033,-0.045371362896949236,-0.04174975201479573,0.2701309638015766,0.00027115907399885114,18.071511126152163,15.103981741272333,10.708951544527586,12.307813431511207,7.5890855715932855,6.132377377644615,6.5980883720606505,6.2152175413232875,5.822127998970286,5.306200043599138,5.713295113443617,4.664143834552632,0.008105570861033785,-0.26238015445907575,0.004885256151996294,0.20774357870209054,-0.07073329324048731,-0.18705187614770527,0.17269493446108472,0.15306853748250274,-0.017096461135175673,0.0881630314907922,-0.10484827137162726,-0.08020195441139147,0.04521455175934781,-1.5755991141001382e-05,12.937747606859597,13.10658271486157,10.56954164697437,11.221932225330374,8.634348592594964,6.416781976190643,6.603665836304169,5.5279974453081095,6.504979033856235,6.176078352677209,5.733554123815557,6.173403186121649,0.004446109617379185,zero,/content/speechcommands/zero/0fa1e7a9_nohash_0.wav,testing,5.0,Kitchen.wav
3,-231.42713871745084,20.789735722639065,33.230802149104676,22.096599311388204,17.50622097498308,6.555147232406929,3.820782666103981,1.055759431313219,1.5271416355202738,1.1963989546240503,1.7512072467121906,5.670241176304678,0.039970919431652874,53.23099857810747,30.189141151066345,10.831026381473702,11.183846155458273,9.156138567007448,6.730997224763456,9.130357818538734,9.142344924217312,9.037684587426586,9.164852766881744,7.737482543866709,4.9414767104960085,0.015776596231986628,-0.18906523454872895,0.5483262796106287,0.6909391624472834,0.5761903560202571,0.8911361397323883,0.32867019358700994,0.398379743257448,0.4757436713535674,0.2820588477539799,0.20616623064905906,0.12468958638029745,0.005676615284845332,0.000673830208759154,23.00726925020322,10.009390656705085,7.645262007898118,6.582144246846329,6.400615211109003,3.6095649051108696,5.4489959307594615,5.251483682962767,3.8905398152735056,4.019208772609269,5.097162181256687,4.7914211162859575,0.004532944626095924,-0.5051747593099265,-0.37561189129756944,-0.10308071349813161,-0.16930548818355387,0.04302360448417139,0.2885448582310171,-0.06423986523068106,-0.24679001499692724,-0.11892405068180491,0.13482482552360267,0.31849004932427183,0.283464124328989,1.1268009742101033e-05,19.277803446203603,8.649344670852024,9.341313221583423,7.371947948654915,6.293838737498029,3.603005981252031,5.713339232117697,5.621873150046819,4.251475288080463,4.693881255300476,5.574591255921931,6.275853747042233,0.0032206107433522956,zero,/content/speechcommands/zero/5c8af87a_nohash_4.wav,testing,5.0,Kitchen.wav
4,-192.09470546855488,77.15966630087703,14.578778422339047,14.179783220793723,14.400633511887634,-6.15501200002681,-5.453712806676792,3.7785114578316925,3.860863162289042,5.662411593251302,4.896222362070107,4.013548497736574,0.11147998075466603,79.53111591282283,46.49457066851813,29.886377083111732,26.637203336802198,13.69082805938625,17.126725207846636,18.64885237463852,12.025588824502542,12.672374151799788,11.525068958970447,11.898390946252734,5.834449043885389,0.08354563965625555,0.36386574905281116,-0.550004568290176,-1.1136083588291172,-1.135888099144416,-0.7788149633077122,-0.1880290433311554,-0.004510732753199328,0.5946461595247325,0.38027813858079385,0.39461441488511656,0.423654944945946,0.28232845880849117,-0.0006615524330446797,19.8331472846873,13.991365031198178,11.051949771836396,11.624209243827195,6.595916711359961,8.99565128643651,5.3341910599319275,5.707345118985019,6.135750799106166,5.9176614869002115,5.395618349548258,3.3186308747832145,0.020093366762289643,-0.5138323727137426,-0.4318640033157254,-0.19197004548970162,-0.02743858717365987,-0.07709685433102548,0.16088743397745547,0.13367193947405198,0.13580884598014198,0.22194199932134945,0.25823665163341813,0.08371812423469845,-0.053670372601704396,-0.00022652745246887207,13.806924867628362,13.673758582827116,9.957956509590254,10.012063777770802,6.555248150351545,8.491677481851537,4.684943012559925,5.920967535433244,6.704023548007551,6.377112646903003,5.808883986650123,4.26546474887857,0.009554626482070602,zero,/content/speechcommands/zero/aef8dcf5_nohash_0.wav,testing,5.0,Kitchen.wav
5,-228.18339504668603,20.880837940275107,33.75096058818349,12.013689351438213,13.27612868819632,11.356641681996111,6.001458487606495,8.258843721437557,3.7938296963744778,4.598974983135742,4.215869533752055,2.822151334863865,0.046302253380417824,86.67625983310654,29.90493769925921,20.099394138576645,18.067445697699988,11.515978034597325,6.368792605277181,16.310105233142526,7.814267189941762,10.272573104757177,7.727670765376066,8.28969683529125,6.873086952364921,0.01749396919358663,0.642974292124831,0.33812319533574153,-0.8636160566083698,-0.36369408823534427,0.040331348475913936,0.19564120022486745,-0.252934271193314,-0.20831131209950146,-0.1900389110330487,-0.23901077574882665,0.014490481550543576,0.13303660271566972,-0.0009549534128558251,29.22946634795603,11.603332634429286,10.719512633139573,7.71278213966913,6.8499973705815345,4.954432401019053,7.738960986975646,4.735175102863337,5.140671829169234,4.443053792591527,5.455962261529529,3.4840048256265472,0.007042837666152618,-0.5666695004403663,-0.20650111522054987,0.1783519686363185,0.097198233250319,0.23622308027537364,-0.21711077451342825,-0.12059849743895021,-0.08240426398958736,0.06352915699455952,0.08391922854137253,0.13820533604201052,0.07891268703609008,-0.00038353204727172854,23.41255197709333,11.139514625076133,10.498122028886996,7.287894713948439,7.561639210235445,6.018702538693177,8.080846609901275,6.208433591417224,5.194183456388022,5.633079383319996,5.967254321886808,4.3521607364071215,0.0043467154975174345,zero,/content/speechcommands/zero/a60a09cf_nohash_0.wav,testing,5.0,Kitchen.wav
6,-150.23182482128962,2.787983830099324,27.582624763030534,25.173737130845467,-0.6009748271516315,-2.8313823547423658,-9.673710025457517,-3.049095963644636,-8.528041168120009,0.5738574246894308,11.012627057443943,-1.9266049644696748,0.12314668908948079,72.59904157570192,44.09145306398225,28.344510024659943,29.598567562897863,17.379398653561378,11.341265314532668,19.905627790531195,18.15084867721075,18.862019783671496,10.71453786043463,11.009759969711489,8.617276441695946,0.0922346387052042,0.6812632639973291,0.6251809489486828,-0.4610334891064013,-0.5470135817363494,-0.565537735151385,-0.7107261388935879,-0.3284299431316321,0.12195628534115593,0.4468179766542318,0.43367048658957197,0.08981855197779254,-0.04537706962276188,0.0003116339925796755,20.752594234483297,14.428606053945781,12.388922788636174,10.979520759443076,8.556757833293366,6.780596938758872,7.7306454458684835,7.347260386107397,7.849289922510772,7.1898765123555295,6.114998362056351,4.04126853068912,0.026282220664237296,-0.11950518327368277,-0.008459451770184027,0.07104648711555074,0.18795389209128513,0.19582729966756343,0.1458735739673605,-0.008280319443068033,-0.019183452215377036,0.11431912068023665,0.3529102473698688,0.4675400413818405,0.0905833016832875,0.00029487249751885733,19.143720622363187,11.461242582357004,10.682086424807439,9.357915076902437,7.173448449171244,8.8028707553428,8.990201751872524,6.894653200577158,8.9930079457911,8.370991126100591,6.9959473259084675,5.179036769849478,0.016971595679979603,zero,/content/speechcommands/zero/9a69672b_nohash_3.wav,testing,5.0,Kitchen.wav
7,-173.6559837623285,28.28719663879642,-6.218293321359969,45.383658538217524,16.55547754373281,-10.49812461118633,5.1660715653280525,-8.490313806463575,-6.3663992878608395,4.518427851948934,8.19486686154895,-1.692617248527887,0.12653891812078655,70.83175769930452,24.847743620138207,31.248685031516388,20.594995971760554,12.461736370088714,9.881941869636226,14.298840306788666,16.595771786812676,9.997275628516176,13.202292114385875,6.798386540356476,6.804098708222304,0.09449789571802955,0.8746454520501982,0.2875936679145469,-0.5058464231352078,0.1505807047932119,0.16202909526964293,0.5038898292295729,0.4734476628793706,-0.11468957518277394,-0.038470168916799656,-0.0009784487587578478,-0.09231999048583132,0.18878736104328028,0.0002063407051947809,18.60276972331618,10.418965753434083,10.128458380193152,9.626074130510924,7.341545642660817,5.886560013236477,6.007283911809255,7.629496453890149,5.202960201858775,6.05267002613197,4.438863703449178,4.069754165975201,0.025807250807335702,-0.05601494986278226,-0.22705071461548818,-0.2244342366730861,0.1264940698083291,-0.12722360799715768,-0.12153505260061294,-0.03295998649588618,-0.021977042110261576,0.5032935390973886,0.2983262599867852,0.17886506273832267,0.42329918056267685,0.00013085131843884785,13.532607089724316,9.042079723374993,8.289938934872456,7.913664190291712,7.220395663360181,6.026981425739488,6.060035351477334,7.51957969430915,4.970428290477412,6.436100084342691,5.306271373754142,4.037980535908871,0.013345320802181225,zero,/content/speechcommands/zero/8625475c_nohash_1.wav,testing,5.0,Kitchen.wav
8,-306.18576496703986,34.95659878724969,40.01814015348231,24.94919065837194,27.112661187900194,16.69080338017155,2.990286343428119,2.800416125653351,0.6336178498841136,0.233308041669949,2.652175181325555,11.748850675304904,0.0470929893781431,41.49782331884483,34.46789485624747,11.748437732012807,13.50574068881856,12.493416309031375,8.16420680055687,16.70471714300541,16.771396117706182,13.751656456022575,14.409249844795658,7.018903858524026,7.272424877346239,0.017518671707700717,-0.1710883761151374,0.03484083187820859,0.2036709064203543,-0.21225075605589816,-0.2114283725614815,-0.09839092630924702,-0.06895135357168648,0.0903172760291276,0.023836053104260593,-0.2646351071240499,0.040942161757310566,0.1817826126067455,-0.0005058127064858713,12.816877840414941,11.69417867641209,6.684737927153328,8.463722921004733,6.554822100744991,6.771076118408623,7.218659168201485,7.191959742092004,5.9519102961953285,6.596641289403154,4.458805972038348,4.903084693473406,0.005943391474506609,-0.2873097330727736,-0.08239385945976477,0.12041656206531878,0.244757749019096,0.08153532049945961,0.07923064731824017,-0.009983046501881828,-0.08111207012788438,0.029004437404190023,-0.06879180675993381,0.005178801417981364,-0.1040438695147321,-0.00019301287829875946,10.26370933707016,9.31285687833944,6.488624933319432,8.817798784247806,7.084416355368562,7.523766441095959,7.228620635995548,6.555322929660432,6.4931712952559595,6.570955362760496,5.181786683352601,5.346194206640876,0.003897480073114383,zero,/content/speechcommands/zero/af8b2f2c_nohash_0.wav,testing,5.0,Kitchen.wav
9,-259.88542087713887,19.78382253849681,27.46318469067718,20.35331709846986,15.054216293968011,2.439994101823906,3.2606903862308956,7.920631231025764,6.950095404149135,2.8801550440808237,3.3086785517178834,6.264498114568673,0.04021095341886394,69.69068603991569,49.95584816323494,21.95824665877814,19.186876158905623,10.160381322105003,12.3375579916371,10.806249524652669,8.462143933654986,7.015898774534292,7.200083670320652,5.378759988199343,6.2999544094119075,0.014648925909364213,1.3726043015535927,1.7870080859888755,0.4940128102788616,-0.41480886900184705,-0.7127409732960218,-0.2637003268530371,-0.05303698965636997,-0.19463820483938032,-0.31051583071018535,-0.20718794082732736,-0.2485890966830926,-0.25351911738061456,-0.00010808938813786353,18.230549147625272,12.239729252799087,7.516646390816927,7.3285241013898315,4.573314183736733,5.840021257120809,3.7636129906067888,3.6511532390137114,4.604312849022398,4.325015746304951,3.4400878326842728,4.367557290089807,0.005310707572426542,-0.5798401562689321,-0.37924264589070267,0.17455849764607756,0.2415052112333453,0.06560876343755953,-0.19760928395941554,-0.2083872941941137,-0.01639531088648969,0.08759388252746939,0.11626756325345229,-0.1487029710666027,-0.006440371273087031,-5.510918175180753e-05,14.354132859996545,11.107123491219024,6.23473585654902,5.991384421243966,5.3039402285407675,5.406097847787185,3.680278846541829,4.439271589886473,4.509473366725065,5.344861004865952,4.6996180665065115,5.569558023750929,0.0033557746393504564,zero,/content/speechcommands/zero/dc75148d_nohash_1.wav,testing,5.0,Kitchen.wav
10,-244.2237697849873,24.396231508970878,44.3439527737674,18.55581595792149,19.822769841253088,7.11911324596902,2.026231384803495,2.26863206942342,5.605392241202978,7.728910828587194,3.9050057523525448,7.260145784810375,0.039067995676305145,52.532305210909435,37.26864637991853,18.74594399311423,20.294738311347764,9.392716319136447,6.564710234331377,11.059742746478497,12.101723730133104,7.809374428672692,5.957574538032697,7.208061303929315,7.175196730915191,0.006248927070291985,1.1348903417555294,0.9729987463042427,0.34299514860300606,-0.22390182333219058,-0.10792952255711336,-0.1279892298812963,-0.03364578119681867,0.34946611994000987,0.257007033205289,0.22639160105458264,-0.008467370289086062,-0.08865971241617683,-0.0009146891534328461,14.896975947421586,10.780592245094786,9.176360041239109,8.650583125402921,4.49556014599506,5.437792626976912,4.519289475811531,5.109523958062495,4.063908295966842,4.655887448980494,4.966754377708524,4.825282495968341,0.0029431111807801747,-0.686797326876344,-0.8153122455366727,0.015545847424186713,0.22958730377183248,0.11916636232414853,0.26893911899765305,0.19855039064559188,-0.008206158342028699,-0.0423252042725332,0.0847094505682054,0.3006198715635728,0.34532574590893444,2.0268869896729787e-05,13.564958489075485,9.005911805005473,9.106582088184059,7.6549642123449475,5.105235304274612,6.3036778415114885,5.092308309759509,5.305291731249304,5.00908121133791,5.387859203490583,5.256815851583163,6.327833483762948,0.0028094821635004075,zero,/content/speechcommands/zero/0ea0e2f4_nohash_0.wav,testing,5.0,Kitchen.wav
11,-252.13536712428555,23.89516082537667,47.20599638489735,17.45509997286411,13.516873506449974,0.3382893389217694,-1.2322487951259848,1.7840931705426222,4.276336284042847,0.2597536203737385,-1.7143061071262147,5.730524514315182,0.11629206460202113,76.28233732547824,53.516886841857236,22.745899250826103,23.62205464546372,18.230771994467165,13.629923274616969,17.830886345643098,10.844319270337278,9.892854242454046,14.414391318526166,9.879699017066052,6.826606015904867,0.11771463624006631,0.07258684575435102,-0.38353585107606586,-0.4350870384905707,-0.4395231393011735,0.09283140657695393,0.21605752009763196,0.29392078566856333,0.13084821611097272,-0.1544848245704225,-0.07826905815618064,0.28878832137689614,0.5195693447935821,0.0003436434893838821,19.820692655093463,15.465961718686966,14.350891751534714,11.90426786348654,9.073530891075961,7.5037755763245375,8.732393441024604,6.873434865339618,5.253276506232702,7.0656744877397815,6.536767089608885,3.91218648696799,0.036480985813339854,-0.06531393959907064,0.03270155718047884,0.2562076169374959,0.050362552517175155,-0.006017150491141324,0.11461351728796748,0.5424535495229355,0.03820606116427155,-0.2793787625013655,-0.22287713400915887,-0.013872403962372342,0.05613925194401196,6.0521190365155536e-05,11.43862192100077,9.928947421574875,12.62939637455906,9.610968553129675,8.530190425055084,7.183659588346442,9.746949625223262,8.099971894744067,6.3850031536729315,7.432486014743046,6.714116290676296,4.577957266119756,0.025756288298388514,zero,/content/speechcommands/zero/9a7c1f83_nohash_0.wav,testing,5.0,Kitchen.wav
12,-250.2929572374922,7.680909829428805,40.9743902890784,22.130710401714563,17.090834319765033,3.7263671462951233,-4.084786803345924,-3.085809098290946,1.0337162327869793,9.311166058719737,2.808933088211099,6.901217370094886,0.0402356901798736,52.55320113127075,33.473650730263905,19.636853188921805,19.151499463704717,11.120113412952797,11.166185855788283,17.387323429107433,14.82845534058745,9.84944468831159,8.438580320634628,12.055107416686457,6.073350904829747,0.006872690975979206,5.858810999055901,4.409418666225797,-1.0683987977791762,-1.6575262336145207,-1.5527468610322406,-1.3416960847685617,0.1117614068113119,-0.18045221213988716,-0.6977951448826718,-0.6841698410574676,0.11083789555112032,0.32616410644660665,0.00012016260907763527,13.206650125269757,13.464049413946029,10.106336664565315,12.12006838476421,8.063593430427348,9.080512748163454,8.57164760901463,8.28927839247714,4.731729283985146,5.877625905793645,5.4844342984831895,3.3405375593597633,0.004169412877894428,-0.16717769963183854,0.12447333323261525,0.6458423912330694,0.517135939697753,-0.3064527665264102,-0.15777058383357154,0.2898991620380671,0.2164888013886105,-0.19813767700311505,-0.15875956258977117,-0.13966204796553966,0.24915899206582007,-6.01375475525856e-05,13.150081144419977,14.639566810477973,10.511996194218824,13.2388453016067,9.397177264594847,12.478985658022303,10.341507700781927,8.561290767276702,5.496243193443634,7.151862997337283,5.689976724954658,3.945447093359679,0.0032934110136231217,zero,/content/speechcommands/zero/4a0e2c16_nohash_1.wav,testing,5.0,Kitchen.wav
13,-283.96860649626666,35.56405896409267,32.47868230537867,24.427742385300306,15.106488554251865,2.80167350465565,-0.0851713690583964,8.446055324389274,12.953232934355865,8.772524884031451,6.840945758233787,6.149288418922183,0.029393371776677668,46.76481394493116,26.762027951186813,17.28392096779701,17.90115905846012,9.971824943619367,11.063359304777205,14.04824089926693,4.8024864326827394,10.015802817699623,9.222399659806802,5.668053745177502,6.810181396223215,0.008552625639197774,-0.2816883985889409,-0.2832803399045694,-0.33428463606621966,-0.41908226432627427,-0.20349779260624892,-0.0870465254087121,-0.11046752639964186,-0.028326205114822898,0.15613460665246623,0.3739252873576207,0.6057437743424382,0.32647976367392945,0.00023218688945616446,14.207714763197872,11.177175299786768,7.809312969198438,7.999126630057277,6.7739509081151965,4.870906788775329,7.073191497299871,4.980620537287715,4.716806282676866,4.328902690873768,3.4442852728447964,3.7912061141160893,0.0027793113841479405,-0.38024942489529584,-0.249486019368191,0.08530689767408325,0.20426112639837726,0.09434431733240332,-0.025048446917897225,-0.07506858934411212,-0.05170936036086709,-0.0883893886483254,-0.1517747729745224,-0.20010556057431064,0.0491844157637401,4.1589948038260144e-05,10.470497292430109,9.41438425470516,7.466665733243176,6.832734730438725,7.243601440750583,5.397067598911161,7.879603053158596,6.386494427475472,5.114891281737378,4.3122766356771995,4.128315552783686,3.8982560201736307,0.002311791836370455,zero,/content/speechcommands/zero/1f653d27_nohash_1.wav,testing,5.0,Kitchen.wav
14,-243.69046810799105,54.44119432627812,13.052370703280197,18.040613442426377,15.44336056071786,3.1947059023180855,5.844168535352029,14.53482678025427,12.01326388658585,11.487499712531156,9.853255564190855,8.016328879269068,0.0545450609177351,21.84251475496149,18.227004519068885,6.286638817562394,8.552576809586498,5.528161523157893,10.954549428953376,11.528187961084454,6.014614905316171,7.1548614125235845,3.977637696702098,3.020311770549122,3.6055460292977717,0.012368090212212022,2.143497084877395,2.0907252379825816,-0.2134809665971299,0.03919925136458755,-0.1855307803312194,-1.3740962941806703,-1.2965038005967098,-0.5212616737532638,0.34929549499751567,0.4303417958377494,0.04654824429421268,0.1129219338325874,0.00018081505750787668,8.833025517811516,7.609515793161449,5.214229352705396,5.043559757979475,4.776926911622813,4.9465128436330135,5.884579035689545,4.748235301027424,4.089899875880726,3.4606417712976647,2.774355287742082,2.9386934319064766,0.006107243183440809,0.24638732560212567,-0.10915146674145149,-0.03432742244008529,-0.10054395767149733,-0.291672426233614,-0.30382845660047547,-0.0014842397701745494,0.17752926036469605,0.29368243123066734,0.04232965121055269,0.20157302465489726,-0.06959291303553108,-0.00011227213378463472,10.551494236258417,9.93675741984691,6.292037465644176,6.1522255598808675,5.956263717541105,6.378390831268593,6.815696572626034,6.588497300301744,4.934711945051774,4.239829218286849,4.205434085603296,3.511084150425289,0.00580119475177214,zero,/content/speechcommands/zero/ad6a46f1_nohash_2.wav,testing,5.0,Kitchen.wav
15,-240.91684906696997,42.915715122791475,20.49677102957008,16.643074565004344,12.411973402249592,0.37337303157358076,2.7259335131480418,3.5304159745010892,-1.7733382428776303,-5.057118977239308,5.226431427693262,9.53763193745365,0.07088846177794039,74.20561964541537,45.41076937140359,28.572749024708518,26.503539557471566,15.70774538987311,15.415003353828657,17.51427740037159,12.517679104368957,14.767022004545648,15.79777529026807,7.590039133000481,7.885915690581339,0.04354838186678914,-0.16264296799289651,-0.4104503003114392,0.07982257198915076,0.2688949478744579,0.34949985165261377,0.09789327900060972,0.15427352621479967,0.06173704372430981,-0.20141834875954126,-0.26755430056846774,-0.09023870651853272,0.1171919777768114,0.0005537732954948179,19.435195187328947,12.589170180392342,12.791684275845405,10.109500673971116,7.677903209413846,6.963811689266349,7.394783114355783,4.612576243151322,6.009769197950024,8.269250627124691,5.755320452027537,4.428144882139414,0.013397337069071176,-0.05890975353313479,-0.1479614059842403,-0.011385033864058158,0.06278926234337198,0.16583457186237638,0.3221925983914363,0.33821596484993804,0.1963406308572632,-0.04310267526135174,0.06514267788879767,0.21131138015822487,-0.023727110714906154,-0.00019760566453138988,15.012348950515554,9.620288243110378,9.58252128777466,7.547786677702705,7.257542842483118,8.07194266642836,8.428871701444269,5.3914084963084115,6.4458088511916145,9.11620217515905,7.152804057511044,4.920576089665122,0.00974491980380559,zero,/content/speechcommands/zero/ffa76c4a_nohash_0.wav,testing,5.0,Kitchen.wav
16,-270.5168031539481,36.87818294256747,22.6237954316411,17.126406885253303,16.53720013473411,2.630494953472248,6.153431770671074,8.341386871378221,8.135488570387292,6.769511849290566,5.992893844076101,7.69836162236239,0.04650945384055376,27.915180035320944,19.083632695517647,13.49863639194142,10.616512000352447,6.027471271386358,11.149236261433405,9.305673361541427,6.3419181965237,8.244002164255914,6.583098101444987,3.819758973685237,3.758623897569732,0.011095773245267702,-0.028624751836577523,0.6859548618970543,0.23713759553290845,-0.08932383182313318,-0.12278704851848331,0.1782003583562254,0.08525421452918427,-0.3070358814830891,-0.21166881202889723,-0.11908786835656295,-0.2832252709469021,0.08046804908735983,4.724207623251553e-05,8.982221097415493,6.678465751910414,7.871166157941763,7.982618824002773,5.781562644960833,5.235671013502702,3.9109089904084704,4.492260294941379,5.699644911037969,4.200605880392962,3.377242191937821,3.0941474985879194,0.005767025430722735,-0.740509505654048,-0.3916072901122986,0.015035531155919,0.13229651702696923,0.33576917601075723,0.025853952873718816,0.044372631463165675,-0.03456156849669296,0.06133027255063851,-0.030392911902368258,-0.20510086109636902,0.02040320263488035,-0.0001598567302737917,7.719146362802611,5.775171940075392,7.9472616429252225,8.391739327064936,6.63267583434357,6.879611020700084,4.130482010951089,5.168375457879008,5.499478981001699,5.270110293922674,4.105012925686537,3.5063734624048917,0.004478872205778994,zero,/content/speechcommands/zero/422d3197_nohash_0.wav,testing,5.0,Kitchen.wav
17,-317.92256101332464,-20.78442940282897,46.319727576538355,26.9101328376142,23.578419306862045,15.652046028997809,13.769136956872167,9.909245166951886,10.620793657939505,10.360972910961781,7.031761576078048,10.657096705131389,0.0278404921409674,10.916346419447535,7.89295911994074,3.6911109986315345,5.852952821148345,4.316782538553995,3.2424956795285507,7.068073024135046,8.457005554066912,4.136268571773145,4.133727453362177,5.185885590333677,3.8853613206815734,0.005164482643821181,0.08423382107902501,0.15495008864386386,0.00905892674339637,0.041098288229481604,-0.03553821877462146,-0.22349588489986666,-0.06719000509349887,-0.05774373378886661,-0.2583177125401269,-0.2276993634621853,-0.2434124938454968,-0.32167359518027516,-0.0007519046625783367,5.29275674098571,4.256747443802477,3.0157278648863866,3.779341052671142,3.013060444800792,2.91961876178835,4.427719046357043,4.673728691735306,2.4815711566081564,2.8927355588623547,3.1357776932902297,2.4566505325262797,0.003322022539005417,-0.23352027435251632,-0.08345009667387941,0.054282577870218535,0.07187337451189015,-0.1592635504842672,-0.15865787865278758,-0.15559513405203618,0.008617298076112926,0.05595749021556055,-0.12238808356512958,-0.06110002423698345,-0.07527639852923963,-8.349486937125524e-05,5.704610127017609,5.108312658928613,3.7589331535409016,4.4775096778050285,3.49969500025308,3.8693598682652786,5.47100145640215,5.447355858943302,3.5154966592532695,3.296607236489058,3.934809413689149,3.1801456692202756,0.003251803308731489,zero,/content/speechcommands/zero/096456f9_nohash_0.wav,testing,5.0,Kitchen.wav
18,-204.18288154309136,25.154268744820612,37.81161083688194,20.162064780445743,5.375996412262889,8.78190218441244,-1.6014210743215371,5.67602003254693,1.9544007524737312,-1.1412376332877971,-1.8431802699518642,-2.5277838945269266,0.07969501247862354,101.84182775254493,46.557087010461814,32.76240712773913,29.025019907797954,12.563573182314627,16.72121396176464,26.70377354950254,7.872404096510755,11.281446755856853,13.408577848153405,10.980448502001716,15.038680060641012,0.06044679100577869,0.6771949213032826,0.3809778852405313,-0.5695585348973295,-1.220657900410894,-0.652320797325277,0.7212343732085406,0.7028383876460216,-0.1416864629723887,-0.38425597365589353,-0.1743091036011545,0.2398061587131984,0.25315571285359234,-0.00024382409549528552,26.33734561875675,19.154457112424268,12.06368558186483,9.72557666152985,4.807714583244931,6.965938647195334,7.304511759664151,4.769457419315701,6.885230843245498,6.490800872281342,6.431278866991608,4.670969648810968,0.019164725193144758,-0.4357489428757655,-0.12645614531285157,0.07848140220458391,0.12081331294670686,0.20136731268263977,0.0585573681771909,0.02017351138800123,0.12292467796544333,0.269379848058152,-0.028881097526651623,0.10044949184016426,0.22306165234761727,3.979230920473734e-05,17.54090084967225,15.300636306994768,9.477847082305974,7.782947036038135,5.68357964735323,7.37456303422166,6.911269741735897,5.405382548092179,7.699994004204999,6.510626169650109,7.103378366153047,4.660054846998058,0.012613775908620894,zero,/content/speechcommands/zero/94de6a6a_nohash_0.wav,testing,5.0,Kitchen.wav
19,-236.43317277583023,40.54896546381622,54.13997399399265,19.39853905377546,16.334602208893756,8.048465937224613,4.027575651474668,2.526005966313623,4.790885540451228,5.743849743397854,5.61770188753183,10.313421088277684,0.06751191557850689,51.77199406073954,33.498789090907785,23.190229481684568,16.015574724168804,13.409546630675793,8.152149542136522,11.612473379454343,10.518052046326762,8.3856505578223,6.7151892258812795,9.40418835542176,7.552784132719316,0.03586210191348887,-0.298822735452109,-0.11958736217754762,0.8810755619877715,0.4613729426718426,-0.3950288889191342,-0.04272058503835147,0.39042164956911996,0.2514182466048576,0.1052201913897242,0.10922044414114153,0.10999654216656453,0.3541324177878009,0.0005137841067006511,13.381137067637587,9.970938791779549,9.986094647886414,8.011663086966712,7.138255500750516,8.066441239655912,5.927796781280275,4.670926749108053,5.107623310178978,5.1570619786948555,5.68430170746315,4.155204873906812,0.00828255312462014,-0.38502316462599423,-0.21507739944279974,0.21141941048703097,0.284058414577342,0.11708749819671312,-0.2153208588412194,-0.1715776944872283,0.11715074474252157,-0.037792668219923914,-0.05104605985136076,0.16748691231862084,0.11034346282758054,0.00019767731428146362,10.18045474724716,8.812888284283956,8.72411460817564,7.865215167670039,7.091179126673461,9.284744691351385,7.0405004707160925,5.101303644817612,6.2011992765529165,6.5893993099286154,5.592273473988459,4.638784039402731,0.005324537447820393,zero,/content/speechcommands/zero/c7124b73_nohash_1.wav,testing,5.0,Kitchen.wav
20,-274.1856028389907,15.62518454593867,48.97462439738703,21.63959278985015,10.049950242671407,2.057008149613906,5.851300347970458,1.7090081480656094,1.6901301058855165,8.217297331178989,5.847694941152988,9.049287160530824,0.033090782060753554,25.269980288918834,22.478269000402246,9.302403403816376,14.33102445840412,14.342370832086615,9.380552649334419,7.430170006300095,7.470395522034781,9.762597347217117,8.059979481714333,6.593211766714039,5.2576041662655,0.009514741265036465,0.1443421977928005,0.3585518906826335,-0.02477114682116461,0.024305669260428316,0.24420742412734867,0.09857519221710247,-0.09552232171244768,0.13774140355906922,0.6925327672011405,0.7973293263101409,0.43242018481963995,-0.3955907479352132,0.00036269895011378875,12.150122069994966,11.169210723780674,7.90130840781945,7.956588779087423,7.975058201043687,5.875779290796756,4.996739351771804,4.135779238960995,5.2150153625705515,4.828591680032105,3.6851810783654275,4.679751660238124,0.003401263125076483,0.09892904574816157,0.06918153652246187,-0.39641177706193603,-0.17506053304750194,-0.08790704535052014,0.06246745723712692,-0.1264183020806184,-0.12972520124003242,-0.026364609117405634,-0.07759491016108437,0.05818983577360501,-0.21967641416465966,0.00010365738222996393,11.176760899954981,10.801512074342371,8.481273391163644,7.795811787760318,7.206819165694091,7.371488477601174,6.313470268212451,4.581488510426761,6.663617719056905,6.042780461544179,4.777285319025939,6.283125914014098,0.0031344860008697276,zero,/content/speechcommands/zero/1b4c9b89_nohash_1.wav,testing,5.0,Kitchen.wav
21,-242.50261515371412,53.30911566354834,26.64728351250335,8.359129265564103,12.897358804550336,-5.33286672477487,-4.083363421126133,5.955654517222179,10.227728536488698,10.39024490977958,1.1849383053221838,0.2847364818158302,0.09680396929616109,65.45541143212647,45.023523300785094,21.03892246987348,25.007653023801748,11.069012953456305,16.951103828194277,17.9239359813899,8.75038110854735,9.228877048226115,8.207248562008782,5.043242312971096,6.080266732435096,0.06654752034163933,0.3105384572884726,0.21920009293157094,-0.13250407266807937,-0.36532265288401133,-0.18641596830001955,0.2062308283640925,0.28122403553523023,0.03650009555772308,0.0051214684674314595,-0.1761047961916582,-0.10634449291428887,-0.12489557483569652,-0.0003957158375170923,18.109932083032803,11.837594640697462,9.209761170841421,9.902519855587627,6.556893558574194,8.838437388586058,6.9280720214228255,5.248681450026457,6.4442934635286155,5.704068290991713,3.0651978043844115,3.4765992189003327,0.01706508236452974,-0.7310940308828132,-0.2528584513078144,-0.02592307507466304,0.16190247501692548,-0.07557866774108628,0.2330875212933844,0.1104387792903796,0.16146858931336303,0.4064286610624178,0.2232364547810931,0.2367247959739337,0.00034588187726898313,8.816421031951905e-05,14.24712278441754,9.70716166825863,7.4010311027982585,7.667454995910526,6.735021717455825,8.274601643592911,8.320597443645331,6.186500444103863,6.499527073710128,7.18167633837576,4.10979253672795,4.6104330051861755,0.008959991338562588,zero,/content/speechcommands/zero/4620dc14_nohash_0.wav,testing,5.0,Kitchen.wav
22,-190.20042048127294,43.651964595322255,29.75757878697174,4.268191108372392,10.478420406446993,1.670012951735183,0.05498894986919714,-2.886426682252588,-4.089158107032343,-4.554158651949055,-7.556991595503418,3.7512446502215213,0.07847570764715783,62.12528828236139,52.06183460304247,22.369528981691683,26.776340162301075,18.588087137172522,9.67326337486468,12.944855513916234,14.86713220420224,10.567979045731192,12.980971917784661,13.727893286115636,9.475879379910465,0.06387355036064703,0.632897177005079,0.19088103740411655,-0.36481902829474827,-0.28318455176698876,-0.05636400358379266,-0.20790201062481944,-0.4351420017209684,-0.752402637336055,0.13577008235852858,0.13027729312181857,-0.06414659576643113,0.30220357422697497,-0.000185821776188189,20.311781207539735,15.781177718284434,12.21860942688038,10.5604159036682,9.117579129305122,6.089393430493935,6.199717253505195,7.495812596746799,5.209842539881666,5.776646586321646,5.480643951432081,5.368948455127242,0.016855961591313216,-0.5830381653427992,-0.6635474236949117,-0.3721850315257609,-0.04456546833120611,-0.03631222007321409,0.15020175620047121,0.31552452764216193,0.21632746715646398,-0.06912101921024666,0.07130332951621125,0.3562364834630846,0.035337176571109435,-4.1282114883263905e-06,17.463693353759748,11.35058222344109,11.480482108976405,9.256199800989169,9.741570926591441,6.363644709723833,6.299416806408361,6.101668540581078,5.3032772445097445,5.876627186560243,5.3474092903657295,5.567743364627326,0.00864013312472405,zero,/content/speechcommands/zero/adebe223_nohash_0.wav,testing,5.0,Kitchen.wav
23,-188.47165601488487,16.493705431963967,25.219110883445325,28.801192189088255,-3.327304109617217,-0.5963311163077869,-11.066311234967433,1.19313488156462,-3.378067646688769,4.088337655083041,12.024273928606428,-1.5946717055763209,0.13175168048474006,107.43518012199371,47.762139801457906,35.665479363401786,32.70495204835031,24.59762854073975,14.109568895062209,23.282868300119635,16.802946183448384,17.444735473102718,10.23738579522285,7.985985764813158,11.017678896088846,0.11537998581589977,2.538359384789127,1.4837332476388203,-0.8873037659298164,-1.0118670499220328,-0.7968074578288975,-0.6214896010527097,-0.4630371615377944,-0.122388457644595,0.06897699755978148,-0.0953519103371159,0.04463572073933082,-0.21584644425197705,-0.0010776110894737704,28.471550667092433,15.792361075638253,14.735817012610498,12.794211123527937,11.880770656597312,7.074915623735227,9.882244384483027,6.649900075232523,7.351911590382515,6.977546095036299,4.408724827193849,4.653182658787348,0.02988923142444577,0.421658488730759,0.19563379115476742,-0.34660142685552237,-0.15674941584643118,0.026582464897620166,-0.010520921852809343,-0.0588595283768254,0.01666899560422254,0.03410926554410724,0.08273454878224526,-0.22388562213413266,-0.06003443304329516,-5.078688263893127e-06,22.711685959711712,12.484477226698377,11.954663729947418,10.964272705795837,10.592672566529018,7.993942324521007,10.710881530688784,6.359028724014549,7.282360917351953,9.022253000953514,4.592883581588797,5.67823811061615,0.0162100116493258,zero,/content/speechcommands/zero/9a69672b_nohash_2.wav,testing,5.0,Kitchen.wav
24,-307.2123361162728,30.194749160760495,32.48896067963486,17.750879574600475,18.39969258568306,8.62475247638964,3.302695867068288,2.0271303992848537,7.368837872293783,10.85595925395214,5.689624803444609,6.913556253938657,0.04250492510618642,43.229518255602834,31.93158040323191,12.522000394059678,18.596563766148613,8.53051601233336,9.73341772743449,13.911709763367009,12.394212600948956,6.48421225730939,8.318537473908597,6.335687476100374,4.11251338953626,0.01251002017694619,0.23869953122273052,0.20124994302662907,0.059408178223081115,-0.43765326042545327,-0.20927026554032913,0.06682109570281232,0.14697628410950442,0.2201842709931026,-0.03801105716685154,0.10810425788574252,0.29769183914771136,0.006279800698529504,0.0007540190652493507,12.691001161770272,10.867446986198058,6.198872927364964,8.267181891022387,5.5511257693737335,7.0636091477223815,6.642747911619172,5.706023503788547,5.02167706917978,4.745091552245737,3.83923834058664,4.038872764898152,0.004995079202069869,-0.29452868571068885,-0.50432670615668,-0.2558508028713707,-0.1038172798002479,0.07509056225051847,0.2131932871143299,0.2887252871252046,0.43624665631578924,0.348427910733232,0.026210837122457493,-0.03624303463405928,0.31220469166503945,-0.00011114918937285742,9.399656692737842,9.84991924406675,6.462845705392267,8.00689612973185,6.173487638356157,7.855128321587439,8.050985635842014,6.909676092596858,5.761787679903458,6.013403543111603,5.34823038065244,5.553895357116545,0.0037534275994639188,zero,/content/speechcommands/zero/81dc4a94_nohash_1.wav,testing,5.0,Kitchen.wav
25,-183.2726885732128,77.44379541657639,18.841038252588692,2.600427726131726,18.097450192062574,6.372735945826867,-5.294783543009782,-2.9172000976404306,-1.0948123229243945,-2.142162324024227,-5.3667122876121285,3.6867809699620473,0.07248897245153785,60.74065263253325,30.093444636118367,31.32440575112843,26.30909368767705,14.755035978521635,11.974948243892948,16.51202043783365,18.018170724826216,7.914309315463607,12.41903964198996,10.093527042455793,10.066392201219427,0.04045129873182631,-6.059107341910506,-1.0954010807690835,3.2784341761569356,0.28672783196440654,-0.2680585569476853,0.18067931990145453,0.09248832404163528,-0.7189745693964347,-0.08879628436375389,-0.40066853161039184,-0.24122635754188326,0.09561001020310071,-0.004935880341837483,21.87258362335387,11.346057302651287,13.002579299620473,11.151855562897609,7.749225204743162,7.940477114580006,8.849534577722087,7.39938791471989,6.455302565285664,5.689819544325396,5.096298767609812,6.445548540316634,0.014634381018239603,-1.5299178690102273,-0.8031826291515292,-0.022022842854720417,0.09666842767095388,0.14218490096305064,0.06443659618613275,0.19294260692637896,0.3674429822308858,0.05412066008265189,0.18863110897035698,0.33725491458601214,0.34587023476042333,0.0015655556072791418,18.691039437736205,9.281222662156507,11.4274529218042,8.3328941623337,9.969172668367676,7.873805450938946,10.457123322246131,7.354446676269602,8.238219902689721,5.27844997603921,5.44917209566417,5.737485367993246,0.017052356472408613,zero,/content/speechcommands/zero/a4e8a997_nohash_0.wav,testing,5.0,Kitchen.wav
26,-219.20173114295386,5.027463296495579,25.141926305820025,15.51081193931007,10.925791789921119,1.5229273730071633,7.01600690200177,7.868447102430233,6.58418420811588,8.800934537225634,5.711748430134005,6.034197730663047,0.04276613483671099,35.9982551195417,30.691768287994748,9.80433854110711,17.092524367736946,9.350745847962664,8.279670044236392,10.393425578544987,7.329438717225213,6.978890208901161,5.95606302839083,4.769239208057756,3.4261213587073702,0.011939480414217588,-1.6193202935370354,0.30559489557622,0.347387063792225,-0.41792185836930473,-0.15583239519205183,-0.0815816199812668,-0.0021099063635751057,0.36424849602317383,0.18881160758957655,-0.12412388851688445,-0.23878014560849323,-0.1441931866779938,-0.0005475529619762974,9.646522650727274,7.863088817844086,5.99749004064902,7.277330799701926,4.490263086400658,4.14772839798924,4.432190307196799,4.397404632657534,4.467220185037185,3.3666939130786124,2.874361884217401,3.1208912111879252,0.005474561105636651,-0.11116745137113071,-0.026752150833699653,0.25949945005898567,0.282282341818827,0.053215065273023075,0.1200697149848756,0.13547628955571878,0.024896722103252986,-0.06147349510788267,0.09977477072781475,0.0701990490338071,-0.1200357956121918,9.782922764619192e-06,5.663375608619824,4.7861341006682325,6.607518709774459,6.312672912764346,4.9317884277760555,4.8842276296372065,4.816798278699103,4.603310202680786,4.601685691357629,3.988919105757668,3.7222733370503964,4.258054976664837,0.004582869069063598,zero,/content/speechcommands/zero/ea356919_nohash_0.wav,testing,5.0,Kitchen.wav
27,-193.74037452561225,11.9417657046424,23.425269635279818,15.647570794580892,9.72482645195251,3.695817012203833,0.7389590766532068,7.088248185970946,4.87765022038313,6.456598291173952,3.778167560368845,0.7294140645783869,0.04946610861225054,52.79538788291189,33.85684520524855,16.404669567765993,20.36852824505747,9.603090774276753,8.000224577124829,13.6411528047392,8.859448259058258,11.69007003198066,7.176651632832611,5.219830614472928,4.704776578557353,0.019807901421872637,0.452235174954046,0.21673522636065778,-0.16024600795854374,-0.06116025544023976,-0.256489804652945,-0.17212663663914626,0.27671995154085166,0.411506728833438,-0.07147722267448704,-0.14613676028702124,0.10056261779281414,-0.08932599100718638,-0.00042590534975451807,16.17396561695781,12.250899649738706,9.816832062158536,9.935285810654209,6.486075970993465,6.407752707917051,6.437811316800508,5.005371500196179,6.4689802146579805,4.604059654194769,4.077306052217655,3.9202251490322677,0.005566103184315054,-0.4311903729979889,-0.21658913995686876,0.044668277341820564,0.08835856665624267,0.06526947132087534,-0.02284987663995235,0.08949518466232184,0.012448171588705688,0.08891637456159712,0.09382487660753777,0.12485660977730358,0.022727512825332703,-1.6965654989083608e-05,13.74004721771503,12.923745600380128,9.988202082385609,8.539963946476146,7.388798824081281,8.015615773892458,7.816169343522947,5.716193837198056,6.275908473042624,5.058590214108631,4.729869984249049,5.065437089371685,0.003462642563005492,zero,/content/speechcommands/zero/a60a09cf_nohash_2.wav,testing,5.0,Kitchen.wav
28,-282.7502515631547,-3.1657291602452062,37.09315471210162,22.548199152810746,17.218766392976026,10.71211157745899,4.844561700498705,8.2712126365134,9.471994518271478,9.4943146669865,5.504547508640476,5.475320781148854,0.02375843550544232,16.66079530146966,13.25398196852553,14.738325808194949,6.171202502457948,6.602350077391342,4.97664371427326,6.013155653420346,4.465377524767402,5.099087173723106,5.4622172644689995,3.3727321699868504,3.313415113413265,0.010617527795749917,1.7272159205551854,-1.3210144762161473,1.3210676519533302,0.682283776542168,-0.1465675619656365,-0.15356355465763533,-0.15375473495868747,-0.22416020100516068,-0.38616108793277376,0.27461067883245094,0.14280252203418747,-0.012130795252277223,0.0003605481958197009,7.969766555000553,5.664606073080884,5.964331271798311,3.7481246512084905,3.787960366331291,3.2729814947216846,3.8982342799069727,3.225046140257446,3.2332728907365924,2.9454325518635156,2.5198843408648672,2.933542130822865,0.005501359025164663,-0.5129163451665277,-0.21834993579680967,0.03176482588046063,0.05186324884375063,0.02266471140125995,0.3225975692348306,0.16590502112418012,0.03607197106146011,0.12235112872221102,0.030782693385165535,-0.0633682388624874,0.026289572666536167,-0.0001450436810652415,8.849690672469201,6.338572587862763,5.125270652982654,4.489912008939829,4.771799359495731,4.00299441712263,5.160251021849077,4.331093909427156,4.197115219690743,3.4563293819410945,3.495927489360699,3.7485264074387317,0.003983596035885299,zero,/content/speechcommands/zero/4c4d2526_nohash_0.wav,testing,5.0,Kitchen.wav
29,-241.22914609152258,15.932102702283862,39.057444296352145,24.345675066791127,20.156821627185174,3.5281215781500053,5.97309028076814,7.610684490284127,0.9682343172826879,1.9391268923445328,3.7211246562006957,8.17055064135038,0.07190900162095204,84.60143781354626,49.38749320925547,21.512672429545503,20.04041729207315,19.15172154240077,12.027747052075746,15.397100331239946,12.9167800791674,17.27768138920376,11.53245136880617,9.32178065413723,6.885147927370496,0.05000253054195679,0.37545979117078426,0.53878169289852,0.4469285496891812,0.01739144286054049,-0.4945105432158366,-0.13766760857842483,-0.06592965562176437,-0.5055959365015369,-0.40378445321420936,0.03507000548335371,-0.179125636014408,-0.06073298035711284,0.00028695682844808026,23.388766900211035,18.70622675730907,11.40116096004405,11.861458414979124,9.791474091612011,5.625502487313785,7.441530752625012,7.217228987886337,6.8757864359378935,5.211352404834481,6.2632185466510695,5.377438856951098,0.013859120596551045,-1.6364551866607457,-1.4860044379211095,-0.39009761708213353,0.4721328417712779,0.6624799916277316,0.1506347980775553,-0.17693939821376972,-0.13302044874908545,-0.009305552422116274,0.29272840523135346,0.4191095213711022,0.36151191662496296,-0.0002445793400208155,18.90367362965361,18.006257145857493,10.476511856747788,11.20038221187149,9.21197072087765,7.248148092231046,7.932980834869003,8.56280753778549,6.821916291075452,6.319523561973285,7.129000609936749,6.95458425733292,0.007167689400032736,zero,/content/speechcommands/zero/964e8cfd_nohash_3.wav,testing,5.0,Kitchen.wav
30,-276.8428848793822,5.446441953180956,36.42164992761032,14.983367997458545,20.13418732542167,9.921427381966708,6.923261479937487,6.941690522390543,11.128491585901834,11.530262780040754,4.301158933558225,4.4691964835824045,0.045214682759251446,31.621154388199116,19.79783201331969,19.025240495382352,15.216924920313572,7.095443698142362,6.537590366016818,11.10346235792392,6.878699416049066,8.609282247831029,8.04803798286816,4.947158376938874,5.38885201811929,0.010250970997451347,-0.1189273718965421,0.206822648345708,0.18101192255653792,0.02008088555394872,0.21934270310753176,-0.3253931603038113,-0.06926953670181929,0.043744377520812144,0.12585152807665695,-0.07402850596980097,-0.04950522801450614,-0.022803307295052717,-0.00048481240387885803,8.466284454737576,5.78061370647257,6.5403993149484885,5.868786115891867,3.892831264410381,4.61644404894375,4.801528690488458,3.5278963945914645,4.855377612568759,4.603799906946948,3.471834343075713,3.6741700335628678,0.006581226480680496,-0.10088090962016925,-0.052559524976454185,0.03855555876984429,0.36709707957887366,0.35116638703481795,0.06741267839719862,0.09649893961046577,0.08690946641286264,0.10085043955215424,0.019293053706534054,0.019696175637272616,-0.07866425809740793,1.6078104575475057e-05,6.120921690739572,5.095514147624418,5.410411225307453,5.125199808894624,4.410520988082095,5.062876556338884,5.169485117781721,4.120078523009619,5.075077867083127,5.223948022020893,4.497528378831929,4.617318072569347,0.005080704618944769,zero,/content/speechcommands/zero/2aa787cf_nohash_1.wav,testing,5.0,Kitchen.wav
31,-241.55847382380247,16.08803454496787,35.03547118934269,17.609602530942205,11.309714046934518,4.425706589284696,1.3016301957908625,6.701143549979206,8.865318283860528,11.389699272264922,8.432219494976497,8.09632799303249,0.04302132152952254,28.913575799070657,20.808899480063136,14.24890675445146,14.346399462894913,5.876098094922545,12.343187880027815,13.44973917572788,6.054912456666559,7.629063128503863,8.457892046409453,3.580064297092946,3.999686051445783,0.010457441609202266,0.1409426459598865,0.2357705790975944,-0.49619106744805724,-0.32864414271584913,0.12605811622207597,0.32096886852178347,0.2457868740152926,0.1823619750472099,-0.2471054917439873,-0.3154917896478399,0.06583491027156356,0.14392933100422114,0.0008416320647924177,16.009374472211707,11.192286009607919,7.349603501319037,8.514130256753436,3.866707001492695,5.994705098758347,5.37918933836044,4.178712606591048,4.552689628161236,4.874005353913724,3.923976277367166,3.6806303729617045,0.005009370972415897,-0.4572929019479545,0.06851199171094018,-0.25508225008244073,-0.43170951219692316,0.019010909648458647,0.19764819805772646,0.022398749888051604,-0.12457704378760966,-0.10842511719944309,0.2167608810548801,0.13425709521766838,-0.04768757794354703,1.4484549562136332e-05,16.81343941862342,10.586032304920682,8.112283561159515,8.66072498233786,4.838808646446903,6.550577612187121,5.611019710997114,5.74813543039476,4.954405788080396,4.835266706292701,5.431201092776514,5.111039992460066,0.00377249589537154,zero,/content/speechcommands/zero/af405b69_nohash_0.wav,testing,5.0,Kitchen.wav
32,-194.6288539199756,26.678455875974453,12.505570673045206,8.351613754741939,8.869400265325732,-4.032240366008445,-3.0393100626652125,3.9708748723710454,6.851462435361517,3.9408639049762195,3.5585474977695597,6.4321910219329475,0.0796757077332586,106.13101024221524,47.04381401221825,32.17707245680101,23.853015429285882,14.431288859732682,18.71965008020155,20.920834751603703,13.949099355588515,9.2057985430511,9.920513879289093,10.476156729177786,3.6699248709314225,0.05537090788794184,10.95104868394495,-0.28594749728164875,-1.127310128378355,-1.5958546146443089,-0.8640336727224421,-0.3292841022972125,-0.9719582277352582,-1.0153903537642253,-0.6656535304742386,-0.7165908185355955,0.0574659058895327,-0.3713094026519063,0.004356733252925258,43.713404591816854,22.62513361657797,16.36614912500708,9.352371659278967,9.310316912763914,9.571555022805374,10.90988182950204,6.805293818078609,6.0752883201581485,6.2983712128596085,6.89229367365535,2.9758978667128035,0.02326834900478833,0.6691875890335136,-0.2784354052949278,0.17461473910682956,-0.07417970640619918,0.21983035590326766,0.5438626487482653,0.17664473000608108,0.42298260576739544,-0.01081348544868915,-0.07385930519726387,-0.08633531500539474,-0.21567663886001456,0.00033364792664845785,42.956236521677454,24.861320798159884,16.367257289893566,8.193799190061526,9.383590991115941,12.319005114153207,13.158108238078068,8.19642890009241,6.541486281045863,7.519628576639716,8.564891668701756,3.7535519166049616,0.021487581722801102,zero,/content/speechcommands/zero/692a88e6_nohash_2.wav,testing,5.0,Kitchen.wav
33,-225.41530969505024,42.480719756545604,53.12548578019697,19.15196050652027,14.50989971342396,9.591111804547738,9.287935207701105,5.226053905326847,1.2597873642468411,3.9076519086968253,0.30759356529978815,5.1765697258988235,0.06083665896327265,69.24473305272647,42.302312755401644,24.146384883211628,15.625358984716518,12.909373914900566,12.964496103963063,11.993996510280944,9.838089611065948,10.387629558825346,5.588560770112041,10.098789905309342,5.815833240240747,0.0392073569417631,-0.11869669015442241,-0.5398944214253483,-0.3649470988129374,-0.3841603258618723,-0.12376598025202441,0.16093061657019245,0.4336653242499525,0.6190903446026688,0.28007190448588126,-0.06915416724446513,0.13928445088929972,0.11603904626868934,0.0003311871240536372,19.24003910315834,18.339927790734183,13.7771116033233,7.869394711197999,7.340816135897036,7.050322597767222,4.634737317569414,5.279881890977297,4.154665264825428,4.490452678190663,5.517315332069843,3.3098746806471553,0.010635773920713465,-0.6152373794549405,-0.36221822028219697,-0.09535919711143419,-0.15105024715450172,-0.0955880540496983,-0.1543610736924067,0.016188426249596065,0.20261020471870705,0.13285192246649413,0.16180838782582177,0.15316789920376356,0.19714489867901566,5.510995357201017e-05,12.507451747675798,17.316553365105325,12.08591465677998,8.220557215338204,7.412585553885813,7.832374670276134,4.056611767588293,5.4466769324831015,4.227460603545353,6.21295298695378,6.228319387741803,4.003212480964812,0.006491028296273674,zero,/content/speechcommands/zero/95ba4996_nohash_0.wav,testing,5.0,Kitchen.wav
34,-275.8377732373905,-3.6169972333172358,44.61767965830011,26.606749524362773,22.511732873253692,8.02736112518544,3.2159495381201926,0.41588834273802866,1.0757826541880382,-1.0151493599150772,-2.0287736363352296,7.373251840145121,0.029003555449889973,46.613333933321094,35.94000016087907,9.56276213507456,16.45173248913498,14.635680491147768,6.072447063835333,13.464236547020304,14.719676899601492,13.081436146939787,10.721282860387248,9.540307124521034,6.593349070374824,0.012050184273859484,-0.3290381539342958,-0.43690919053354965,-0.10578583646978525,0.06297019434826924,0.20095542194886218,0.1908744999879511,-0.10062850161370993,-0.08546060831862351,-0.4113482414060042,-0.42860047125286,-0.18986502784250595,-0.20569866176903562,-0.000231012822158875,12.744049803703353,10.379332597865629,6.857784381349245,7.537691025998612,6.47144650968998,4.6935635221384215,5.0887725942648645,5.264624129109185,5.1318550961329885,4.367552151458494,4.0608966934481145,4.152317576218767,0.0049066495092370275,-0.5804843392684992,-0.6027252547116285,-0.2691944340957742,-0.21493701609387467,-0.05498349048682248,0.08304417381317516,-0.10528769743290246,-0.0026846194848786217,0.17285682638521677,0.1060703985709356,0.060306555957332954,0.023711207280249964,-1.2015396108229954e-05,7.770458808711808,6.70252204541466,7.214827023117647,6.25788980829881,5.812094718130963,4.931624658688034,4.337959876865208,4.366602028209976,5.457355573582786,5.719936101455111,4.5577069935901715,5.140479894397695,0.0033980700146463492,zero,/content/speechcommands/zero/5c8af87a_nohash_2.wav,testing,5.0,Kitchen.wav
35,-220.63045895791308,29.091520759116158,18.172374529271362,18.00383404044854,18.36784065214682,2.0811101596743278,2.5119134562535583,2.051483581864836,7.298243386786501,8.658271657789243,6.341664234348347,8.525928158994752,0.06699870195006952,97.71695752337874,52.579024352915276,33.083180394827934,19.29051948929871,16.170863429496627,14.395937014597338,18.47260301838771,13.41961274176494,6.855280328472122,6.24001770947276,7.665152078902366,3.8016583425743096,0.04218217433337373,-0.24868342302102706,-0.22098238489613106,0.2779514772007404,0.12642206773804168,0.18478577747158662,-0.07509735125176425,0.09214374518132135,0.0650519449351052,-0.004382800429026007,-0.21125317153614248,-0.007959618209373362,0.1846580102658237,-0.0005918302002453035,26.89230655287363,13.644436854227514,13.700169690044207,8.604732987025365,6.080646478878068,7.152378165917846,6.491102048051935,5.876132729265863,5.253597026694817,4.294374302152296,4.664591642045225,2.7478510118972697,0.011928800998576555,-0.40649122397181614,-0.4502377128322967,-0.14345015112960827,-0.08767193567412121,-0.1598808102079893,0.055154488841430135,0.17376204267852233,0.1837466902334781,0.34019167437436937,0.25200821643542404,0.10926611393653889,0.06721615893486556,-6.262119859457016e-05,17.076301189710513,8.677938040728154,13.55127356707155,8.295984911712905,4.740329609587959,6.455751098981822,5.639609481643886,5.827518406035068,5.427417209599455,4.316467832488893,4.756564224851115,3.2188553014859473,0.007320872597254398,zero,/content/speechcommands/zero/68dd409e_nohash_0.wav,testing,5.0,Kitchen.wav
36,-145.64223113587423,49.47355584487134,20.138084040252018,12.442159231252298,-12.931136195171828,0.6327886212335119,-16.049834440619428,-2.13136890383159,-9.739424660685529,-8.026635157521,9.938415303237939,-2.202297849601586,0.11635116004617885,79.04824681427885,45.65476832068179,35.701431249665276,34.89979011035166,18.415467326158197,10.653058412450392,25.871017247638548,18.11028615777636,12.220783211039207,10.07530011197891,14.995900542126954,8.848812629431746,0.08380029266961113,2.2952323947195348,2.1069124702937505,0.22954405153863178,-1.0851127660097626,-0.8205152660345336,-0.335900686712702,-0.3310578502301813,-0.3139753742915538,-0.4777375031268118,-0.5624355058032385,-0.425697711714152,-0.5083129375967288,-3.0579466012216385e-05,37.96968215897374,22.41892204079644,16.09277027977156,14.093870716088341,10.569618768666754,6.651858461636401,8.019719353587284,7.076850130896178,6.523164468120517,6.4653774464939415,6.588145355480013,5.13567365976613,0.023479577432547666,-0.502384944434233,-0.2540267157866386,0.16486288349770947,0.1619715696516262,0.12075169918051303,0.015154887460826641,0.1630002987306766,0.06827241279438648,-0.02938610008060729,-0.09602083942871634,0.08003010056922495,-0.0018729740731039982,-7.784496992826461e-05,36.1387476964146,20.630091484907894,12.593820844703906,11.383140185428493,8.993916193355211,6.813850503204853,6.9727950101874425,6.089542233052057,7.8874222920291635,6.861351238588601,5.751811278446233,6.45407152440384,0.015399594315679842,zero,/content/speechcommands/zero/9a69672b_nohash_4.wav,testing,5.0,Kitchen.wav
37,-262.2966786230999,-2.465907477946181,46.18745438854431,25.199209114806433,17.071903686307532,5.243527208146148,5.283029799328283,8.84022018381522,6.354814760274793,5.431525138729262,3.4571810636540494,6.287934822421784,0.04457268485566601,52.117434759021414,40.64533825486186,9.672565888858212,14.408819980784656,8.825609494747214,15.386310171845585,16.142205168354,10.346743004555575,9.18367770127403,8.066488368914857,6.737051448525866,6.121304812998071,0.011793445073675735,-0.47264638536747283,-0.3627288737838724,-0.5483031755690329,-0.2578880201320891,0.1290524419891167,0.3114483377876895,0.033710488350665986,-0.026570698227536344,-0.15399214805164474,-0.3428357122380352,-0.058755426209644364,0.36954577837866814,-0.00047954496356748767,13.433020459274335,12.603673753958635,6.3735868188018605,7.012936104308506,5.020001416997983,7.590044667342067,5.928557469174459,4.789663418411917,4.534912586184321,4.367311274231277,3.9630925984561762,3.213173795411951,0.006892592729438393,-0.3690636227714208,-0.06509881894404448,0.3013645381492843,0.15708824944321828,0.19038074072414304,0.23882844042790527,0.14130681107342705,-0.013893065593508721,0.1365729756764327,0.15111707707066138,0.1615768284104308,0.04079691472078085,0.0001668095588684082,9.806753787581641,10.100399990624517,7.006932263635946,6.199359917819185,4.109526863073577,6.730077495393429,4.877956949537879,4.936008298900304,4.347337369353738,4.67046710810326,5.1500138464198715,3.9169733455598825,0.005215663981936552,zero,/content/speechcommands/zero/62ff07ef_nohash_0.wav,testing,5.0,Kitchen.wav
38,-244.98751503072208,6.004351575376306,29.79493065233747,15.2627116910338,17.4682324541142,12.397878194896908,0.9948993613691387,3.1157018858997034,5.689364029376754,1.1172939137943154,2.0100497993781485,9.875607291240959,0.044622384710237384,82.50466984108179,47.04541956205634,28.84927652071976,28.038710612991146,10.779530954743159,12.032179733563549,20.04689066828951,12.269375818546159,9.465505326776793,13.196160257012496,11.405775561172895,7.383564711557821,0.02357029771851414,-0.14873909257851156,-0.1870244874601326,-0.04459743292129968,-0.3553498586538206,-0.24515441137486307,0.00027984732188686634,0.11528665055566717,-0.0018167252019843031,0.20826446483141867,0.05934347709818995,-0.2300945214739444,-0.03125596484577487,-0.0002622070812409924,22.686742662172975,15.848067605435805,12.928376503848117,10.75996741099115,8.614161762453046,8.837802023672381,7.362548607358808,5.607135288071032,4.461144995611057,6.293688492690101,4.431423608719656,4.469852825633413,0.0078117686657028194,-0.4949871823061926,-0.05044917215495997,0.40362058650349486,0.11075062932853932,-0.0006398624362785672,-0.09084850816044737,0.07050903452017199,0.20265313277141708,0.09730422820996516,0.17685563271331925,-0.2919477622467681,-0.21979186474291743,0.00010746046900749207,14.168846706088438,13.364699841286095,11.14458273465177,8.110428406779151,9.810295924737249,9.227962305144283,7.282590383163125,6.472203721017794,4.630016171432422,8.111588556452828,4.693785736744311,5.459467857161824,0.004676089439088306,zero,/content/speechcommands/zero/1fe4c891_nohash_0.wav,testing,5.0,Kitchen.wav
39,-206.6326067867857,64.25370527926533,30.02653601335371,22.30685774784898,19.304208223172346,14.020619529893793,-1.2187208085874572,2.554279981239012,3.7947936543674565,0.2584766629121359,-0.5934166717349538,6.125816146141173,0.06847181136254221,75.00547132799085,47.86281652696234,20.489296249565296,25.891827922487476,13.737297659066792,10.066423916224203,15.135491752415167,19.672370047238655,10.200657373129328,10.724580033166196,8.049984719867103,10.835074640504063,0.035231920153637006,2.475497817896721,2.3216495190429516,0.4451460703891742,-0.556897367610651,-0.7791243904775583,-0.886329455040011,-0.4618184426556421,-0.34680063982458437,-0.08321221079263756,-0.0003146639144996319,0.19099639395043616,-0.2662751769124384,0.00039244232879531,23.33201613524043,13.404448912360417,12.098772441805933,12.692023549879703,6.830750956972448,5.997748948719552,8.724279187499913,8.8409638280967,7.521717547534474,6.8529616849285,5.476154137284165,6.309161541133982,0.011236720942347298,-1.0593806039309925,-0.8914844117166569,-0.23096281234955357,-0.04498654958470762,0.21748848777017477,-0.004362252942789979,-0.16658553769917714,-0.05264111914783329,0.04747756682188662,0.4407471439118554,0.26621915158642456,-0.061658372411712035,-4.753942290941874e-05,19.798244996155173,11.708986400769847,11.802352539511839,12.136530129946001,9.342973032596332,6.944840097788625,11.084614631989435,8.42839669642076,8.34991428958735,7.6450562617928535,7.0239409776183575,6.034603743445348,0.008791358371606484,zero,/content/speechcommands/zero/caf9fceb_nohash_0.wav,testing,5.0,Kitchen.wav
40,-242.36228300321326,5.048209795158863,32.94115620676541,11.163311227494901,11.12802485735505,6.463635117083098,5.59177608348203,9.862959612698328,6.482306144257009,7.1851609537001995,2.604750212646312,13.598456280063724,0.04695843649096787,49.44427996598609,38.60546460511137,14.84603279984538,17.335394492870495,14.024280215174766,15.063187421535766,11.834634953945782,13.530512062842146,11.623658319645894,9.809222365403793,9.811819311509858,6.383329058588754,0.010583434970929798,-1.517739015918381,0.940671635282211,0.8006976459459423,-0.31526066553570203,-0.28109640989954443,-1.3808864888899843,0.057544055474029625,0.04008248357107025,-0.44350355040711775,0.552377012540321,-0.19897935964937524,-0.24483486460047646,0.00029266036806568024,14.50973817025477,13.674851535381297,9.462500954793526,8.640491546268926,6.434335604083605,6.704013753509422,5.6355763223647815,6.376901534648631,5.853481369913432,5.93824333534157,5.34107489093931,4.456553404986778,0.006958855433062563,-0.4853850918723234,-0.9997847206281982,-0.050560499477404854,0.4752773451516375,0.19056403762409974,0.19501722135249758,-0.140154459640141,-0.15757588826914345,0.27447960832521895,-0.12309231221213507,0.0035101332049290632,-0.1230202673784464,1.6750519474347433e-05,9.430641019315692,10.83311244950002,10.507321162206068,8.004635104762672,6.989991419405718,6.751658929567238,6.834788058110329,6.6305892631256915,7.425942915574342,6.952235456175088,6.58496591227409,4.640290904266493,0.00568137052135658,zero,/content/speechcommands/zero/c518d1b1_nohash_0.wav,testing,5.0,Kitchen.wav
41,-246.68299123856247,35.10046673376836,15.174998868969617,9.160103672808699,13.315232068803475,2.722765448692135,4.6220954936840375,11.110477425587119,11.392183392066757,11.20070767898412,4.970759745678182,6.4178502044228285,0.040945521264802665,48.470652018089304,34.19182070573195,17.005738935672678,14.514552623685777,7.278602997644812,9.795065212226062,13.037350399793617,6.601624885230167,8.562807061689433,7.5624347216741,6.523250576398598,7.173659836223029,0.012434443086246577,1.409083979690829,0.12357183141609261,-0.4197280981932801,-0.31089750942710576,-0.3693469550932877,-0.09627546834845907,0.2846100021931703,0.5627997263346044,0.2973684661152047,-0.02803629324860298,0.29154523692289347,0.0477999474600608,0.000999163295472822,14.897499484525733,12.691764401788273,11.919929405093022,8.66712263529695,5.064944348972531,6.364486016572288,5.900193987233452,5.341522062289925,6.708564449206967,5.050675970441759,4.564416845323129,4.244142034329489,0.004527664927029197,-0.2834661963638022,0.016262497192979158,0.3550427242229017,0.571515142066961,0.3756255667942343,0.08556258833701959,0.013925964914609897,0.16991736079320804,0.1886107166099589,0.03802091535120441,0.10279341421408193,-0.0479948183476238,3.5647302865982056e-05,14.793876145745887,11.894354032337908,13.236401638856446,9.213561367285992,6.115159250611627,7.73227913773112,7.2846966163693025,7.146530215905982,8.666632510112084,5.246710452628673,5.7391471730625,5.56560213838192,0.0035848603408904266,zero,/content/speechcommands/zero/1f3bece8_nohash_1.wav,testing,5.0,Kitchen.wav
42,-223.7397128167985,41.2876855801574,36.396893339049925,27.259626967847726,16.602816076743615,-4.211373481902518,4.024905992938325,7.480853280451778,-4.000741491016814,1.5355852103715226,1.3163587867150277,-0.8779013311020317,0.07828498992603272,82.27277879065416,53.72019267275347,25.703241125591315,28.7617115938478,20.054266920887674,19.914819199861224,10.23332867588556,9.927932346320922,19.372360900169376,13.035039686123271,7.913045943401378,9.189849910095287,0.05748683881811108,3.6291285754356846,3.4860043943123356,0.38317523897374817,-0.6193173950717149,-0.5596154557479328,-0.16246649980322017,0.05253831507377521,-0.5220129914831325,-0.3165555100015843,0.47248849200104676,0.39510186868747726,0.21795929198444078,0.0008140041703178037,18.64560346384617,13.697313796226974,12.349478322993177,12.129108269257062,10.732913600099678,9.31875132941568,7.438550053247004,5.993589861927483,6.992529193595567,7.028988384261403,6.088200956542058,5.114018459147894,0.014061641194806702,-0.09685669293519936,-0.39293834626639235,-0.3089595653577071,0.2445154537699207,0.2122516151920532,0.1708023077263189,0.0832623180511158,0.14415792056121124,0.35641182719097364,0.27581094639966247,0.2570809856370623,0.4337774442148539,-0.00022324447830518085,17.962585063090675,12.066113109358165,11.898463939031911,8.965453467069846,10.112134595906104,8.695312334605736,8.377909988180075,6.15771859560526,6.409034674191949,8.170890458936398,7.703168101403181,5.93509608124078,0.010789955913645614,zero,/content/speechcommands/zero/b97c9f77_nohash_0.wav,testing,5.0,Kitchen.wav
43,-192.32277780050055,15.535210324301124,-6.450439602899763,4.571022960223182,10.440474095189652,5.347004458212796,11.464978544151062,8.970554676674379,3.2587267821287287,-2.6180425470812487,7.565260756821288,16.582456699094017,0.04406245955033228,47.488459475646295,23.81723987836884,20.99069404528974,15.034283312677895,9.017661730548928,8.196948491558475,10.58943422436296,5.273039619558552,10.56688232100199,9.006592556595711,5.691904803319792,7.009089441611104,0.007080323564546549,4.0370633813333,0.5337939451059251,-1.6964056705282071,-0.6229814987248787,-0.8216949356501528,-0.41720123712278706,-0.07858564481069029,0.3005682535571405,-0.1303561237685986,-0.09408482521950584,0.2055757570181424,0.6507574048808363,0.00039750241464184174,26.499579832333062,8.401147081734731,12.464389278204578,7.840960676092891,5.332083939463619,6.318747382960784,5.783985653503379,3.949123828210105,6.4272859206427055,5.838125674172033,4.572156020975193,4.461883129775519,0.004450585724504289,-0.2454451397010492,-0.21800506884354715,0.12345333283514913,0.15667634774105696,-0.27377030251696655,0.15649350975726828,0.06262545919214979,-0.19518689862885014,-0.17715174269406966,0.024126425279134032,-0.013778228570762134,-0.08647868665312851,-0.0001296538859605789,26.944447441808872,8.585310273539209,14.228277752697007,8.512363187613353,5.993452883217911,7.433699407417577,5.664835756231687,5.364620029415144,5.5698390492481025,6.360291634813866,6.208445492176242,5.9222485229217305,0.004455261428180304,zero,/content/speechcommands/zero/022cd682_nohash_1.wav,testing,5.0,Kitchen.wav
44,-247.61233049836434,45.500283802664505,15.651466347921835,17.323538557164856,19.69018947826362,4.171488376504709,-8.208850144192477,-0.04419539098545063,0.5748791377009582,11.024986015400886,5.35301420260965,5.508968925198055,0.05099033368261237,84.89966338778868,38.16897647647941,37.12470352757225,18.49010618070753,8.67762377667042,9.711044279065444,19.453243395038896,13.675994745281152,11.324720830662754,4.779790401049818,9.8515294425707,6.286720008003156,0.01599564274717499,10.655900432067748,4.77306844611605,-3.464110919518338,-1.9401157997313072,-1.1040061269930133,-0.9208519925120433,-1.4897109867963856,-1.52808138502939,-1.2154223343651207,0.11453843357693488,0.9076564751457189,-0.35903153975797797,0.000996737430493037,19.566521166745083,15.589377707304939,16.95965756470254,11.568271712710512,7.547155648775693,6.343227507638066,6.505502832931349,4.834222666494932,4.763992683991892,4.775231339126118,5.172242305420184,4.175278855942043,0.005989436572906096,1.4630040498378525,-0.04901542337987596,-0.2567917312751983,0.5701324729361973,-0.24854394138366295,-0.18726308029736607,0.7757412261613069,0.46977976215350997,-0.13557578503208495,-0.021175369607091307,0.12878196640313563,-0.4369542359941827,-5.641711108824786e-05,18.288046873400287,16.547862777089733,15.319415787118377,12.226348969169269,8.071025676749791,8.14939399902893,5.976166207745619,6.515323078923932,5.219027607453623,6.845456181924553,5.305222497149151,5.551233218595487,0.004783969645388174,zero,/content/speechcommands/zero/4a0e2c16_nohash_2.wav,testing,5.0,Kitchen.wav
45,-195.97003067944271,43.39948974821662,17.508140374287798,9.651963941266775,13.807797288810187,3.074372378377622,-3.859167111784146,0.0012549221776164687,2.6800906776517186,4.250390486847259,-3.01964595173869,-1.0773019567783049,0.10358489444479346,83.28461666602709,44.222495942376376,39.90811875577021,34.73608065061438,26.01304722351527,10.549594118500366,17.554715385769274,14.085991993429223,10.501033359553812,7.940928258062509,10.590518377459848,6.406669252280107,0.06562300332003838,7.796036283300436e-05,0.4401150333990463,0.14567478279558901,-0.05990600842262056,-0.2293651224692462,-0.21808478051513713,0.12658404033504553,-0.2964740328533009,-0.1127879263709217,-0.241824832580409,-0.19290112956563948,-0.024024669925525172,0.00015838876847297916,24.100111334359,15.010632466781956,13.436779844100556,12.975848979241883,10.833467033284636,6.369888981373631,7.469102314118135,6.271060606736724,5.90257130044067,5.087928030291035,5.24838293757194,4.48409170260193,0.01810414717880488,-0.32174599946298293,-0.12189505889879294,0.3162240029605889,0.298491477009449,0.17283325544108408,0.12009586467216697,0.2915800218402532,0.14574082673365119,0.08194307306305412,0.05362599145821836,0.24668158937069354,0.19970714156076683,6.523542106151581e-05,18.36000018527795,14.447151364167263,11.7840449532013,10.365244984702963,9.778499730392525,6.73529652279927,8.043766329469527,6.906208539848872,7.443063481072918,6.376370286659982,5.5089683320659475,5.548844150605258,0.010651259219521047,zero,/content/speechcommands/zero/9b3ea809_nohash_1.wav,testing,5.0,Kitchen.wav
46,-170.20010254253677,51.1416230069938,19.791043229765883,7.191009507010616,12.757500536681151,10.78504820242263,4.921542920694789,3.398785513940123,0.7118204905657741,3.5285108763630575,4.174638398452525,4.7485059432070535,0.05068407073849812,52.37261332187527,27.813055338712715,10.312436559483126,10.334625190654247,11.642348555278089,7.391382209801734,8.738763263988249,7.967422346515129,6.672229773107946,5.355192228837945,4.5453660463759284,6.350930420637249,0.014254170209402865,4.422031140517783,-0.0018726116504468458,0.008554676587048752,-0.3224549535711977,-0.49604684502652474,-0.11875895714351625,-0.13944532692904024,-0.24720589435331775,-0.28264392134247135,-0.027492673474043387,-0.19182083088585164,0.07995073204945129,0.0007973491184173092,20.9418688845896,13.193990931807695,6.743327462986519,5.242949956000077,6.062639113561093,7.237542976812196,3.969000322578352,4.638594281665786,4.604391813991737,4.610064887862979,4.176422479130792,3.8864069835973365,0.004488273330565398,-1.4575121365969304,-0.13183810070360327,0.41385567839856385,0.15940290592293527,0.206406781931027,-0.11654658114892899,-0.24931240415368033,0.07386320498236669,0.27093051106556215,-0.06767751080483582,-0.288328355233305,0.002423255197035405,-9.299026181300482e-05,23.67209369640605,11.799672402810295,7.3124952944427255,6.269892070327448,5.640674413679976,8.780699894297696,4.731030370542188,4.791003056643274,5.743947005033406,5.738799794989015,5.462636664068739,4.883988471479952,0.003631898353943879,zero,/content/speechcommands/zero/412c675c_nohash_0.wav,testing,5.0,Kitchen.wav
47,-240.39232137370814,34.292867906009434,60.787027353478734,20.857436469406423,21.693743176359874,11.244868342324956,10.44774837763331,7.252125904321378,0.47045520625880244,3.383385392286387,1.0384979527385805,5.9569453416635305,0.060121601447463036,70.77848385436431,44.219341165527496,25.09277564686858,18.292431525952953,10.429623137751275,9.515437114252897,11.58298444537628,9.193315505981406,9.158576820780633,6.499696870252825,8.823084689830873,5.458910306757902,0.030624210129490882,-0.30573694836535437,-0.8086166627988145,-0.16864223421020638,0.07263121055397938,-0.15838823813285532,-0.21708907041898018,-0.4099599103646182,-0.2594548485695321,-0.039813755034317305,-0.013890875444106986,0.016597145549340397,0.223130149099095,-0.0005964634399260244,20.55330745252373,18.78637515305151,14.083275388775137,8.296609448131212,6.413004624159414,5.8671445057102325,5.2403958978736584,5.161529190607619,3.4418193183467154,3.995816343097584,5.0999997386705385,3.110838023570025,0.009785782385911363,-0.21992124007388725,0.11670625562725669,0.265434510295726,0.22093786008436136,0.36686450061753895,0.07787534417214577,0.07897046921776342,0.17899077283768147,0.13916654617375906,0.34952571422834994,-0.0796354869784646,-0.12472268942985074,8.965035279591878e-06,14.747956356095587,18.59590084550135,12.743021046505001,8.968351896858325,7.137930641495346,7.638712470069907,5.5925421850094486,5.665238484729612,3.846300453675438,5.213087123121441,5.907339440353125,4.2900518168514665,0.006615598319738628,zero,/content/speechcommands/zero/95ba4996_nohash_1.wav,testing,5.0,Kitchen.wav
48,-179.9459562465214,42.97477724644445,18.04818465448706,-1.3354078708525114,10.742524339514446,-5.5943640635969745,-0.14074120803715895,6.406907830722954,7.29294625765864,3.4559612329743716,-2.749329877767018,1.7281370072022975,0.10236943597556092,82.15795830023906,42.4567647420177,43.216193692914985,27.013636132786523,12.36206855210935,13.91889330432708,19.59174506483793,8.270967528904478,10.211791242394229,8.762523168990125,8.515119770944349,7.219142256955717,0.07586391664205933,0.04353072638010571,-0.6381450605218213,-0.828958092572698,-0.6788089622040218,-0.23342312439579838,-0.15438433630398735,0.14504575788387167,0.2629179931156116,0.16703223115924198,0.16675644239571918,0.09051027945996694,0.14149199691358194,-0.0010863207280635834,20.217634659427304,16.42577692990847,12.650754776456349,13.145860996944403,9.017735326625823,7.05577786654534,7.975392683665464,4.370710223867267,5.817643666502269,5.047445429534526,5.758997415840905,5.6406763607059345,0.02130269865817909,-1.5314614595095046,-1.1637920572230391,-0.13071379930282465,0.3665139651826104,0.385753254676953,0.4189077111704183,0.48298312192328996,0.22066773439942805,0.017952038889886227,0.29859972683054953,0.695042444669803,0.6139769594088776,-2.1561111013094583e-05,13.795354388296925,13.723028500628754,8.657578228711976,10.485693488260555,9.411517774909598,8.220684585398905,8.345293819893257,4.848109461618444,5.328814219432082,6.251341419865207,6.2227200785261685,6.097726092796006,0.016185626773570227,zero,/content/speechcommands/zero/cc592808_nohash_0.wav,testing,5.0,Kitchen.wav
49,-304.2292385575922,7.2535095563982726,32.2433535417812,23.09395219884405,19.61751032135632,10.325550597536758,13.647813392173616,12.373026301976154,9.788030505473534,7.692556522086719,7.585322222838315,9.824507576444914,0.037340576003771275,17.132830757363905,16.325766501692463,5.437902758731438,7.070603137765512,5.462455531584114,5.724285643954972,5.144331211680434,7.2937809619516365,8.927446764764253,7.5763588768743,5.200130449405802,4.766285230014337,0.00919042927302752,-0.15717223046530374,-0.36353976233766844,0.05143839801087347,0.0522427319626214,0.051460953938864754,-0.30819497509361177,-0.1516597478747929,-0.32889107215015245,0.030693450007358677,-0.09678408713179058,-0.3449706595869118,-0.3278729716348896,-0.00022438781396035226,7.908374202811738,6.569594983898728,3.1035892619427154,4.6351008994510385,3.8531627609596546,4.407177465836849,4.011960220593988,3.9522097248432093,4.796858873638163,3.824807747660587,4.203812375717823,4.285604138404884,0.005290781395321462,-3.963844458212407e-05,-0.1421062916229551,0.02363250041567563,0.1014713131307694,0.14662971852207207,0.07356106683573091,0.13727473003567608,-0.07778354982232884,0.08062644399711764,-0.0627209860742204,0.09629538407720324,0.037779222391121144,0.00017850399017333985,7.5943569117281715,5.675724987162033,4.326887304000316,5.094404687935417,4.483257275373568,5.228201265122915,5.136301910338068,4.228097369873319,5.4969578463759765,4.028764450572042,4.768017300210053,5.185420383082447,0.004181307232292929,zero,/content/speechcommands/zero/3ff840aa_nohash_0.wav,testing,5.0,Kitchen.wav
50,-147.83848754925856,97.4701965499836,21.999332534803507,23.291494219282296,8.691786589018404,-1.5085507305994674,6.9382566899027776,6.216689004515399,-3.223763578448346,0.38507191289850307,7.49589743548632,-3.864189923432779,0.09628135454840958,40.69134989978137,20.69676926921124,21.698395568911355,23.983131242591124,14.67867439011321,6.496624314327235,10.50743650245503,4.868731254846068,7.566352765204232,9.325093119700956,7.864684009064395,6.6740458662622375,0.050118330452573995,-0.23255301267972717,0.17625864130932295,0.2669543417897228,0.24437851445508,-0.34660128162900405,-0.439053086447783,-0.09895608879037246,0.0012450713127477623,0.08374218935108464,0.048070599757959236,-0.06340951719505562,-0.05089590971348835,-0.0007643794580813378,14.697538369704402,10.882090250720776,10.18659150187752,13.703917451703955,8.316612723054819,5.377991207241872,6.464968078632983,4.9574792755861905,5.162284499192953,4.958295211989752,4.416788447671459,5.694017772203735,0.016152298579345643,-0.3432143432274529,0.1659960941807834,0.08200040479878273,-0.131838846193315,0.16695901215387435,-0.07946407366318096,-0.061266911675271096,-0.12100306168347033,0.10169665015167198,0.09132771262545689,-0.04729612759732548,0.12001155496652333,0.0001374052216609319,15.550074311682634,10.503156595746871,11.182647247742343,13.163575086253994,8.076648290550905,7.240130470444034,8.070283750112532,7.609185026481084,6.598202855487735,4.810393660679456,5.776138525672019,6.717539903035725,0.01446955570952421,zero,/content/speechcommands/zero/d103dd6e_nohash_0.wav,testing,5.0,Kitchen.wav
51,-218.8105226246958,34.87382010314041,39.039254040749434,30.04889960736715,11.464101960305282,5.4669992769172735,0.050689313550211335,2.1959128169916378,1.3125851496518186,-3.9005690803271715,-4.490305717593298,-1.6090944006887258,0.09319701476488262,101.23904300371693,39.33633918932381,25.453330352341034,27.130016814441973,13.393628800298915,9.070959896449962,11.237061423733614,10.491582525894344,11.557197974205314,12.433951980743021,5.5897699061163175,5.716877325361637,0.0967988880125085,-0.04901662250546407,0.13209579265269575,0.8728578712857572,0.8169870318674943,0.6530420259474595,0.2778731588505038,0.024249254332773352,-0.233361129275817,-0.5948912823291395,-0.09188114640054525,0.3138643759180525,0.17001579917059587,0.0003295063732131835,33.516807994580574,16.317128377648196,12.954029104886535,12.610237084058642,8.728210804163801,6.735745867616638,7.803372217117384,6.8070582467383804,5.915499854955502,7.269495965188685,5.5683603460795785,4.566186698115013,0.0311702293393124,-0.6526457123787016,-0.4292456807627361,-0.09526193210346724,-0.10978362522296478,0.04007030606226506,0.30720729231712246,0.5224877498808299,0.24061726747432077,0.27550632179326545,0.4095164793315368,0.32784124173595325,0.1521618598760008,-0.00015862478564182919,22.606519037701396,12.612877178830757,11.573147863612487,9.317363466720476,10.472795213572267,7.949982359178606,9.128512869623837,6.787911426168299,6.534028502456645,8.912948048207241,7.433842425232417,5.559780968357183,0.01971096835475061,zero,/content/speechcommands/zero/e1469561_nohash_2.wav,testing,5.0,Kitchen.wav
52,-222.9665478160057,32.12220302922722,25.56743707453785,32.114969675255615,9.665733023897957,6.423989818158709,8.063220915086681,3.7541749845971095,4.832439970439022,-1.494482601226402,1.9108875411256774,5.902080035056374,0.0835626544430852,100.32255837109521,45.299310898993944,18.567431547448813,26.682834164587145,15.896364407455343,10.170435143608849,10.822238286828362,14.925828816172665,9.751988286215932,14.09290264081962,8.272892557766815,8.385990689784563,0.08946519946223659,0.13339031111377977,0.024594395693962347,0.03076377007644806,0.3445868578373742,0.7679692456113724,0.6243236101985764,0.7859393053843978,0.7892437998122593,0.3942226009506216,0.25662360006320717,0.04755209439322923,-0.33977109177372483,-5.282209284843937e-05,29.845436508459418,19.676972922918548,12.046571140114693,14.417003633281182,9.770266417268017,7.738009020737955,6.212782013044501,8.129433278599135,6.61668342389899,6.6104723656619235,5.368851857684423,5.079736324848912,0.02806664520081449,-0.10980355526059735,-0.03384017612903018,0.42398398048893665,0.456692862923119,0.12603340571121902,-0.15652487572292534,0.0021662328315407227,0.15704358044461356,-0.003207312067631326,-0.18211663869573513,-0.06497713408966117,0.11595366796709593,-2.2765000661214193e-05,19.200125509915885,19.04362564440209,12.139536605797693,11.749190113583122,10.735936439967121,8.370460886196888,6.252226726481123,7.494389634414558,7.574462938316808,7.438521805317745,7.297474328797602,6.547779457433035,0.019893573448654993,zero,/content/speechcommands/zero/e1469561_nohash_4.wav,testing,5.0,Kitchen.wav
53,-259.94282054546,53.486991117519175,38.494598101879234,29.54952788689111,23.299263137447273,18.527852818451287,5.84651168309201,0.4571446011892124,5.554966440911642,6.7791198010613485,1.7403353143350926,4.665370703678242,0.08029284892836586,85.9636006951051,62.00274802707089,27.701275215988876,29.207303719525346,12.096769912511158,13.857346277082284,13.182888848463259,18.010051604151204,10.076968390350778,8.800649592213704,7.823944399796736,10.844760055073273,0.0458926457452334,-0.18332033323553876,0.13450680921014094,0.23325922461978368,0.2938255004930457,0.1303796518426759,-0.07639003112800599,-0.07708727937906319,-0.13689254577337628,0.24229229943198405,0.3063390297980049,0.18339638849676107,0.21791025887326904,0.0008316207076272656,23.429956416382677,22.200419132944763,16.540215231388814,13.840525771572594,9.533446429382096,10.765637699935189,7.457404144705735,7.119308763064421,4.657863912809758,5.68309661977218,5.074425275316716,5.433875484478312,0.012880566576546619,-0.28981275515281674,-0.04379611727852307,0.2070119439062901,0.03934492432101375,0.00013541227947110694,-0.09754932406965011,-0.04844444273762368,0.01533960761982751,0.20431996397052105,0.20106532125128093,0.0702119819803601,0.1786226985475731,-0.0002459455902377764,19.308046250577824,18.75949892478592,14.76212130314318,11.230349896468114,10.669387314650066,11.086340079031677,9.573020404253354,6.500928036018413,5.236515228928146,6.193230460523651,7.0034324457227,5.717359181318626,0.007705986201572227,zero,/content/speechcommands/zero/e41a903b_nohash_0.wav,testing,5.0,Kitchen.wav
54,-211.7401561414499,30.528983848331457,30.71315709064399,14.468631887814285,19.079731271136325,7.831258345775945,0.5596493002664382,3.112115535557729,3.903150985460128,2.5769437822418677,-2.4606806916654493,3.757345596438226,0.07766630145488307,72.60749313510446,43.43441457733892,34.79385438725111,33.44455918850461,21.473577756503165,11.057337917888882,17.074363091736817,13.768719298110012,9.241668549441448,5.5204324182807385,8.795986309491719,6.751754722587477,0.04581429185443029,1.4884503551802297,1.345830090876364,0.13874521222139138,-0.915766928069139,-0.730924431300637,-0.37683811562406205,-0.10615294007119282,0.11207792720236925,0.0008773872223267073,-0.022820397145258412,0.37193527600282417,0.4371232119998377,0.00035203722936491815,19.713388671109538,10.290626628231148,12.956365589538276,12.17277040635105,10.113173206074578,6.670238415489696,8.11275823141923,5.707975163735218,5.789479747145894,4.162450072365273,4.609843180000989,4.750373393808641,0.014920033537451107,-0.8396325701322013,-0.7364992731265706,0.06840966198950606,0.6506013659016123,0.49052294277077274,0.1194581882923367,0.07889327700191213,0.3940839639877019,0.23585984476094352,0.23761042416333522,0.08492170643334142,-0.03913610705963911,-0.0005242343371113142,13.563019290396738,8.009240153044422,11.19577863149536,9.560872689070468,9.30252788043386,7.027145682435636,9.731359155645597,6.314414398246767,6.329772903910121,5.076173218740318,5.315845993762264,5.667007285396907,0.009089155801636805,zero,/content/speechcommands/zero/9b3ea809_nohash_2.wav,testing,5.0,Kitchen.wav
55,-204.92056143299126,-6.158360193579815,25.34505483337953,20.01488676865583,13.695559137749676,2.2007347935889987,-2.084995407935773,-3.8785749689245534,0.8399202452409765,5.869701762263185,3.2737911727356854,7.108485678453244,0.046049147137794004,44.578114853892764,31.102267141386694,10.013168189024979,13.47947979402688,8.001877368913702,7.036777527830245,13.95694835511666,14.511507407816833,7.831580135266441,6.126611608660572,8.694253381652826,6.8382059759620155,0.012000570613004607,0.21588409108020354,0.356630069535614,0.2534923908091627,-0.06476650671896302,-0.20869540891786187,-0.3043135129356271,-0.3196834806728668,-0.08578452000000429,-0.21045590634457795,-0.0074792390476469605,0.16796302465579102,-0.07642003734976255,0.00034934508481195996,13.712264049042346,14.250038982422167,8.202023668598766,7.781585507358384,6.482358257218131,5.764336836181835,5.752051442590321,5.875086342315448,5.371551714439316,3.9998401675757624,4.776254486133071,4.071376201279116,0.006064342735776903,-0.27989946397373183,-0.11481183666076189,-0.04388884631817303,0.08710596986090952,0.14278216546970446,-0.029673498815354787,0.10082202257660614,-0.006827655609965476,0.07806264624032151,0.13211055473896172,-0.13349694943593562,-0.20588041020580714,-0.0002774765921963586,10.300970534356942,15.327563459351333,10.32770181484977,8.485884914111143,8.644245339123923,6.894274429811097,6.478338969472117,5.468317892181316,6.793097574540698,4.8211524492429,5.191321455187303,4.4974611288020325,0.004332984094714065,zero,/content/speechcommands/zero/4a0e2c16_nohash_0.wav,testing,5.0,Kitchen.wav
56,-268.83549559814514,22.82102629502726,16.47936542952204,15.668846178337443,17.521717956128615,3.603860684287627,0.5256294329155331,6.729661042115568,7.892773749144409,5.231509780069642,6.198827960230783,10.12189486558896,0.03293570439564064,52.80102882089083,32.46708573752486,18.157624043848422,16.728679066940064,9.865679935621245,12.496407275435859,22.77577403834526,9.004992951541363,8.123898106939285,10.123724850526067,6.516266358175715,7.674642843554019,0.013901158030937921,1.0972179599684952,0.4251239643148656,-0.9176892311923044,-1.0725802533718738,-0.6193770310262559,0.05342463051860132,-0.1258127563613789,0.017337318557200526,0.4114167288262623,0.18076736263075813,0.20201143548043507,-0.4481700279481106,-0.000507243398216463,17.211558573881916,9.712665675478647,10.670501381006755,9.122489319010132,5.390058841354965,6.1748090663558095,7.418003312459072,3.948685113241888,5.456898513726799,5.959091301351212,4.046530060317808,4.880185024100993,0.005253529901063946,-0.2551514901101731,-0.25166605084040466,-0.3692223512052465,-0.24763425914388312,0.0342014008469345,-0.0939071588620591,-0.11466428243285941,0.0323401852748978,-0.17778639669415267,-0.11124951294774293,-0.17772919034150167,-0.034005603609920096,1.4226511120796204e-05,15.14757422610917,8.24301554314973,10.07318109367324,10.459910350021259,6.621907812164766,6.754776614909367,5.303999228622744,4.831523409589292,5.801931518640829,6.823347369585947,4.971502201271511,4.888940110882383,0.004498591678308219,zero,/content/speechcommands/zero/daf230ac_nohash_1.wav,testing,5.0,Kitchen.wav
57,-218.26436701160526,28.47129952724691,51.29946650051662,32.3576863235039,14.680586161378713,0.96470098148923,6.871895671263626,4.256045513807415,-6.054792226905397,-2.325608585493156,2.114291091768065,4.28654882006783,0.07997927628457546,72.25529938045474,46.830501390107635,25.727926766321577,31.666670304542517,19.08459094406792,15.727817138933947,10.547443056396201,15.20426321981295,15.853749833878663,11.74549976030334,9.139272931225808,8.624825509224149,0.044544008889934324,0.8243433732343305,0.2995590306112994,0.2553308134735646,1.4758698439782243,0.5236259486312965,-0.4546889566866156,0.20551331978425177,0.5777916545818614,-0.13630310133955179,-0.4318469489636081,-0.011961167935320198,-0.17155914142390213,0.0004505310808458636,18.322092540067356,18.342611096277647,12.957606030798718,16.517178806198178,8.413480755246574,7.817191813068798,6.634378493525501,9.375465390969529,6.344710407800385,6.535237713593524,5.355617808273455,4.9998871486739755,0.012823792607929433,-0.848801491540515,-0.8482063869695341,-0.0010949109448776066,0.8686105649978627,0.6089355592962314,-0.1762839440514572,-0.007235301585216488,0.12268399285436579,0.10194237492673747,0.06591757045928291,0.011525800900198783,-0.228629657464895,-0.0006539686272541682,13.442501505095196,15.848053412785562,12.615344686375792,13.348815986401672,6.679437613302903,6.875409584130875,6.55762754511588,9.78325922748568,6.962439931243593,8.50418607182796,6.256175849571892,5.361556678126463,0.007714157014729345,zero,/content/speechcommands/zero/c22d3f18_nohash_0.wav,testing,5.0,Kitchen.wav
58,-196.19498722707473,61.75751440332452,10.295360601676228,7.321807755792787,10.080643753617037,-3.074505286881815,-2.29865177483039,0.49687839440149373,-0.5877356079142109,10.421687387026672,4.344251982854604,5.292753861781139,0.053835674822330475,57.49984831048051,24.49556073105437,28.286226537758075,18.550115072275123,12.281145262189602,11.678969319463508,17.438684424615786,14.370499597701242,11.023458514037957,5.04812686517629,9.627941805149641,6.634999330430207,0.015107454009564047,-6.131326794657279,-1.8461826123463183,1.8665479481795826,0.5463784733829472,0.35299471812362126,0.12109221015767087,-0.33024411783034147,-0.42427717693501393,-0.4885154546344957,0.05390743789070266,0.6649599254376853,0.4667175377775386,-0.0005752807483077049,23.94055436600988,14.000880187165803,15.207402622950617,11.45460666387262,7.224820018213378,8.26205247526317,7.034640481759171,6.93357288607562,4.796797898978636,4.220185600116535,5.012910281957557,3.1111331815192593,0.006641718275330543,-0.762829244297802,-0.6718502151462317,0.20965983209843486,0.30440844668781497,0.42301141989632657,0.09402621054718498,-0.23860828690178,-0.06022513399983443,0.37404354906045095,0.05295871756336785,-0.14675855766878568,-0.025795784273091718,0.00013769660954890043,15.369385636412886,12.732919489381377,14.523484422764446,11.678557812651594,9.176297114960104,9.807434388991306,7.088487133685068,7.057922356112459,5.460298378471601,5.412949180628536,5.112003391475212,3.6274420103744696,0.004947617004857028,zero,/content/speechcommands/zero/4a0e2c16_nohash_3.wav,testing,5.0,Kitchen.wav
59,-236.0244191997666,18.433269217057656,33.66099255111192,13.681814151482548,10.123670171607692,-3.2272348032994103,-2.760087351737946,0.7740018150292503,3.1029765200885917,1.932904080311458,5.265668490912047,8.65678763786522,0.053849259798880666,73.46889721372729,43.56638987549827,31.341614456775297,25.17549129625359,11.751011546909579,13.346384186345068,17.79523490173023,10.016864416380752,10.096998781498183,10.610426768847057,5.7467197246633175,4.271948224591243,0.03215589424290595,0.4468800725338559,-0.13765225238717635,0.09827303754534676,-0.03454853443449333,-0.04728567067340625,0.4207459960706194,0.4708631338995715,0.12066970017518715,-0.14247115474205221,0.14849241297765658,0.0952491903549073,0.13460481961893897,0.0004968763359131351,19.639601763426196,15.6119121275561,13.51933535927084,11.170511920600477,6.834399212707789,5.863810559348859,7.964068383745601,6.059468626432354,6.607410593389373,5.535280632626007,4.81654627654899,3.9874661750845406,0.01143433510937255,-0.39911891544639577,0.12580269791238433,0.34173380076014603,0.21825433788606,0.2664062223979028,0.3417806592029804,0.4371207574441856,-0.10480351467652937,-0.01132651955626344,0.12577230637940418,0.21261551231708242,-0.1226660723738957,-0.00010494291782379151,12.733037168426703,14.497479142435134,11.80570126238759,10.608369904894124,7.814550275279465,6.2428417467644275,8.15978170189618,7.147099480697678,7.3376080403380755,6.848775740505593,6.982245733002845,5.465220310196536,0.006916948115278759,zero,/content/speechcommands/zero/caedb73a_nohash_1.wav,testing,5.0,Kitchen.wav
60,-153.1042434139179,41.568950923799974,15.25849542971163,13.11565156737916,14.96518524266343,7.293165831275829,5.521141654256619,-0.39153351727049435,3.707042017101131,9.044965514795182,2.2216846766886813,-0.8201512845956699,0.06498567177914083,85.9720225460351,15.588673519736167,16.29685876199981,13.6767566182076,10.82478327614279,6.297025798645014,12.60869446339142,9.476783737973076,8.518843496807298,6.503870038387245,4.170277820185556,5.073356119968368,0.04907930767797525,-2.5764561455813704,0.06205979440436994,1.3721918355760225,-0.34184080073083833,-0.5776953010625435,0.09612723386796383,0.09279710176392063,-0.15448253440380535,0.24899951786868646,-0.03508862233957873,-0.33263822067610155,-0.15312633236763806,-0.00013858584627028433,39.20177333368952,8.543859178422284,8.001683518284725,6.741905767496794,5.532223901607882,4.204307461058987,5.212714778703337,4.91823590548382,4.509289515947528,3.6818823935189884,2.921265962633088,3.6016192928396054,0.024676792160579167,-0.5823074660220404,-0.559219893332638,-0.07386668413743092,0.025349952343630022,-0.10413754556970457,-0.14762193871929263,0.1899586677303423,0.24314440247150687,-0.01362964762444611,-0.106261318307537,0.07820255160254534,0.21405244566292575,0.00018429992099603016,39.750376018795095,7.668041301582341,8.552890997178958,6.331155919738532,7.404485771245196,4.8237336048658195,5.873424128409343,5.3297759615398865,4.6924719427813795,5.075247254390441,3.620122605743946,4.673754167960329,0.02321493204896005,zero,/content/speechcommands/zero/bed06fac_nohash_1.wav,testing,5.0,Kitchen.wav
61,-287.511551305945,4.843214833963785,42.931586237254265,13.72460269058663,21.8821358482436,29.776036818960677,30.047864610377967,12.173306651870233,1.9071178041202157,6.834861062648762,18.790218109382852,22.704192335859336,0.07062373193912208,22.819158784866758,26.130398432412935,15.663101938469207,19.158160763114317,25.44420863215334,23.635393903676903,13.886812704749522,5.87149593228069,5.964268065664634,5.355407845804365,5.699401220936023,4.893430776125228,0.04209342027328676,-1.5422894611962998,-0.9557391645186581,-0.46215379358592473,-0.5918322063688009,-0.5460715740649309,-0.6934105529243636,-0.006669317371881685,0.6183689269908393,0.25195696198816997,0.09013499938112252,-0.272648933778072,-0.09146831613302614,-0.0010871632445243098,15.12791558650494,17.02428267986583,9.272969216889223,9.9497824959709,13.550744891030456,11.805803135649661,7.306835677398653,4.52382202688085,4.341010714038321,5.163614736263652,4.410509364067396,4.154563800449455,0.019945942847873478,-0.633468354086104,-0.8246367704214232,-0.07833379389693912,0.6547032857014601,0.4500350269669028,0.394391844759179,-0.04581724453794364,-0.19150198878482,-0.26576633837986113,-0.4201028306395042,-0.07522700510958534,0.2903445703087176,-0.0014142294724782307,16.59719871464836,18.569726036579183,11.946481372578159,10.991810254661981,14.847183680531849,13.89131880534593,8.487450896663333,5.383058800947769,5.930591136445245,6.386610976099579,5.835757082831767,5.844239644373002,0.025019318167171102,zero,/content/speechcommands/zero/3f2b358d_nohash_0.wav,testing,5.0,Kitchen.wav
62,-198.19265840174313,12.940935110302174,31.52123079521128,26.923497381697683,18.659393029741622,6.529665483663406,10.353237021267846,3.098559302200827,1.5986304022006244,1.1216450570043341,-5.553991161006563,-2.7342584028991466,0.06964182393858209,53.09004470935098,33.178560615331776,20.11678570504347,19.172693653875942,9.500279321568499,10.504047759941995,7.5378771833812275,8.55942599801949,8.38285966775795,8.3929760906939,6.857589073999734,6.920033908976108,0.032443316467517525,0.45452137106236074,0.3311246723357671,0.3173265247466705,-0.07061757611178059,-0.09440054737266668,-0.08257195430690832,-0.23947204819145246,-0.1464908264269894,-0.016011806964919464,-0.2559952965719702,-0.4375232103969041,-0.2900318012685556,-0.00033157390932882984,17.465202891652,13.257325760501146,9.709841642282054,10.191166011641679,5.091612878030761,5.646038941974954,5.364172670257342,4.4206259712048235,6.667816553018614,7.217719352732588,4.298755251806797,4.871763136822712,0.00856764816414719,-0.4852724585583606,-0.26216551365536184,-0.11434036172495633,0.10872142400018768,0.08753349188520385,0.05750649306020564,0.025771628497888284,0.12353712842396487,0.1331705325494659,0.20149858013714653,0.25960189784946136,0.33566037622390466,0.00013813674449920655,14.200499173103072,12.65958648374652,8.44844586085985,9.52369265314215,6.012978783966515,6.0857274002370705,5.857442529487474,5.006934118750589,7.780082978560063,8.313454938555733,5.520475877576959,5.970156477350414,0.005293078174020423,zero,/content/speechcommands/zero/64f1c742_nohash_0.wav,testing,5.0,Kitchen.wav
63,-222.593249951642,24.00784411313999,2.9532930163392326,35.36962993927278,0.9930236795964936,6.894169688351988,17.22243818704279,5.684406212194195,5.421780317802421,-1.9893097686976178,7.679255701620427,18.714517884011943,0.07495215756352991,90.41779351339378,41.163513059397,33.22312180203921,36.33575911904456,26.739121960104764,10.628689815701588,10.304952294160183,13.689100240314916,7.780072509995677,8.82843230222171,8.257567167652077,13.319955644323514,0.045026800739897795,2.177087848705256,1.6452439638126486,0.3772765342964747,-0.7086711504072651,-1.4813399120262662,-0.48037433603738255,0.04928080455690191,0.04050438600649487,0.24367738645802037,-0.1652416073228175,0.17722920870432268,0.051046796697912226,-0.0003313020833076969,29.513416470339273,14.138911250866713,14.882798787017322,14.157848200967477,7.875754003675576,6.294456438180173,6.433988738164786,8.298155552816047,6.252584915648466,5.339112082358793,5.594584182322041,7.046828790387181,0.021714814583606423,-1.3658260209097544,-0.1696345808188924,0.607774545686533,0.21709242249154362,0.5312898771484273,-0.22601858647829057,-0.2217652036484892,0.2393268110121237,0.019315388886231646,0.16827844101836012,-0.17510244405923123,-0.30254766463717214,-0.00026450976729393006,22.141122299105977,10.624882099983406,12.078020205028217,11.396614592927218,6.982022681244406,8.452833867536487,5.937709952786978,9.067701737846491,8.037073754592381,6.554717093204494,5.7821921290813965,7.204627663055499,0.015380052505539291,zero,/content/speechcommands/zero/3f170018_nohash_0.wav,testing,5.0,Kitchen.wav
64,-192.6888509990364,22.988529712747393,39.939464045054486,32.822359793369564,0.8586255941747978,1.8329496335308084,5.486771633513455,7.419297076943443,5.309228947343288,3.5564037906560184,5.53390145699394,-0.35650465901680906,0.09847053472185507,112.63483179170915,43.94605082682939,31.44800561796038,30.74388823970196,18.794528977304896,10.367138636470157,14.827108414981856,17.813855304252165,15.89810813228551,14.408552103470416,9.688101158632799,10.035886496848995,0.07916065260248184,2.0380745512813783,1.3772612839200271,0.0844065039177044,-0.2904285457892622,-0.3545836148270273,-0.3376772165950617,-0.19764977060890207,0.35110822847001655,0.05580809208465915,-0.265994986386846,-0.023110292679001485,0.16324288743580356,0.0005299413516636818,27.297888435144635,20.687327719612018,14.116194964098142,13.373522310873447,8.764583058269126,7.011849245144813,8.847355583932309,8.80796818756349,6.813465337310081,5.996141478098978,6.534514834262675,5.3469884317240535,0.020933985624647336,-2.7383445250278924,-2.3435517846225036,-0.32067425041086633,0.9213702623770802,0.9586241668448555,0.2939015018811727,-0.034065709743695056,0.06323962881140582,0.3757427522623624,0.4228985796149105,0.07768231671791899,-0.08222996760216722,-0.0017222454150517782,15.374372039420788,17.78794439298898,12.230944367375065,9.570052949679745,7.763117053316252,7.2915742072234755,9.671368923839909,8.770952915818008,6.6372318321229455,7.932277754672606,7.119495718855255,6.387478157757507,0.010651192650480635,zero,/content/speechcommands/zero/c22d3f18_nohash_3.wav,testing,5.0,Kitchen.wav
65,-194.01319272268364,85.41777908542456,28.567333139281907,23.242618225769352,12.245160054780216,-7.693086049702838,-3.3136759992007243,-5.180540853101488,-6.6495938674657875,1.335752559036439,3.6083372671053224,1.9851374240214605,0.11225601122714579,77.55994542136425,36.75473399471847,37.14845511214279,32.960545427827135,19.53026146105219,20.436204099632956,11.664517399282342,11.46744326818208,13.850597501358047,9.11356054671615,12.326256725588538,13.19549293609081,0.09005713624112655,-0.32139185209995863,0.2176323917634091,0.9209206653365114,1.3181041303649126,1.0376855473793398,0.2757489257014129,0.026475799803932745,0.1600834548343521,0.36789143278981323,0.10505183641671245,-0.5157035447183912,-0.6643811393417727,0.00043316906498324487,29.00103046899154,21.03298345451574,18.23021651253537,16.552261447731023,11.99198953784765,10.494849772262588,8.830057886599166,8.329677242244772,8.386929109452993,7.231127861168145,5.263597682542967,5.886228211318456,0.026293131944410523,-0.14391922501044974,0.5120948625947217,0.4762307927028857,-0.348806299692976,-0.32168158527935614,0.04011296667173549,0.19044760608141248,-0.32751980030592165,-0.3714387368303491,-0.3800116949633681,-0.18996624405184145,0.23690227804608732,-0.00017758781711260478,25.770712257414925,21.15785756060624,16.51188576745062,14.870087678757027,11.780590223762847,10.401887142072496,9.960565610269295,8.18067677055621,9.126219596810156,9.082794401864819,6.536627347087739,7.609674085137186,0.02000041326255615,zero,/content/speechcommands/zero/b97c9f77_nohash_4.wav,testing,5.0,Kitchen.wav
66,-286.4579579813852,-3.812427253055784,46.29124227179149,23.37473225258171,21.38324240913756,11.084868131925582,5.618562308653574,2.0412340873962065,3.349709821710822,5.04103150981874,3.2778148684219026,9.805397207229309,0.04080465080915019,49.71285258779721,40.13907051099498,8.408863448731411,17.772217922771343,16.914933099326177,6.117348645323532,16.22630614694819,16.64870911466247,13.114731822777456,12.260886926756609,8.743448499326876,5.3212358586846475,0.009997184049785234,0.17683414847060924,-0.019999862820170043,0.33064179971945956,0.12022973912154009,-0.03648301751992962,-0.05524915702999313,-0.07486607595467823,-0.05394912268585,-0.1596079812650959,0.05356207989890065,-0.00019328309705176735,0.32475502148279456,0.00013649415585302536,15.618383297629684,13.079921755103426,5.514719647934296,9.80959290512523,9.006265869808663,4.402887583083599,6.4803710804200145,6.198391032679612,5.602587227517162,6.326311493761982,5.330217046572518,4.736968284558393,0.004587581625150755,-0.3612784181156864,0.057946472583000626,0.354102406860284,0.09670098382591365,0.09519884673007274,0.033156405514196345,-0.07460178525120202,-0.16679779358084612,0.0777003820012272,0.14131566196618472,-0.10530118089427706,0.02137589928939748,0.00020503848791122436,11.703221766986733,11.117086362202217,5.273371809984047,8.503655027111149,8.336328151229832,5.442491431618885,5.569421961140501,6.054063860823091,6.046908146616414,6.82240086475614,5.199527242344827,6.253715709731733,0.0038322562081982217,zero,/content/speechcommands/zero/5c8af87a_nohash_0.wav,testing,5.0,Kitchen.wav
67,-177.28924078294585,35.482369137717946,15.421602516649306,21.138432434355792,7.632209279465369,-1.0116188922550604,3.4373524268147126,10.106838594874297,4.857776522406647,1.5090003322861023,1.5691982326404454,1.6583285068142932,0.08167976373806596,93.02458191531814,32.0182697106449,27.670224725504337,20.708674853695264,13.165501162091303,16.477646811802344,12.19145798511661,4.891514347512456,12.274128142097203,8.843673666745154,7.536915796204606,8.118098794573212,0.04254065246165618,0.3753898643968209,0.6816541406315024,-0.13095394308883196,-0.1911979785265838,0.01200861889676016,0.276823450312421,0.08955363522480263,-0.039563069208371,-0.28578808606182665,0.11291787164607357,0.12197101990162357,-0.4203490077776588,-0.00011178971298279301,22.916971704900707,13.953249181595778,12.070822585210104,15.759445876087916,6.942975636449266,7.016501733300163,5.9664460965708646,4.13386233219874,6.721323298530454,5.887632755164116,5.048760947884554,5.133836090692627,0.013397201576562285,-0.9101909225134127,-0.9303846738302955,-0.2719404164002123,0.4506657318614495,0.3260821772715135,0.2072260010946324,0.1461659897705991,0.18055149469294224,0.38882435738886584,0.3747540761922711,0.2816953891699929,0.3404705960011208,-0.00010997752348581949,15.02418192990246,11.461432224634873,12.213796779016356,15.121867423142817,8.296676331185774,7.749536761137239,7.142553999384596,5.30743429068705,7.476372366045781,6.112890933192416,5.485390267910464,5.834564049733468,0.008564326784281569,zero,/content/speechcommands/zero/9a356ab9_nohash_0.wav,testing,5.0,Kitchen.wav
68,-244.38840571858387,51.169283797233746,21.545346953218107,13.2737484981341,9.918560321041085,-2.6492810638329143,-1.115406204288362,8.903297942224949,4.492748110878598,1.0795589145320414,0.47616690257146854,6.01404933061004,0.12606245558708906,75.4381925587167,45.63855711471839,29.320282315258584,21.07594782393394,14.748811178244052,17.725664082771164,19.716153053047243,7.793863153673265,9.11431639196857,7.9856315392962625,7.2998663661078345,4.933821385184294,0.0997436114101688,1.536952991638026,0.7121689155369475,0.29744817820597935,-0.26918336869618903,-0.7281824960835868,-0.3786456137080826,-0.0483569250069554,-0.31558225630539577,-0.5711745800638124,-0.14365595350623844,0.14552618997708963,-0.15239468296123115,-0.00035273103464034296,20.082477315232783,14.316209848610741,13.791585943943158,8.009243004057069,7.692666811537991,5.442299273713886,6.8817364201742555,4.768507133553299,6.675279239061214,4.3369180838894374,5.58829077354159,4.711774030124837,0.02901301807885876,0.20887854536968387,0.05462459537259671,0.15633663691159255,0.07287805304153784,0.14656883499731277,0.1718986386801931,0.26649968768990845,0.13333284547572014,-0.2373360334266777,-0.13782893838396917,0.18964084855655036,0.20450863861020901,-0.00019797260562578838,12.073897866301978,13.383977827529051,11.198295478649085,7.552674101364187,7.17365078032937,5.631204652398948,6.213428900211935,5.883983490370619,8.185219382916085,4.7334721315676545,5.976181971691728,6.934355414502803,0.0206164660038112,zero,/content/speechcommands/zero/692a88e6_nohash_4.wav,testing,5.0,Kitchen.wav
69,-192.635184672631,7.716222204007072,32.04849588023862,19.402249095687623,15.190788387409173,6.443756184898249,9.597710996799224,11.339104680337268,14.405883573633552,13.083855119194563,6.946972489692205,8.726062971939527,0.05749432643642649,11.99421746235913,14.313516934771622,8.68497317164041,8.287058693367506,8.545528073109848,10.58086329713726,9.256726179240133,7.032634961306881,6.2514433985719515,3.1147585374763183,3.5741645714198613,4.119576188940413,0.026767160222038344,0.7927203545143849,0.7744017007408835,0.2733128107650802,0.07493302211139634,0.02055099646405525,-0.41541539102712377,-0.3792578387523076,0.08047223767903233,0.2969830365569478,0.30557893515366336,-0.04904872415756635,-0.013333299921530825,0.00023802916609471844,7.2672203804631135,8.90806167247988,6.450074825028522,5.430065772516699,5.457528470104592,6.080471819657743,5.144769990591941,5.1801868298995535,3.934704137301979,3.3544144064447865,3.5742896766078203,3.2614758855308734,0.0172366740422647,-0.4705071402398166,-0.33097682351366264,-0.24882617351694497,-0.033671940238661865,0.12043547151051909,-0.06627836008450266,0.0950857908930597,-0.42806212302228913,-0.12745210334363383,0.15757406434017682,0.13491692697370905,0.07513441267799328,-0.0005256572738289833,8.214129492014136,9.429647424669518,7.146565847380399,6.079275479515265,5.885740183227178,7.168044020857451,6.566297164993399,6.344348089060655,4.918683944702969,4.80378999184593,5.062806792850411,4.302689477418452,0.020310143565873313,zero,/content/speechcommands/zero/ad6a46f1_nohash_1.wav,testing,5.0,Kitchen.wav
70,-215.90899546912237,58.15508289122595,23.893586797650073,4.711140211217148,3.4216595698037797,2.100851019580811,-1.2805505579150693,3.937340190930362,4.155842669144542,7.782233546134902,0.8789518652287519,0.9639234855263062,0.047838472411967814,75.80131940871134,31.028064388883376,18.316913793312747,14.316506838055565,16.214423815069026,15.752836215683526,12.573980342858167,13.835521591678173,8.106709972087422,6.368789658123755,5.313371159928265,3.709519241961978,0.020894562432296496,1.001372366710948,1.1285486487420964,0.07810556924371827,-0.337266682719327,-0.5365532935165239,-0.7534596565457828,-0.768233313884231,-0.25641098559369013,0.04971766811357966,0.15733081127138232,0.22788917735407513,-0.11279040889503916,-0.00041082200984801013,21.572256908634788,12.435637462730607,10.356929103154442,5.491911180896906,7.372949473237123,7.4296515028305175,5.138694249089035,6.6030307833908255,4.076516194120477,4.696544799070675,4.835019811640454,3.911838969484412,0.007603152584558003,-0.7070169064374094,-0.16416013338626692,0.26530975826198877,0.0263776504397821,-0.023271134735950126,-0.04031176518368807,-0.01623280487126421,-0.2902546976007746,-0.13125433982091675,0.014691357527968426,0.22487703427668737,0.2236022609780189,8.448914935191473e-05,20.9404363816373,15.871046889454684,10.325350085055454,6.98825566493122,7.178127143131594,8.083035356585453,7.03891346355412,6.860985107160961,5.257975824195316,5.660178938486046,5.484436133928691,5.235471300243562,0.007598618881625789,zero,/content/speechcommands/zero/5744b6a7_nohash_0.wav,testing,5.0,Kitchen.wav
71,-284.5912463974589,19.533660186180917,38.78927735576218,21.66691522630023,16.499938393181942,8.315921197604833,6.413808693868575,4.481459017881981,5.8608328914613335,8.40432527418633,4.550390909522994,7.193933739439981,0.029371049313340336,45.42437378376459,35.48670928477273,10.464199125275481,17.032694307020833,9.293345830116218,10.49180136428083,14.808381680703656,14.805816380187123,7.29826037025697,7.148666179159545,7.93820386019817,4.257811785031302,0.008410070449869949,0.8157357014042553,-0.008798317041589324,-0.49154530491664056,-0.826161829646853,-1.1862317015593515,-0.8963647774097616,-0.5962778069750809,-0.2751890533269148,-0.1895969642679881,-0.05566771022168829,0.37040416778461177,0.19324875698701932,-0.0007380025401230782,16.41956227540156,14.473901247467346,7.803776697917482,9.545722579937896,4.980211737907331,7.840625835905173,5.909569976814468,5.240880850343032,4.5685070382485735,4.314987671781171,4.578671852895281,3.2090503391510543,0.003675936530315255,-0.539677256117714,-0.1638714022295988,0.0798499817999191,-0.10741960767551142,0.18052343616343813,0.6824487259501685,0.47976290534065874,-0.00024350229017624513,-0.26214400318471187,-0.10511468028162683,0.02713034884367218,-0.21454519083332987,6.858812024195989e-05,14.172826117144007,13.53648372125237,8.97788694398768,8.590925354774287,5.606076676221768,8.5992274476425,6.502970818510626,4.622791408390402,5.9544478339999385,4.510981624151212,4.655096652227488,4.227878453955245,0.0028318107927256934,zero,/content/speechcommands/zero/863880b7_nohash_0.wav,testing,5.0,Kitchen.wav
72,-52.00766285880195,34.09230923779653,3.576105097676751,57.416361090923886,-11.091052837343938,-0.5030391588019891,-3.210696061439691,0.11352127285676872,-1.015078453652776,1.923769326132566,-1.3328572348194405,-6.319771833994389,0.25992140430025756,96.31516252323597,42.56681624976699,28.986491432703456,28.08465870209159,24.179227711656942,12.992514169889791,13.108996530275045,15.120453623086812,13.329522672330596,11.125270209480314,10.372347665001339,7.35132701780038,0.17391210685179256,-1.47964504136555,3.370819465888518,3.4608595182534247,-1.3742908271802725,-0.8457390070999464,-0.2252274381133959,0.317929596604894,0.7304674277383825,0.03957629875686973,-1.3419142969031201,-0.9196990268264364,-0.8185491896927601,0.0050616043229256905,37.848001998156114,23.97945980112259,13.492239424969544,12.683424474799352,11.03662047115391,8.413407462648918,9.790202986490275,9.321835003740762,7.078955276347505,7.352133434681827,7.593208339882943,7.454049026401794,0.044172610726449936,-1.6684099635769205,-0.2928324421337088,0.9308718395334216,0.32263271962322243,-0.3227250829254254,-0.15167931498192563,0.8217822613444274,0.6630574167388713,0.4262537327454262,-0.09026372890637688,0.21860426165449132,0.3391139239689818,-0.002582614620526632,33.015342336144414,24.868353061594444,14.736586637506948,14.668868337261156,10.996954083078478,9.010949891595002,9.71305535776035,8.795579209474749,8.406927182728474,10.191860922229408,9.446956274369377,10.150668676109456,0.03692162222433325,zero,/content/speechcommands/zero/c22d3f18_nohash_2.wav,testing,5.0,Kitchen.wav
73,-238.45895244699065,11.05726868649489,24.104193336763263,14.002761261668656,17.551702077314097,2.918184377737912,1.754629349259121,10.480922052539817,9.483203707997763,3.7115521091885704,4.641921621599847,7.916487119035789,0.05253704061033204,50.33414272886177,28.979458047740906,22.55482787251793,16.375806272199966,10.954189039641822,12.769828651964644,20.16449513207554,6.7448546938426,9.574596856788787,10.241425397555702,5.909911761826596,4.6231313710624375,0.014840481181073036,0.5820024138209745,0.36459437257948535,0.1883486234545727,0.05617153615365114,0.004391695393910288,0.18423569362152742,0.14723028091001955,0.16828928192373066,0.25123045649933357,0.08851357332287572,-0.07849111649697059,-0.049628319477975455,0.00023943203831872632,13.268843612382371,9.466496957410978,8.336049683477446,7.145407568056757,4.999374670537737,5.347095309003519,6.246941453199652,4.722806377148331,5.66893989795802,5.012510785115326,4.281775235007513,3.6952353214943052,0.0056288953912817,-0.16004538136788446,0.22220690985611616,0.3189230612558356,0.46975601162258035,0.29942035672957146,0.04026785105838779,0.11252892339976614,0.20442010475268482,0.19044681815123596,-0.028127048452358673,0.1011929260584513,0.022385524783919603,-6.150224556525549e-05,9.827178296196868,8.614712915335327,7.817174162171207,6.300391860356378,5.013985021967988,5.464326463231481,5.630984336076547,5.3199314175701256,5.033653582616376,5.0653748492086,5.780204124899629,4.999620381494306,0.0040286011870769075,zero,/content/speechcommands/zero/d7467392_nohash_1.wav,testing,5.0,Kitchen.wav
74,-220.0847247359468,29.328057063250935,29.427613176770002,20.795359406840916,11.276717310123054,-3.0650519371752094,6.023841442055728,10.184122432984111,6.644190613197817,6.752702055536195,4.444859510563061,3.420605848508755,0.05440503504360095,86.62349014232055,39.97085969757724,30.21270030806221,19.993265517160566,12.328329054397505,22.103091776853525,15.830980282146498,7.478746362212492,8.017915094008671,6.352528486183178,5.286177806134219,7.601397091162111,0.038877123158004206,0.13926000896610768,-0.21689617727896096,-0.12363150318943111,-0.0724485031295639,0.24730915544883988,0.004669340804325991,-0.3259742577796527,0.02911793449864818,0.13769026381843297,0.18766487583935412,0.20269808315934257,0.08305811552030971,0.00018103685109846054,25.98579048864741,14.984885545108314,12.934237980662564,9.501892579766125,8.268605176562966,8.835146457870808,7.583376554723912,5.450083124903244,5.0800245697070405,5.196057187568797,4.295136562385965,6.409039419167881,0.01293431957197434,-0.16773872201865742,-0.294952276696359,-0.10555181400141128,0.0020178990936074114,0.17486443909817548,0.23041620946346317,0.32117660805192805,0.28707706930478755,-0.018290410020848597,-0.3258162868884121,-0.3182907788545725,0.0939517756292276,-5.0129803518454234e-05,19.720799378538885,14.480006807721082,12.65210540974864,9.202320474541207,8.397634022106494,8.913698936494336,7.929941750712513,6.841025444230933,6.670715078574589,7.1575004757120615,5.500947006381566,7.576372322898103,0.009328084494360254,zero,/content/speechcommands/zero/9a356ab9_nohash_1.wav,testing,5.0,Kitchen.wav
75,-236.78306081171388,35.96555272870062,23.910400919955165,21.79800389785211,21.63101441321354,5.904532148247939,2.038731405328925,7.500659662159736,2.1526430752196024,1.5784780340878917,-0.9230826429661918,1.8470971775781833,0.07631821878021583,55.504669639314464,33.99500774607141,30.120824962441823,27.392947450340458,14.627520206681666,9.584098977757431,18.169163043065183,14.117621900985322,17.955369175381385,9.633852194517608,11.823676785418296,6.497737747108727,0.047048606594246055,1.2980933166793054,1.0551562131992211,-0.39659586400511726,-0.9510403854199517,-0.3789301241921853,-0.3114202619065636,0.016310639262022097,0.4638304091343143,0.4708126042076558,0.29612523389060635,-0.25440672134504433,-0.28324547606722,-0.00017020442793446203,17.308699186519807,12.236014959455977,13.524265464614134,12.619540069074485,7.239270360050073,5.833376023685539,6.573176864541402,5.806432078908252,6.909144393649716,6.3683578018846525,6.693363536244139,5.247811746898628,0.015339513405893623,-0.10552381930018366,-0.26898036200338055,-0.19343450845326718,0.11473673404781826,0.25337589409771766,0.34542377974034094,-0.14274468783979663,-0.1394341502531516,0.04435034756508447,0.059644814257997204,0.33926006247783624,0.5326954745689796,-0.00022952544192473095,14.870478615174132,12.5491027497283,11.031310144756192,10.195141096007147,7.806836456633452,6.574877337202512,6.583043678593062,5.746214210519928,5.61865605629966,7.404432572557371,6.482892608143221,5.464609326392575,0.009858756142540866,zero,/content/speechcommands/zero/6f2f57c1_nohash_0.wav,testing,5.0,Kitchen.wav
76,-241.0945019999245,34.820624466210006,45.062893627321365,16.600399480170353,15.05811634366263,7.2255818415261555,4.963850579361888,4.205799523125926,-2.596689078390619,5.062078997703613,5.6641423653431175,10.556316323843005,0.05563029495533556,58.757574816561174,39.885652188798645,24.487068176362893,25.861636742865574,16.105421157456803,13.173030902611325,15.046595799763512,12.530124336904063,11.919727990392948,5.741613288815523,6.962169233871386,3.9547863248698856,0.026297594802224034,-0.9393235691781386,-1.3078966952716133,-0.7908169523566754,-0.3268608422083539,-0.29288591715834494,-0.18153069574287592,0.09468635119846404,0.473780675037149,0.5314615835332013,0.2838130515192848,-0.0546828323235231,0.3404087005165888,-0.00027089013207343317,14.155777218454618,10.909837745192757,11.159474988504016,10.841522001701968,6.597717864929996,8.423059177263768,6.266512171605339,5.545413820254252,4.498241596509992,3.474550412128863,4.523582310072238,3.0172992708620763,0.007676450673099476,-0.8562267128886238,-0.44633702961829264,0.00581877535578883,0.11437152781034546,0.3346062786946856,0.18226035975627924,-0.021263230513095564,0.10413356457971427,0.2857525934279834,0.13017250668523137,0.3271714182295168,0.18500110778092443,0.0003746171792348226,9.094118096645689,8.710734019228067,8.627896945185014,8.977045923762434,5.65962611304616,8.758358225368289,6.912809390578928,5.493525346275115,5.178176023315222,4.828790583399496,4.57424821333496,3.9791536722057836,0.005373869091828248,zero,/content/speechcommands/zero/7dc95912_nohash_1.wav,testing,5.0,Kitchen.wav
77,-219.24110960717417,19.99387033016246,34.0437351637634,35.525119795390104,26.02006417871622,10.991282377647096,-4.846069483226947,2.1179072422764866,-2.076896976586399,5.995861563047533,-0.18673019794382512,2.269244286325488,0.13890985411126167,108.65123953228722,63.81468753278326,34.47905115241205,27.026785616788054,19.198930371139138,26.222065276040563,20.28105264332323,19.8040888909088,14.041908523146398,7.932726772963991,13.864408755832129,12.003611839764298,0.1078192947004718,0.2077341293398712,0.20349636180583183,-0.06939490372981423,-0.2263720553374378,-0.11476209592069356,0.08540965520459264,-0.12120660252903502,-0.02798174788959383,0.04184571297626018,-0.045929564287627914,-0.294470046941843,-0.2772820543026372,-0.0006216149176320722,37.36912304815831,23.287823029424157,20.162125046534324,15.248450444088967,9.972319029384854,13.568421957638366,8.847929018656979,10.235216198667853,8.081915655829778,5.55006891161448,7.065116633343763,7.352475896292923,0.033772873494322384,-0.32853139488165084,-0.19245803128762282,-0.17342135248504037,-0.06140346628256097,0.0860875763073258,-0.16476511646205913,0.26080715991401676,-0.0063584958333717505,0.18407594269071328,0.022575514082550246,-0.12820051108869787,0.1718167450178494,-0.0004336302479108175,28.919425229066697,22.722766179861946,19.52965495116184,16.59284095236748,8.828059231943493,11.919263351712724,10.013646683628481,10.840605740658376,8.551218731247333,7.314410832615583,8.303517276227234,9.198025496342419,0.020850094023611657,zero,/content/speechcommands/zero/e5e54cee_nohash_0.wav,testing,5.0,Kitchen.wav
78,-255.77370066724006,-8.305313223927945,38.478480078228536,31.49331484924827,16.39107746978513,7.031478402615991,5.003956395555598,5.485144592569267,5.493183608797756,6.399132983755106,7.30441514766195,11.078291764541508,0.04889735841425136,73.95430011882105,14.113367742174217,16.355672927147737,35.237676656517046,7.776050641272701,12.779772257051363,15.906289886840423,7.425504638866133,8.176711687538267,13.438590562369491,9.569330427699352,6.2284415145922365,0.05082720567109625,7.526759176295873,1.555607406661449,-0.5331013172848844,4.050058925897269,-0.5118014971297187,-1.5328874671744908,-0.5976618753607741,-0.5908637722506358,-0.76050340592617,-0.9787157531290137,-0.10432409679885606,-0.7758493350789311,0.00586828084722642,25.541729260027704,13.033492008292036,11.66511385210394,9.268672736055706,5.958909680272209,6.129070896996275,8.560502290877672,5.548528653610574,4.801879430144693,5.714606401064675,6.228299953084396,4.244549331449817,0.01515487263542865,-0.15761003741783905,0.5693105912555615,0.0714659268322471,-0.04335113192796527,-0.5122833041072858,-0.2078895629803405,0.6411760976288422,-0.04700828822473593,-0.026699500732541223,-0.003081114259389513,0.130098534065673,-0.014758414797568342,0.0009449829657872517,21.491755876438898,17.427793156464094,14.126588934151739,6.919528633983479,5.355451537925393,6.487072271044858,8.433060892760693,7.269021534589933,6.91426490858249,6.202770138936523,7.044743096801939,6.527595179219544,0.007776422340973239,zero,/content/speechcommands/zero/cd85758f_nohash_0.wav,testing,5.0,Kitchen.wav
79,-286.08235380276403,-1.427144802626403,40.55272248865157,21.894639884285574,18.46684985246226,3.5249874604933993,6.431673922578907,12.650931181739107,12.680057942861804,11.952396609933887,4.9470106368110525,9.27567450288161,0.04024881718214601,36.52906206332994,24.191843444916607,15.421190424953972,14.306969681075346,10.290978964065847,11.872827181861721,12.2028403042172,6.1374445077123525,11.04073578675114,5.610027036534402,3.8697522219865905,3.694339940790047,0.013611596638588143,-0.2247978000571845,-0.7864133493895773,-0.529424375844961,-0.22605175639789457,-0.21826405977787106,-0.0772982721034427,0.11615511116849604,0.0687145641807586,0.14302922279661207,0.250868325950591,0.20043107295625487,0.1576160199026341,-0.00042015025692601355,11.333968460379959,8.924643736559444,6.822259810383974,8.42479962483299,6.487782183511527,5.46417176580299,6.016900263673457,5.0986292704832525,5.61710427129647,4.513337817278506,3.0932265803809056,3.6158499234640042,0.005503468361151227,-0.447179751001795,-0.0898499103156817,0.01951116014240822,-0.21239658301690578,-0.14435176501499142,0.0625364531612829,0.22949343748756323,0.21510085152658925,0.2513237294772522,-0.02334953553630168,-0.16074157939690303,0.19111881264662708,0.00010781052211920421,12.130849650140894,8.837399274387517,6.606476428879522,9.090679194077154,6.026304316264486,6.443025197463926,7.00386622469657,6.237746597955267,5.213236365948083,5.180402324148114,3.7548677857324284,4.336384468267142,0.003278401805135713,zero,/content/speechcommands/zero/135c6841_nohash_1.wav,testing,5.0,Kitchen.wav
80,-165.28631339774202,16.396563014349326,36.28923068604722,23.40336546676197,12.144138680364707,-1.3091156397185635,9.779421675712545,4.815250661941206,-3.888420817714054,-1.5314340477603465,-3.9126292456721767,2.8609963616927785,0.07801686885068193,40.33126812793893,30.50819356588035,15.215002308272533,29.39664116480339,19.48226929444782,10.756521001711057,6.23619597082605,6.590260080695058,15.564841796729246,11.852822650774346,9.501639476555413,9.258732908963543,0.04374666020306234,-0.6953060174356129,-0.307626188554836,0.18073485524699456,0.3055517068766918,0.5315671985019497,0.13837702803053298,-0.30981560521414114,0.02235988018980998,-0.10759414800762791,-0.4831230951763296,-0.4763783448215946,-0.24073247180050458,0.0003957050221581613,13.27826858036459,10.612428984154189,9.522350684988007,11.999755684236138,8.748795292211561,6.520517332185924,5.044962845452591,3.976868345783347,5.07011126229835,4.77225779573757,4.859543564658151,5.32784683713753,0.013891912304261197,-0.4877567488451992,-0.30125450466904374,0.006666785084434324,0.14581608589814277,0.03210061195541864,-0.3066188770973392,0.023548489933248186,0.08514081770428945,-0.012259408054704164,0.1141997950356267,-0.024796342487246943,0.05559360975930714,7.837886611620585e-06,11.366641607065715,9.775895679896736,8.862766831175428,9.173334617337737,9.395869224769163,6.034395419094234,5.807601035181993,4.426574808469273,4.66212125831723,5.077084938891412,6.049233647350502,6.090962237620806,0.008245532741123779,zero,/content/speechcommands/zero/e71b4ce6_nohash_0.wav,testing,5.0,Kitchen.wav
81,-281.39049300564386,26.95154983725127,22.66771837314385,12.91456851041559,18.060663007299393,11.342459436842653,5.051741443729845,7.282663304176032,10.29180878289555,10.45904325993888,4.803126069502159,7.104921933273569,0.03066287632100284,31.267248068426923,24.931509638038847,19.501254835655804,16.271470830145603,8.503927050781313,6.975186205859632,13.010306708304032,6.009840183555433,8.523585929827446,6.329874685051455,4.914106468408959,6.337907586692778,0.007264294397557123,-2.3776784646167237,1.4922661921395888,0.2758401232712388,-0.23744847685674073,0.30948576304472913,-0.040851958121153595,0.4192604653914305,-0.10505076498787998,0.06696023562639349,0.1404345188772636,-0.2967084886527934,-0.22648726999727678,0.0004741108465579248,7.6333057022164,6.2513925883876995,7.193900265880734,5.679155206698559,4.885859021233516,3.560004074531744,5.000731690900059,3.634473875311598,4.9920266669697915,3.982129744288417,4.481331123938368,4.124740595313526,0.003395075864992724,-0.2944897710395253,-0.19646259849203876,-0.04000660101320476,0.07920028637873641,0.25597879492688247,0.12821068582171188,0.3011882490590282,0.2734658863527092,0.02654916287932494,0.18813094525051363,0.2725999298763391,-0.07446666720233332,1.3938484092553457e-05,5.919108217957951,4.166843691868655,6.388792259758877,5.697646697594491,5.39656409517256,3.811053431034374,4.580500201587792,4.448241005586394,5.038137015348477,4.364834268874102,6.143039449536301,4.480510703147517,0.0026258084516877383,zero,/content/speechcommands/zero/2aa787cf_nohash_0.wav,testing,5.0,Kitchen.wav
82,-281.9555411513877,5.367205299175197,44.54255610903179,25.087615165140686,23.970131225232322,11.06841384319127,5.562646670458475,2.1541068235541307,3.501667910944769,1.9862857554353788,1.7913272463172825,9.806147316369412,0.03451450349530205,58.45039818618118,43.07744106545359,13.791698927872016,14.341304872861988,11.756014399873349,7.901446163557591,16.886203070870927,16.486227021989038,12.2349761196047,10.4424999259064,8.313341447562145,6.07593940668007,0.013632150687354254,-0.09332758462264315,-0.05112775327106422,-0.15105036994437057,-0.2505146117456824,-0.41278992951038723,-0.13684091197023135,0.14724626208171068,0.09986384726316429,-0.019019214048994506,-0.10812300704664086,0.0321103774476454,0.12130814253026252,-0.00012737470528771802,17.83973828072917,12.32330344498882,10.36441304593333,7.217914325182406,5.690940699676646,3.7917611462025107,6.132243585605717,6.052513575631085,3.8435259441035843,4.155480119918506,4.382671879057793,4.6933091582020445,0.005379560619585592,-0.4872206221512253,-0.20786600276273529,0.16103349832655833,0.2906786389800236,-0.031857673959758755,-0.005130231362194415,0.045344577173715685,-0.016870256859114984,-0.16881936936725317,-0.12663134308453544,-0.04696689080029769,-0.053439192038490485,3.179895381132762e-05,11.626980385607776,8.085199888519972,9.682250002221348,6.771905909498739,5.014994161976565,3.910059263110338,5.930643468400938,6.109588010719625,3.498545704147116,4.962601162954129,5.140827402867899,5.721441234490558,0.003702802300802045,zero,/content/speechcommands/zero/5c8af87a_nohash_1.wav,testing,5.0,Kitchen.wav
83,-265.52006124483364,24.74503707307053,20.916627342122368,19.244778671357718,23.791356733426227,8.30180432956533,-4.878335950461993,1.700220028410242,8.20794133177832,9.312589511436808,9.24833126987781,14.370338623418753,0.0457858374575153,57.298374468931875,32.33885066969614,29.576814144105935,22.31519399824619,8.962166667778863,9.029538064453407,22.894697732148774,12.329853654756722,7.968319838418288,8.731972828819575,8.48871394254532,6.183914469973966,0.01603934223050358,1.7265929074756003,0.8075096672776279,-0.3987492261840726,-0.14632757399829038,-0.0715032928335612,-0.0366798958753565,-0.2988319394603104,-0.5547230373342782,-0.5236122509479268,-0.05472269097589178,0.15634889453974574,0.10962874112911143,-0.00015078334798735956,16.31163088206157,9.35650877614489,12.140744793238973,8.775580517449248,4.861199790411617,5.582137040079945,6.97495961001796,4.988803284498075,4.703806135570596,6.236216899172833,4.223023418339102,3.4735261067563736,0.006587573459679488,-0.921011580217072,-0.173765405109056,0.37643596781134675,0.25090567461590896,0.24300564966734436,0.006588543716948614,0.11337239934339098,0.04339990277604953,0.15731570492764604,0.3933489813802181,0.19407084048158438,-0.0626883303117897,-7.06324353814125e-05,14.583406894725682,8.410422759748664,10.896323281971931,7.6494701805392245,5.057881049080397,6.425782344458195,6.15345970773869,6.293632653277307,5.002042980248773,7.042973465995378,5.026247597121285,4.344407253155596,0.005049259057150162,zero,/content/speechcommands/zero/5b1db3ee_nohash_0.wav,testing,5.0,Kitchen.wav
84,-248.19785463972312,36.36288942798341,18.807968343115068,33.80702655834292,21.070679610452196,-0.5378617672200543,0.3394376705924502,10.990362995484396,-2.914856101402278,2.216798312825266,2.5461438662136566,5.373808710111064,0.08421563907177188,93.24085804664982,42.53627042110102,30.135142839849255,21.41656747297797,7.896952276222913,21.799035653200583,16.509728619305292,10.19574647697189,15.811508366864507,13.191636603912567,7.975368040799795,8.289795653064827,0.06679349838753212,1.669189089910949,0.16142368596178194,-0.9345707286762621,-0.04646110739594052,-0.01146637243538211,-0.01711042150626478,-0.29597733213024857,-0.3094002434020139,0.04435478610872763,0.39350484906138544,0.2071895409982893,0.08364274317538017,0.0004284623109044567,30.75058248668121,14.320676531369683,14.94595199225569,9.035422351510828,4.515751310216942,8.816038514323807,6.6260291979600074,6.523847858758479,6.296707748355504,5.699616209068375,4.195969377193542,4.723363096928299,0.021744491640644976,-0.9058064281879752,0.18543800094545435,0.03820817576486828,0.18812892646209523,0.23218752514520175,0.2196356213382254,0.05973533576273545,0.12390490956515178,-0.025582675116006516,-0.1615349161963665,0.01265298060923111,-0.03945092904613136,-0.00024886562799414,21.004031116125027,11.636839603630225,13.147593508711292,8.960900980254175,4.738568731148794,8.949955093938978,6.299561023056688,6.159007608357857,5.67850653374331,6.849202297836064,4.60701680308994,5.818693346428273,0.015944509430522426,zero,/content/speechcommands/zero/563aa4e6_nohash_1.wav,testing,5.0,Kitchen.wav
85,-256.45630403567014,43.20761035418694,11.279110530007353,10.511356755584384,19.247795809731866,5.369738383057157,6.6659422968652455,9.747866677855232,6.99181810916666,7.827601051482842,5.668231470282713,5.286494128815624,0.04814485844690353,73.14970335205028,43.68296148257761,32.41349549322959,22.536228151797534,8.764162983450081,14.48709331322283,13.218294518699395,6.497537826561629,7.025458085488005,5.598564020066777,4.377465482941857,7.618845348734874,0.02539811250240645,-0.2389018588473974,-0.10339516345052803,0.0572683564053897,-0.28169759073768474,-0.42747307412480445,-0.3763721371433772,-0.12984968739486355,-0.2568298432256657,-0.2436573654022485,-0.12768109173844994,-0.004497267960534917,-0.053341324194904595,-0.00011941105608017213,19.234319424819226,12.738376964591819,13.410524513712419,9.696982804130474,5.790147425199476,7.956291797495709,5.879941893799171,6.04913927090039,5.246404498744499,4.2339264958244165,3.4547881365498783,3.9473364366466273,0.00737944214384038,-0.3101792688585723,0.12580711792598162,0.026721108117333376,-7.058562504056454e-05,0.11426051750134072,0.004361411587674032,-0.26688270667776554,-0.14322388710629294,-0.1328754200427601,0.0022204265608696556,0.20874618835524494,0.05707269808994706,-0.0004947516446312269,10.76191262736438,10.489462551915935,10.587297935871245,8.609334197071224,6.815782782351901,8.449607621814673,6.157396933583098,6.964004354783121,5.986533924019035,5.522645339170133,4.650822301049166,4.334663387854751,0.0031862616765536904,zero,/content/speechcommands/zero/1f3bece8_nohash_3.wav,testing,5.0,Kitchen.wav
86,-300.9375543419575,-6.262551590086142,46.70229914475887,24.900838622141457,13.624028016813122,6.508841667762869,9.76480672446064,6.902695202804045,6.331363391915106,8.970330848524704,7.615476148469985,9.012321346445098,0.03306570017593913,22.742086117969286,17.815591586967027,6.386852538837,12.003607798481985,12.135291116092684,10.093208592594477,8.594905509148015,7.987612334191303,6.610972096214331,5.482701124276465,3.68940512777695,2.3893003641289163,0.008880788377410898,0.5866366225445048,0.6410249496821249,-0.0717809045278142,-0.11620054624513566,-0.5709559819940977,-0.7454665444570745,-0.32936876113905517,-0.12694877843456812,-0.20048162825326887,0.24874290622896206,0.2631320237653281,-0.11909787718253836,0.0006550226000047499,7.679467558091818,5.44982508244666,4.121491878676994,5.090674672552753,4.138116278320272,4.085011879629529,3.9048227434012706,4.4859631573773395,4.009439392835321,4.032110349332071,2.4557354827865767,2.9805796018338193,0.004960431424922298,-0.2575511865227289,-0.1559426163126095,0.39546347483007505,0.41269983547499095,0.12131284570859388,0.18629301288306052,0.2618031043315869,0.3173208537397821,0.05420364554921691,0.10958034636599828,0.061300480496249914,0.02256561773456062,9.223384161790212e-05,7.3674436180677185,5.150378890804559,4.746786361789572,3.5591824336837896,4.721535513330834,4.754832708967762,3.79877101698478,4.963315134212616,4.046921751162352,4.7360945972107515,3.275404287048368,4.405610258749362,0.003796875227908551,zero,/content/speechcommands/zero/20d3f11f_nohash_0.wav,testing,5.0,Kitchen.wav
87,-217.50771392645794,70.66825212341658,34.73835067283191,10.64217294605664,2.7820618588061348,0.9125038264277598,6.140434265791919,2.4505868444795533,-0.6595790220644104,4.626519297848969,2.8683794398455014,4.25989928335217,0.09942582400981337,67.22166871555285,52.09086525890703,20.682047788991316,22.042671682330468,14.342655199384073,11.943190559510422,11.237245082983181,16.939477642252214,14.347115198330151,10.234394272170093,7.797039401785767,5.818409809348285,0.07531702393622312,-0.14623177425889824,0.4246390227093323,0.8099494905525415,0.4879089731323703,0.6739822787854989,0.5188471561846516,-0.4539464374078908,-0.9813865986724876,-0.8521180434452921,-0.6897419857202629,-0.39354193671622884,0.16286691812153936,-0.0007681713229225527,17.697733235784455,14.065306542382405,11.233624626353853,11.772889021989748,7.199016398881422,6.818633743796164,6.614969624882164,6.0548240565708324,4.798771223187293,6.4208004508885015,4.711317075753529,4.1827733020144136,0.028019381075913397,-0.47138365145585037,-0.3857214745155615,0.06144862238866544,0.324312543344625,0.15129453416598965,0.2066255145467413,0.3474482184481568,0.17712420239765386,0.000854398073118882,-0.16181877863508365,-0.22442393874357325,0.08687836040902112,-0.0001587423806389173,12.213790559003389,10.823752232047385,11.293122540686747,11.213249730832318,6.522113360591916,6.765555026197513,7.137774918596593,7.489311895411405,5.7315544253245365,7.754074365744763,5.243533174326513,4.866552513848303,0.02827486738875092,zero,/content/speechcommands/zero/d0faf7e4_nohash_5.wav,testing,5.0,Kitchen.wav
88,-240.29769021943693,29.675578261215467,44.49904691255253,16.045135095964106,8.656886816921304,-1.7285358063335292,2.9242356842008523,-4.510897469509694,-5.8610681805942,2.621517353120846,1.5759714858962222,3.064730394553616,0.07996649073902518,56.20417431356176,38.324351075292164,25.12540494870919,26.914706224915456,23.11554849336905,19.74102961427785,11.221198293402061,9.922886074635617,12.185263445021242,7.483991884623871,4.819654077505099,5.721233760424839,0.04490456930770023,1.2836619925939368,1.106634724553193,0.3914457462478852,-0.30719188462784724,-0.634271899059939,-0.44955747504983073,-0.596334065483705,-0.791705945845375,-0.6300999274811356,-0.3030256189028893,-0.08025006254254428,0.158460739062489,-0.00046684707124387066,18.44250971405169,14.978139988294815,13.638709974176798,13.645747061798533,11.388974614754318,10.463887322178621,8.516962388534404,6.513206382019777,4.813798853850801,5.11433429770659,4.033160389390837,4.633240649960391,0.012426046736086422,-1.421386076382123,-0.33078887666114426,0.9712443002187492,1.0811689345287598,-0.10072254916170736,-0.2911998395348067,0.27266769735162133,0.25870287384949114,0.012326458410191539,0.01558303215321769,0.37939525271494573,0.15656256302450325,-0.0004566183313727379,18.277502150773334,17.154387146840115,13.55749380123859,11.157612937035985,9.421587263216525,12.664328386068846,11.573303388677862,8.238061623846086,5.715581799355019,6.690917041203348,4.903685998953013,6.034822848066691,0.010598010846462141,zero,/content/speechcommands/zero/1b4c9b89_nohash_2.wav,testing,5.0,Kitchen.wav
89,-226.05281011916878,22.145663852921814,30.515238598822613,14.55434536923098,5.438725674338398,11.1256128019675,7.438068239733319,6.238852612728431,8.490232276167706,4.074394407490389,-0.9872200724115981,1.4960044476775398,0.060471055388916284,90.4269807136398,45.30395652774233,23.435729685961853,18.95621800185898,15.785953763815918,12.20912885567091,21.847744603726692,11.833759160363359,9.707705724906708,9.404044631464128,6.562832056508068,8.799267946179844,0.03756211638963214,-0.2264422087340086,-0.19178258004495785,0.11594917015346179,0.11417678215818165,-0.18578738313298868,-0.26483659263218307,-0.21083393687463192,-0.13822274236983578,-0.07295492040230994,0.003219814556689723,-0.3360447402251409,-0.3833753398320327,-0.0018392765834446877,29.51221380197325,14.638457537305841,12.607729098671816,7.803955227509144,8.017225681878292,6.007519050382156,7.8599512030357594,6.667733277272083,6.208799791659234,5.534003875098879,4.644700385804252,3.6094417455902037,0.015106182954780101,-0.45572258195461046,-0.16765651797346368,0.10751686563093153,0.36794160232191603,-0.15228005498541256,-0.137101074932953,0.02943537616671724,-0.037465409409885096,-0.030509916259211543,-0.054371691279711185,0.05023115721706331,0.06745435095654982,5.576759576797485e-07,25.901634192643066,13.371078092537608,13.348057954268132,8.940043615782436,9.279111602810168,6.919819657499754,7.22667782711581,7.598502373831753,7.66277531534566,6.636896178313897,5.6400669120646265,4.5928187052421,0.011570051554586453,zero,/content/speechcommands/zero/94de6a6a_nohash_2.wav,testing,5.0,Kitchen.wav
90,-292.2452792094555,7.4454614332081235,39.19398429101466,18.28530576238248,16.387300549602223,8.916385231336474,7.955944451567481,4.976571338771691,3.87471449429033,7.372128844760681,4.129139962076007,5.355175707747447,0.03015837981365621,48.63105263905385,33.65330962453595,13.73314772799063,25.022068788571136,13.13482129121851,8.986169989306049,10.75354528471496,10.368321117067744,7.727981019197069,7.1849997604733,6.771622814792105,3.38527024151498,0.005256976862029055,0.22479007454811314,-0.40223276221307847,-0.03369307001054932,0.2034178613441822,0.06942189371609835,-0.07634516785843276,-0.13778871291192854,-0.032494762238531934,0.0012134598416414619,0.25345014424790296,0.05738015872092126,-0.000255998984616436,7.014721632003784e-06,13.43144582564043,10.322842199906919,8.061396733836201,11.223477576521233,6.661858256007982,6.2465015399568165,5.668017408786538,4.806117982662047,4.858447659429658,4.520296803491631,5.379726350529706,3.1048387302410574,0.0023006477945757314,-0.46964185288402027,-0.163872244404282,-0.15737433833950554,-0.06021238392633161,0.09844253357965158,-0.06769417287073475,0.012247472337230055,-0.015940868203717606,-0.11993300068957119,-0.05349784230774999,0.17667619187807287,0.036142665706971014,-0.0001460431143641472,8.350846933986407,7.312771210193189,8.697209392343495,9.371169985331893,7.697303386062375,7.0207621414289925,7.060442716941185,4.804944795146553,6.269971927832536,6.277390367619573,6.851626203438413,5.0146273045920235,0.002203789406408622,zero,/content/speechcommands/zero/fa446c16_nohash_0.wav,testing,5.0,Kitchen.wav
91,-210.63377642729145,36.26876685002755,16.77879389421353,15.679807615763337,1.7876490841829091,-10.659736588593098,4.751599078216386,12.275913856953437,3.8208449332442247,1.702315831161449,-3.7229867137799264,7.884746936555253,0.10013928724220023,91.9302755021061,47.71577854402928,37.27210822282009,26.90648876010272,21.28037109906587,29.362783773000757,16.398076492684197,8.962255358059387,9.256157886231712,13.131159132230373,9.413265791149438,6.193004426792801,0.08560050735861281,-1.522407974780807,-1.0533375056318366,-0.19773794313056237,0.2921341056730466,0.41070436287079154,0.24707452924762222,0.39388035949041267,0.24457632518506586,0.37669184647966314,0.467077244881292,0.05657784817216931,-0.3825620178639374,3.323073108350077e-05,23.75175213555346,14.918071211329883,12.872662456471074,15.253595322142562,9.028099424797777,9.780260850838046,7.726059226648246,4.8329092557031235,5.4216941625644,6.580042311160708,5.874658738745814,4.221353455689617,0.023103270112073266,0.018874355225235225,-0.06491797505258047,0.009059858465292099,-0.22966772870513025,0.03538496314016856,0.18644081787222824,0.1701501932409796,0.24883726834481681,0.19973052964293098,0.23120826901684619,0.08564997491972086,-0.14460518997717145,-0.00018803992619117102,14.035553363124738,12.427520942670624,9.547082752419591,14.203498795417142,8.631056048957142,9.441320532267431,7.92814087971604,5.401715433648518,5.544623713021264,7.330944560201995,6.970796195426219,5.000460221288849,0.015580184645192374,zero,/content/speechcommands/zero/ef2a3cfb_nohash_0.wav,testing,5.0,Kitchen.wav
92,-216.08878199417904,44.41287395309966,35.04472477085584,9.3290611796384,11.735575753123054,0.44629881234929347,-2.422367746224631,3.203158419144241,7.602839267632078,8.221086328556783,4.390741629611871,10.106075266695562,0.07189655350521207,71.10647256635642,44.94389228530027,22.349656696293714,18.914947415367212,9.158720944745784,9.769316758080462,15.689469614555087,9.355399759621658,11.111862638183057,4.794018464142471,7.123065991866296,6.468651094461168,0.056234182106581425,-3.773238278173216,-0.14210602073769074,1.4476250623444529,0.2824539386707748,0.07082309627549924,-0.13713552838670898,0.4285186700099492,-0.23380312284457516,-0.04122336087711663,0.4392565931729069,-0.005484623801304333,-0.11858424090575749,-0.00018677097414770435,19.116152222864994,15.21731671799853,12.237087393473873,11.055289486929892,5.786454578970972,6.1717016045431,6.555377173334326,4.626264336994062,7.415634637634394,4.261000175311785,5.229784661349659,4.3905012912642,0.018034225652944637,1.0030531452336988,0.011656609179988208,-0.10236000636055186,0.04114465710640426,-0.2825195913167784,0.056481779181653764,-0.103256222213707,-0.05682015999250618,-0.17540987960989113,0.0012609172712004717,0.14091674630375403,0.008860232673039458,2.0789292951424915e-05,15.547089494188048,11.00348720733826,11.947368983072426,11.133433959882238,5.792272639466412,7.944881288494863,6.932019061777819,5.523836939724369,7.387532017748443,5.908422355678884,6.378145273377838,4.888617161190032,0.012833693020048206,zero,/content/speechcommands/zero/b83c1acf_nohash_0.wav,testing,5.0,Kitchen.wav
93,-259.2976170000123,41.05891763656909,38.58376105875681,25.833440729234972,20.88198376800165,3.7920984778585343,-4.701853509116155,3.2418970186499023,6.737507890142221,6.387616073735247,-3.6501103065122016,3.3475038154649335,0.05203319917200133,61.301836461675244,43.7752486140077,26.786531783778834,24.441823904913118,8.01118552671474,11.1642281243395,21.163200553061674,13.615886991994172,16.067582792168125,9.24685612952195,8.855180203482334,7.671054013528302,0.021895805847355804,4.301955791816215,3.5162854247400235,0.1176364287931624,-0.042396247020954674,0.5082122136865325,-0.1288904322169095,-1.1182828699287428,-0.6648718076384813,0.13781495609931055,0.3544961034936191,-0.19857608579519523,-0.5483087210079776,0.0015235135872517863,9.981350417741968,11.570245042626947,9.96159265103533,11.616259366905792,5.660975926838662,5.577267142224331,6.48150244654345,7.156985661507658,6.138036351840226,6.752334335590967,4.638589780649654,3.8443184741282908,0.0062432053103566795,-0.5367516592592627,-0.01103274267509633,0.4410797568182542,0.03405605843975185,-0.05843282388817729,0.2927032746829467,0.5796623902757941,0.10607117042865247,-0.008613282323934553,0.08125886859093884,0.06614689292380513,-0.035320634712921115,-0.00013963201393683752,9.18216420254185,11.095887263141156,9.303260080471286,9.855075232287074,6.760540314051408,5.621648851332,6.604395040912157,8.449585527385443,6.967286991842859,6.802477131793714,5.8796541899559,4.63083257064646,0.005349113467297355,zero,/content/speechcommands/zero/82b99576_nohash_0.wav,testing,5.0,Kitchen.wav
94,-174.9275280724435,21.451677622371434,35.77201575314717,21.145518074643704,9.956345619513758,1.0977183458389481,-0.37018609007784226,-2.9893328711192737,-0.9179171065772277,-4.824191437798797,-7.751946250748172,3.5084992837217666,0.10483410954475403,56.068120667264594,47.84844946478624,13.923969029325871,22.0164075231704,8.123679242235255,8.073726370716903,8.17645449703029,12.333292115756299,11.55839879974961,10.0019298086871,9.537728485102761,5.354524791760855,0.07453323880878811,1.1518897264158867,1.4006547204214905,1.138936228416606,0.33362110346759344,0.15535075501551526,0.0159905576840595,-0.16547602824400465,-0.10182542090327534,0.14462593390835923,-0.01786870337779156,-0.2884386020634291,-0.3521385843378686,0.001190293219781691,13.461696163062621,10.6807482153284,8.298421179228747,10.229692445647947,6.370946767369018,5.747021552784495,3.7998173579129797,5.193548632715041,5.995357943852489,4.47361826448827,5.116274554208054,4.373863577692397,0.018562553216171063,-0.5461407750126284,-0.3157411368383086,0.06891159400308583,0.1771894427496767,0.4254312924588269,0.2281898056435737,0.08084355675675106,-0.04048527295657641,0.08053398135784716,0.3225863418301883,0.17850616702667998,0.24168101975559886,1.8464401364326476e-06,11.12007894065636,9.061383216744613,9.438384447074169,7.617925742574901,7.32056827404578,6.524181414861466,5.254886514619153,5.245442598012674,5.823033998333195,4.453759889808124,6.341056392805057,6.202199304364289,0.011159546325306453,zero,/content/speechcommands/zero/b49caed3_nohash_1.wav,testing,5.0,Kitchen.wav
95,-207.66859591688825,52.61376347095478,27.1503888431269,22.64686211989642,14.005269681560538,1.7051341540767464,-0.303828737379338,8.034650456593367,-4.04554311907289,0.4520289322789247,6.32701524796006,5.717614251571762,0.08074356149882078,66.58669913991051,41.380889155140416,21.317034210577237,15.456933135848013,12.914560607813822,14.167630389110359,16.097425309623898,14.486191541581412,13.654098325248553,12.09093862726428,10.587525061520385,6.980868505020895,0.040236906258495866,0.02419212226483443,0.7502893721425892,0.18069922440086505,-0.35057279605619257,-0.41537880054482995,-0.2631454438345663,-0.25186170073314484,-0.5118287141302149,-0.26519336512950736,0.060455359936011435,0.02452156113761404,0.05467898606470215,0.0006617111784796561,21.197198145790434,12.856220882469522,12.56411928284952,10.753914252697877,8.664214335416686,7.5732485724487955,5.604483934257631,6.213378256460367,7.334530146063617,5.039268837664494,5.652877357361104,5.623197476118332,0.010331926332922323,-0.3501901235257056,-0.30580449969637596,0.04011851873129852,0.0025920777850473088,0.19354074274710864,0.1012813966040298,0.04158923882119288,-0.06571247456750823,0.05395484054898458,-0.20248515835994,-0.17223589625072513,-0.02292000355940121,-0.0003537471095720927,16.36867330096078,8.893989031051213,13.682487436014153,11.319055479159292,9.758626065486153,9.21143158497225,5.6983421115039565,7.70532506612091,8.663978425316207,5.500234272991043,4.9349002580781685,7.644651584247688,0.00671934043684113,zero,/content/speechcommands/zero/0fa1e7a9_nohash_1.wav,testing,5.0,Kitchen.wav
96,-281.3452112235633,1.1028933757306563,48.22363641837023,20.718380693222443,19.555815991497916,11.057237956840966,8.344493172413951,7.924376788011175,6.300238057940945,7.885354371626011,4.053665499801693,7.732834001444401,0.03188510402105749,38.27917900748938,34.30798911507969,14.173280922050514,17.950821120768843,8.337641700406564,12.001289153938894,16.589370247031212,9.159492080548263,10.91947846583147,9.297958799059732,8.30801083970156,7.015266400959542,0.007519973627631684,-0.8014249664773787,-0.14915846614787603,0.901238253584183,0.5322847910035919,-0.04038729951646746,-0.8152012739386345,-0.47474416237691003,0.7851385053734107,0.8086807098862993,0.0017323914628007795,-0.3428145256874841,-0.5981817132826451,0.0005045083741987905,13.037043396117005,12.529891405684534,7.7995349256223125,9.604188419863819,6.149321369092812,8.366659862018233,6.087408161119821,5.382162799027457,6.218152970070221,6.455013049556005,3.6123963770400267,4.938023532121363,0.0037067472279112413,0.24837607114176308,-0.09195119267958358,-0.2282960591768403,-0.16782366474930133,-0.20702518991539892,0.022830496065485425,0.1688510565999496,-0.06487136252958407,0.16090179125834717,0.07845740272025616,0.1817804075500735,-0.03596166162075886,0.0001202148695786794,11.849261860284164,10.954900375163776,6.401885248215342,8.762268356098728,7.258439753607387,9.550982735935216,5.275418872819116,6.255860015909058,5.717399810180974,7.840270594882644,4.1913082387695315,6.856876047133809,0.004361317361093377,zero,/content/speechcommands/zero/aa233654_nohash_0.wav,testing,5.0,Kitchen.wav
97,-229.291537996543,22.15714103038472,35.94617057426703,30.12974236423777,14.655191528939657,5.956910846926868,8.460827416863893,2.8092700878513908,6.551168335666052,-0.06358452439495865,0.9380161733635769,5.061827461256215,0.0897020177799277,107.38008737829301,35.47856645449532,17.990910663868778,21.483177643461975,12.415456193511627,11.251945937161077,8.706719214127052,13.433971175522066,10.096969272592174,15.03880490655745,9.113075805202872,7.983089716878114,0.07823974439121958,0.6913815800026701,0.4301810639534447,0.13624385400907127,0.08383306568158867,0.21847536999007894,0.3809054135975621,-0.3439503839334983,-0.32452061517124053,-0.29521507771249295,-0.7021501835803059,-0.0679037942738186,-0.3373145241857662,-0.00019026139090138098,30.796983618946083,17.120723236564253,11.145045172824844,10.344515166269304,9.52596323964738,5.426665312574467,6.748063476066603,6.505659316168726,5.592816018823731,5.539338780191032,6.792033393774627,6.605373146958714,0.023817835927527283,-1.0893460464347735,-0.8851883885551335,-0.06738386564991737,0.3375584367877837,0.1586265853740843,0.09995662810430044,-0.18489586226869445,-0.23895218256450318,-0.0622365758149936,0.21120253056709182,0.22991660920422438,0.09142626895407012,-0.0007684092968702316,15.59343150676635,17.27412535463923,12.981209539011626,8.788626457298808,10.95568736975347,5.1034256029157845,7.09847678526211,7.672743589087355,7.01218325964438,6.366779335896531,8.628726054855507,8.46161175644122,0.012503542630092986,zero,/content/speechcommands/zero/e1469561_nohash_3.wav,testing,5.0,Kitchen.wav
98,-264.5880716604818,19.311028540661464,48.11295346766261,20.118207263718467,14.690247084459934,8.605233888174942,11.043769890510388,9.166867711820442,2.6458988469860287,-1.6262365943165116,3.3853126372832394,8.03702253350744,0.043142770009581,53.13743872832622,41.49393231015761,13.29838111590428,22.024638815836585,13.9350974145838,9.82302235126966,10.133720723698849,12.747821913059065,11.534862234342162,14.638944083400586,6.781518195857603,8.384158199448944,0.01605828987573038,-0.1445761003862788,0.1141843472383192,-0.32468175787474157,-0.38296657162688236,-0.10573133485905147,-0.21808794101324588,-0.45734784732941364,-0.02356817425069726,-0.04816010137009655,0.09575879226805419,0.0459669006796156,-0.08215764316004481,-0.0001523145023853548,14.110419177816347,11.201899649897236,8.830105772477696,10.246053183620036,7.010762988131458,6.346661866459594,5.441471137234767,7.136699893134228,4.737608345060583,6.869942477710941,4.3321337800453215,5.753096931277841,0.005485752844397998,-0.18048459496592575,0.01823549983048333,0.10673741952177546,-0.028693153203158774,-0.1057020635731245,-0.06857362864583265,0.10008421971138244,0.03834744156785887,0.2759415067264105,0.10561717056551174,-0.09155956393453427,-0.08258054568778857,9.170547127723693e-06,12.71137068531443,9.136375157931603,10.177159956329902,10.17202629088365,7.44116190526831,6.389368182229357,6.26006279208294,7.272945434480886,5.602323898891592,7.0469483455872,5.046183690119805,6.539957152517386,0.004467519461926269,zero,/content/speechcommands/zero/f264e0df_nohash_0.wav,testing,5.0,Kitchen.wav
99,-228.17885010259886,20.936858922627724,47.70309625316554,17.838633226307607,-1.7979061280234645,-10.970884018524695,-0.3330514290084903,-6.099235645573941,-6.248247765514229,3.143704079879586,4.942104503329613,5.274107635490998,0.06583816418424249,55.92821869512768,41.059427662977654,20.97128387482151,29.309205845137345,19.09483848498599,13.010011168587113,9.327181008934257,10.428554564518414,14.160899405198508,8.281329518074493,7.140882930779717,10.989323276685457,0.045977536741675096,0.46458314259189687,0.2654692300071992,0.24221751042100015,0.11471462231059039,-0.2023243862663232,-0.3836046547272496,-0.08095753287725219,0.032718352471539265,-0.013323165149830996,0.09155506811240596,0.1623777270690543,0.2723782139831265,-0.00027469064920179303,16.427023965279027,19.760081355356434,9.613934154279276,14.169929823606461,10.926210310438247,8.996401072163787,8.036466288450727,7.816098681071748,7.768869517800313,6.743439788580587,5.5762771063788374,5.8826565936664545,0.012417808029158584,-0.7415673061471144,-0.5207468005326403,0.020878623178582127,0.2833526500282659,0.3208600628920601,0.2914906964250021,0.2606302202196921,0.15331059575305836,0.35811619958184393,0.07944418173532668,0.2733772689630494,0.14063352266160387,-1.238038142522176e-06,13.863088427225483,19.006114082228976,9.596597000407865,11.509020022258852,8.39390912400437,9.866551110361106,9.684007740539887,10.867399805131411,8.78294755950676,8.187719639666273,7.023779530048497,6.8743928888692665,0.009533486852890509,zero,/content/speechcommands/zero/1b4c9b89_nohash_3.wav,testing,5.0,Kitchen.wav
100,-244.196926286942,23.802383541167508,50.51452145533709,24.86775203096954,21.263701613057194,14.13059757756955,5.208966118773623,2.697963792321005,4.754628659206115,5.588568008656005,0.6057216800112206,4.208748705693618,0.08169955742778257,85.4863325846197,62.75955815694877,24.599107468088096,27.826494009675354,12.156090921917164,10.16538484531587,12.83815470300283,16.347882434088163,9.694358897039335,7.436589347976917,8.068901190358309,8.816570231945224,0.06044753687692878,0.31529561582608273,-0.11740841313393931,0.11252265396941946,0.3797387986896935,0.18205358914223385,0.08331908597605099,0.14800825826796804,-0.028856775679562574,-0.20266137947125495,-0.3410890779657501,-0.01193607050577755,0.09420618763671003,4.87889253324078e-05,22.974576518866115,22.065589257909426,15.532643302017336,14.318716415307854,9.096640748929241,8.684872727897977,6.480226149293169,6.3146947045329505,5.854142375262843,4.399982575133845,4.740097751024374,5.107226308329648,0.016265550712654467,-0.432077043523725,-0.08023143715356452,0.26227196084173104,0.08871501145726188,0.05601274973287526,-0.058908313722174734,0.12959446014707185,0.05581272991200805,-0.20809255489045783,-0.00989359474802276,0.14425024160616476,0.23913455642912235,-2.9458229740460713e-05,16.80903536216043,18.66442985027002,13.225902818084965,11.988382542474174,10.608485912990345,9.450469849697914,7.93815402105675,5.861294240775323,7.255160707721676,4.74312719234756,5.597690016344942,6.067662785412069,0.007490422132775541,zero,/content/speechcommands/zero/e41a903b_nohash_1.wav,testing,5.0,Kitchen.wav
101,-231.61071340641178,27.197308096827427,29.168595145738628,8.69250195512156,17.23410477782334,2.5946644748584724,7.557655051441374,8.595100477551817,5.5031620548106055,8.05820136528693,5.486405244943115,4.691519799508232,0.06062366452533752,75.17056878328603,44.54972624204442,37.26331142530263,28.405575336256156,13.281993722218997,14.548839287583586,14.65813448981398,7.167248842903852,8.032445481871735,9.55656582258318,5.412693754334875,8.016431330289004,0.021273834626728803,0.874348770670609,0.3765273046685225,0.5335629276027933,0.42235567907554866,0.03203905774825722,-0.11555097346674964,-0.18614102132218283,-0.394963204941995,-0.17669379370474142,0.109647806196094,-0.29896729220367446,-0.1201431729772826,-0.0008815263788546285,19.377402693043866,14.944076878082283,13.64044904400671,11.3561161959778,7.142578129136148,9.62833877318303,6.642064420910266,6.251454308486611,6.3141865160674895,6.241966591132133,4.157477779367154,5.156991638503403,0.007456628160985141,-0.8943581240488773,-0.7332914660499124,0.03194308878316979,0.20578719103892856,0.30944122512172584,0.48632477801470936,0.12444511331991664,-0.005994808009248231,0.051333140086615006,-0.03814767734047721,-0.06671523232196766,0.012387250712790187,-0.0001331074784199397,14.903381337614286,15.489030982595137,12.52282012563299,9.200953107128056,7.095869658013917,9.981926642456322,7.930416004001803,7.4767256822504295,8.27633531890284,6.938876566160171,5.7514199355582205,5.452863626351675,0.0041195034951443,zero,/content/speechcommands/zero/1f3bece8_nohash_0.wav,testing,5.0,Kitchen.wav
102,-225.56420716252774,57.89075073204438,28.370314330422463,17.31235045227037,9.869893921189968,7.564507619103015,2.784524637990561,-0.8479726672188446,-3.6655500738195297,1.8642211640851507,0.8472272177342166,8.802293315482178,0.06924092146800831,80.25497392354855,46.60174883728758,27.403972755937794,24.47031778909202,15.172793772639045,10.094365126524346,15.333697510072687,18.525067158274517,12.86262684605852,8.440274552596259,12.25467705410597,5.859239569248662,0.03653394964313931,-0.002771420639688923,0.011362681767402657,-0.02341749111005976,-0.24121815299135188,-0.17404665970494484,0.03667331378624877,0.04405152414633604,-0.14672882568113602,-0.18772916827095606,-0.05809119932954404,-0.3879645311426664,-0.16204305079755668,-0.0012092288102834455,20.69329072420709,16.03998521999496,11.354345684482288,13.876657029335528,8.097430512893716,6.290627412037984,7.301360119470958,7.100790062036383,6.87602839109508,6.379633608431503,7.476310061904774,4.7588003614006285,0.00952465709769373,-0.24850761762988707,0.008251327957351862,-0.020204504355536675,0.1078370888227028,0.15668872919920365,0.17494047887052083,0.04069976821013868,0.09093094706017754,-0.09202373484169447,0.07378089703574915,0.13119103256050366,0.09878071231898898,4.068054258823395e-05,14.809972184429542,14.993638905667913,10.103557312288574,14.25141529367685,8.411310902063198,6.7089264385680325,6.956041094487944,6.503315107779907,7.633510909850075,7.475339715636414,8.467598010602762,6.360008226169835,0.004584556811957577,zero,/content/speechcommands/zero/0fa1e7a9_nohash_2.wav,testing,5.0,Kitchen.wav
103,-253.68282892299203,11.51493403965787,32.44756028311491,14.553488120057576,15.46026120641916,8.101593229698658,1.7878844584985014,5.706541747512568,7.715206551642872,9.05225009233127,2.379796990106437,2.9097948275183505,0.02859664155403152,31.91196498765194,21.28852936348807,23.460998469828645,16.204598710625376,9.506201987429213,5.12366239250723,12.243292153547335,6.498755483919847,6.05063356599476,6.879486686190802,4.958124652984299,5.863199661773332,0.010087988859059184,1.4980280429705024,-1.3440883511623969,0.5954795229463312,0.09993985970536814,-0.5023108116432584,-0.275451931230844,-0.09669929162577448,-0.1429328724802726,-0.03548945944674229,0.20188420008854358,0.1134801452549513,-0.09345479840886613,-0.0009916714963413055,9.926933060462595,7.758826188362625,7.839858717310259,6.683481122292486,5.407447886578586,4.308003629011587,5.171066725926129,4.5011355446973225,3.1469166148343177,3.978328248747087,3.793589505274838,3.9037327738840264,0.004132815552244534,-0.4130173182155204,-0.19971768576974386,-0.3120279042579353,0.2078610596301244,0.25036213449297917,0.1709268600085571,0.18339530408895693,-0.19518752174131973,0.10685259165505151,0.02321191842126759,0.3656788382125303,0.45542896619073986,7.907797892888387e-05,8.1338415405961,7.38937272058398,5.041451619121599,5.974703066215836,5.176323482395746,5.672125895515291,4.35236159019409,5.340266202495941,3.3164682156262053,4.350555666988236,4.608570871037796,4.766419092449672,0.0029160710241360644,zero,/content/speechcommands/zero/2aa787cf_nohash_2.wav,testing,5.0,Kitchen.wav
104,-290.68414665706746,18.897293735442382,40.28307786746424,18.366929871739323,17.746394045258448,13.27646893001354,5.110106849814976,1.9147360534817701,-2.9212478736619643,1.8695174766059082,3.7257021183223493,12.476930857531306,0.03200682398164645,41.67194428976177,40.6569384714911,14.495710960194415,21.537702075855226,15.165462809634779,8.730804337501253,13.260586001364317,14.078825722271809,11.680842026385301,9.186388558109309,8.067629112937148,8.603338235487392,0.006239780702778437,0.109083042265761,0.2184276521567655,0.040678852433544424,-0.004599321694169108,-0.3217376113330881,-0.454991237019869,0.00392858769720277,-0.021540903477098906,-0.17114008411756612,-0.2797566630826079,-0.16497988661050406,0.006716373673964976,-0.00027779141260731604,12.349884283058785,12.975473572975071,6.9053988814135,9.482195899427293,7.701119174747957,5.821493053549894,7.764049850786227,5.779168255334628,5.331461933088873,4.948749485542483,4.14903168905692,4.264399383385936,0.003891861568996339,-0.7173056476023211,-0.6544234405053803,-0.340195666588019,0.35114538012965907,0.7101368037283169,0.43780407578616404,-0.09924755050508884,-0.026742150469008172,0.3063016606598369,0.5414499127927476,0.4604526565466909,0.1653821974429155,-0.00013773317138353984,10.330426599747957,9.956527705967996,6.918807696019547,7.780676046950265,6.9434899031416615,6.318174249752045,9.600734809037801,6.545020416686803,6.024885467316367,5.779513993055374,4.740922721672399,5.0500063904190275,0.0034912814153906942,zero,/content/speechcommands/zero/7e1054e7_nohash_0.wav,testing,5.0,Kitchen.wav
105,-158.4945260963744,25.979098202870873,28.39132425970003,9.963459785401245,-5.73872005305939,-21.15557354125059,-5.640862456788302,7.207453434870677,11.458497912548967,12.743877689143169,6.561360168175728,0.9813621970269352,0.11267053947085515,73.82727784346527,47.24757135076366,16.502597744188556,13.970117216643278,14.16931222339689,19.447155608866304,10.844985475165291,6.343571264338193,11.764569214920252,9.709545488814264,5.392900782647003,7.048818644634284,0.09097246922534977,-0.9491028505540202,-0.7944492581258706,-0.12683007169714197,0.29701284757395546,0.5110901059409507,0.4871372080255757,0.07830012902164407,-0.5025561451402161,-0.6548764193463193,-0.6266408862242583,-0.5403320020429878,0.17046748024885663,0.0003855555288253292,26.846294404445686,16.829686263842234,12.211348550766978,7.325506688063404,7.241937096930764,10.828060403147239,5.6303483809680825,3.3372733143175415,5.169045466129138,4.759645108380846,3.6452236335384183,3.6939973351597097,0.028514360169150436,-0.5875019634345279,-0.22259169012890218,0.17279533266124622,0.12924445630580822,0.22303114611167388,0.26414375476448526,0.013638503994071864,-0.0904308104439349,-0.01966004907539564,-0.06274806772767048,-0.04457160709399054,0.05599694266843246,-0.0003850763663649559,26.834537043470245,14.560655580773231,13.79060387256392,7.110312113606957,7.541850698672734,12.687917919510042,6.584383472023647,4.1383004785626065,5.9255520330182385,6.202590905134787,4.82975627998336,4.2749018116555355,0.020868943994377966,zero,/content/speechcommands/zero/5e3dde6b_nohash_3.wav,testing,5.0,Kitchen.wav
106,-217.03809080301926,38.11432981386014,25.53337430670562,14.20242295259049,11.670643008660504,0.4851132236730361,3.1070923725572013,5.94842921534145,6.62480419534047,8.032976310393842,0.49955400572117703,2.7701333983707075,0.03799507796065882,62.1418217556651,30.909930459369797,24.90801630543712,13.69157416241123,11.39133880034753,13.58802645308752,11.55458300727341,11.906097562810045,10.488820537576746,6.481672128204152,5.678562845752236,5.879475903163414,0.011968579284581981,0.950214453342863,0.26304382123044573,-0.6453080469153571,-0.47206342453510614,-0.16594504944582913,0.19112445345856802,-0.17211566406935214,-0.13549357998309,0.3745399212624144,0.1512589625721908,-0.11850515089534532,-0.28069774020910754,-0.0003572106962242434,19.424846108387467,11.367397158735843,9.56417442728024,7.217749706938237,6.974284025199538,6.648261983015008,4.2468617082767075,5.9882249093567665,3.8143550971490625,4.5437263172424736,3.2644580401388175,3.4058487055872977,0.00582570167982355,-1.4509737896618986,-1.0637868189655533,0.42559194347951274,0.5681170438775655,-0.007215687312862151,0.2924339826255823,0.23322232976503302,0.04086111523872103,-0.07443631316635178,-0.08576215196737978,-0.010895933260111245,0.06836016736712613,-9.983070194721221e-05,13.427993219017845,9.644396181368158,9.10651325042099,7.715838702406142,7.213316853904332,8.276210896754176,4.524903685896472,5.7166134171123,3.4276236767331656,5.590614833582169,4.735070116239436,4.4937988723326345,0.004742440962482199,zero,/content/speechcommands/zero/0d53e045_nohash_0.wav,testing,5.0,Kitchen.wav
107,-166.1198479847194,55.52896884568614,15.986601515002816,10.522781315435765,0.0017816631915250625,-1.7215503381110353,-6.810917871013406,-0.8698214702192348,5.8389909522884595,-0.0387079380565829,-5.1787223712398145,-3.8989605390438893,0.10461607883917168,105.77166676000991,42.627202618673635,32.96377892460526,17.886012976831168,21.183092509667027,10.810379960903278,15.491011639953987,13.99684714989292,10.534268506672564,10.733276580267887,11.919832137517334,8.94594069531896,0.08295382599234175,0.012911184994375125,0.9910386343305582,1.9804082881882024,0.08046378572558938,-1.2418421457609954,-0.050106267581814294,0.9749189223319739,-0.015050036023617803,-0.046816274422007184,0.3189672169855181,0.3443103092725794,0.22084189771526164,0.0019512141664181986,31.928363956377968,21.277980333618025,14.834660796225347,9.075193349696493,9.231497387282069,6.030248660988397,6.665232496085839,6.661917625967192,6.128503811790321,5.812978372271196,6.261151033995897,5.2756862121682335,0.022357054415695885,-2.313323064806007,-0.19875612783617386,1.0100464079494245,0.2555539811100672,0.9906602031287848,0.0402746400553547,-0.050222805871489425,0.7353135040963994,-0.11141910911844016,-0.4362864050472245,-0.16895367569794495,-0.3562043405251797,-0.0009760065625111262,22.62648626385009,24.396924393034848,11.975997599972747,12.871288690217487,9.522679403346517,6.435492000513552,6.998639947966905,5.978136559589595,6.840804640934461,5.581309712276344,6.761687475067731,5.674605957144849,0.018459797643194515,zero,/content/speechcommands/zero/94de6a6a_nohash_3.wav,testing,5.0,Kitchen.wav
108,-125.95509395898051,64.71068241895664,14.361217751293438,3.4781580750429217,12.634589913359061,-0.1394509369574468,2.676569287826606,10.28856851178497,0.6055635483510515,2.100607386762743,-0.45840234798427304,6.347655700971306,0.16210951807443053,87.10328224753124,42.850709146046405,34.30193676581391,24.22745356011236,22.355419597688208,10.194986242116842,14.710722229374028,13.771657053736156,17.196680103855925,11.382794571984604,12.251728760987138,7.489401067263566,0.10021535952136217,-2.2679198676222505,2.6994293801782248,0.4097626955861847,0.38498517245558905,0.7104130346142805,-0.21854165606373394,0.394854183318985,-0.12369884555968202,-0.21001762578100347,-0.1977969632397203,0.22759909467704711,0.1771248284302056,0.0037697245997767295,48.80096645129343,28.346917932740503,19.210917143402252,14.121336471532153,10.53946464481786,6.7779359533277495,8.463790401935643,8.183854578762634,8.03645978851955,7.232545350329295,8.22375158995547,5.9956205814722905,0.039703915186785455,-0.8059449762922959,-0.31166516027480734,0.47913776468252584,-0.17698273893358255,-0.17538820430362836,-0.002538080427870604,0.12677591781835945,-0.09311588325512492,0.05433426545114983,-0.009975954065956269,-0.11369989855680866,0.00860280255206618,0.0012065023183822632,52.331175861734636,32.91439364399429,20.015118515793674,14.586217002021609,10.832529286326421,7.723121957422299,10.048665592983923,10.101521726730722,8.304315493266799,9.691992154338768,9.258130823647862,6.693258908493049,0.03297397127866523,zero,/content/speechcommands/zero/964e8cfd_nohash_1.wav,testing,5.0,Kitchen.wav
109,-239.6100446452715,40.42089101433503,52.547597764140775,18.291881374585124,15.273780093445806,5.991232326643003,4.335777900559616,1.476344936083506,3.0633166448044338,3.565230793623563,2.23606818994803,8.72213567599948,0.05180182453477755,58.95302575510363,40.003957584938256,16.58670768624518,23.483951492965843,13.053145541752523,8.84316642596235,12.183635460193367,11.74918657864157,7.74621312681307,7.021444779326691,8.638041762589555,6.121798166152599,0.02362942962039878,0.21698553416693894,0.3741137178651897,0.14455107347840665,-0.10939261134263191,-0.010176917683382337,0.128022188866369,0.5061231729118678,0.3373846559095695,0.3489830440541147,-0.07880328553575332,-0.035074580319497575,0.3443223329393231,-0.0003134055483725763,15.05145965105384,11.57244511755786,8.85062406230133,8.9966961840613,6.021710953390072,7.264322354842459,5.931862086529467,5.320261849438923,4.927660211776073,3.689338367451317,5.806547583859558,4.329412285150905,0.00810047254243583,-0.4074305699838059,0.11829043974015671,0.2629694207945189,0.10628291825745695,-0.10079965295480449,-0.09028163451059384,0.005003042428288899,0.013295914431962933,0.062002519227987385,-0.057520872413773017,0.046655831280492124,-0.04924852471118862,-3.889712194601695e-05,10.144112098090032,8.938567167947598,8.365921202201825,7.352235051261442,6.2156676010088985,8.383716798749015,6.427528100882957,5.67905954189351,5.970053794628738,4.217745610118464,6.160339684973262,5.7220262899184995,0.005977368092500237,zero,/content/speechcommands/zero/c7124b73_nohash_0.wav,testing,5.0,Kitchen.wav
110,-305.0452583388425,-9.223293878554934,49.06367275806297,25.670602472624868,20.06364924884256,11.398673048689208,12.298303645556572,6.863535843173354,6.276561801538443,7.195648740219822,5.219323124975949,9.509433970725171,0.0321427590388339,20.6894896560038,21.81917635411752,6.420088972676163,7.350784758199635,6.76245100047769,5.135815013861042,7.152057193350019,11.161124016724434,9.959340907074486,6.2040639136892475,5.068977596618442,3.8533378063527945,0.014039042988990936,0.0832679855395048,0.05800118166765067,0.04506905252460657,-0.13101370855387118,0.010545464800511668,-0.09104359227994507,0.002905935421219609,-0.28912039306222453,-0.2786002533535115,-0.2907241267711021,-0.001517815596843293,-0.1281103759033658,-0.0006540288187323078,7.216679136943238,7.328270364228784,3.964340545018161,4.249565788295609,3.932827608479575,2.6583896313282676,3.7502639308073276,4.488193932307407,4.103647726813721,3.2624028804322855,3.2173992859455205,2.7309015866949258,0.006541580247975088,-0.014639745845613561,-0.07853588288579884,0.3105960388051661,0.052541289221062056,-0.28580048166483846,-0.18854285613268815,0.08327274351943466,0.1643561824595872,0.08948344814116536,0.03917397805805658,-0.07019776189850256,-0.03828842296085184,8.22939599553744e-05,6.460430677913778,5.65783922316429,4.735397913110411,4.745081579656702,4.014656722437873,3.2066395680973208,4.3781061882063375,4.343460010121461,4.329626431306874,3.7325851483250068,3.8672974601650725,3.4142412233634283,0.005238457163904823,zero,/content/speechcommands/zero/1528225c_nohash_0.wav,testing,5.0,Kitchen.wav
111,-268.49872735946235,7.812628078454666,23.703539572606736,23.59459901055808,20.314511605748336,5.431537524416091,6.889877184677754,9.376898169031808,8.391834887539902,4.098594946384109,2.62218447560078,7.025515657874597,0.03690372017445043,33.78611932548292,21.196397671231537,14.20532026513664,15.858919385256161,8.575544315964558,11.732787369202422,12.106698034258764,7.0097372274370855,7.985126002657412,5.605651826360348,5.605134836630027,5.493265608601003,0.007087813270487819,0.4440187863157509,0.09153154406515947,-0.017481949540358106,-0.4360116334902691,-0.3717068458080776,-0.2647258327067412,0.0004584606335708402,0.41796976003054176,0.3674742588257599,0.21892134642422187,0.14785704102534772,-0.014646082892447036,0.00027375644253146265,11.285792563054894,9.011565130468218,7.494743120230153,6.536342392695986,5.496036437619356,6.202250540891297,4.629351395371388,4.894481425122395,4.522620452974422,4.109867859094398,4.395851200529696,3.8820098296199035,0.003361382930632525,-0.3966017916689187,-0.5303103594360552,0.039840543020591625,0.3881945029290475,0.48231933159501594,0.18743861483738364,-0.006083981059937837,0.045717821507566765,-0.07876990940405655,-0.2664215680200635,-0.24105282914524562,-0.17688986210464755,0.00011308913429578146,10.953085914585134,9.644596981662865,8.24333929529281,5.487629311062717,6.076420197061472,6.836528468686232,4.813076975986631,5.845997123611506,5.337745193874241,5.653720264944167,5.718639077912897,4.516665034785351,0.002832548793645603,zero,/content/speechcommands/zero/67961766_nohash_0.wav,testing,5.0,Kitchen.wav
112,-230.5538737649049,25.11429483970884,50.86947444899622,30.66039976023849,13.779201096738122,2.5572305506052944,7.62628294621493,6.302135916861154,-0.83151824935251,3.6008279575409814,-0.2978797794257619,1.034402262716739,0.0993615182233043,82.74045995009018,36.68181473086932,20.277821086412498,17.314020562405446,15.890975198630738,16.17372060633708,9.895410106086063,7.791476592394751,13.722675501658603,5.942826736924322,7.058184641270048,7.693199715665998,0.08535360300903101,1.7039749504031152,1.205198532303888,0.8813515907276107,0.1303219883343242,-0.06838468859780393,-0.38838493118896106,-0.5106180447744356,-0.5745440365247341,-0.47579341824595134,-0.34352040843328696,-0.6297021692359436,-0.6655371858001896,-0.0016193679503856166,27.06060708955837,13.99182857912434,16.57528212009369,11.57732291501424,10.973476792411496,7.016600986462775,5.4414791796503845,4.983819278349096,4.653407844880739,4.164056051756908,5.110410451371162,5.017187072307115,0.02897504972180151,0.27604525030907323,0.5110060174316814,0.1200660863632874,0.06799989897098892,0.01222719915057174,-0.29395518074076965,-0.05860481337538034,0.04866515765684441,0.039161338418208395,0.08434396701954791,0.16490287032597326,-0.09447356959467464,-1.6579280296961465e-05,23.087034060833194,13.820490599084017,19.46739148315232,11.892055742107384,13.55544509790941,8.826123768991122,7.0578996777711716,5.900593640430153,3.9220085161933778,6.13738058431257,7.4694541596897395,5.323168304265852,0.019979241791204243,zero,/content/speechcommands/zero/97f4c236_nohash_2.wav,testing,5.0,Kitchen.wav
113,-172.86763438337874,43.27066359902437,21.364541240065925,15.837779109826478,17.477114005094478,4.746502919510823,1.7443295851289486,5.691151903717911,2.8385415283015942,-0.8935936636184729,-5.644657581163084,7.564945793113258,0.20783967926399782,141.8777226409438,63.06003769492706,28.059021303963622,15.113797096224058,21.550749180537444,8.415491354577352,16.620376253768303,11.4666941283512,14.622524790211964,11.256401942510264,12.597638677079953,6.792639093732918,0.2108307201810649,0.40819169476128075,0.35392930590548,-0.003757226521807709,-0.1451258376475803,0.08442340855631732,0.4631958267849575,0.2769513893018402,0.27324747341203337,0.03056621398285824,-0.12720030480368757,-0.2944057860651976,0.07629590321398458,0.000965442027776472,38.47522920903889,24.637351637741425,13.823234185540398,9.680814857542828,10.010302592447365,4.851355778944767,7.683069336736476,6.051633807979673,5.793495994298492,6.024702294293253,6.935789635309072,4.849802704219065,0.05756247034744208,-0.04215064361306418,-0.2929296601766601,-0.3253122986907775,0.08482243456753107,0.0700872831787138,-0.02542152969921935,0.0844324085380642,0.3916797969547411,0.18646387712272586,-0.021892059397469764,0.011270299008575405,0.3064135374367101,-0.0001023823395371437,32.703357654666654,24.448814384691268,13.504377175939421,12.096647621436194,10.994413668934566,6.3173229462162634,7.613312741806875,6.433004032846472,6.480991985194457,7.076417757617023,9.467115358103069,6.148189699888962,0.03870985472319103,zero,/content/speechcommands/zero/964e8cfd_nohash_2.wav,testing,5.0,Kitchen.wav
114,-223.68355221550485,47.6968186361012,28.061904514095957,17.11467180943069,14.488077529204565,-1.7135595963919716,3.8273026969663326,13.563132634393003,10.933867155977339,11.703351636698589,6.9853498666184155,4.070052810394515,0.04210893949493766,20.447176785560977,16.21584761258582,7.107846281293797,7.791619046524073,4.644529546325631,13.451749622160753,9.080039742346495,6.713227223206962,6.334748262413611,2.9220411846199017,4.390819680484511,5.2774349504329585,0.009586519194823635,-0.23695647621578028,0.11888034945400422,0.0471645641620345,-0.14396909173047773,-0.11167984162608531,-0.24898697724692503,-0.2782373875825845,0.10347476777810805,0.2443290013634277,0.11291367063573718,0.10022812033589099,-0.2198465887725475,-0.00013146128865980332,9.338433344384496,5.837669630721942,5.101366998634626,4.470047900600832,3.5854898960706754,7.45685169371724,5.286372736941712,5.302200769893457,3.9261978081070255,2.8032574549366456,3.517898502783393,3.3324598677644,0.0046995082631048095,-0.6484551972494681,-0.46498200741334433,-0.3770708358473816,-0.027395281905096644,-0.043623018390853294,0.11024059947952232,0.20190885785821985,0.13892773423554416,-0.18787686740776308,0.05040059129641718,0.24620475742294046,0.27745015342387686,-0.00024477653205394744,8.003654337243523,5.799158324786647,4.8611352795844285,4.736165273116647,4.455731619258112,8.092490125751022,5.861490335735266,5.831510726517413,4.592821639831044,4.238063060240256,4.531502323792595,4.14350107228459,0.004194788475086093,zero,/content/speechcommands/zero/ad6a46f1_nohash_0.wav,testing,5.0,Kitchen.wav
115,-221.9916331106969,50.57743943048914,39.733305108614516,10.880799885987418,2.8543028121545553,5.018505071195934,8.462813687235649,1.153986863440422,5.1318583430783695,10.807147966251136,6.1797665823541905,8.319394783643773,0.10405362455639988,81.98072701247872,58.762125519267336,21.847698666287606,27.499164430605394,16.424640850191373,11.494192012430037,13.913758355230119,16.084436762801538,8.384917286851579,8.57780246134688,5.693680583134338,5.707196002717764,0.0927915832676341,0.6100470262260108,0.44852732841648135,0.16726410913677703,-0.4487499355267815,-0.503225967986136,-0.36200431254339654,0.12536758006320536,0.018256799656869802,0.02557902906066562,-0.02426216995353947,0.04035772263300361,0.23038041202678722,0.000990756456890414,22.49454945404097,18.190950239270066,11.774436737742306,12.595018285372506,6.524957216803766,4.728694841494612,6.43524553429027,7.285881477728744,3.9240623686273675,6.491884751067556,4.04592669484324,4.318257411098101,0.028144217900047595,-0.8156678355702354,-0.8768669369172191,0.24706672115371,0.5100957994808692,0.09044324264594052,0.04690596463141109,-0.07051895500467156,0.2436864011887918,0.46351867725126833,0.24531669347637386,0.20586430536393016,0.02007182970386688,1.8338610728581747e-05,17.02691703298988,16.40224958828304,11.34829292359716,10.143661246374695,6.514972997300121,5.873874647629972,8.015449793407866,7.940185710061106,4.3739174997003,7.283618803904083,4.79538879705995,5.668215930108057,0.020461182198202865,zero,/content/speechcommands/zero/d0faf7e4_nohash_3.wav,testing,5.0,Kitchen.wav
116,-319.5061998280148,-28.345719395664066,37.79354782878776,24.959943499280694,19.65123255947138,14.16941735122198,15.252496462369281,13.280371520123698,12.56528968556224,9.799608613119585,6.11871746618262,9.249761940388144,0.03810105490265414,6.020663797151393,6.008691770992515,3.157793181904165,2.7375881215355173,4.153107685269696,3.7645811817865593,3.539329658849435,4.232883010696157,3.402663462906844,3.027009867415535,2.842322431206596,3.8192543441919775,0.013794866774811702,0.43530634328939477,0.1822292653657535,0.04956952855467046,-0.07570840309361003,0.13005867188514036,-0.07525312232014313,-0.24510910121845822,-0.3196710238031147,-0.07176925229867787,-0.27214320783061324,-0.12119195754698135,0.1324375422390647,-0.000346410418710401,3.200411301276279,3.527456387520686,2.7464961144031044,2.7998404508467605,3.2792898798033727,3.458734371807082,3.2518308152658526,3.7491387795666054,3.378049922302983,3.2199171321401256,2.128960877673891,3.603932039936836,0.006510155961680259,-0.24517970513259493,0.15290168599054196,0.23949559467807474,0.24076060190941212,0.13148275732744116,0.07825102771420592,0.05766722928921789,0.278234787833769,0.14470121350843634,0.03255668717403382,0.23434010948369005,0.24260460417527938,-0.0001864887773990631,4.121059654411225,2.9539403127431374,3.7064758026771307,4.04445484898752,4.142497214626559,4.613081101011987,4.296979316524267,4.470151759878558,4.379703747337111,4.727102355965475,3.004855855352432,4.521746413735514,0.0050138224578772025,zero,/content/speechcommands/zero/3f2b358d_nohash_1.wav,testing,5.0,Kitchen.wav
117,-221.333755170298,24.60015970100811,41.843381503678984,31.709071321222495,11.252870089465873,4.762071704519211,6.246517625136022,3.899080299293126,1.608961556803779,8.08125894560363,3.315786633268354,0.5998086029456136,0.08923272078391165,75.89583807175087,37.154512300152184,23.870152336327877,20.242996800999073,16.49808922090445,15.932310912621904,6.392845370010132,11.02728276181109,17.165200282847344,9.127992304013334,3.6210787899147903,9.003014798661235,0.0844567594734695,-2.466322648085715,2.1856840629811476,2.0048215931929825,-1.1087563567191574,0.1906567141054366,-1.5256017962643713,-0.15722762079439118,0.8986947441972216,-0.6325800708925544,-0.5869332308698512,0.2836133313675742,0.9907296559068273,0.00013318237277769272,29.098045219633413,16.446546027330037,15.528015235767395,13.444990488189902,9.553514209349219,8.803174175756222,4.858136194775633,7.804196549228791,8.71006257163549,6.1217851941160495,4.2137484328580355,5.103415934526654,0.029613352962121368,0.38372379634001846,-1.073405187027241,-0.8902789385754438,0.3967849403730676,-0.2190365522277047,0.07982051875722226,-0.1620936693742286,-0.2590534749639437,0.06037815128361048,0.44112284661932727,0.3846063429494541,-0.10693611260882353,-0.00011354126036167145,27.43400729893103,15.38901244906019,16.68397861566677,12.688284004924757,10.038605305086977,10.749084223819606,6.854860287855855,9.714126851378115,10.836454543257467,7.680677995238331,6.369060133838044,5.39234497077159,0.023091296658822,zero,/content/speechcommands/zero/97f4c236_nohash_0.wav,testing,5.0,Kitchen.wav
118,-231.28241791444546,27.08518318576913,47.869077998702934,18.972751619593463,14.991537331483269,8.333657410867275,2.1900247210506785,6.847620970690064,9.787485098578179,10.833832987760765,8.460251263346956,9.112567445811756,0.05940609112862618,69.51771810149695,42.00079915828926,19.498693088701252,21.89435543084387,11.755769888831379,12.548822125894493,14.480050725026578,12.191219799068994,8.994179055191557,8.613334462479218,9.558489337285996,8.054380181289313,0.03328580378782842,0.2821262181470312,0.27272035079320783,0.2607839073625694,0.2139796062313192,-0.04625584503591208,0.003034349236520928,0.009253477102111123,0.1583566708717151,0.425323652469183,0.34684522461654976,0.003488897878013593,0.182075809889434,0.0002626189341147741,17.652727442253145,14.463133536219066,10.961552629297412,10.321590759083962,8.329563207036994,8.10254030517932,6.100354673374685,5.061507256108539,5.2837528486948235,4.736402244141082,4.302665129642459,5.349447668415389,0.011085715180901434,-0.137728629118091,-0.27294470786477304,-0.14521480710373547,0.06991147133114019,-0.025368468004423297,-0.16020114475235664,0.06822826155697348,0.022917632760076488,-0.09188338127984166,-0.1899152284663957,-0.06809118263560107,0.075068737371438,-1.2121709256336608e-05,11.84565533967904,10.349538580669195,11.129163659151827,9.35624118365127,9.84568845564371,8.48604466115561,6.2082776726105955,4.731974675939804,5.622928215715342,5.482797833497937,4.684902127155183,6.187416049854892,0.006963601595419155,zero,/content/speechcommands/zero/48a8a69d_nohash_0.wav,testing,5.0,Kitchen.wav
119,-303.63322542065714,-28.6690430031341,32.78586745023096,21.72618057432523,20.721152777152163,15.017843216454477,22.372199355290277,16.745649742677845,12.026149606762615,7.031584725055127,6.602263510669775,11.34407731568049,0.03847148874774575,27.0708103196273,4.400712771826191,20.60991112717126,6.752565186886318,4.409344968993612,4.9258156505244415,6.8125413751504285,4.83860455714926,3.4819372355272877,7.507810612208405,3.107250105408833,5.193914356667126,0.01397184450507845,-0.24764178192591654,-0.534554878824909,-0.5191168109188021,-0.21652402759800668,-0.15158609447999538,-0.13708794618479267,0.1300722716449501,0.1966685830880154,0.07133379470108275,-0.013777959760277568,0.02032284573441102,0.022423726715286117,-0.0012084035983970088,14.586017807432459,4.1346848422047655,10.226258024139153,4.126905168455235,4.117136809215803,3.7694149919666553,4.202996934283923,4.069419235910441,3.2702716201559876,3.6162865012358196,3.564570758252342,3.3787006615059942,0.00578089465329132,-0.4985907341503889,-0.06494025481059727,0.12742900409411745,0.08109107410558955,0.5141161444636579,0.2000351626011105,0.12647608336721158,0.33429544233951775,0.03597584580115492,-0.06475653505655915,-0.05839140986378011,0.027116844039086156,0.0001223659763733546,14.841777446418146,5.788730538879754,9.214935232749728,5.257379466528031,5.249523260341646,4.667025704823522,5.2111184444099745,4.789113365228114,4.6626881299158285,3.7962419141251704,5.610402061825767,4.156808292063979,0.0041827648666819955,zero,/content/speechcommands/zero/3f2b358d_nohash_2.wav,testing,5.0,Kitchen.wav
120,-242.77312286083787,9.145723751270364,24.148619928776984,29.720680491986975,19.85496508393708,0.9240826705539388,5.241879943666689,10.400147326998116,-0.06488807316858458,3.083212932799626,3.543770579045997,6.229557128210107,0.07996790838660672,104.13092933427653,48.98108429581886,27.733671688200534,20.015966923125433,5.3728461311479805,18.735689128619303,15.861610461383531,10.682701322392916,16.779254655572814,14.090494038743385,6.761901698400218,6.597104725560436,0.07535055935757154,-0.2994101231564719,0.19560409786879662,-0.15363517545631178,0.17242096626962208,0.34312318832139577,-0.12606476190672355,-0.07748436076113978,-0.1286983994065464,-0.010732893200697053,0.07818736044777091,0.07411192364457181,0.03278189768596932,0.00020472398929057584,29.89728938080227,18.97375640253573,14.818380843512251,11.211514270510895,5.151888243707287,7.9104073094039355,6.90660958272394,7.489936457373248,6.462492190279725,6.70141138723807,4.8700764285880656,4.708041332662671,0.026657567242531516,-0.16331530231581368,-0.01899269353816339,0.423989251209971,0.2682952738016249,-0.2167675892725617,0.014938155166695092,0.14675695908415984,-0.06965387875934313,-0.3093195906383231,-0.19710250945735616,-0.008106708223212748,-0.07750989000346481,-0.00040227659046649934,18.640927224704562,19.33723760088364,17.726863444145003,10.728452739505046,6.202877727673227,9.824296054940048,7.5424181834448465,9.455701180399167,6.766508489017617,7.199819189595467,7.1236977961997985,6.317899022167379,0.022217327516616713,zero,/content/speechcommands/zero/563aa4e6_nohash_4.wav,testing,5.0,Kitchen.wav
121,-216.526279492989,45.856161672137254,9.714639424933928,6.7433595758395475,10.909944985154553,2.2055997871352653,6.658198851578175,6.2665584092979465,0.5419633234122818,3.4925509042927176,3.8829663818816007,8.797112018408054,0.06305548464578967,61.205282703225876,42.35575582499939,21.337429449208113,24.67028710488378,14.614258737778712,10.746973126316975,7.162093688972193,9.569932037236693,11.714688521306632,8.138270223699228,9.888906214453428,4.667449851984836,0.033841074441772895,-0.1281948382609509,0.22759950630735054,-0.7069595040525766,-0.04625323472978729,0.3473486466346614,-0.09117333557563398,-0.07405291030341937,-0.24651733667600736,0.2537357799133352,0.09020774762895603,0.13405719446835118,0.32534386499104273,0.0008853299543261528,19.237175244884344,13.942121140519442,12.005561787413093,13.22890570328938,7.541575407034235,7.5078067660838075,5.244991602075857,5.732525591670523,4.921874991147684,4.141548745529866,4.969239120607192,3.253885098143455,0.009921646375510703,-0.25255983435670654,-0.05459609559092175,0.17093807385953072,0.1487514975802511,-0.1702935425278905,-0.1683089874084403,-0.12285370654419848,-0.12030148491596272,-0.0403633520887903,0.18160540499545427,0.21281864083742086,0.032205504217665,-0.00018282292474960457,17.375974335357476,10.284794268227559,12.973408062355405,11.520503884531188,7.879331353628,8.291306703325155,6.287037165624208,7.210649156537077,5.0714070267719915,4.890485128573894,5.503313536150958,3.8072158172572608,0.006289277255966553,zero,/content/speechcommands/zero/7192fddc_nohash_0.wav,testing,5.0,Kitchen.wav
122,-174.4259871002054,104.59569095444891,19.80014500088052,18.048254790618884,13.313175967594908,-10.856675209311135,-4.243316311081652,-2.2052617280085975,-13.644193077079468,-6.924652683471406,0.6661200587531446,-0.15212665779907916,0.10607947543030605,44.752716262371266,28.771088721369715,35.34506017953751,28.092666566705844,15.81999611760345,17.59964163684951,14.64944943733013,12.37080878579117,8.881489893869647,7.2497244492673545,5.844834048676788,5.971588669808501,0.06501609132694451,-1.3207960311379434,1.4200675464780108,2.3612335047999147,0.00110993227256369,-0.8584707301942265,0.60009959591952,1.0434129689375313,0.7225060189834646,0.612923842833046,0.15715235067317732,0.16191277728732392,0.12536982603198352,0.00044686130938991424,18.066478163902534,10.249393908297689,14.026821024427944,10.472013892963494,7.870529342484568,7.902682792984072,5.864575933842163,8.998992520394145,6.384076114192949,6.4059230091542165,6.168476191365918,5.316207909759722,0.0195982212452361,0.031324862570900794,0.024813922546168973,0.11093080681935609,0.25776573343310716,0.20167351823243276,0.11391533019391567,0.08254121544301932,0.3102202236008384,0.021733212242482303,0.15272371376805424,0.07095250389201961,-0.13776108200043946,0.00030523861447970073,17.377467737070106,11.325080093964843,11.561514484156142,8.044537560821837,8.863266394638863,7.1341807905153125,6.724190565329144,8.505605929821678,6.820888471838853,7.681566453550709,7.616738482199648,6.684219495010327,0.013844184634551752,zero,/content/speechcommands/zero/b97c9f77_nohash_2.wav,testing,5.0,Kitchen.wav
123,-217.9225311059074,24.292434034104936,40.26329836974969,21.355550440916375,18.68128726389339,0.5640794754498709,5.859594834010228,5.514401273570647,-1.1097886602410743,-0.5855691828733944,-0.21353179834563868,8.496883020519697,0.12175183242652565,99.91717550751613,57.530055486444624,20.645833112165338,21.095059926164566,15.613155278278048,14.262408926102648,14.484578713126627,10.395219474678642,16.114820192846,12.85456180994213,10.977484308104488,8.671303221677736,0.12017503937622664,0.22920767831055122,0.3268840265936975,0.818430757194318,0.9794088801780699,0.4932661840105493,-0.04111061969302932,0.07502159954336089,0.3049221999280965,0.23019263977255167,-0.3744452564207435,-0.5701148166830059,-0.5067997699992242,0.0004669349760778489,29.255276153046633,20.548432417604417,9.86568272183603,12.988118782230293,11.158841917686917,6.034136709606999,6.90522705856233,4.649237669155485,7.744081986613984,6.100488426806122,6.187525931446854,6.350222963687393,0.03817825866790246,-2.5623640632830784,-1.9847119532769768,-0.13464924123394179,1.1002691291058608,1.1550400414802138,0.39924402857219843,-0.14168652936756337,0.38189563014597033,0.723385125927976,0.4240603127988342,-0.17460271207903563,-0.57984226720291,-0.0010552436113357544,25.065963078234606,18.92448070276224,7.513005249986967,10.267058773627337,10.402642867815263,7.02422207464519,6.861289494601706,4.602050349205059,8.814500050431027,7.650436556003615,6.762953456164084,7.183546777948236,0.025629323714186532,zero,/content/speechcommands/zero/964e8cfd_nohash_0.wav,testing,5.0,Kitchen.wav
124,-193.64058773469367,20.276345509647136,18.23253281398986,14.259163254488822,17.644356378458976,1.3133957353332684,-3.439244517106853,1.6189604588851325,4.2964839790385,12.142652153693133,7.9578641645757315,11.467739608269813,0.044259326707106084,54.38860100429568,34.58431060624786,23.394132353351992,21.706873853857932,9.112497306120677,7.208079973440298,15.528489240409312,12.946847135769252,7.678939683152499,6.675071961069158,4.775562868321354,5.113736728097579,0.015979989550917464,-1.4806951306068508,-0.08240803274267842,0.3020702034320236,-0.3530917119528188,-0.19787397624067607,-0.32289923912453544,-0.45619053733674597,0.0832020354491522,0.5962809985355453,0.07680526607725159,0.04214070412690424,-0.2876581536842246,0.000640542636955938,17.84701850873609,10.354437394938698,8.812540811007088,11.280681057172405,5.289150302433863,4.782858759487734,5.924496030984002,5.810236558170594,4.903932711881281,5.081289887995917,4.1287626196817335,3.923537918527025,0.005431855276963185,-0.4330730733688417,-0.4802632076875579,0.04415368454285075,0.18264566986559405,0.14908254650227495,-0.05357140494866613,0.16985654192120794,0.059622526972085484,0.057196993592249674,0.121215908250985,-0.11490575369781333,-0.07725167089325662,0.00013903044164180755,15.134512904640758,6.529176186206023,7.028688488089304,8.989418590714152,6.317658312047231,6.391521985485625,5.821960101034764,5.134345617039476,5.409776658943994,5.307333813590701,5.589715094966369,4.771370546783577,0.00428621305383132,zero,/content/speechcommands/zero/84d1e469_nohash_0.wav,testing,5.0,Kitchen.wav
125,-265.83617443317655,16.913047145465093,36.760820107528154,19.238642155707883,20.75384129446038,9.224481773746563,8.777809259462831,4.908352214949751,6.158709088768614,6.476507585727523,0.45395041732157404,8.108537854064641,0.03614539699628949,66.55510564409887,41.111417341986716,22.569479544970015,22.735089305667618,14.012684333312164,11.518093560778153,10.568391065699545,12.294738451949708,6.102208653734868,6.718828226977041,9.261676234852454,8.883288650731018,0.019899695226647033,0.04167960991090115,-0.157431623033182,0.028477063014732486,-0.07751329113791837,-0.13204846825935257,-0.13159264929019088,-0.13250546237249353,-0.07182328384445254,0.03486108086892033,0.28969562293125456,0.3712275623762206,0.2378803577671549,-0.00013421175460661612,19.073555223414335,11.588155134761847,8.235483205712343,9.423457849230823,7.014446772887378,7.828088024381419,4.9141589037925275,6.979652153820342,4.724181584832158,5.337804898727019,4.309532497744777,3.7516368299360776,0.006103220011673035,-0.49784082265846713,-0.6095121043329355,-0.4377095394137617,-0.49764446238113336,-0.252340847852664,-0.01384885565981051,0.18167015025105732,-0.030035511159395747,-0.1068502502213215,0.5369197152304992,0.17703752624304117,0.0668258380003687,-8.861285944779713e-05,11.642772800443996,6.7683181497937825,6.254836633068092,7.936417068647412,6.6623935890697465,8.061181734825421,4.95551602909116,6.740372164498289,5.252674999112829,5.243786865297211,5.06244728622185,3.94272963472408,0.003725516375254449,zero,/content/speechcommands/zero/8ec6dab6_nohash_0.wav,testing,5.0,Kitchen.wav
126,-165.2665699089393,62.38033702688951,12.839851598929803,7.945125585625211,7.487462711300409,-2.5777037919665418,5.331922812882178,2.2056875464889427,-4.269399847682937,8.345389207750781,0.5560333206601282,-2.0585893102285553,0.08396112185437232,67.19687402774238,24.254852616875297,16.221085099316724,17.43334999392753,10.20650174802241,13.2179590012092,5.964059472791964,5.277115891129623,16.235296004078254,5.6857116170044835,6.457738858789496,8.881870819519662,0.03527515722304317,-0.7426038960114977,-0.4845916574111531,0.7782913761047076,0.7356111052893896,0.035459406317171316,-0.09547155305040084,-0.22587251232674851,0.2610593237234351,0.22119559941601358,-0.28784639172973364,-0.6014682820421539,-0.743587163636801,-7.389774245600546e-05,26.889024886551688,11.378931479990483,9.37497294005347,10.91888526428837,7.09168573688505,7.709914071141583,5.443140884318227,3.655035480427217,6.563793875653892,5.2095898395442,5.459762097244194,6.344243177299782,0.016211526280985537,-0.38207495851286427,0.0031411253063858167,0.27238502116232355,0.17852035240487807,0.33742930214356426,0.40879646219508387,0.2905752334793564,-0.1117881676492639,-0.1064806118185149,0.035568727506001735,0.12383476120788799,0.1631457516762233,-9.039342403411865e-05,25.040974997416487,11.764627631078952,10.814390855706417,11.17226972547814,7.20612974094628,9.139200962300524,6.819492192217647,5.486117197143874,6.849134352552237,6.735154684811171,7.259816069396406,6.798610061471041,0.016827848320597822,zero,/content/speechcommands/zero/1b4c9b89_nohash_0.wav,testing,5.0,Kitchen.wav
127,-225.7637094505077,45.45347485836503,42.94910760126613,10.39057825912899,5.807335385495642,4.7875500721003625,8.972700020780058,3.293063581648376,5.009574746577293,8.352700914168752,5.166298640467046,7.651245241928621,0.10717827902408317,84.86437293365371,60.336828124714174,22.306780557961964,29.00943912687574,17.19209417579543,12.531536154270501,14.89404584340636,17.881778280697166,9.111874377899104,7.943875483247177,5.8846693803823475,4.386153551272068,0.08911138913151763,0.6303004823355157,0.742943862199824,0.2951513864864039,-0.4093613116658476,-0.4501884947951751,-0.2250215146687889,-0.1556893562390186,-0.054289843418028644,0.026018052436723088,0.04854219748294835,0.15107285749570032,0.061903801205210746,0.0010201262850915232,22.692243937209163,18.227977705815213,11.791042377949076,13.011236778058278,6.854605408734527,4.406037493919627,6.448605406361731,7.085965874214646,4.223856791151639,6.317653265962958,4.161352401408391,4.403203990825645,0.028735521991256528,-0.9941471143501739,-0.8544753563441124,0.05986767260592624,0.5968711143032818,0.5031745123031665,-0.005587497919108012,-0.10611205915378405,0.08652647947856679,0.5854909466899564,0.4249803120322421,0.09488019117338545,-0.11485359964217826,-2.596272776524226e-05,17.104800708195825,15.852541540513375,11.563402024300597,11.404101686335569,6.172077007053797,4.8033368306819835,7.705293508604118,7.59562766842031,3.987556709410055,6.770043216922165,4.763065084100234,5.894695871604752,0.0204974671758192,zero,/content/speechcommands/zero/d0faf7e4_nohash_1.wav,testing,5.0,Kitchen.wav
128,-275.0107547458947,46.19782314963299,35.708208519823394,16.448361270983945,19.42163192148778,5.556583434528617,1.3162317178005538,4.618117998951868,5.543346805791937,2.540481146568159,4.441178766401776,8.184277790158259,0.04474248370388523,43.42821563535045,32.39933590880561,18.808872541431224,18.555461503144535,8.848791695946046,12.953301390080773,15.944941521490401,8.463041040093724,8.286934869636557,9.979927064338925,8.949232218026998,5.037641772299581,0.016879439625975965,-0.19678721751503483,-0.19351484178347964,-0.3684934854564649,-0.19015162714593026,0.060189950008193244,0.03153738911874162,-0.11179179877643146,0.008954679073676015,-0.25127008339334167,-0.3183981936032754,-0.31359731836890326,-0.10284729121271192,-6.673424955337279e-05,18.479483788618616,13.232462356100163,10.555503514944341,10.278486060990494,6.541322932094765,8.26354189624912,7.519161541521688,6.175291707091042,6.971310694820806,5.784612366569372,4.680386874815972,4.135176591821399,0.004389396246444994,0.03693686565862132,0.12699580477023556,0.3207443217629269,0.16091207926161816,-0.15107617452741823,0.16310400876848544,0.2338153479708354,0.12780227190521795,-0.052910223577165134,0.10041206802876947,0.2702311711512297,0.06902965198520591,5.6545933087666826e-05,17.40890678610898,14.037115001559581,9.465371453495143,10.062764814659502,8.07566803377903,8.604733557911553,8.904012593605644,8.056756637740609,8.638391974586092,6.717639515296221,5.021436121101861,4.853996627653106,0.0028389395146307447,zero,/content/speechcommands/zero/f292725f_nohash_0.wav,testing,5.0,Kitchen.wav
129,-228.29225158863295,57.33579344452844,45.65423354338289,24.906136032978864,10.240113067782069,2.0731184483865444,-0.18903855856139495,-2.0595217017346954,1.3051602237841688,-5.570422228509267,-9.051377507714143,4.239289723421401,0.08651569444919005,83.33545124243113,56.73241965041574,25.69746681087157,29.562281707588742,11.800634040088404,11.60061606471283,12.796249101277224,15.328122112817157,12.562129967299628,10.91611983554837,13.545617103168185,11.33170274708391,0.05847273877703087,0.7696607376134077,0.2856548779072114,0.3472770318165092,0.2546250998959835,0.10577715617273613,0.3453334361685053,0.08060380886987269,-0.24001415805833992,-0.3419838985360155,-0.4780895507417733,-0.478050825085282,-0.285774235289547,-0.0007191558158205401,23.32394342727295,14.22214488837324,13.17051041712183,11.408653313450534,6.331762938900169,6.909466566238558,6.9995434802379215,6.8310706396680345,8.002871188367461,5.4514198101417985,5.284184328576445,5.2358277698416895,0.01692741209084306,-0.4855937151341967,-0.32427098468570276,-0.06535752775411628,0.03587342734938434,0.051750378583122605,0.10687563563178758,0.07075786168899269,0.07408702538460038,0.030657270695172004,0.2852428257493171,0.2964190099388677,0.18593676348394228,-0.00014174667497475943,20.327989454879262,9.930745616727323,12.31227550215056,8.428877172103856,6.77743766176963,7.337694064531795,7.570141322757415,7.58651944433376,7.918663375045561,5.859096442338786,5.967606792081856,4.999814270512836,0.012618284388744074,zero,/content/speechcommands/zero/b49caed3_nohash_3.wav,testing,5.0,Kitchen.wav
130,-255.84557419948996,17.80663736464771,16.06146852972787,24.277040044468848,16.280548149640456,12.99520644057935,14.107037203439022,8.257263148997138,10.196335521678904,5.684259636794327,1.5106306941478844,7.419313148345603,0.04232342808973044,61.77879163268835,31.853191483117115,12.134318677898074,27.628920761643172,11.259093269853189,7.283611670095459,8.881754434694544,12.883295610357722,8.018259781666117,5.076608991170269,4.237514649977231,5.662578745432721,0.02610993249247013,-0.6887227456186374,-0.5134607282318947,-0.33824352853096007,0.10335000248168887,0.08305712353815443,0.2865036724073477,0.2802159438263323,0.17910111901836726,-0.18247752949932633,-0.12325047642337279,-0.04537300514652608,0.3049900049586031,-2.337247133255005e-05,23.585798717495894,15.326925715829995,7.874757752428262,15.61275525490602,8.140331218877925,7.103380222074812,5.2820931292127264,6.092884477716773,5.693132436897253,4.731249733103907,3.5761364162113716,5.4816792803656265,0.0109169730724771,-0.19074553752198728,0.006373461632921717,0.28718505789611476,0.09687547382855903,-0.1726422456978483,-0.16145384536626192,0.06419661514443362,0.0732235187608629,0.04502490645067585,0.15326002231445676,0.20773098475894944,0.12381869642608959,5.8235352238019304e-05,18.931230046007045,13.818066869883703,8.618292865019646,13.271247444848235,8.598853626513279,9.915592774227026,5.876236077700981,6.423178495144173,7.654733111136335,6.2888703757607605,4.923520169718174,7.394764778430419,0.00772201954448818,zero,/content/speechcommands/zero/37dca74f_nohash_3.wav,testing,5.0,Kitchen.wav
131,-282.55536589040526,-12.464556018046386,43.336145331249185,25.698216122174713,24.570267274142463,12.75033248192214,11.467267324809926,7.786750708346394,8.531033629975367,14.700454435230032,8.256481298174082,8.373156437005873,0.043813376783810816,34.81986093979969,22.606489451964993,5.911376869545772,10.711589977578384,6.841055768917362,5.599343812187377,9.031298610025305,11.524519816914019,10.467361567368306,4.413161570716257,5.417734787048709,5.441928337576677,0.010746713778485184,-0.5526996394557001,-0.7730784155307572,-0.2597146426978438,-0.10801580612508856,0.002811621882477157,0.23549641545067607,0.11761117853524945,0.1119205340421596,-0.23461923694375875,-0.24846951293658634,-0.030797694470005688,-0.029539423944812033,-0.0001266738399863243,13.899230335365191,10.558618108920662,4.239680151136107,7.078368396256619,4.37187895517079,4.867817943786775,4.232666386873321,5.046259546479405,4.864073934657613,2.9922737077527395,4.614880072874003,2.985835751846206,0.006581963456983064,-0.35297174530990527,0.08366789676036074,-0.20029099677842713,-0.20313020155352549,-0.061200294520732154,0.06256926512448613,0.17449631116887976,-0.19610916451151408,-0.2247912387765568,-0.06450091250184825,-0.1632545337685342,-0.14456699370391113,-0.0004158235948394846,10.670720472592492,10.278529408745179,4.81252258045903,7.517031187527228,5.049234188486108,5.830458274892671,4.217950429330021,4.520521472775215,4.820426345293315,3.7512475657454787,6.590296874591332,3.2895889757798926,0.004430833160999998,zero,/content/speechcommands/zero/d91a159e_nohash_0.wav,testing,5.0,Kitchen.wav
132,-228.60139275064523,64.98187349860272,35.82834161109218,2.670526618819327,-4.9592813034931496,-21.326844921507657,-4.261265967929582,11.761964938148141,15.704284029209628,17.709281491657983,5.739717359416296,3.658479998959299,0.0847752700210549,68.29859573109388,30.85649670929503,24.88984537610856,27.854911464042914,11.889356569147598,23.63811415399365,14.70089093915805,6.7530980289680835,10.46818938985854,8.790935627840232,10.188707549714234,5.350523411641789,0.05410352096072123,0.17076766916997416,0.03906419365283512,-0.1669959314773235,0.13230515190171735,0.30580392648220317,0.3276347006774057,0.0979842976494226,0.11396056920463227,-0.19718715467633713,-0.2845666744009278,0.009766603330196267,-0.08531938727421319,-0.00016463163398927258,44.022081056344874,15.69266657204774,17.925292606707085,19.52282315290298,9.978132757308424,9.572687695074013,8.582100893930626,6.482116059400809,5.873696294407378,5.340999054159166,6.4831667617687225,3.8435273361410407,0.021392245297892278,-1.4040362298871116,-1.4196009576272757,-0.6091771634116644,0.3594544846953245,0.7107143608765097,0.5323064234593733,0.32994043768686826,-0.06563349399586418,-0.16817938005354852,0.28942722203024196,0.34775334404690345,0.49546084082015135,0.0002718990047772725,50.04413770768703,18.669089558330516,22.043414582254044,22.34279076642253,12.218584046821505,9.122606234574171,10.76829521553789,10.214973401586633,7.002264410298508,6.540881319639849,7.228926529844301,5.278930993743602,0.01837500291294516,zero,/content/speechcommands/zero/5e3dde6b_nohash_0.wav,testing,5.0,Kitchen.wav
133,-171.62496792820122,32.66228854251064,38.98839674561935,30.481646567528266,21.648365133093296,0.4388526444491756,5.256126679672409,6.234720227775464,-1.0999916538381966,-2.680612276076894,-4.567146152514446,-2.935035037562214,0.08760307810734957,54.10390763050941,39.96642066795479,26.45864188066322,22.93890961516712,17.025616972091512,17.344286852982794,12.012319463651464,9.948581290308956,12.324387656591474,9.454807249340554,7.2288477648699265,6.78606949413061,0.052858070401291535,1.1292671690159144,1.8021660086058655,0.9805338067049418,0.5857855021582663,0.3772067577912417,-0.010008147603588466,-0.06311716487481457,0.1532529557519658,-0.3059727328315443,-0.16432290832262825,-0.4402848931110349,-0.272177576408706,0.00022698830692998825,17.62840415205261,12.95163929503453,10.340811312808997,11.892570180828496,9.841432043055836,8.485596898282813,5.770687461528342,7.175325123476789,5.791311124656126,5.604343938066466,5.385515284884626,4.305611706747695,0.017127650543170784,-0.24683118501016754,-0.047054779530445144,0.1490398847609005,0.10792676316388755,0.2120012355958797,0.09232006011900312,-0.09610912680513563,-0.07341464171982229,-0.20272782473409853,-0.01264255712044829,0.0059735599055143,-0.20287354334427304,-0.00014761326213677723,15.780038504009893,12.203938374007775,9.816779170416062,9.735108598423077,9.138862669636826,8.332576183780212,5.954385940680288,6.800190714267914,6.220281253434733,6.235171404416783,6.299898570540967,4.51323187822481,0.011791500784613749,zero,/content/speechcommands/zero/b97c9f77_nohash_3.wav,testing,5.0,Kitchen.wav
134,-226.46839649339586,29.848559549751734,39.79862301889324,18.434905039406345,14.001268712231855,0.7703909174063723,1.1480145877202135,0.926392816082022,-1.136021712560496,2.854786429961497,2.846130208561594,4.515584803991231,0.04662999336142093,78.9110117413596,38.29547067222748,13.446263024912835,19.45913141836333,12.333721693992315,14.684222130010484,13.713459426320263,10.05865998986153,8.667453956248766,6.380150722561383,7.3060613170548105,8.19962714815492,0.019656991316500113,0.5401598616136073,0.5871594962402089,0.40630000338027855,0.2829508379313058,0.3413743525006056,-0.11473454591813667,0.1644734109587474,0.3101526449584816,0.16102050342462462,-0.038236254585599636,-0.03959107767774423,0.2252988560804337,0.00010315869604387591,26.1413416979546,16.298523480969518,9.466089030442319,8.273481109135966,6.019395535541248,7.959522056525271,6.5924730202385415,5.296599631917531,5.246395850446244,4.830130540696905,4.80558387078214,4.640332278438147,0.0060905496381890665,-0.05277575399116851,0.15381474714281976,0.22686858213439495,0.3187592845004644,0.1391561143097152,0.14375515946196776,-0.008152145332805342,-0.06311631197517725,-0.09120722764132608,-0.3096188366054401,-0.0023765115637381187,0.05476265283578166,5.90004026889801e-05,24.862577826771545,14.781581833135524,12.011615347015457,9.069219017237277,7.838231555856411,8.477942793950918,7.862875056589311,6.179831017632351,7.324840496248464,6.568782843323432,5.840398413398035,5.307236568082569,0.004857412173691632,zero,/content/speechcommands/zero/fe1916ba_nohash_0.wav,testing,5.0,Kitchen.wav
135,-302.025949545915,-13.56889047127545,44.877321431352726,28.96559301972843,18.520778482225783,7.133676443593517,11.620930622413548,9.26754728242172,7.617942509505019,9.031268609265295,6.542794987094824,7.003572955016033,0.03426450880942866,20.669070643649057,15.608643514021349,5.430162998812853,8.976955104873326,6.862740874256643,10.186478073785848,6.972353290129232,5.006891825930939,9.957597671461098,6.120306709103626,3.9240025284267657,5.488801590655859,0.009892949090970882,-0.3818711453445886,-0.4088766647368434,-0.2621365210765132,0.12274356865128801,-0.06332227538641602,-0.13718131582424023,-0.021431860907454272,0.0077824317650281374,0.023539176548484267,-0.2952286877816796,-0.09544207636353684,-0.04733031970834825,0.000112093985080719,9.397030352203382,6.84765638667039,4.696413430014487,4.850627701133576,3.9598307589880934,4.165038927569943,3.8281158322713105,3.2183967823510913,4.9234836646232925,3.7085691852203437,3.5060953447194,4.708601396291814,0.005583546165498495,-0.07447727070832003,0.11396298272905442,0.18721374317065861,0.26257877423605175,0.3255625334732026,0.18064119373663534,0.09334093016366155,0.22325516685585545,0.04749881568472979,-0.022224370920521163,0.0027335409049845144,-0.06579140581717642,-7.544904947280884e-05,10.674722540430304,7.347288584251122,5.64658474142959,4.588402636723709,4.5652278674781,4.263698390728165,4.41560497048454,3.8280671312811294,5.022788143870875,4.74005988165333,5.031787406660344,6.291144683376526,0.004537321696360879,zero,/content/speechcommands/zero/90b94017_nohash_1.wav,testing,5.0,Kitchen.wav
136,-266.0416555678007,30.49060293024933,40.49342489607295,28.791888935356855,6.892380412814776,2.1412816916501596,4.524794460192757,6.809102429857796,2.786410644396545,5.636932974459569,7.6945472801085,6.810993388480487,0.07190345315029845,71.13236395232035,40.43068127717379,18.238748463526818,19.152142739045402,16.83984470831363,13.968370774735563,10.253149801888119,8.158526476267681,14.3514150157608,7.983466485481154,6.261357250620514,7.2537158201559,0.05055145632035587,-2.2291646487659937,0.8763153785679343,-0.03550410774257849,-0.3090026511149596,0.37249880195796015,0.007844495821464235,0.03355738942442031,0.26749102004085207,0.13435578782780136,0.01957727838052183,0.004235267843020082,-0.026903048675573835,3.1031668186187744e-05,24.62727457799822,17.5029244704829,11.0796088625051,14.231493923368985,10.668952331625896,5.421986020616797,6.685872927523491,6.709346436174471,6.038613063577906,4.772863926900589,5.109774186150167,4.952863206525036,0.01884306283192641,-0.4988809411650417,-0.17768352882907051,-0.009707993177519943,-0.2315926673610105,-0.2726412515148663,0.022596215969415686,0.012334664444122694,0.006028502340299487,0.03164501039378263,-0.152256010024481,-0.11588614728549546,-0.26494298281896717,-7.12883969148e-05,18.310025355917418,17.59872120211028,11.403936479896279,15.80477541135775,12.169459798645153,5.5159893427325235,7.02730561403034,8.930174524621455,7.112566428884194,6.1552009328200645,6.468693086220419,6.002196231461686,0.01302243659786805,zero,/content/speechcommands/zero/97f4c236_nohash_1.wav,testing,5.0,Kitchen.wav
137,-185.20199961267036,36.76341992894078,30.95093266287335,27.75067832082171,12.555150699861013,4.069910715880564,4.503405092538855,3.2919703628830286,-6.17237919974136,1.759326045005554,3.5238575754665864,3.0305184067223925,0.07381438481388614,55.79992003340658,35.56947607396318,21.519133920718048,34.73826028457046,17.36782989576258,9.329282101575574,11.760104924732742,11.855261634391942,14.479972028110582,12.672990886974183,8.633740795818575,8.270586533911201,0.041307074466200876,-0.7479735244012025,0.8225682705577426,-0.3188364713392052,0.034155501086571304,0.4107532049983194,0.4019028434214868,-0.5072672425771889,-0.49273950201422306,-0.29248976601341786,-0.25918356295090245,0.47285267095259614,0.6362032538273075,0.0007528784053940927,21.13996153318291,18.272238617523318,12.242987928128656,14.877705243983597,9.57443047293125,6.268479975420696,8.685022532341021,6.906847261092002,6.015297604266663,7.179307212495628,5.147508414973953,4.518523966427427,0.011007612591106983,-0.8742768957127774,-0.254079396154413,0.40839134205049565,0.2952523324163391,0.07789698557887223,-0.06718740623115625,0.18514391758930906,0.11947521673257365,-0.0168624068737144,-0.031092008682196002,0.21201518294064414,0.024903967102047748,-3.2955283919970195e-05,21.013861214741084,16.933199892175544,10.682603389948508,11.859983039189975,9.510441030506529,7.052097546669173,10.026927420607725,7.072421202158743,6.466126082822033,9.00123027333913,6.018453839000126,5.559434607256876,0.007085580513683978,zero,/content/speechcommands/zero/c22d3f18_nohash_1.wav,testing,5.0,Kitchen.wav
138,-219.76153021587652,52.36727203157692,30.075249312675922,17.465107078752645,9.404600427491289,5.88778447065863,1.7989813646383763,0.8010605390039369,1.9651687877501918,-0.0295765791320432,-2.6734523771902325,5.471503799389028,0.08936831826576963,107.60653284458057,52.98062501867411,14.645022538423031,15.566847058113611,13.820722701776655,14.049845633127678,15.21536543212287,13.86516233888091,12.042737087302124,10.791778660695135,9.760342576640983,4.31818710087994,0.06292012655337713,5.361728148796211,4.026838361991097,0.06064396920205434,-0.6728650489128921,-0.3058095790683354,-0.49543562936073965,-1.1518102762093574,-1.026000826796484,-0.8106220965035998,-0.628158110657255,-0.34437533980846485,-0.14736476923081493,0.0026505948194573002,25.348866555619818,12.603149609681763,8.753472557223963,7.424943531710306,4.7878999981253285,4.792294607679732,5.356566951822353,5.426791537345424,5.466889006278734,5.607965006256191,4.115350710025824,2.8502180446065526,0.015305418686048764,-0.24505111891039136,0.061026202294599825,0.3017853992684788,0.3364436616276193,0.16620390009148617,0.2061283579353068,-0.3209584569455359,-0.4768167759495524,-0.24730291685181588,-0.14600682177997115,0.25524963662823874,0.10404542485311286,-0.000356011651456356,24.631959066056915,15.580892002494137,9.53284999610112,7.7537904766070085,6.425587068300569,6.097742261490815,6.3888523267128985,6.286656443274451,4.990609813333812,6.7900248589724095,4.56053330120604,4.019007572355603,0.012114686991626152,zero,/content/speechcommands/zero/b49caed3_nohash_4.wav,testing,5.0,Kitchen.wav
139,-207.05164254437398,17.651595703350594,16.986669575952707,21.332706169895744,4.251089193172003,-0.3851644204263538,9.826192603367643,8.922120547032787,0.09823604899258176,5.590279094805032,3.4708710533582336,5.809759331087705,0.10160847596125677,75.6267116585847,40.34958308333938,23.195878084695714,21.397528406350983,16.71095995836405,14.102855475899243,10.224296388967874,9.737061402821466,16.093607236379277,8.964718204157997,6.33716098582362,8.881035905715695,0.09579753862865804,-1.213039823628302,0.9081450122249812,0.9230750538051157,-0.49737699832596,-0.2849329669492787,0.4726470263477092,0.8630326856605395,0.10194517461108864,-0.005850874273971617,0.33913223488960115,0.2739535504380209,0.28946379415426965,0.0006514125533642307,33.386232567674746,13.961513811742558,16.404401821544717,12.288724754925653,10.681131043033165,7.14625031649978,6.264858896114175,5.505098085315403,7.415124835558293,6.073205884682518,4.708512295507841,4.043468529669367,0.033326074023576666,-2.4122822048029238,0.8876873798888958,0.9999998910690877,-0.7678203967983944,-0.29321981141955006,-0.43799518360367434,0.2112273161411237,0.01742274240508831,0.3796837865910529,0.20835946933199348,0.296440386333727,0.10243051358485117,0.00023165916403134664,32.569427688186,12.232138299092966,18.954993773194683,12.01426593793011,13.113577392842302,8.72385870887141,8.422418569726343,6.599977183961237,8.34383113127365,7.490629446555875,6.7349140974173025,4.221109512820248,0.02322985233945475,zero,/content/speechcommands/zero/97f4c236_nohash_4.wav,testing,5.0,Kitchen.wav
140,-221.7372212623759,46.14814427434659,38.56885201906407,29.961882298464847,30.36473009289525,8.03243896092782,0.9104819471394053,8.21881712913378,6.037841686451572,3.0489698184068987,-0.3428620918262691,4.71049442724,0.050833375623019844,44.78602871382461,26.540380133333088,16.374093941133243,13.060605345166183,7.4126071122122665,9.872356752312017,16.287192385648016,7.0328523701319865,5.375752387332564,5.80333927335118,5.800062025856771,3.8947036701025572,0.02046627853922605,3.3168666352544824,2.630557175012878,-0.0650569745317921,-1.1108512747227721,-0.522189926974943,-0.3013779319954997,-0.7393320914262452,-1.1231570388948828,-0.3199174612073762,0.5390091974670757,0.013138576631142236,-0.1874068153756254,9.265407919883728e-05,17.026527972243514,11.677013163575564,10.147314813760627,6.813030626739155,5.049669279438202,5.862668580941667,7.400539196879078,4.169769987305362,5.266673760434569,4.081919923555154,3.4637849309471043,3.9666426539606277,0.007932221512136359,-1.4569925940587123,-1.1773680187808913,-0.23026214089045194,-0.0060920386739340415,-0.13556200359229242,0.42643085638241524,0.1695810788937254,0.25432133076746855,0.25268336728232277,0.22648493636118436,0.17113159989725993,0.13894614723578205,-0.00018582772463560104,15.6991759067307,11.578806762724785,10.7011930299629,7.887943825242914,5.302827474436028,6.42791447437521,7.7811152655738445,5.477225036750252,6.391249660460094,5.655834689528499,4.169646647391917,5.4893682400184165,0.005597747504936149,zero,/content/speechcommands/zero/9d171fee_nohash_0.wav,testing,5.0,Kitchen.wav
141,-190.1357803842939,55.07499834221521,26.341823311891943,30.090309096650806,29.86379148633611,18.556846226795273,10.986928310697515,4.194859175803069,5.918241236221393,10.270167315544795,6.252433711348125,3.036676237140579,0.08587058645207435,61.321733318388674,38.0814313118874,27.607214128677647,17.86019983481205,10.238599684204972,14.341917747448091,21.94595633554302,13.35687261820812,11.893057381976869,9.618184914092073,7.186961057040369,5.616159277819324,0.03622221506519712,0.5260650993700666,-0.4027167010294424,0.19876059849785394,0.309247017540032,0.17374693828932847,0.27278634538609897,0.07110529251607553,0.20083774287478665,-0.06531973046782708,-0.13890342602822423,-0.16465372839241987,-0.1322213856400503,5.077871103440562e-05,21.185386293721077,10.870104200579284,12.387185899286646,8.914662478809474,8.254515400434148,6.594867606148217,7.667742687341356,6.017397614446905,7.6464499439611116,6.140183195508889,4.600824085944186,3.9393749557820406,0.010732694930666453,0.09886444714126887,0.20309382152261513,-0.12630383480436885,-0.25847159816750437,-0.36442983543794083,-0.2397996436556341,-0.0787795733357355,-0.06124132517169396,-0.24905262665901623,-0.1671779386992696,-0.1065483025535864,-0.06023122144066463,0.00018328775962193807,17.453403504200892,8.462335994564903,10.781385477804577,9.140113300106322,9.05649596251421,6.583867231859135,5.175091021208789,6.086974914480401,7.538869300384701,7.302180364878061,6.292281419765271,4.2957562985427495,0.010070656158625685,zero,/content/speechcommands/zero/6021f08b_nohash_0.wav,testing,5.0,Kitchen.wav
142,-226.19266379083456,38.77022860719924,25.08968981484891,7.831161757540551,7.929691366634186,1.8391662692836976,-1.103623870127855,1.8656391375714971,4.221863526972999,5.389365299820316,5.258288758043387,8.864872550954562,0.039478471502661705,40.37062496194521,22.445261307973503,8.210582723342617,13.651970422251036,11.627905952666643,7.06502905265493,9.645067777566851,10.529320730395597,5.692808374326327,7.012471401057602,6.062870799835236,8.047251206356783,0.010874996328556007,1.8592199066118453,0.339911133570092,-0.19483704074978753,-0.16232365031638094,-0.6323412738249535,-0.3357835588085703,-0.2982117657555952,-0.27105290716865504,0.09691745344754425,0.11320733059988103,-0.1211567672717519,-0.2645876672751493,-0.00034062492270623486,10.829078602458805,6.806684557390984,4.803260144287023,6.955818694538534,5.0196740999849405,4.034204587363078,3.680183271346248,4.29314420560363,4.111163608271624,4.440251614781284,4.570779722022824,5.08485883006708,0.005259951036868965,-0.8565387135419873,-0.20627825672834418,-0.0028210594787581775,-0.037650527400459606,0.06954665149404343,0.04202758096890302,0.1296218621792443,-0.11086815536422844,0.07713992700945663,0.21082136975630922,0.11704070177604532,0.2040765901991918,-7.121240099271139e-05,10.508637558026715,6.12267926978637,5.927082970087767,7.10079035222295,5.476279010898188,5.100972107504167,3.720697564212843,3.555578686912123,5.130869444037742,5.520053801975518,5.9464944544287635,5.687405273024132,0.005488978262606187,zero,/content/speechcommands/zero/2fa39636_nohash_0.wav,testing,5.0,Kitchen.wav
143,-223.39269770967292,40.47677130456575,18.98257052765604,21.134968012705237,12.274563605376999,12.363277067110312,16.586855999686232,9.889243623919917,7.042284437427598,5.671603689179354,2.4350267481860812,7.273768162315306,0.053048504662001505,93.72553538607595,40.15225480038396,25.90749245224013,20.98739960352537,7.4961347668531495,10.96227403094095,6.582438355204817,10.569070538548669,8.278490522304427,5.632413228746214,9.91156548556849,5.912766864244942,0.03401551573973041,-0.37683220843065934,0.19513714737556973,0.8635387280448338,0.5173742815061563,-0.6538290628979551,-0.9465737404559201,-0.7408033535254742,0.019059021483843846,0.26281244283606636,-0.5561371641774385,-0.6889904647862646,-0.32131666002816317,-0.0004389677797594378,27.24138817758264,14.454837146212284,10.584551987618863,12.147224324827057,7.129213086586763,8.624655543013771,3.582569141251086,4.392398713250935,3.7599762440087154,4.4465998903661506,5.1862472451158,3.5552898506060027,0.013885828882106533,0.7895162957002639,0.8819169785783766,0.39168879848443405,-0.14076494148101473,-0.28888864173766143,-0.1539330543846999,-0.07531156140750313,-0.12069941023124713,-0.14915210704044843,-0.12395012584975547,-0.0374090296445185,-0.014661072240795528,0.00010769640405972798,16.217675115846927,10.574113553098067,10.414686037950027,10.631414320943675,8.835510930634314,10.229363874919073,4.616515535476997,4.7904427423628935,3.5046971798518434,6.677847650667522,5.160738187250169,4.470796730210049,0.009219675229613842,zero,/content/speechcommands/zero/37dca74f_nohash_0.wav,testing,5.0,Kitchen.wav
144,-212.92646543588813,39.26562113383497,26.79168746993789,6.543236341169999,10.865915430283039,-1.9380473842835046,3.6760855226783002,7.87949931344988,3.116642596629058,4.116498777328879,2.725977730777878,2.700996524944289,0.08508328755851835,75.00393337566089,38.31042850070529,32.61539311760035,28.09628002366847,12.049683482205321,16.342989678613915,12.541838064582825,6.937130097504633,10.394513077108714,8.33125280732805,7.57658616181392,6.625329027537561,0.061689081706441475,0.3117269255875609,0.5403563009754101,-0.6880084493111086,0.0710521043258544,0.08193943060640957,0.054909348826717906,-0.06328085772882248,-0.177192999020129,-0.22209929868276482,-0.0579785847944446,0.1717568220149955,-0.24780699518200192,-0.00035242796424896485,20.14491022075158,13.795211086946933,11.666305442703484,13.366005867580933,7.493981024403482,7.584120578029382,5.193700037104459,5.677649776313523,5.541867493266,4.53559399500362,5.0537637180229185,4.938369211665098,0.023366620326175574,-0.7086596856835967,-0.6511917238270912,0.4924256366217413,0.6893953572168839,0.4766777275532528,-0.022711625006574407,-0.224266083193771,0.0058142906218016325,0.2784080792266193,0.1984485911460968,0.08731211986604785,-0.20314931572381978,-5.8803459008534746e-05,14.084408540287146,12.588202343433656,8.602582555918692,11.383091298444137,7.0006972716717915,9.086580969319124,4.640396461211584,6.228591459513161,5.7508308332573375,4.842640770410472,5.495200648391554,5.563547326406436,0.01680122152492891,zero,/content/speechcommands/zero/840c366d_nohash_0.wav,testing,5.0,Kitchen.wav
145,-177.14182915915933,17.83542441347648,37.698622893417266,17.7956432740896,11.659596007178955,9.450353691041336,5.406933639936913,1.291721138396036,4.930051408349209,7.285240339473468,2.5009269349379664,4.990377388770099,0.07946621475275606,50.7530515865248,45.22453360379637,19.753650677196646,21.709505666478123,14.030454493925063,10.62289269538853,9.842998728540344,15.209646262188311,10.055531414043653,7.925928811280479,7.237994328629003,9.913685857570298,0.04139060906169636,-0.6536582610166306,-0.26922172231506797,0.36659667491944753,0.4236412820351118,0.41672107662011715,0.15524065162103104,-0.012174303520572596,0.4426415480654013,-0.0278042571290191,-0.3255944419783956,-0.42993156406789296,-0.2738970456719462,0.0004175687509198343,14.512605912084517,16.584271187218654,10.892675799397617,10.514112151638942,8.101991347842144,7.29178484661801,6.113929547690215,5.848235061938938,5.26378795002543,5.254443007633742,4.329291437157483,5.485607828105531,0.011605211397295739,-0.16019984605787557,-0.07523404734157377,0.10785082055461702,0.22169869992752483,0.007008714800932955,-0.08025685084568981,0.17418513648815145,0.15497170269608695,-0.04087500555726494,0.0456481081673996,0.13116818167781952,0.04739261803873376,7.423100372155507e-05,10.238378502105524,14.318955245741186,9.19777894628411,7.743739094888515,8.384672169595735,7.951726398493397,8.369989928193725,4.592418333646617,5.573202621280885,4.952845199251711,4.50795745853764,5.947608286106625,0.00746444851707072,zero,/content/speechcommands/zero/e41a903b_nohash_4.wav,testing,5.0,Kitchen.wav
146,-262.7450641308429,-5.745749030534081,35.83102137690104,30.688452735832353,16.29611358840335,12.918866243660407,15.180558764697613,5.054391512309586,8.532876136869286,8.114341452450402,3.4913964158663653,7.878348643912771,0.03848773817298934,73.88109170306902,42.09264587889614,15.114478299947162,20.874140335728498,9.383638164398002,6.360467626178175,4.831204749786185,14.492352838240564,9.569479257609386,4.845066065412426,6.795255241345768,6.090978542748897,0.015389531738658514,1.132889425234196,1.0671758106248492,0.1929247004579215,-0.38833079684049027,-0.09495577959751508,0.19062658196980414,0.12790109932357754,0.04293201520690723,0.07926369638376154,-0.41732319403713053,-0.03944227254692851,-0.04903478460350171,-0.0005130467996481926,23.110088466431282,15.085687817765747,8.761946506049176,11.264953253532724,8.189088096490103,4.346634158900185,4.383816409508982,6.986175059838165,5.549975007850728,4.046848464626021,4.253805632505739,4.376497804369802,0.0055425249853910475,-0.093084360158385,0.15619291760033185,0.13173857135777756,0.0039002126411483338,0.08803688541203249,-0.16484935984989565,-0.4099802067539147,-0.19596615018180477,-0.08384026034697054,0.0046337837085538664,0.21224132821018069,0.4780828029623956,0.0001378040760755539,14.946939056761988,10.615109961250749,8.32075106227841,9.707229100227888,9.707378219985541,5.976775537586704,5.026982251778465,7.020282129071785,6.5792840437199045,4.839579194285488,5.745913338730007,4.924518001159563,0.004008417000648474,zero,/content/speechcommands/zero/37dca74f_nohash_1.wav,testing,5.0,Kitchen.wav
147,-263.60836578549083,13.275180910567865,27.023246839152016,25.089486714079847,20.121144599620408,14.783876279276532,5.786938092326076,9.548413750849392,7.57760108245886,4.0929617963280895,2.3816038070393155,7.948528449529168,0.044267996854614466,54.91405142059685,26.54590778026107,13.629430710992764,21.693408005026683,13.739605687072213,12.140027383848835,12.660859329846645,15.179901202956376,10.87638582674506,9.530190030280034,8.747873640004318,7.014923269575165,0.020523223570889523,-0.16687153738792498,0.25060204212944587,0.2351587518441898,0.22444669096963576,0.0794551042331201,0.0005431013238479531,0.26846049773826375,0.3157478593545214,0.32984856630682974,0.252536506274157,0.29205262384852065,0.13367550498000502,0.000146487787846596,21.64940275597665,13.28780557187025,9.293898298119394,10.745924524113043,9.625246556850835,7.931928415561726,7.531537300177108,7.0675398210991895,6.46134300746607,4.889672410626993,4.564055444524085,3.8423077449457304,0.009681786528151057,-0.4889873604022171,-0.4211005519243301,-0.08373721558681488,-0.19066983709006358,-0.07149367022219728,-0.11509570856706326,-0.18085291610518486,0.19243210970076324,0.0956684987574499,0.0346343121044739,0.2126253045348716,0.05446539000716021,-0.0002078677217165629,17.1367309855736,11.521596745343908,10.496432980120227,8.623620800432205,11.635427197902027,8.603504619758588,9.021917131145209,6.844069308765137,7.6899652123422335,6.052912483480369,5.400853615197271,4.074893457025352,0.007217935282345253,zero,/content/speechcommands/zero/fce96bac_nohash_1.wav,testing,5.0,Kitchen.wav
148,-223.58523638353864,31.30230094082369,7.940771116397952,25.718997659270194,12.445515666937489,3.8529510002724874,5.713880669297395,4.97399679249453,-0.904547903055452,-2.369052675545486,4.57791798440763,5.705087460368853,0.06662097544176504,85.66625932710254,36.81011506400811,29.219690352017942,36.12336311093556,9.482814438563622,15.554105964150327,17.374097119590513,18.082900674561383,12.519812965746395,12.463774520316283,7.84556730637393,7.69545254487266,0.05903658782944201,0.042905743745241275,0.30612162216741057,-0.3083802398581896,-0.3594196910976338,-0.2700701895129742,-0.022698880452633862,-0.19536626175643226,0.029550346833971213,-0.10009902069741784,-0.13170061003722228,-0.2610859466229912,-0.27559225698410555,-0.0006362711710314597,26.4110249098756,16.67251368470064,15.406449099531523,14.73780435495782,7.20169469391169,7.676536223530812,7.94326631935238,7.540035444341373,5.011516198786814,6.150878489705204,5.737523228320688,4.797472103472959,0.01895755788912574,-0.311983074240527,-0.3468827679246499,0.10933780171000684,0.41399306897008603,-0.04258653604113031,-0.2528512984341194,-0.20556007025447745,0.0717976687711578,0.24280518011838736,0.2660767890850332,0.13830927072505833,0.04275967575139188,-3.2021974523862205e-05,17.02620121359619,14.804575470972583,13.877684359324602,11.646231822336732,8.974603247838536,8.588801454736917,8.535915805189143,8.462401575536935,5.261831310535024,7.295416717165821,6.324186485377363,5.973508113578307,0.011185098304526108,zero,/content/speechcommands/zero/cd85758f_nohash_4.wav,testing,5.0,Kitchen.wav
149,-263.5084841388124,30.011810153201164,49.656212587909096,19.93212537140448,6.850609966800453,-10.887331777634751,1.1479684099929068,10.781987176926947,12.574381369399486,13.044570740469855,7.310822723357767,6.135777608429709,0.07871372305089608,58.25798000105022,49.6065170390292,13.993636756855178,10.261787322963293,19.941351755827025,28.77771002604788,16.928339647834356,5.4050740057782,5.7579874252741705,7.150670152001179,4.7087980022996625,5.237546481279265,0.06722467901305389,-0.8683938974044589,-0.8898707450813826,-0.4927972725428607,0.11042433078973632,0.3126083717561213,0.5237425205213389,0.3054303844399724,-0.0801881552931135,0.24609733945248555,0.18647494513881843,0.3668762544734124,0.041306990686556154,4.6405941247940063e-05,17.14898038555895,14.335880859681817,9.971222092840707,6.337552988154982,7.185345245968219,8.63980340215227,5.617852662738597,3.9987120905079774,3.5439303010382512,5.079500924795477,4.422771833219067,3.2804649614749697,0.023212479142954785,-0.3536904055625731,0.03430711795563693,-0.035948410999274455,0.2597614574176922,0.1707558423872528,0.152700962827316,0.2582781187156288,0.11478881782574787,0.035169185498298935,0.026834214712850486,0.21898339996702004,0.0266556302569116,5.1437815030415854e-05,13.28884334844087,11.657876073107385,11.687691070821385,6.557797213339391,6.98948676041137,5.882775354459142,6.016491665461461,5.283888461156149,4.401327740445275,6.573067002791255,5.5105633838737935,4.054630789082783,0.016631792210625083,zero,/content/speechcommands/zero/5e3dde6b_nohash_4.wav,testing,5.0,Kitchen.wav
150,-266.516989012909,15.116819046716145,45.322158228854654,19.920805164648584,15.796254642733594,9.720803134221802,10.595873670129599,9.129624298862478,3.5651551097910197,0.5695920188113028,4.773793985919026,9.575858881856368,0.04378376656677574,51.0204303127925,33.93893644115628,11.686276554978877,19.55917568669115,14.28327890305978,9.70534430462927,6.8842561212865325,8.528661447471679,11.208544405108789,13.21200871761973,6.990856460668881,8.022852922260151,0.014486130291592769,1.0406915939257073,0.8904396870450066,0.12180715493469949,-0.4815768877891404,-0.278805048303105,0.014549683911815856,0.2275206071535898,0.405728129072635,0.1651061391592019,0.09649871407354835,-0.030402418261145786,0.14696133288693883,-0.000892617229011751,12.230444996284517,9.45837377466904,8.238635414321413,8.117648303934928,6.730572274337237,6.766713846799966,5.5160587951136,5.168449043184023,7.08500827131535,6.192879288984436,5.29882412980054,5.579209052378147,0.007880860792996519,-0.12498303327454892,-0.07387877212639597,-0.13182196902848595,-0.22098289256078624,0.18453774688014135,0.14612284542362025,0.1571909730185938,0.3409747482935205,0.2389775091457108,0.15883277597121234,-0.054252863557456385,-0.08424228410912692,-0.00012527002642552057,8.992814078067541,8.591943990637091,9.400123378749706,7.887427910587093,6.581322647455865,8.281644590863483,6.939730019457062,5.515989376007067,9.214679404976751,7.039980339700423,5.9205796234699335,6.543279565908811,0.005908362708810076,zero,/content/speechcommands/zero/f264e0df_nohash_2.wav,testing,5.0,Kitchen.wav
151,-239.8298159462734,39.22066384987457,22.091030398784266,23.27072052807881,9.714978652619582,11.790634357012006,-2.902851864095097,3.9284832255251607,6.830733961407812,6.399971002242374,1.7135973224636987,8.910298797138845,0.06613614113302901,90.06504945778269,42.128265867771425,27.659630907078277,28.390727572741607,15.478805114749743,11.260401870357095,18.780552738345055,19.50242622089467,7.543545006347832,8.086986806991142,8.794862734920523,5.477023493916059,0.03582283981826552,0.3653489628929488,-0.07617057167342851,0.23966096211542987,0.006659308955227451,-0.027282197474527155,0.17587960065646951,-0.2679481086207934,-0.3425132905128681,-0.10068526894360787,0.09117795445466968,0.4622248249324648,-0.06037844895151801,-0.0014441253076637945,24.474025799319246,14.323613170173465,13.768476705376177,14.35058276113097,7.749931472337936,7.7720457441537825,7.084719663865962,9.036635019650673,5.570375553790332,5.397003184442879,4.777356415320721,4.37580206250946,0.011708344332672684,-0.09244853739152935,0.13916360226694316,0.2371050324068976,-0.018552819677538916,0.1073000532333977,0.18226933403863374,0.34702804132932813,0.027098657089799853,-0.08018854320665829,-0.36158454352609404,-0.10015370286690496,0.02468865259419113,0.0002200245236357053,18.065993021023314,11.179484146588486,10.444203883543917,11.324699895610983,7.598829757420645,7.554263159240638,7.525730592136499,7.296686247518502,6.194116748775183,5.855435030095922,5.4871613468345934,5.438246053988837,0.007551807489723938,zero,/content/speechcommands/zero/ca48dc76_nohash_0.wav,testing,5.0,Kitchen.wav
152,-199.70943204282534,3.2167348727036074,36.1661242777029,23.976540148595642,17.7050467540263,7.2285144597589,1.1944279258178678,5.506216074460632,6.450255671999158,8.335587736310009,7.111895811266126,6.694834437673124,0.060221427751164285,44.909880527448486,34.009206870919975,13.104208955655851,11.360206496558304,8.187278286306507,8.650054670139978,9.954782983490741,12.624231206442937,7.751840409321162,6.1149351363612245,7.6639631400685175,5.880304401714027,0.029791691184644208,1.7202372338518055,2.388172900701606,1.2827658185823585,-0.22997687776482928,-0.6511938234909789,-0.5566683504448562,-0.47227010974001377,-0.14346454897477526,0.045731345966617036,-0.21178335487364972,-0.18968969042898168,0.18669332804701005,0.00024076029658317565,9.781877635959717,7.648610448497551,6.6691910145835305,6.940459606787471,5.174907679102149,6.5534279556144845,5.632990676299736,5.512493326300074,4.055852190307946,4.066777957302456,5.76748072370235,3.784529973744601,0.008221564162261876,-0.2303306501810135,-0.1181354346590736,0.41008344879269093,0.3896179219353698,0.06922233385176017,-0.02807657497297042,0.024891460425646578,0.3070256878616167,0.27779619777899545,0.015135690161070414,-0.04899897014135215,-0.06291960634117967,-0.0001900436292434561,7.55744788044363,7.228286049302352,7.848223230352469,6.986678582560242,6.2300757866146865,7.046476799416932,7.533119752460968,5.201546113541834,4.951639997293314,5.050106390847749,6.948394626012549,4.835648634149373,0.00492573212227567,zero,/content/speechcommands/zero/48a8a69d_nohash_1.wav,testing,5.0,Kitchen.wav
153,-242.30509104132906,20.28016036761494,35.399531114218505,13.457093260776407,16.039068812158423,8.306523614760227,5.63262343769702,6.351290101770605,14.169824935365977,13.139356405986435,2.3623907485212294,-0.5224650231796657,0.04851474892348051,40.40443589646069,27.033513312566416,21.148220331714562,24.56390226843227,12.141196680539647,7.924453358017601,9.423965889427496,6.284025076867178,9.534060785839335,8.719558513822458,4.238140745852097,6.333299371479746,0.01210214590798815,0.9898537222050311,0.8086975810843338,0.06042173865000162,-0.5595602407990271,-0.7905971768241273,-0.20449910263906992,-0.13166582623503334,0.04925986619594619,0.5064910430422702,0.03212931329923067,-0.13932259488986198,0.030394527681436107,0.0005166293872940925,11.359502336995792,7.742935285054759,8.816745492036237,7.6939765802165745,5.9399594250037016,5.647713984199507,5.181325597631931,4.579231475416999,5.250511444360333,4.5001628856144436,3.414787420969418,2.656388026584764,0.005305354915668633,-0.28525608640613126,-0.3254537994907694,-0.12147682668903362,0.2506681971725796,0.2682503736801099,0.04996863713370535,0.060462073144831346,-0.15939514634685523,0.11736198635422022,0.12379684840167045,0.2758419468388656,0.173597615544341,-0.0001579339305559794,9.261491108121415,8.094075877559302,8.780136651727942,6.004777415754173,7.219794571893624,6.110823606252853,6.589204738933473,5.64502197687343,5.99424407395807,5.021401377887524,4.065887483997804,3.2145176514912612,0.005218667933678054,zero,/content/speechcommands/zero/bed06fac_nohash_0.wav,testing,5.0,Kitchen.wav
154,-267.49379682452013,7.608992634759582,37.516248494681186,21.30788870754672,16.43819282693132,0.8896871374632567,4.817667599402663,6.584908703972122,5.900690390540106,9.087006282881646,6.40617321677604,6.594484760472375,0.048083945584949106,60.82472356763771,41.09788348157606,13.581778022487185,24.27640789496521,10.518988462389485,15.58209129570875,15.031662632234607,7.688728553167373,7.948395709095229,8.640653503313018,4.540836445281163,8.606185846716734,0.014964831747014358,0.43525739135994596,0.11274976060215625,0.1207920848392993,0.08664717420423418,0.18078733398565056,0.5455403405880277,-0.20617762357166622,0.11513374550408534,0.11574963444454196,-0.0030800296489598825,0.06654925750612684,-0.23973962272343843,0.00088586303735933,18.263838333530696,11.42742204526717,7.679126318401646,11.344166976769175,6.405438489593981,7.2698945759964415,5.450967070345686,5.314801861525475,5.733025298533911,4.9949901724424235,3.529998994010027,5.007928855568111,0.00643720206482542,-0.36609767686063227,-0.12922500724121885,-0.09946444094018385,0.09467979041863094,0.06559538167992389,-0.17794279443412306,0.1518307773019881,-0.04704926861474664,-0.1927558260306085,-0.06881033048548903,0.16607097042962282,0.11861524482038265,-0.00037927633772293724,12.927157695495378,7.973853184720794,8.446648270853855,8.852344533968427,8.308178602798463,7.347592137053341,5.845241570048275,6.8454727020311665,6.8781174886508,5.64992930900628,4.863812596969882,4.273325380897367,0.004408869477348767,zero,/content/speechcommands/zero/af405b69_nohash_1.wav,testing,5.0,Kitchen.wav
155,-207.4455474958471,20.06051415343947,-1.726319034440567,23.865738143778977,5.598770532553601,-3.7689330784031863,2.17351357963922,3.221580760246783,6.067029883936385,4.106776451456774,1.6914322524907504,8.098765188590946,0.13262767894775607,69.87166451648083,27.923179308870406,40.54966884384676,24.81264601919933,17.847496464228225,13.726544908530666,14.58218537830072,9.557822124894605,13.078497686246308,7.184820361391359,5.577623743313316,6.675512894618489,0.10549417925208068,0.44402244879155855,0.8888986804432869,0.12887039300380718,-0.3527636431813126,-0.22018453822055709,-0.4588688740538299,-0.4318902484013726,-0.37240293249909345,-0.27209030062954526,-0.2871886966946936,-0.35166300442797777,-0.41848150794648087,0.0004431339761903209,22.158645228572976,11.729154099215547,14.074853269777778,11.778452304756764,11.186989917743679,7.113494029688935,4.439714431802635,5.9492276834010305,5.691688996902456,5.213694264074068,4.76175673358489,4.4499437408174325,0.024105698719370346,-0.7459929374467388,-0.841811666614457,0.02008376381027593,0.16661359442390966,0.24128629545637162,0.059564986197091586,0.2747059999772714,0.058029695650612514,0.30175484490660226,0.1003495245787203,-0.12052680026354663,0.02458214022322355,-0.0009736885627110799,18.027081885450833,10.868734219326612,12.450226456779193,10.291427114582037,9.359174131585739,8.09726055166435,4.301116992377001,6.5717967726765325,5.327165154029459,6.688187002939817,5.798247275315728,5.434858538077168,0.012041118001331536,zero,/content/speechcommands/zero/44260689_nohash_0.wav,testing,5.0,Kitchen.wav
156,-221.6672509332251,40.822916971132805,22.899103523216432,8.843470003361928,14.464257766084863,8.080521295839722,-0.9980902909650566,5.017002837659463,7.873675026629039,1.3019884497472685,4.292058832775185,5.380588798278065,0.036869436759373236,38.196392166264616,28.2800502449053,19.797312132170507,14.752655826267032,11.47252980054835,5.980811568044678,15.887905213808637,6.1166603711697,8.580815148661214,9.471044402974842,5.590423288597401,5.42215610176512,0.010802432794968467,-3.121734373975284,-1.94866050600743,0.9622279815794423,-0.020089801054412697,-0.6841193522833081,0.35819959602614665,0.6660635639413179,0.8475919121862209,0.3096999792202953,-0.5331354248356518,-0.4142222142477368,-0.425634943656207,-0.0007013624001826559,18.42753577104446,10.896960161410826,10.714587601791505,7.03357043761395,6.583490106217347,4.790446458587702,6.724845721808361,4.675588765768446,5.094510828793364,5.166561225690281,4.431246127558568,4.014770842202224,0.004261839205084423,0.11385854123777664,-0.06714147328562926,0.06696905122473337,0.10459746103636239,0.21857870900324958,-0.04370265317874314,0.006650431820334514,0.18517814467295735,-0.014799162752108734,-0.032900477619115846,-0.2077295419764631,-0.3021981441105926,-0.00022165118544190018,15.281596692339319,9.23052951977171,11.875856507992482,6.681775042243754,6.472220817605545,5.617756906068764,6.918117794236603,5.524843145953627,5.55130783506918,5.251142286710192,4.349268787823354,4.550864357851751,0.0032304059946593896,zero,/content/speechcommands/zero/d7467392_nohash_0.wav,testing,5.0,Kitchen.wav
157,-258.28838169029046,47.46556073466284,13.120273138043949,19.674090446277177,12.35059058645956,-4.734067848532419,7.226400234174152,8.527021234010983,4.457713413155262,4.708990697379047,1.972782121352083,3.245674096455461,0.06859196483856067,87.3850839157328,40.242558087671135,39.234412623220095,27.989835023131857,16.027284802439077,23.412561749048802,13.16631847476475,10.85939824599003,12.550571509156246,7.734730224609887,6.0560129146646,6.899732971566392,0.04834154848567103,0.22079962700317698,-0.29645472100463655,-0.05487159804756891,-0.23459422475511166,0.1351438749688364,0.18727465918084787,0.14375277813537074,-0.03156497555910303,-0.07677617199014192,0.3193647209459483,0.15175542933615138,-0.013083680805927145,0.0005270398912891265,25.954229702155395,12.115257723460699,13.533619208595123,12.840231525118655,10.630386836171478,9.938677517612327,6.764197759568813,6.345540691504385,8.077933181921564,4.492671228812385,4.565072910073585,4.774864175595349,0.014822176281629374,-0.3405762477948694,-0.16733967222240811,0.254837299579921,0.1247678925420173,0.3162565965030764,0.2896429828646679,0.3446546514398466,0.05605682864549972,0.052659000853624134,0.15605882102457938,-0.14732640835193378,-0.21766447423980095,0.00011106226593255996,21.98054191293226,10.680893044720243,9.432575785375395,11.621405556767966,9.640211374347267,10.611539006767046,7.119306081197481,6.302902954309287,8.86691825104321,5.0709140797594054,5.442781415021212,4.940134014772715,0.009833672453418972,zero,/content/speechcommands/zero/7257420c_nohash_0.wav,testing,5.0,Kitchen.wav
158,-241.93449466716405,23.881583387126913,17.447045033384015,28.67607295972498,23.144594775423872,-0.6817962881073325,-0.6588479790403396,1.7495115137764086,3.3642941801593,13.040797973236826,5.562488086298586,14.798354725111302,0.04657531779957935,95.57139671832138,40.10418485179672,37.33704642411385,23.156260498486834,11.405555009185615,11.614778145075435,11.780799397057757,15.388554489535668,8.423139182145157,8.820481185012625,15.078228411968935,8.663535721140802,0.023153856732131252,1.6021053542372596,1.878106192540231,-0.7574189882956002,-1.3508001948610524,-0.6608140219897561,-0.41671894284177846,-0.8353691490457559,-0.9045284314052299,-0.025983120768619052,0.25794882307304,0.67539289116822,-0.046648675337352424,-0.0009751176882174707,20.58781276102894,13.565302282733128,12.702553028514805,11.56476288838069,6.042118227273155,3.6735398730270754,5.207602019598951,6.037681066007035,4.516877797849522,4.6385990142248685,5.051140540081858,3.6884309101005703,0.008828691899073648,-0.6609818684568817,-0.6372083936632578,-0.005618369519913694,-0.06408134713981144,-0.06916804076737007,0.07613936548942614,0.022671030577111884,0.07575642451075039,-0.06817240121748182,0.21556158657813196,0.03793149722979538,-0.0017654425209216859,3.345329314470291e-05,11.006008907522085,9.611263076048077,9.994952705921243,11.210781312092378,6.635889388790319,3.9393727710052797,6.360381429443251,5.988024988702104,5.56806335227789,4.878942238979958,5.329685288189453,4.276342999453868,0.005869476574631547,zero,/content/speechcommands/zero/84d1e469_nohash_1.wav,testing,5.0,Kitchen.wav
159,-257.10736573480574,52.76490495114464,25.028237617569285,18.672661800706415,16.335878277852824,-0.10487300034919955,-7.292537083401549,-0.32437835889718336,3.750708496849354,8.6031799615808,9.338974943498041,10.114269363741855,0.05749093706253916,80.4160030080134,37.92356793026807,34.79048461885115,26.17250545089355,8.603344483943438,12.634009000001939,18.126316382171392,11.95495910554923,8.702869261913895,12.50437544807,6.012623844485779,6.0544453859913165,0.034893934547113564,0.3251986759580705,0.575646096403611,-0.07041357165345649,-0.30026419111467206,-0.15077366086996832,-0.3582173410747193,0.21647871518036557,0.23008393430470875,0.28831613964962044,-0.2164016312895918,0.3077735675409531,0.31566646818979377,0.000790344250778998,23.779840065964336,16.80517979503649,14.383182594226467,12.421816616577575,5.935769917984561,5.833392973087508,7.816978529889217,7.232782185796017,6.293056775033898,6.227951379279733,4.4767056880065965,3.961615028888398,0.011340291646788464,-1.1816727738552628,-1.0321270983336912,-0.11743141042725765,0.3260880985687564,0.4443721726053713,0.44761529216388796,0.21345565932583527,0.27598567901143817,0.4456329425781693,-0.11494663924405829,-0.38195576615852744,-0.0776696442668816,-6.39629860719045e-05,18.068718963896576,15.69528821759865,12.137856402209321,10.778985215620683,7.435481992944396,6.189207433043608,7.878745865672315,7.952428886452436,7.187358326678838,6.153844515349666,5.468216066633284,4.51512366028654,0.007209083076278203,zero,/content/speechcommands/zero/caedb73a_nohash_0.wav,testing,5.0,Kitchen.wav
160,-230.51908831206975,83.26001498409656,47.98190025392114,12.61441963120176,2.9205393083162328,-2.667412293710397,-7.449963150213373,2.090768872035501,3.777579688908748,1.76828296455549,-3.2273130638437975,-2.213584973097721,0.09187846793793142,69.78641262676959,44.9187210734691,23.78055917195317,23.563858420442365,15.891732893578776,13.933023783127865,13.791175168733066,11.022045990045688,9.989406916594756,6.465753364373887,8.380253293404401,7.9672836206267945,0.05835022296463554,-2.6239035022819914,-2.6266580467828033,-1.796573099523997,-0.46567573507612053,0.7291603615752558,1.1473737834253022,0.9798111790545636,0.5642135616838624,0.5484819167886482,0.4255038110588747,0.6324576690547979,0.804312179699778,-0.0009685080017774335,16.984264965141094,14.175029561071648,8.979742386239298,11.134961827317934,6.810485634161463,8.093133713735094,6.07389819076888,5.875262160523884,6.422885134860372,4.408174478732326,4.845799395103096,4.980896370944423,0.01690824989510022,-0.748329841824138,-0.32356905410507675,-0.22256362837668167,0.10976876969586383,0.27620204157014394,0.13671632757075275,0.03382890420511965,-0.0017700934854154582,0.10733968395070631,0.24780503235509402,0.5434744414031951,0.09785354037807802,-7.420157392819723e-07,16.660799204376705,12.4058066579165,8.256468362144304,9.089001724017434,5.898690650241263,7.860934786115249,7.965034006116551,6.255529301831194,7.0895405496058626,5.032865538945205,5.712041268388025,6.409232941398203,0.0119742998637037,zero,/content/speechcommands/zero/ffb86d3c_nohash_1.wav,testing,5.0,Kitchen.wav
161,-189.95873093629783,20.078452359211532,11.535318590691343,20.057823730013382,6.827499071026066,-3.9153707577739096,-1.4549835783555847,-8.724611301410937,4.082501615592085,5.184657342211776,-1.852101319349357,7.332150566700971,0.12561395636294037,88.32950651012086,34.92499183677547,52.843295241830106,28.591071610088665,18.127174058840588,16.29024268985365,16.89127423790141,14.842692034873737,11.573340605931628,9.548499027266338,6.053236017758062,7.1919042867707486,0.0875502384629269,-0.8947674238175418,-0.9013897780164384,-0.23412118884136024,-0.4339301121749447,0.00575996211336885,0.3472520617026928,0.2288809259031504,-0.11339159507477012,0.11192033089173031,0.2392059251453993,0.5472101711396012,0.5404082172402466,0.0002096639044823185,27.932487403038447,16.109849950160648,18.414128022751484,14.101972449463652,10.864909485981169,10.51823130254483,7.004372915668858,7.7013868028794,6.428610645037976,6.706799662078857,4.773252378825435,5.105647593797009,0.021484253331899485,-0.9983901915216354,-0.6303108897628545,0.19739422040451918,0.737152503195375,0.6386214997003766,0.17315796938561573,0.09979402826040955,0.2223515518703317,0.20701995609009316,-0.09013413132541848,-0.05087287443746184,-0.07385657644724292,-0.00018269233405590057,23.278606839652316,14.038642089450382,17.053037914314395,11.790756782320855,9.284354158960179,12.383272021458056,6.870559985993139,8.71031609645346,6.498521138478014,7.156254419730557,5.518800115315077,6.298404686171708,0.011891452606498248,zero,/content/speechcommands/zero/44260689_nohash_1.wav,testing,5.0,Kitchen.wav
162,-212.97184011192584,28.618173481626517,46.13091432076303,20.62632823713838,11.509713034212133,7.915059158998518,9.605897094968757,5.3722243782456305,-8.134430971482292,-1.2621705890128299,1.3319031171218543,15.816817666265269,0.07355032803025097,63.983840567178824,48.71790468860605,23.1225867022482,26.274180046122805,10.929218244710812,11.182672451433977,12.195056200634035,16.565704082543682,12.746969428182641,10.858940621744628,9.64041386132145,7.001399258658587,0.024310242972039892,-1.1534162678959847,1.2192488029341135,0.36148254191774476,0.4573357164815234,0.46262116478294113,-0.34121695224181764,-0.27280967301658726,-0.5594305845141775,0.49178515071626727,-0.6335716789018692,0.014668468536904504,-0.7104078563299614,-0.00038149111693905243,16.65058802141362,13.917840738166186,11.929268204301646,14.620697788702817,7.292644424141645,7.600742305985876,7.564405515508967,6.444124876906988,5.057995185395535,4.835049756200207,6.27438260066747,3.4728676737198287,0.008047092763065746,-0.599770084843856,0.2807772345273296,0.1178824764192136,0.3771513260255279,0.4393923007982829,0.14468905800663792,0.12266591104638672,-0.17284515032193445,0.2288117948532717,0.10828829745418574,-0.008238929682731861,-0.11664821884035977,0.0003002956509590149,14.374756018193246,9.788549518747768,11.86948933048019,13.197393085993998,9.150242159684971,7.819952259704425,7.000412949646192,6.942029016612241,5.66742795837244,5.194849637455481,6.866775556151434,4.582146084701894,0.007344476669570086,zero,/content/speechcommands/zero/0fa1e7a9_nohash_3.wav,testing,5.0,Kitchen.wav
163,-138.8077865213509,78.76915186556968,-19.776931525343237,-35.03516177895581,5.0416684653989075,9.291881819151158,-0.1159456568654791,0.8027416360938051,2.65495157678375,4.372443823630325,2.1824025824395017,4.4034721223249775,0.1323468690388836,62.09712558822844,26.16017876403539,22.48673759181664,11.589422424564072,14.204705540884474,13.501205569038882,11.073016862581854,9.409577820672217,6.090322185497389,6.255321953332524,5.903648807360098,4.096078583067738,0.12118843136590746,0.4587574071247993,0.032103781811628096,-0.20191812562936418,0.05299997980931517,0.07400555514371482,-0.05560652760223329,-0.12785950491185835,-0.10152094368174139,0.16792288690411844,0.354450717652753,0.4065667696763973,0.042804378523524436,0.0003177646787897233,17.700556028795855,10.060941948690429,11.176221174115467,8.478892405909738,6.805811404943642,6.492977815004043,4.398715792035476,3.6060914395304184,4.661500190393602,4.055061431463913,3.439906114502745,3.493421025883664,0.038335237392168604,-0.431582909972506,-0.17786490618132333,0.3112533981509222,0.12795380339952409,0.09253749139485527,0.04435757357918722,0.12931371686989201,0.1256138933825536,0.14899623515689256,0.05710844276187901,0.36061171577113965,0.13134499924108395,0.00010629103829463323,13.245549150766443,11.160366660251478,11.350934512123569,11.126521108913156,6.770174733826295,6.286731294818334,5.787800588818632,3.9213681814415837,5.186430454840547,5.150194539669729,4.272334185412746,4.6976879013167006,0.02652867981639542,zero,/content/speechcommands/zero/0c40e715_nohash_0.wav,testing,5.0,Kitchen.wav
164,-210.58024938296256,-4.787550594684358,25.75256545400941,14.914179710605932,14.058938291704873,1.5511340367707833,5.523577136806007,5.446387141409871,7.647061034284116,8.477121576877972,4.051587646367588,6.13675103366211,0.04303935073592045,22.716246078149606,17.045824603603556,8.411770631514065,9.470795902784712,5.97445537678449,10.03058054120592,9.86665483530575,4.333665972415474,6.402549385778185,6.057644252451853,3.1218113624887303,3.8442239503197984,0.008702898377925898,0.3241770397605924,0.38954051055334066,0.16782096744437028,-0.19621167809781953,-0.03832802244415216,-0.09093951899242067,-0.30223988634109406,-0.04445123110778684,0.07021474809591616,-0.03540371984285347,-0.07789382416854888,-0.2283075671243897,7.683010055468633e-05,8.378201240562133,6.950896711305317,6.207726613551458,6.955965836952504,4.150574479955782,6.066238193046435,4.824123736835466,3.5418489319341955,4.933748294061508,4.129261377613079,3.0414791827187297,3.5024520156510857,0.0053249739394111385,-0.2549155095043534,-0.13088382632649434,0.2243250130583304,0.20449241060297005,0.3492680698452618,0.42619234464444034,-0.09798184118973655,-0.07257820807531537,-0.02623500951135707,0.007439030145452818,-0.021278611544042328,0.1952694511937898,-0.00034073442220687865,8.163250413487956,7.095585179181492,7.36971515227889,7.527540318987104,5.296143156669366,7.006000759379129,4.6237461341775585,4.337099606644706,5.681865025250868,5.188376501700337,4.57146634319814,5.099192008031197,0.004449677098533045,zero,/content/speechcommands/zero/422d3197_nohash_1.wav,testing,5.0,Kitchen.wav
165,-281.69733201887766,42.525320996471834,49.9964846933655,24.93996061563168,6.18229302128298,-9.1574225389123,2.1185199811196576,9.679977294175893,10.053419583026725,9.300074249727121,8.249388605019634,6.279531138394992,0.0644747047626879,53.09709169253086,48.28068321395709,13.438015990746981,10.548522169473243,17.657338533167344,26.427286709044942,14.347349875993249,6.345563025356033,10.99123663357882,7.73026589539667,4.013712698648625,5.888819890185348,0.039932769331636725,0.27991483818995505,0.5106621758076985,0.3469684985349555,0.15421165357248226,-0.060506515627858456,-0.052242184143824394,-0.12014810656852913,0.08987340140563631,0.18751836493477012,0.0648368555689228,-0.0697170594380256,0.1982805609558495,7.674590714516179e-05,15.924612110148326,14.961158541679799,6.818734047981884,6.072844324149546,7.597041901468465,9.09108661607256,5.812836461952162,5.760834867938662,5.93050168326461,4.919279749378842,4.261757655891096,4.179648325064843,0.011747254257899423,-0.19805403610964542,-0.34556515972685226,-0.023992509556917223,0.09681216937064008,0.21729767037550046,0.5558361630408419,0.14617306478007533,-0.33550891530691906,-0.40944549888112064,-0.07852723904866625,0.07404382740160062,0.04891740717233374,9.67631737391154e-06,12.519710660026064,13.547199045740815,7.677940373405031,5.571666241368135,7.605018587919588,7.29913074128624,6.3565933887479185,7.6418127001041025,6.727092098597671,6.354156886464973,6.151279282579897,5.941496743771206,0.007247641038857858,zero,/content/speechcommands/zero/5e3dde6b_nohash_2.wav,testing,5.0,Kitchen.wav
166,-174.47169846790382,42.67343805800983,8.881365189321492,1.298164867403323,5.638235756089761,-0.26943157494866926,-0.2760049674734999,8.861364771856017,5.456204988898732,-2.702540319900823,0.9006499127737153,-6.457696581718013,0.09699219459434971,112.20893352966223,54.925052083895466,29.893947894260297,17.398742061053248,15.843525000989796,15.04774346260504,18.50461318662578,12.109114405869988,9.983641980584284,12.91788165734942,6.774692953154269,11.056302134013075,0.06627468351607929,0.2555075491451545,0.42879964738872145,0.057600136115942675,-0.34923019158513696,-0.20024270786964263,-0.08606715295307261,0.0017225055141603393,0.0015349236296723823,0.12346199667422109,0.29141592398946853,0.1597727120181835,-0.2652049106024925,0.0007859426099927195,27.7016624272239,16.464917121512688,11.691384089230322,8.413053962919161,9.138871194937792,6.224964044950739,7.1614617966611425,7.896632526439667,7.536351387166914,5.908895106073135,4.624483675629388,5.081931024545168,0.01593127050259863,-0.23085236920301402,0.03413234385053544,0.06900968070175076,0.039765801848370926,0.060324688864526736,0.4548120561212814,0.49487442347522387,-0.03658700714024009,-0.11934431293914424,-0.13183524502602725,-0.11788655775420587,0.04662814879805215,-9.273427228132883e-06,17.9306436563054,12.680979960428177,11.086623112511887,9.584325137100418,10.411974053787803,7.379519133805388,7.279283789965976,8.449790241107573,9.069420666389176,6.603160122787209,4.978947583737082,4.4971923657626,0.008292803567096593,zero,/content/speechcommands/zero/94de6a6a_nohash_1.wav,testing,5.0,Kitchen.wav
167,-266.62219435793907,55.29067771591812,21.90435900439715,14.769171549035452,8.355763613900717,2.8301014745633406,-0.7680131479327046,1.3497819316849764,5.9038537498633605,7.591000971174402,10.63670100264245,7.5395928752183154,0.06310021498939022,75.7776284002889,39.864935161691456,32.18114659253742,26.709775184320325,16.17459732192176,9.686736754190257,17.018471831086067,11.71984564838389,11.18131170385681,8.460939932473755,10.511807063088128,5.830055038074771,0.02629329726618279,-0.1177548171862943,-0.12407291186721607,-0.004358381245585329,0.0381169369801976,0.12572034695631368,-0.05565870748026787,0.21415922959097694,0.022221294263592577,-0.5483457204550659,-0.26461711065768,0.028798093091892605,-0.018532283497022826,-0.0007316006287451714,21.96913104675292,15.331525614511005,12.702409641812412,11.387792943429973,8.289175715347422,6.1480137813202305,7.521369161448248,6.263057855115007,7.945193944359066,6.196874443249175,7.276804864268432,4.570151702313564,0.010541288638163806,-0.15448513055667945,-0.13086126040263055,-0.04605111520650702,-0.12738744379144204,0.10050526917253635,0.2564321195804131,0.2525986679249666,0.16417282578003586,0.04638003144323128,0.0843229175191403,-0.10936056162791126,-0.0896132711691847,-0.00011700515945752461,19.380424837063668,16.6293331484255,11.822286795953199,10.546878564742968,8.037377390833434,8.254648126818351,7.8176439029496745,6.8420926288685155,9.136948658874584,8.328504332638607,8.397488788435071,5.407221007345108,0.007950981527325153,zero,/content/speechcommands/zero/42beb5eb_nohash_0.wav,testing,5.0,Kitchen.wav
168,-183.77667847017221,44.64621137580138,41.3317545184604,20.18461728433384,13.321650490758701,5.260804213698312,4.603501862868389,7.168831048429485,2.597902801213081,4.610710041592207,1.11872789070186,0.5508048594783996,0.05997907475102693,64.98700310773563,16.087946495085742,25.56822251675371,17.471477558233964,13.456742823998036,5.7306149715898576,4.975004004802132,5.695104925311874,8.356898058526461,13.597028434037512,7.181492393915962,8.35438635391899,0.012805362725306827,2.9761550381861093,-0.5780697676639017,-1.9360812055304915,-0.33930842211713014,-0.23276375580314598,-0.23479507989369353,-0.12978769853455777,-0.22609496351671995,-0.45064546685187,0.3231711861578383,0.2389319829356859,-0.6008794464348459,-0.0002879091808872838,31.999639855395756,8.759806754705288,11.25671276437198,6.663014564303195,5.979536035396976,3.836583573176091,3.2855551392849875,4.235397605201374,5.728069225163227,6.032762283503825,3.310631903018477,4.762918101472563,0.005374152617775103,-1.6463048427328597,-0.1732276528341097,0.18595212313809917,0.2595201449352452,0.3444396639390114,-0.10031660754631637,-0.1647028546898944,0.11028154360624752,0.28507520310842077,0.18838297968226228,0.0504205051303997,-0.23906663990751215,-0.0004014916718006134,35.11767408876363,9.798091695388933,13.098812704654247,6.136030218663478,6.715848247071574,5.041259164325111,4.320813727804553,5.342849547011289,7.243344869674694,6.298701453163261,4.112108154414487,6.178256238772098,0.005187562155786382,zero,/content/speechcommands/zero/e9901cf0_nohash_0.wav,testing,5.0,Kitchen.wav
169,-237.12022525498335,2.54230939028054,23.014351177382306,34.281986734791516,24.095116336347026,-0.09070247655191488,7.67734780157924,12.873459039103224,-0.6688407667570451,1.0117252561803523,6.343917244079717,6.309603055994149,0.07976731390226632,91.37529140472981,50.827500505831495,23.269396043066877,25.58382944477074,7.558853740537672,23.153322640796866,15.45193159562046,11.208987212068495,16.793837454038115,14.143561101600003,9.601949835506536,7.167465427541496,0.0565326581781802,-0.30932257809169045,-0.12714640325793067,-0.2080456898396125,-0.6068731968084821,-0.48468480752287146,-0.03048649227693293,-0.024488565408460825,0.2078260704920635,0.15789142672511605,0.08616892205417225,-0.09525242186950503,-0.14013949593310177,-0.000569063929780837,29.06700608650907,19.815590486439383,14.619004416060047,13.061878609923957,6.010952552411073,7.97906440010607,6.023437523390772,7.353166505126092,6.484969787913859,7.034400715003768,7.423969377246219,3.739137986897252,0.019968136371621422,-0.4837489151509011,0.035506089096487635,0.27834914028264446,0.18432748790925815,0.2498689168305656,0.39315343129459435,0.04475217365135649,-0.035997132435882345,-0.06416198498336989,0.09238770177470203,-0.13313481583253645,0.21132998339436615,0.00012785208721955617,22.361762668116956,16.691375740159284,16.823149735522765,11.518399446446038,7.781225076098472,6.204598672511027,5.880940553431137,9.418285043138797,6.165277723163144,8.171339337778313,9.277959152815715,4.741026929395441,0.017021056751961864,zero,/content/speechcommands/zero/563aa4e6_nohash_2.wav,testing,5.0,Kitchen.wav
170,-276.9546889148753,40.81536910956364,37.64732382731863,26.338012533865786,20.741111257662162,2.476115872538012,1.932979216016991,5.465087974084062,8.798672807198896,8.108792569061244,4.129658442295682,6.786902073405395,0.04602568462723866,55.497697357800654,38.36115088813792,20.3877272910851,18.92953632869149,9.691797652837947,18.307395415487825,20.242420194938205,10.147565276503764,12.5107506290038,9.650616068624151,6.46567603109965,5.3813368663061585,0.014034242162473834,0.3905309740515632,0.08988225138972353,0.06904375556774182,0.1033400935643918,0.0025308864116286283,-0.013331238406343279,0.15507852571617134,0.31459022505753886,0.1225666403907887,-0.12577182869489859,0.059456065101769574,0.11844050071137914,0.0005211331430942782,13.097138741044732,10.558390103179235,11.776074333893478,10.60098855016505,6.532780174442069,8.127389534099933,7.175391381859009,7.04692816561482,6.2425497292288785,4.533028243387321,4.682459335241693,3.6989991073896533,0.004877539272284604,-0.18653388449855204,0.20545774414116072,0.39285057028248266,0.2482437668499294,0.12415496413144342,-0.12372307002645334,-0.03946864373966476,-0.1217822286411474,-0.021309507761957894,0.09759214065772669,-0.19517682999017452,0.008738454701864443,0.0001356640209754308,8.671098635649352,8.86400352760149,12.019218113785284,9.708859000744999,7.263441342654433,8.263292253772656,6.751269570272048,8.662444980762713,5.7094421707389404,4.889110379215909,6.109348774240068,4.450441840621764,0.0031946542143600543,zero,/content/speechcommands/zero/1f653d27_nohash_2.wav,testing,5.0,Kitchen.wav
171,-214.6872228212223,30.00859906158444,48.57003173115255,28.73412223931133,9.675653244325712,-4.829277427294561,-1.5593304371053995,-2.488893216033124,1.6822402759525468,5.4646860533916986,2.1069598292584484,0.85736712040775,0.0550819713389501,59.563108620149606,28.44495320936916,25.384343806887244,33.94248691588483,12.911199781613051,11.480387532731807,11.2118269960948,10.6011791972128,14.374635233031048,15.250780772274009,9.831377428708858,5.7996887194773015,0.027240969059451135,0.8598936243174804,0.20477469736542392,-1.502758866988312,-1.9489066083484634,-0.4147692480921239,0.8912298071686172,0.7216029354786105,0.3660305451786273,0.36118324367646176,0.9799105439847718,1.0268907694655445,0.26351938514307455,-0.0002893570570215102,18.199243609544205,13.874353326646515,13.006314182294991,16.87069995627536,8.539811836012378,6.768747417733289,6.368992306806763,7.650936906641419,6.7668268060814,8.80684682633341,6.91691252744582,3.6414293293795286,0.007730674127696094,0.019758272578346236,-0.0859088537921591,-0.18050654664061902,-0.15990876762506712,0.39913238921257904,0.2955162903108865,0.23464891324780884,0.25552120875074186,0.02285830398725963,0.15240723543571047,0.2566744557186523,-0.024199039620779732,-1.048979659875234e-05,15.506441769712067,12.410884863650464,10.590773215989838,15.59033014035296,9.271921183794635,7.112707128916949,6.841128711429309,8.940771220361821,7.124918042590077,10.562047248465138,7.732492909054496,4.873773887913425,0.005381244393559243,zero,/content/speechcommands/zero/c22d3f18_nohash_4.wav,testing,5.0,Kitchen.wav
172,-199.54655404882396,54.13311728856834,62.376441278025794,7.770938951076722,12.738144124642265,0.7911848286658049,-29.297303687856697,-10.137833983424592,-5.047738706709863,0.027528973643730303,-11.391818718438453,1.6837547977129041,0.1021532672457397,64.45383442277723,64.39540962845692,39.460752651884796,29.685124273013177,22.535865396243434,17.342541448701116,29.93959826926697,18.194309497511814,14.45875494462106,10.282610712251486,14.137844976102105,11.901449835888306,0.04585571607587126,0.040654741940239734,-8.098309575895854e-05,-0.2846861061273304,-0.07313276465246402,0.036909164720875944,0.26673028496003875,0.3258073227910339,0.2644724709897924,0.13154513032395695,0.28953222249079535,0.42862188367581483,0.3314185706558868,0.00038090600602088434,23.924367430829054,21.130057004521507,16.88002506944508,12.935881454381505,10.71851804491232,10.043558091551807,15.349313091964294,8.165629908272708,8.649664027041842,7.050474431168092,6.636701800077838,5.255089935831196,0.012033715378014611,-1.084281292297078,-0.9290799082130172,-0.7637676759755306,-0.32309573249103185,-0.020044427966895147,0.042306785716127254,0.8091267831811935,0.7894237933864988,0.5354567036808593,0.5049032964758775,0.43680011859323614,0.48856347807436157,-0.0004955079406499862,21.181745980728266,16.130030503970804,13.412978720540027,12.424478665947143,11.234263229767665,10.635809081291894,16.45422644198255,6.910194123507293,7.906195993503888,8.360119009321917,6.733099183956905,5.482366592940116,0.006622280046989037,zero,/content/speechcommands/zero/5f814c23_nohash_0.wav,testing,5.0,Kitchen.wav
173,-125.26874997023009,100.38422286440006,-32.69842497932098,-24.564137922033872,1.4461055737680448,7.778471984902543,2.0099131145461464,5.920789936589257,-3.221141209318946,7.1014343413369705,0.27433186874292476,7.331245504101752,0.18332044146955012,92.42562514568716,21.24844889734572,28.566494838896265,9.67444698693433,20.033420198619538,15.438610154306675,11.37542843890561,8.464715200817377,8.098904969239996,7.279179010538166,5.296884516960452,5.060892705167197,0.18479642770106566,2.3666695781474427,1.8905018715168178,-0.7999562554579532,-0.8352582253416118,-0.3471459305178919,-0.4735112152437261,-0.7130481100900725,-0.5520401603531626,-0.21033652641794137,0.21434261718644337,0.35948622415228965,0.13762685564026417,0.005264307019011727,24.90647320612623,8.327013341297711,12.915513516820399,6.723520032425642,7.72470710387268,6.828317982866383,5.845283559004463,4.263709581486346,6.2304783275140565,5.056623590208193,4.0338570838361205,4.239730211612918,0.04933196703908198,-1.4327248018945171,-0.2528581210352248,0.42696246203326876,-0.004666148686165502,0.8028875846229621,0.237216359521136,-0.3591565973507241,0.16550556789652632,0.38129518550512237,0.14189776260360615,0.16430511610246326,0.41108125715066246,-0.003931659406849316,15.140126872252928,10.132068448301096,12.43076968789099,8.23743739926095,7.24047333547496,6.922363878409,5.27708140458444,4.585968014552093,7.36752910727797,6.073834231008589,5.391058454964193,4.3717925154631185,0.02411571683199799,zero,/content/speechcommands/zero/0c40e715_nohash_1.wav,testing,5.0,Kitchen.wav
174,-281.3211818967392,6.382813803861624,53.68046828934847,31.084996002429207,25.882137235025315,17.332279859017355,13.671897357816846,7.440880623689365,6.5057004664329305,6.706367135967209,3.0189533301139253,5.141893134738685,0.04540395305957645,19.986926558034085,12.004634150012818,10.939281214040655,7.991641064179149,3.871874492739572,3.1241054313546823,5.413328401839165,6.115333829343891,5.378202934307288,4.2522055108632895,3.4399032576978867,2.7261202701691123,0.013891780681346543,0.07332606172156103,-0.5239194611514645,-0.18172050692221853,0.08014319585491661,0.28807274265082605,0.06536383181359556,0.11925838086819184,0.002381008792514561,0.2083166305435474,0.07606219801619517,-0.06405396357472735,0.0073653729417070875,0.0005605610147599251,10.196884003118155,6.404032142028708,7.633336510867687,5.671321251578594,2.9206524839273706,2.7425485493747703,3.4902872773843345,3.9656881465816807,3.7447010354765102,3.0736277820901585,3.3265207714702574,2.11124801043036,0.008233166102125487,-0.24877900428037,-0.2576888111094612,-0.09826020211139953,-0.04089089028946618,-0.06760147841571738,-0.14207516541166054,0.03919530681841295,0.14237692164164714,0.26000441825048903,-0.15568005726035844,-0.14206534122012732,-0.10861809106022816,-0.00047305946548779806,11.175524449793723,7.054954946731592,8.092287283245716,6.148411250466281,4.028062909504085,3.4259260632982445,4.8383475953522375,5.77678205851564,5.481217531069577,3.7348559965882693,4.858730164667332,2.687082953563526,0.006284717853222017,zero,/content/speechcommands/zero/6e916de8_nohash_0.wav,testing,5.0,Kitchen.wav
175,-230.90648066679609,59.258893940078295,29.50129814230596,24.791480642716998,19.26535504435005,-6.824774070060377,-5.361226868471217,4.837232905976561,6.1776825747266875,9.896815641523958,4.3766326846174355,3.0575559443454767,0.08027501951437443,81.34623396847158,44.159261025395054,35.180962896847106,15.991080451295698,9.246381860451113,15.851712549539139,13.021982590570452,8.45004702528235,10.435904956094184,7.499355095090616,8.852284101586795,8.099989204061302,0.05455223080706269,-1.2793450292940944,-0.8554920748424638,-0.13852716799984974,-0.24225799292144454,-0.20384733350784467,-0.07774216130742423,0.028545790851005993,-0.04069079355496005,-0.10362744981373902,0.019599660821233482,-0.32635224151616377,0.045824022593538724,0.0003580890235400969,23.661065465954547,17.266339358592916,15.889213868899844,9.664834805486057,6.613147514453253,6.891650272446142,6.161326405058446,5.547626477228285,5.970052806152859,5.907164246660241,4.879836725599002,6.369356070202218,0.014553587555419181,-0.2874541323243515,-0.3229771462392737,-0.043364998156834623,0.010133554185180435,0.0970285370180117,-0.06395903396854082,-0.10649169770991623,0.07366714608381078,0.13536723498100894,0.16172830503276783,0.0063642932979927885,0.1761235101974794,-0.00013523368785778683,18.463931022858638,14.73145056508766,12.697332610899428,10.190058593243778,7.605729788087714,7.220117330446255,7.01237548212651,6.9837833181214615,6.571444344389761,7.626612374663882,4.95245582056525,7.005442256848512,0.010175471474306507,zero,/content/speechcommands/zero/b83c1acf_nohash_2.wav,testing,5.0,Kitchen.wav
176,-232.7655341497927,64.43826968989327,14.35006002795686,10.405918024832818,12.050863208871426,5.636331983492729,-3.234696783939718,-5.174952296342907,2.1044161220529953,8.855207312433265,4.698191028818201,3.7732820095969504,0.07796406041597947,68.37917645143153,32.046795522735245,21.25033685439841,17.300352144779925,8.627732380346549,9.453700155027127,15.604906690749715,9.585013122072422,10.984285821391701,6.808290519881351,4.198177223929263,4.50974999773491,0.0566317161310953,0.5079057890609439,0.5674389828547767,0.11630814113656282,-0.10887526252294505,-0.09981936833801654,-0.48142001430095654,-0.17703962330828438,0.026795957952364273,-0.056640944650894545,-0.03204003301557852,0.09118577046422871,-0.18443396718684188,0.0001503135408124616,23.70112751271755,15.38591310085512,9.761762071426176,10.639269668710941,6.95530466424033,5.507445864767911,6.313875258919475,6.5277944102128815,7.208153916897951,6.153430535267635,4.640035954343068,4.181812583382021,0.020155786426457524,-1.0482684977794643,-0.5256609078382851,0.405049517548992,0.3853338419808357,0.6136045484851843,0.2395619645659929,0.044306151398194236,0.26277358009167223,0.3775449178452395,0.23240781369462732,0.260921601110556,-0.024651858831956433,-0.0004948132981856664,18.086853922410988,14.981252610692975,9.642650629784043,10.623650442481104,7.563598243098384,7.435364762025178,5.648382039618661,8.326365128708714,7.42805598925753,8.208369306391496,6.565415759463464,5.441773504693452,0.013526286587500347,zero,/content/speechcommands/zero/af7a8296_nohash_0.wav,testing,5.0,Kitchen.wav
177,-274.7353774118062,10.420658782317933,40.45120861855968,21.468622434983963,18.033222999715004,5.661793088797174,4.877953184391117,7.386426219993178,6.907369519982136,5.325914062241,3.730181171249664,9.886304014467164,0.038064664346165955,39.66053758012207,27.5896665312273,17.37159578397589,22.267717999887704,14.850176674898437,12.494177822428545,13.303769572497355,9.644475935459845,6.304362426090405,7.159003838628983,6.368582953418566,4.998768304935464,0.017132120594808554,-0.23108447265464027,-0.5367426821240316,-0.22530849597050986,-0.32823527448440204,-0.4978022300238359,-0.20469944861646364,-0.04423208484274928,-0.12169152222106305,-0.08329269172951619,-0.04192926021388073,0.02050082340805404,-0.007976027446705471,-0.0010013150411748116,12.99195228705519,9.382927941165494,7.695738525444705,8.397854985003667,5.329584019686019,6.712452109267773,5.315931133529889,4.20523868322492,4.413064190394094,4.13188345006917,3.8564973580589355,2.901504719633878,0.007393354448175383,-0.7292055413736535,-0.7821252660317336,-0.21111587362407935,-0.11620924321463093,0.1534449701859716,0.05653624811036829,0.12756915435628938,0.2341499021363833,0.3350789557695976,0.23368905547384625,0.06122301411812619,-0.04866967109388805,6.797773142655691e-05,9.868305402705088,7.517901019256642,6.425652338254351,6.613661053942727,4.692682712614053,6.207787350184829,5.512792861471145,3.4843242516416355,5.868616206453586,4.409697033827371,4.593811243112382,3.474972126549704,0.0054750200313426756,zero,/content/speechcommands/zero/7dc95912_nohash_0.wav,testing,5.0,Kitchen.wav
178,-208.9356965225248,61.52181049949849,49.57316065064424,9.58123950520969,-1.806517843976778,-4.158327391013714,-4.920332643519733,2.465843082336522,-1.6044109819436587,-2.3948592087291933,-1.2486837458522766,0.8988403047060951,0.10219693928956985,75.49089332643804,57.324407200401694,23.209418216774846,24.336667793331216,15.975794374762726,11.90477311756452,15.54736773008896,14.443638662774772,12.362350303350967,14.86795515926659,11.330834788645237,7.599387394592513,0.07390303970529596,-2.213155022610446,-1.8812089899211168,-0.32163141970999715,1.0883040135090736,0.8597848444566979,0.14559399929052902,0.4368607905116768,0.6855095917669165,0.7879929962300066,0.3055344304623921,0.029478086082043487,0.24758951485108366,0.0004879207981209601,23.267529783193112,21.483273579316243,13.322263869645878,12.843035474018123,9.959292935949781,6.844883204714054,8.166113233041274,6.460425248770111,6.976760212927338,7.576088184352488,6.555424590734421,4.010492220307804,0.019837820003461962,0.2613005796382036,0.2358580179975932,0.03559912664808008,0.2062961771089657,0.44735291581556635,0.29703109740288347,0.2147329191838584,0.06468014478770018,-0.09897750718942801,-0.10261614046686016,-0.1826986762949149,0.061095333290112804,-3.061561534802119e-05,20.38470793999671,19.719647485124348,14.529149189650143,13.205437347969097,11.934951014579575,7.279333140894937,9.632083077765552,6.880090610325277,7.380509642693433,7.60494830535147,7.46065627156517,4.5240371683092855,0.012951094245428793,zero,/content/speechcommands/zero/ffb86d3c_nohash_0.wav,testing,5.0,Kitchen.wav
179,-276.6645442289297,27.67358192611757,44.3311542292405,17.34615835139036,22.18890258676015,12.813178612319557,7.075313333010459,4.952316935191313,6.8176548140420525,5.54428209115602,4.998812268644652,9.439409065436205,0.04073903150856495,50.31662641176355,38.05471439465365,14.487451086824073,21.45186860482101,12.969066266738407,8.549375850102269,13.820465626975471,14.108252100792079,6.376215045819573,8.167840917410897,6.969386358756052,5.799182715661834,0.01382410225581738,-0.5644012654503873,-0.7606640898569733,-0.7443112928277251,-0.21633052237469397,-0.09321706762415856,-0.10327350762020114,0.042006661281520745,0.067645241172458,0.30308907242407224,0.2546568843627159,0.08986601776177575,0.2609572602413698,-0.0011574220993826466,12.331414905377635,10.854294443401345,7.518940430340905,7.439769390438492,5.7679344853958465,6.125349968945596,6.092645046827947,5.118086510565286,4.19704033403749,5.3286598298882755,3.7616056314576136,3.8926900924990946,0.006357086346367506,-0.5583698251237782,-0.3266907776550646,0.007232464826752268,0.05682034703868458,0.2819346128528147,0.20947908999209303,-0.06414372809786209,0.019804401608895184,0.37533159626766327,0.10805863848321738,0.1730211968113315,0.11855415922189204,0.00024012600382169089,8.76441709231991,7.2836672608849735,8.160494821865722,5.990971942029328,6.148674456497857,6.164139145498007,6.4257155762658495,4.90198403223137,4.942473724014173,5.564430633667083,3.6500379293319924,4.638387695531468,0.00423217973144042,zero,/content/speechcommands/zero/0ea0e2f4_nohash_1.wav,testing,5.0,Kitchen.wav
180,-216.3748760612165,54.14991378594038,53.869767990195854,30.966022957480355,27.561536623822246,8.127072685051184,-2.132547238467805,5.810112151107784,4.514235998753311,2.3769606446604232,-1.649192802417555,5.3683694714144545,0.04339593917131424,36.73376680974092,23.307979171393356,19.225744880346817,14.544258880867034,8.729109794204652,12.37908075477966,14.32697826383508,5.034428473745819,5.725228535284414,5.650545882576539,6.448497043653277,4.677798114897126,0.011897874530650644,1.0827022463605722,1.0708105875878278,0.6044238965853262,-0.366760524117967,-0.6721972459483273,-0.19006326324754644,-0.40121985952718253,-0.21988831840479306,0.11836211695270411,-0.08395881367092757,-0.3260398590088002,-0.5480167296854906,-0.0006739205370346705,14.89847016890151,13.538776297263045,11.499054432192237,7.289585047333971,5.929599609994923,6.702909670024718,7.144992454492038,4.920233946060914,4.1895008301408,4.714516959311957,4.591135599184407,4.343188775919821,0.006068376690399396,-1.0617156853963698,-1.2516316335221258,-0.6309595462627244,-0.2722708712781432,-0.03254063362532965,0.5240738334442068,0.041020774870586786,0.0070963991136511915,0.06534463863181116,0.18188131652471698,0.1447487844392673,-0.15717463488746664,-0.00022674246650675067,11.388493502964,13.159765987535891,10.69615569805126,7.081473638574876,6.867937457453336,6.991622189134996,6.672122261579501,7.122364258496084,5.082126218339023,5.482831470893685,4.739117698522392,4.885442252751386,0.00619265304585458,zero,/content/speechcommands/zero/9d171fee_nohash_1.wav,testing,5.0,Kitchen.wav
181,-242.9074151031539,23.187784888494605,30.625270872295797,10.583774069767463,20.292900844670882,3.6534105706633677,6.670591173024774,8.8981334892223,6.183516250408097,6.443733798791961,5.081398540485342,2.8626603043649865,0.05302266025682911,71.19529204287363,43.98468776966234,33.43535307948926,23.790803474429545,8.752159776459196,14.766286960330808,13.11886936443769,5.800994321474311,9.458659540672869,8.688190156690782,5.622056484462811,8.18781740271757,0.025445176721284667,-0.4065344315656144,-0.32592266852123425,-0.41685669001393416,-0.1417178571485875,-0.1626988975748566,-0.13808264076809476,0.20671845759361884,-0.03901105636571319,0.008195310936382092,-0.09191731616458164,-0.08776042343705144,-0.07844561811120128,-0.00019269094111457947,18.27916964472694,12.255903865016531,13.630231684358417,11.566975438287482,5.590629618831291,8.480159214164562,5.728358330901375,6.051830518586133,6.213488162372877,6.110209282883363,4.03992583123932,5.122484259081743,0.00788538277280943,-0.20120350983619156,-0.10919741094053327,-0.18292599862782108,-0.01960250935195423,-0.1384652015359513,0.052667997283395176,0.026966454779776505,-0.09029959838791275,0.1567841514825616,-0.013609303883875927,-0.06255995639156474,-0.11707535893470089,0.00014028412600358326,11.605498604563111,10.493290704104334,12.844327175517884,10.998893757699834,7.021896784484331,8.723647587840002,6.710224394307235,7.817374908059372,7.664494579493423,7.239944584635486,5.358013890115726,5.88886898464088,0.0047660117314640114,zero,/content/speechcommands/zero/1f3bece8_nohash_2.wav,testing,5.0,Kitchen.wav
182,-230.58601844562247,35.04283857522607,11.11091327007049,13.370386838657712,12.796630536467838,-3.135649530654753,3.1406716215278787,8.865524099932507,2.730806942911449,-0.6853557943477512,1.276274341106642,7.332155659516966,0.0836162029299885,75.03890301841794,39.77229848788619,25.026542556862285,20.931070884354142,14.065331538025953,18.518775805170723,16.362486123595957,8.432787932843448,11.69947264259389,9.176841599215308,9.871722735187475,4.80018997816481,0.06039631707002265,1.121577708445509,1.234534822488737,-0.027502549137408887,-0.8747273968601615,-1.1890848452169258,-0.7859646011824492,0.054861701604510774,0.3558205241942349,0.4962123120247713,0.3463695511574452,-0.006278603040736864,0.09950410098033434,0.0011357047384785068,26.577688885111527,13.996179947824217,13.549078798499158,8.747389250642284,8.581279880268731,9.308039552007717,8.00872435169781,4.49510692849803,6.355294268694015,5.192274775921103,6.271186619420107,3.3826020895486226,0.020809675201397093,0.5058376230010178,0.2910004323362764,-0.08169225485610691,-0.38918493110453306,-0.11901772704404502,-0.19967877328553837,-0.1654068570857819,0.07401967916148895,-0.017844526791078272,-0.07256165983852571,-0.08058523932853887,-0.20721736382156722,1.9459612667560576e-05,21.651975648573703,14.365277309837694,13.865751887156975,7.277807676363887,8.099911988098546,10.837542616484992,9.665208653755478,5.436223811064886,5.872515496951963,6.320059458700808,6.010218963282201,4.186438519577561,0.018803932548797715,zero,/content/speechcommands/zero/692a88e6_nohash_3.wav,testing,5.0,Kitchen.wav
183,-207.3313239541866,26.344172052122303,28.795939926467575,27.80693161174578,12.922341716238614,-7.686731192900021,0.5496679038724841,10.75403334967789,6.0862866250518,-0.7375859546274421,-2.1330501638611947,0.6420684862316383,0.07204589952016249,79.67710025399995,35.98561178412571,33.369917857948074,30.93820830586671,12.408668447709735,21.90745503142935,12.990074750740021,9.342035386336274,12.99673670643887,8.447851976156672,6.4820970918570415,8.702819997483738,0.05865019845571138,0.053938961348416296,-0.23278584411116826,-0.018533399746739943,-0.04728652145520928,-0.22760776670394905,-0.07387489403241189,-0.08879445875727587,0.05027827306461972,0.1066567058518396,0.09267243033360416,-0.34759662379177036,0.17103953056143012,0.0002946398791766936,21.619221314390707,13.816321845767098,12.577523348497621,16.005826986108016,8.819270718431605,10.2769602162759,6.794908339984317,6.842909259177354,7.828148128253917,4.808034105547289,4.756110782874766,5.665631548810648,0.022315835566404034,-0.43376308227237437,-0.14776970877096526,0.015295227209119371,0.20518633952073853,0.24360163029099477,0.1383389590315188,-0.2511740999321758,-0.21933687221122078,0.05714882711857771,0.0554559334785283,0.18963913239407645,0.23481611946333167,-0.00018951784198482832,15.133496098394666,12.385070747061391,11.849088272882774,14.968801988784548,8.764654082561213,11.230093668621894,7.590398465603668,7.46921689676478,9.588956619294548,6.48973445554449,6.007057849511293,6.525413866225315,0.018443740264351704,zero,/content/speechcommands/zero/9a356ab9_nohash_3.wav,testing,5.0,Kitchen.wav
184,-221.08893346900032,62.48095085810591,41.06373265786773,25.109400093902025,12.434679282941792,1.5577140274565369,-3.4386603327496763,-2.096849535457463,-4.324485825862055,-8.428997482769617,-7.970046594958695,5.140633571300871,0.09502519242232665,64.83299097287306,48.822643851808955,23.17507743439094,28.87242825206288,11.710261016924441,10.20871989699754,9.918645531314988,11.272552942613965,13.230348518551658,11.338967081126182,11.201521908089829,8.22115367024238,0.058134252403705414,1.2284411243729394,0.7431296521034433,0.14644260568337517,-0.26243575885072157,-0.01706798318589608,0.035826138871739334,-0.3366373619593144,-0.2111521549290982,-0.3021358814566761,-0.3803325000960788,-0.24236017049958275,-0.18364668467326997,0.0001930784914762743,16.613785252029615,12.246266546037267,11.624515856067536,11.619177545682218,6.208788111279975,4.869256167908307,5.479500145055281,5.113849540947241,7.289625990907583,4.1563818002396475,4.571850769316552,4.340218723247812,0.014268769699474663,-0.6861852901524155,-0.4411332783598493,-0.34294659832596397,-0.2008785948029983,0.04241560841271331,0.18576365621419771,0.15223559977512308,0.40367306638336103,0.1368344645471338,-0.06591941872586013,0.08846931016064988,0.03577696991820792,-8.874442428350449e-05,14.823143540439338,9.804789378606982,10.461583934123423,8.214587534617355,6.712970401795337,5.4034965274095415,5.822542227504431,6.223726400107376,5.943472492881929,4.2003347320759215,5.062648770299294,5.137296814138461,0.008476191971382377,zero,/content/speechcommands/zero/b49caed3_nohash_0.wav,testing,5.0,Kitchen.wav
185,-266.88113934675465,-7.713881391101891,33.33033437249742,31.846458114913254,19.23638417390234,15.112760920334694,12.018817129835172,8.213954053781125,8.91725542534758,6.660342216304863,4.028929437481014,5.933564788853393,0.05541797052137554,79.51879025488563,43.25833321016032,18.089480801460894,18.522959324935332,11.808598777123702,8.30626302310745,8.916203295160358,11.355700323999997,7.233379166778445,4.980228364570113,5.238056108736007,7.5335748116107535,0.02114915435301807,0.0819240568688997,0.11910337692884763,0.0001991507452773032,-0.06984565529101333,0.0059273952572685435,-0.13267895064325114,-0.026854208718045097,0.008392963300486424,-0.05038070638253345,0.32444943993182707,0.1346141349043837,-0.05871868684886693,0.0007092822943964313,27.580326069885675,15.794218580117208,12.165626812779124,11.360499820931564,10.031995609685216,6.651865240980493,5.404117048233123,5.903184228010467,4.418374078860095,3.7599706042114702,4.071699364669036,4.953863099768941,0.009565692966891878,-0.38916659330462455,0.10291329646851217,0.4573210276046903,-0.028245878691725915,0.08465857459214685,0.09536596931134671,0.19709524261266279,0.04493307450607909,-0.020415044768515796,-0.10832402269064,0.06247980748687961,0.18262796334535858,-0.0001769499232371648,18.96312493794202,11.768069317390621,13.091762586743704,10.809360560251623,10.287376064519483,7.715615221347266,6.955737098351919,6.2288608345596135,5.358289570856772,4.980637834625101,4.951297434756799,6.072010124650591,0.007416547021814497,zero,/content/speechcommands/zero/37dca74f_nohash_4.wav,testing,5.0,Kitchen.wav
186,-262.41030841981205,42.70165098874244,29.318614331434926,21.857751993652634,19.742483798712428,8.767862951278826,1.5871121890410285,-1.6712470281422414,-0.4500297088637819,1.883055080465024,3.264131979083367,9.714758067069212,0.05608392012072727,78.1695394604148,51.395215939390766,26.652016449395813,24.227395158607198,14.659326707076639,15.341076121099626,15.496336148290322,15.424309559840287,9.893288476115979,7.210786519251749,10.705746853289131,9.765067441687133,0.039225394240623955,-0.12437723415920418,-0.060471918963709924,-0.09347860988969967,-0.017570610559343527,-2.4646586078989135e-06,-0.11255173944995173,-0.22242703905301783,-0.13506685626901913,0.1403891249089127,0.07115812889381028,-0.07534349388263853,0.19891622664445893,-0.0002754172009806479,21.65478406924665,14.515741725151408,12.24141057842918,11.452795908865037,7.826780148655542,9.204911512853771,6.215251882729101,6.115930322281938,4.178315362596813,4.364019773343868,7.343445997595464,4.7388011390767675,0.010853091413287243,-0.3434649521238517,-0.2681592488854233,0.13924683508213795,0.1466175955719901,0.04544140036338374,0.0666146096482377,-0.11722301508638727,-0.052547150790750764,0.024360693145543462,-0.14538650966689534,0.03031520285463043,0.13324887136941488,-2.6055239140987395e-05,16.96591168498714,11.643920055950169,11.091304956819013,10.240410570621524,9.848658653482035,10.12537067080874,6.010163536333617,6.7138326911482675,4.962882617005829,5.534958741012827,8.058521511181587,5.466402226246171,0.005410611448057321,zero,/content/speechcommands/zero/d9e9f554_nohash_0.wav,testing,5.0,Kitchen.wav
187,-236.33987768732771,47.006031927154325,51.7703656492977,16.645721734026115,8.748081105155926,1.2565757465065337,6.323483335321702,0.1952258415548977,1.2726607831857035,5.477570688483799,2.635768352198364,3.6469135493110505,0.08415870205499232,76.04171549202403,58.18427797583789,23.471319954339243,27.306343514115838,16.628080830296746,12.167171462792881,14.923752956400298,16.99994662311884,13.02845360414591,9.652720602847277,9.506170481936813,6.950794000929839,0.07210858872448009,-0.11230927791597416,0.08994233574877496,-0.1342315952035619,-0.4800751780498425,-0.39268369905615896,-0.10609149240749473,0.16423989713963508,0.44832572835664125,-0.022891372353682233,-0.02756631650294649,0.17161139650609514,0.09478235971588263,-0.0013359657699061978,20.395042407539613,15.69916794881905,11.948443587217008,11.710979802922623,6.932992790546343,6.7936866452556375,7.5166050493974845,6.115255527918244,5.5490422721741846,6.151102539901044,6.136896202336232,5.424194833708128,0.02717373658375942,-0.22242105435081877,-0.015694635407918156,0.13159841500122138,0.25418365056493425,0.17015707734194951,-0.20471010573104154,-0.1024834731958658,-0.01823981277820647,0.07702206239457793,0.08751152649532207,-0.01625141861551791,0.2215768259304668,1.79398184021314e-05,13.189888160692108,10.731691087200472,9.652158832427567,8.584117399697316,6.109680945573698,7.588426660806487,6.670654299915109,5.578409533621736,5.8996769649815946,6.315619004357103,5.722296772332208,6.56439313392478,0.027486493824445672,zero,/content/speechcommands/zero/d0faf7e4_nohash_4.wav,testing,5.0,Kitchen.wav
188,-257.99012684761954,41.68470344467575,25.375774167739774,14.990996245093877,23.09017403348892,10.316492951873775,2.929867068006026,5.507001934594881,1.9108812981244288,6.8400641055538065,4.618521743310588,7.464392612789386,0.052960514301253904,74.40893703604884,50.77327416566683,21.908781038007973,25.93787324726147,15.077105562802876,9.926823134243751,16.289774119110305,13.241672397106134,9.50343556077472,6.657673731832606,9.79749124888979,6.822575155629839,0.022406043863605066,0.6662940837697079,0.14310148447759155,-0.0026568467919889354,-0.09600481187018156,-0.18171548302166893,-0.005893389135267846,0.03599750497983122,-0.20740440715944738,-0.21862066704754407,-0.14138064189572053,-0.05014157938160209,0.16200680907678258,-0.00031001816193262737,21.156985400951115,15.302997065732868,9.892429094656558,13.461045427329044,9.556911944146108,8.91045397691624,6.50705937876852,7.0624358839370185,6.006089486602212,5.329254085204467,5.401161555008608,4.31360476816014,0.008604315171812439,-0.49498324206142724,-0.3533312732330018,-0.19624927323880312,-0.340392959983262,-0.14674662489011975,-0.16231682667980196,0.0679647698278081,0.06535825342869196,-0.15543011893675351,-0.11115849919471414,-0.10748699124344682,0.01986249193228189,-0.0003738288992437823,15.743066281150423,13.016019223075158,8.790691851893977,13.149899831200015,10.709280146694281,9.775644977619919,7.230237549853813,6.893456264956812,7.375383991916534,6.454652037120014,5.2203706903619675,5.186281658744151,0.005829087936827279,zero,/content/speechcommands/zero/5ff3f9a1_nohash_0.wav,testing,5.0,Kitchen.wav
189,-223.71854268100003,68.07850704818709,51.30093759330859,8.479520390325813,1.6267559547871298,-3.0666679782562394,3.5366004765736188,2.7782859749995152,-1.1806233028709943,2.837751361445785,2.3327448051783306,6.533273350510312,0.1102395597845316,68.98345915951944,55.307362046897154,22.77165869667203,29.447803469406317,23.234234251532367,14.256324468741079,10.792424263195183,12.788838634045684,11.721367359012987,5.865325143823515,5.482641776763365,6.401228022419177,0.10489141168652799,0.5333075642929231,0.4060693412421344,-0.26751352345411844,-0.5418457981815451,-0.5628001389884765,-0.201343774855863,0.08717442797738985,0.029333219484503795,-0.12312533085716944,-0.23474157105098303,-0.20758618010254276,-0.11461694509829548,-0.0004117615641124787,16.080445947043774,14.611256540930817,11.471825756598376,12.281387183055914,8.381434319190598,8.238336087343152,6.269225339920899,6.324111826173379,4.5954286377768465,3.9816476925742497,4.479997756281934,3.6503869177077495,0.03110612288600999,-0.28590788236541775,-0.15339946995589937,-0.0034852498231417784,-0.04922123925082822,0.032671316127583075,0.19245356282367249,-0.05794845505850539,0.019494804268970968,0.20947206844265073,0.10077717737211117,-0.04246831590906964,0.011835808521341355,0.00016690175980329513,8.818506581169279,9.716536462037109,10.20566577875673,10.066976838729751,7.420621073513541,8.990299482815345,7.347699824441762,7.5262959143734935,5.275388183507419,5.524431690725217,6.117606809080463,3.452346033238357,0.02115012182630347,zero,/content/speechcommands/zero/d0faf7e4_nohash_0.wav,testing,5.0,Kitchen.wav
190,-245.00526150748072,7.368275817943173,21.40226718286,43.438291307594824,19.09531401722551,10.394852016290391,6.290347943694387,2.502155149065204,-0.2537282511731793,-3.1779306377787977,1.609141971144272,3.87520730269911,0.07125595962861553,106.18130271283474,38.66436384127761,32.09033370925412,31.275268690395826,10.831688758711914,21.226579659984,13.10305207659475,16.592507417812545,10.858392951672725,15.294320984426099,7.672648356679547,7.646580062476226,0.06757181086423623,0.00031034138445860547,-0.5660296069371643,-1.1079658107959736,-0.7839812647932958,-0.43679187474846926,-0.14335854227711,-0.0686906196596507,0.18227980406518596,0.3768502164739088,0.5381455813794692,0.5246908771575537,0.8072395442391316,0.0006036424348431249,32.195816820959216,16.11040398962245,13.458927681681713,11.432977435030086,7.20096317410406,12.059263447031435,8.761390126536202,7.9599051202517375,5.530367587908773,6.709997640213471,4.898165844669023,4.435755993710527,0.02243118995097176,-0.17441553848011063,0.15825720116747657,0.24516536410111414,0.17439980314274534,0.2739000578342221,0.16750024875737418,0.5004307985075754,0.14811944849552328,-0.18668064514134783,-0.5107472492183445,-0.19563421925590865,-0.1344928469191008,-8.814223110675812e-06,20.600154049907594,11.377966785863991,10.896517966565193,8.297851717450836,8.926642086199129,11.68678197320553,11.144485867462354,8.066295283828097,5.709443121971485,7.704455114935095,5.95360889570014,5.362950407605899,0.014887229069736496,zero,/content/speechcommands/zero/cd85758f_nohash_1.wav,testing,5.0,Kitchen.wav
191,-261.10782940406125,16.379405169849242,19.210243033842392,16.233271123552292,17.146186872321167,7.3405045346280104,7.476065969868722,9.59107047261016,5.036524390974074,1.7511353376322005,2.671114429144103,6.8877649922876385,0.030398714705370367,40.55548477334793,26.24880732906458,23.38855075663948,21.931530694559914,10.890854782736637,9.038849497307746,12.353419489111012,7.649374399085744,11.541268681369502,8.456587812703964,6.835549574831699,3.8219924747492557,0.010330835276690698,0.18733520666028786,0.47519042045397114,0.06637110343595601,-0.38373943337174066,-0.30552974198774174,-0.4313870041684701,-0.2469466763712082,0.167367927594722,0.09656240484443562,0.1646345500464984,-0.08753248270259045,-0.45795660248776154,-0.0005044193878289192,14.553296574877955,11.278067172348173,10.778631040028444,10.555645354421012,6.984621250903008,5.908396099381425,6.5736205727352255,4.0262455850083025,6.634708137443614,6.780466440159767,5.316554040761665,3.140825824434604,0.004032289385261672,-0.28852597440986566,-0.1368990059220065,0.5101028542297289,0.32358125596908033,0.14575560065636697,0.1293612186693408,-0.14449411782196353,-0.05544100427376091,-0.05662487989208482,-0.28452399758855573,0.0060209756750136435,0.10560828558812504,-0.00010575788716475169,14.86600599533545,10.139107376476074,10.379080949658466,9.246157919510969,7.629630564040176,6.766701999319756,7.859384363175794,4.877203012257368,7.332642028797472,7.872389230847457,6.00013712468273,3.632507953776567,0.002839932660082012,zero,/content/speechcommands/zero/022cd682_nohash_0.wav,testing,5.0,Kitchen.wav
192,-203.74434783775166,41.88325737070305,55.04773467523543,12.63594752628563,8.589524501077577,5.734982675237858,-17.732853471934995,-13.374056240850642,-5.754256923095401,-0.8523735146530103,-10.312061218918583,5.627230842731056,0.10385622031753883,79.75739479597354,72.77334493525437,25.91532854804631,29.709746138696435,14.65652280790402,14.077111851466045,24.506825438038298,19.646459713685598,12.143900726575467,9.385145392852198,13.222583519121883,10.03635524977552,0.06790672004836829,-0.03854642282176208,-0.33744845712227745,-0.54400981165532,-0.06460199362623469,-0.07626294560624833,-0.0014708452548134,-0.2570387966629987,-0.4016092600007747,-0.2668564158223953,0.026690696227640625,-0.02691269468302127,0.04310995349820819,-1.1296041550174837e-05,25.206712101533405,24.132290367514887,11.982732725595193,10.749363800529444,7.354858561918531,6.402101467564769,12.129749308372315,9.19309228512297,6.867792124657002,6.292502877541241,6.133097265138809,6.4148836767882935,0.01843100054483917,-0.35923806781087253,-0.06558129359167104,0.17366164251576965,0.06273507322501727,-0.09103154773588523,0.0863543781061999,0.15202187675357498,0.2967442941830472,0.25867831233009597,-0.04461969564109498,0.0021142483086933634,-0.011493050440103226,5.0650909543037415e-05,22.407558453639993,21.376687923610916,12.030716492012738,10.02175204897476,7.920964412256868,5.849178686927168,13.313989881418644,10.470436463882299,8.793759796442577,8.16771452096065,7.1004335382866195,7.159867770369008,0.012348854928048655,zero,/content/speechcommands/zero/5f814c23_nohash_1.wav,testing,5.0,Kitchen.wav
193,-287.50072713236244,19.183030117363465,29.165456395707025,20.772295775800856,19.69770197872644,11.460006678401433,7.295947144749811,4.602137770524299,5.872221764071268,7.092863453833425,7.329151627910651,9.043538944686606,0.028388218430336565,22.111309420358612,20.80316378832159,9.728097254031134,11.83032072784671,8.81305835644053,4.752667117019453,11.420889333614113,12.24802909724865,8.24126651278918,6.6235329634011855,6.683029339250419,4.894580089682237,0.00605536784759101,0.6192799714443599,0.32013977591074,-0.2369879449500845,-0.46528306727938135,-0.18223006392593946,0.18693594581639592,-0.016267248093017904,0.11055594648119034,0.23411431697607585,0.0477574751632691,-0.021915494911229152,-0.20033706526738193,-5.140894603344702e-05,7.955944479394936,5.888999591724511,6.092215214840605,4.075606608446044,4.107804507087989,4.133110889008095,4.963642956804709,4.11874245077729,4.648244397200865,4.33008260998402,3.8916287588688694,2.588725247063348,0.00254273772844076,-0.593085442067354,-0.10748231532222352,0.33328710576075316,0.2970183629875021,0.14851109712312285,0.017972692506608882,-0.044133991456013266,-0.009799589455915391,0.16805754939798903,0.006608218637490755,0.17132766014940076,0.16089870737278758,-1.0501034557819366e-05,8.8770675117353,5.200393645294388,7.570467666935416,5.075824507814137,5.230843920336406,5.285188516767089,5.073478309924891,4.203142688712852,5.458814360931037,5.083925968780515,4.6156343100331405,2.8127211150759943,0.0024577436992355498,zero,/content/speechcommands/zero/f5496439_nohash_0.wav,testing,5.0,Kitchen.wav
194,-221.96749522815404,64.84849785554155,52.5294640298378,9.218016901235375,-0.10816143461811378,-4.3198013027434525,5.455295370098909,1.9795201150273667,-0.8898206622376461,2.5451699407053017,3.7402815797011053,6.645582387846272,0.09462716081179678,70.49740122310314,55.65265153860156,23.953256766865106,26.395261040325735,17.767720842941397,11.921302138813886,12.133222880495461,14.416101486943454,11.427046164732253,8.421521445588485,9.19056158250659,6.655727839773414,0.078506413243482,-0.27527936204551995,-0.008606741546253498,0.3503851743388283,0.6619187008176788,0.3815129765173087,0.06446483291547558,-0.422338211561784,-0.16188002289554487,0.12231568235299958,0.04790897430253152,-0.11375718312468738,-0.15398414539021793,-0.0003216038307835979,17.429508842654638,14.168373791628976,12.139182637643712,12.922099602437592,8.5909840047718,7.562438154184513,7.656613983295192,5.674480408670241,5.422721464298283,6.447618369282685,6.104910995529899,4.998886117069301,0.026980120652001983,-0.5012180624769277,-0.10669890090117659,0.14822930703371828,0.05069873900835091,0.09474495689650038,0.05308680539787633,0.2753389841420655,0.33469202014893085,0.06175029742635729,0.00936037928849241,0.12847463702586623,0.09070060193827659,-0.00019558419783910114,8.314671719867636,8.611352567810147,11.014671939074885,9.865065522628814,8.042397553599628,8.102495708914171,8.55314724394788,5.086111803868257,6.77890321745543,7.821771193294476,6.591872935850174,6.267875007805288,0.028097948229765028,zero,/content/speechcommands/zero/d0faf7e4_nohash_2.wav,testing,5.0,Kitchen.wav
195,-203.6981350515716,19.267960671333093,20.558737397157522,19.282345146600875,10.863483409720045,9.037944900452423,2.947234747535534,5.6917989144546635,13.467738129046895,6.9601885119017135,5.137396624743499,12.377009467925252,0.09385972085874528,94.85093067551176,42.51617344371756,49.68988910442506,31.467230223764325,19.98043123847489,10.447260098136274,13.003658124703133,15.270607772426166,11.540371706000247,9.859974966735596,7.584783417657882,5.085634108758911,0.07970098681965584,-0.08733400216240005,0.035155573147113546,0.005246876244684938,-0.2575465465093965,-0.2108247748796101,-0.24255526876559644,-0.13819467366304447,0.13767693289862648,-0.025869451407375163,-0.07340325228940522,0.12495940169712529,-0.03014241722229601,0.0001699724384853917,30.717208766122127,14.562200698792685,19.663548640659823,19.022876122058236,11.805854549067446,8.30051178157301,6.396584893897312,6.558788361792958,8.103699356181917,6.574599566339464,5.218129496000846,4.482537587708979,0.024626239123570492,-0.5391940523485684,-0.1685797621351058,-0.0758771743364792,-0.09227819679703066,-0.020361150959031942,-0.08443623733551704,0.02551493493222523,0.14673252771635703,-0.004729119354990866,0.07709885216908928,0.02862915245653319,0.06820095303501615,1.2128738065560659e-05,27.07026245741811,12.044858018065721,17.2359554162667,17.07260791143816,11.51067250785272,8.89226705073758,7.606056980130707,7.340922405105264,8.884777749171741,6.59581160808755,6.202709778428862,6.174368274569134,0.01850357635349841,zero,/content/speechcommands/zero/2796ac50_nohash_0.wav,testing,5.0,Kitchen.wav
196,-239.39347032405306,34.31781588028275,48.91988755258022,29.886965922183137,23.425171758458255,-0.5843534843652003,4.298115733452896,6.55805979809808,-1.715475014744073,0.21970558699140208,0.17218056196292986,2.0829384995879057,0.06805720378179103,69.1307163118513,45.99739120909069,32.21076184124416,25.575130745274823,20.77456821887082,18.465938551366122,13.930578158147885,10.279016502628886,13.203394123549257,11.230570252846023,7.854206236357716,8.374244555842953,0.03808348259450793,2.6678467756474333,3.107601723899508,1.9059275635018116,0.6109361612803417,-0.26677320325245946,-0.3214709561087886,-0.17823653281144633,-0.3444504769776212,-0.4272938457474558,-0.4429404290376513,-0.2984186125212414,-0.4727323810869024,0.0008288404393580652,17.42147896660038,10.774940340583592,11.194771632841146,10.453431628247431,9.724248715239906,9.14671352918434,6.438514934519544,6.642169198835035,4.8555600024508365,5.157880694786831,4.258314175347141,4.94078651601223,0.01251459770107364,-0.2004819835169362,-0.20772602712305702,0.33991083281348794,0.2914002280485326,0.023689763438767032,0.23906870091055285,0.19221955660050724,0.05258206508570151,0.08418962966037678,-0.11143128085802255,0.004857947157672538,-0.040873228803183136,0.0002616329739491145,15.995442240119884,11.581975307767108,9.67963858777581,6.617127257428242,8.679092023338669,9.373060314908747,6.551006739464109,5.911969469109238,4.636387189377733,5.726505018060705,5.405471541680294,5.863806050350005,0.00819473792918422,zero,/content/speechcommands/zero/b97c9f77_nohash_1.wav,testing,5.0,Kitchen.wav
197,-221.40325198532827,49.1974390590468,26.92045499283445,29.761712658930712,4.170056543896633,4.53501750476415,2.7749067158199847,4.629360788927132,3.610026057719932,-0.44972253778786186,3.8052195206848802,4.721271701830458,0.10121370645356365,111.00324227784584,41.071532561598,25.138280354961367,31.204159693315955,14.241904683150128,10.389559359446649,9.615527702143286,13.34034878058699,9.842880681266065,15.578636100914252,7.685135892391248,8.700686414948034,0.1091508503527521,1.7315526709905953,1.088981506669783,-0.3456533388241942,-0.6980114583332947,-0.18709362895937487,0.6351997184156701,0.6986264681180946,0.40305503240822843,0.09301730954492357,0.1165783980391383,0.03594788327281661,-0.17194719111335535,0.0009160417642804884,32.44431548923791,16.429541099446123,14.93188372529047,13.627089997889735,10.190110884209773,8.307842054506613,6.561303902202112,8.233749742164923,6.2790805102578,7.082166779788409,4.926436468088841,4.389411315701617,0.033451904342899894,-0.882438905570594,-0.5888084313521899,0.39403918708678015,0.37667919487257273,-0.07792985600680812,0.06331273417099045,0.24613573783829892,0.19797422753513777,0.2013882401632132,0.27043080228034255,-0.005824145616105255,-0.4096114275476192,-1.044046754638354e-05,21.70042488113548,13.37974052462497,16.581469077385247,10.040277353192232,12.81740051689871,10.548341657961037,8.11871073433196,8.727741582834943,7.289767437891146,8.035351716228021,6.795574871896045,5.144326488634794,0.019593431549928403,zero,/content/speechcommands/zero/e1469561_nohash_0.wav,testing,5.0,Kitchen.wav
198,-278.5156934450316,-0.9007484789500919,40.32352464468411,13.301219021156397,9.986461045963281,4.3497200215976735,3.4377424344836927,-0.22029905677741607,4.342944496358885,9.375720552987984,6.6991494951512705,8.654693018937632,0.02884390504914336,43.37988321576313,37.07899037994262,9.814940677192011,20.06987089664971,10.499492950483216,7.452088884360199,13.251208312256752,13.042769298729342,9.80304749082398,7.849347258729992,4.8171284694647865,4.6129148299664005,0.012394613756725962,0.20318245807710913,0.09006618618097731,-0.025155889114050443,0.15280058272024896,0.1705699649088829,-0.16620271790563415,0.1907401780367554,0.10376423113218977,0.10534004806036688,0.09858825380442593,-0.08032661401412969,-0.18988644821902892,-0.00013749580830335617,12.823517657210957,11.080069962622089,5.71406282114132,7.832566436546744,5.598942748393332,5.0089955096044,4.907607515802403,4.699913430465998,6.1211358969615794,4.827255718952633,3.0268343074425896,4.182838043245874,0.005031951490052955,-0.20603044251679611,0.01214765439158872,0.25481020092654466,0.10499845410906576,-0.015404468426524934,-0.05054593403451992,0.0019208149819224473,0.07336030749899708,0.020072692448728356,0.023220193800572244,0.04343748592137067,0.3210853816366451,-0.00010969722643494606,11.099593231874088,9.359682784230683,5.320144708753378,6.8371162078571235,6.273689789992046,5.9908195910299264,5.828358667387849,5.121057716633355,5.891225967960516,4.9058042672704145,3.346442724816026,5.415329259517225,0.004420103590946187,zero,/content/speechcommands/zero/81dc4a94_nohash_0.wav,testing,5.0,Kitchen.wav
199,-195.32043121629525,2.5061666196801466,36.727113503649704,44.68578692276829,4.789029147931093,-0.2176696686645307,-15.75622142879309,6.10359726374468,-6.463788169474421,0.728833347022593,10.804552289706198,-7.073593796202652,0.1466892308089882,107.71509064755291,47.57889101180799,34.93956723609903,28.47622191455143,18.327125412510437,18.51249242380279,30.332463014657314,21.253185583655743,14.90700219935127,13.453946969407655,12.163760095751602,14.437237470480397,0.10796218879051171,0.6412060431009118,-0.6361458718143143,0.9101897087970449,0.0953881852412634,-0.23549042526191236,0.1831322071941292,-0.6104067601040598,0.6117999820644957,-0.570024928419285,0.4840249432251107,0.1885116209993917,-0.13975202506258996,0.0006490515605095894,28.834742592019065,17.341018094462083,14.154034342299992,11.840752091762731,10.28269680095895,5.039696940453527,11.485458434095634,9.024335736019117,7.595787166327158,8.412793795406518,6.931643079436922,7.572390592697275,0.026583710683504406,-0.24368495510487567,-0.5947906554068446,0.15058499456803295,-0.0991310512821786,0.03068907370524746,0.20119830827715887,-0.3006447754253582,0.4397049276330334,0.04915654262391473,0.4397881836052006,0.3926069670210099,0.18604510552177717,3.445682426293691e-05,19.259039815679824,12.116187901110152,11.65512476593044,11.735183902687949,10.441361398010493,4.06725288750195,10.870680206497065,8.941701584315867,8.897068483131077,9.75167808380795,8.42949246486009,8.957069020278183,0.016431654511554074,zero,/content/speechcommands/zero/9a69672b_nohash_1.wav,testing,5.0,Kitchen.wav
200,-233.5260224845711,16.92907350744498,41.53523800407161,13.371941712335188,8.028077122313514,8.495747963474898,2.6286697094519953,3.1384218160000374,6.49618721026681,5.696517066512936,0.8609009565938672,4.301962864842048,0.04592418245738372,69.28285761217748,51.65280189406576,20.072977329995577,25.677253289272787,14.55395298510905,14.990616277511249,12.553935053417526,17.508080492627784,8.409306687346051,7.829155289341845,9.600572588351936,5.505263355047861,0.020178572546262638,0.6287865665423847,0.44140229169624423,0.2660589805905752,0.10295520448144806,-0.2894173854399839,-0.09198928425672206,-0.19088449522774403,0.2182711492091457,0.548458628668982,0.4547642868003875,0.22498737479622305,-0.09968829940994375,0.0007773103613045908,18.776334322527397,15.789422125357591,10.220700472057045,12.563403687966359,7.159470854065492,8.74024796914343,4.896830369583756,7.053690038496859,5.104561719425106,4.777410634251649,5.467285366056808,3.743533037329225,0.006298745382711524,-0.2785907676991125,0.1387536437340921,0.007129625912372717,0.11788687723396266,0.18703351746791175,0.15316245265504638,0.1332538614791865,0.2285594205086591,0.10589130514969508,-0.05910696795603514,-0.3268849991868017,-0.2554429201756199,0.0001330495501557986,15.186138855468203,11.664193478282995,8.901775186434389,11.0347003827001,7.184955875618047,7.361626317769098,5.9855296394889805,6.071325527347729,6.340625198560732,5.51484096787451,5.385073502284633,5.0352268324896485,0.0038567609389320084,zero,/content/speechcommands/zero/ca48dc76_nohash_1.wav,testing,5.0,Kitchen.wav
201,-269.2389823972243,36.03704035228409,41.13915221099094,22.715659106953453,9.27744736015092,13.078950104760933,6.658308134713904,2.426991907711783,2.5579323970464842,5.888143174846182,2.0382261224795397,5.404075710521346,0.041350690968101844,51.7371290144159,47.42722045247731,21.28665068587614,27.82125857067729,9.803714651628932,15.37371126593452,9.097383060336169,14.335811260717863,9.55382196048215,6.907821216452162,8.703366150798344,7.006210684072647,0.020589035809831298,-0.6042435080975606,-0.23313231769540468,-0.19578916793891507,-0.2033170853272694,0.10475410953160262,-0.00043096071778265583,0.13687599340413872,-0.060439049364334044,0.07103365795085435,-0.27667030786467683,-0.1447775406528783,-0.028315775793471963,0.0006890542084170926,15.056357110337803,16.95514709886841,10.131525209304868,12.935378074212913,6.701217813506028,9.648719722081482,4.63367226781278,5.3916821595828806,4.083325054704412,4.659513372453138,3.9221928926775793,3.2061320904491137,0.005401376050725603,-0.7347662529446249,-1.0249175284271177,-0.030880246460901737,0.6001225176278725,0.7559978370512184,0.4978379399222748,0.07704823332601282,-0.027425776403057198,0.04665064803695328,-0.23430693554787235,-0.19990263031117658,-0.13542950888249622,7.420188436905543e-05,9.808101428268348,9.660287044579569,9.887035789914737,11.200084589091325,6.657859784128671,8.584190609484937,5.068857641930127,5.16410031027747,4.629027471723078,5.735085954176586,4.488438943842016,3.780474121459336,0.004037590513572702,zero,/content/speechcommands/zero/6736bc64_nohash_0.wav,testing,5.0,Kitchen.wav
202,-251.29327507500636,43.85494394755317,12.74376154833121,14.62333850122668,14.538634201608232,-6.915613675628004,-4.335033499527611,2.278805878130868,7.732176762856604,7.3515060717427,4.103133788830955,8.395702406108374,0.05960733277606778,96.06874871326059,55.47644316749611,36.688926547555866,34.30553087476727,14.609016874511271,27.229120120671446,24.014082819321604,13.725245985009936,7.715418729789774,6.518210062092567,6.66296283712555,5.974290478193094,0.04385665998154205,0.02683937825738777,-0.21127692024524938,-0.05165655071881999,-0.017795963404294627,0.09765811261468035,0.27871630562396194,0.09705555656709329,0.019105571614328937,-0.354583913817042,0.04217006536591944,-0.2735552743021718,-0.3889000206731509,-0.0005570357184736959,26.343880388267852,16.833650109538397,16.465659325978173,16.219210164911928,9.237374330003941,11.397684960658593,8.21566852472956,6.062513423004467,5.548379547701066,5.006595127795817,4.486990774943727,5.47416182882865,0.013096644280762217,-0.12865629649487384,0.032293103777090985,-0.05825713045454321,0.11510262883112574,0.09143054922091262,-0.10293496780825102,0.0811407444470667,0.20474433194255653,0.06082054945569532,-0.14276653714873014,-0.29739386637405474,-0.23429473839322487,-0.0002573472447693348,18.141748091717247,14.492047270584425,15.034998822697348,13.589069902413307,10.01929310715476,9.642684952506677,8.712348431254352,7.832591560121179,7.074907619863721,6.342203309654552,6.251732946464829,7.651262019011779,0.007752176458663514,zero,/content/speechcommands/zero/b1f8326d_nohash_0.wav,testing,5.0,Kitchen.wav
203,-198.0649996560331,40.920578568538026,27.285472586436562,3.7863501539955937,13.425336722325103,8.714385241349502,3.6756056371187995,4.164960966900532,2.412598789873038,2.579474946097685,0.5985172708613191,-2.1661765953790884,0.07051689963554963,81.97367560600102,54.430422816562334,33.88882488011795,35.56362820065697,16.649918223697682,9.000033252831953,13.907191671726657,10.733336324145794,11.553339291474451,9.589995418189357,8.140489937442268,7.152735794897072,0.04710879148885125,1.945254327029924,0.569373413499327,-1.4235027918763876,-0.6739812686161398,0.4772390670974903,0.3454428421941713,-0.08540903034164359,-0.30048964713158527,-0.20075554924111044,-0.447735113739116,-0.30753711369740483,0.17927967002442685,-0.0003160202214794774,23.705923804591848,15.854998133236277,16.500027461842336,14.464562125174671,8.890657709082898,5.815146258774232,6.57184222055024,4.498679623937139,5.6501472988580055,4.310223259724504,6.3187840735339815,4.478987473976286,0.012181977727986812,0.26590257239857257,0.20749003436080687,0.3013672222538281,0.11940546078800125,-0.02995530463016965,-0.15695156769226365,0.1020690575394281,-0.07472775353431266,0.13851406627159465,-0.09314951912922863,0.06004445193447028,0.21902297799109957,-0.0001637685423096021,18.824529979849626,12.637000477257175,16.08170098085613,12.681207915334815,9.109771270772821,5.833152335616808,6.917825161515804,4.947263138245282,5.576227045200954,5.42916185049353,7.16619206444831,4.808071606634336,0.006673689387420371,zero,/content/speechcommands/zero/9b3ea809_nohash_0.wav,testing,5.0,Kitchen.wav
204,-227.5313833516742,53.08891066171082,28.524960471487113,21.50372339797542,17.115482957811206,12.07928803524442,1.895423622373802,2.477787631983711,6.683579616381117,6.402401842140786,2.895666929194357,4.8246626636111705,0.07673704734770581,71.43266690943989,58.76279644301863,26.953551786908275,24.870160882737206,13.987495897397608,12.061578869457689,13.867104891562557,16.589971402293283,8.830686500603136,8.328653369512734,9.270501762568113,10.042609298994332,0.05013443941018322,0.3933368137810127,-1.125458520468724,-1.227679078756969,-0.6043581340659875,-0.20499168004295623,-0.12748416703903506,-0.3002011696841946,0.0867088074163768,0.24007252967378442,0.3000010878537733,0.33805528919380357,0.5668167639845815,-0.000728763279414946,23.574875016231484,19.204516025706003,14.485611917522002,11.892551455227462,9.10849165659133,9.66677918157453,7.531532523444278,6.772179578662941,4.428229068053923,4.41609841638692,5.098865146069896,4.819088445110953,0.012054672025226247,-1.6295743926211586,-1.6344804626878622,-1.043788515897656,-0.7429656292873915,-0.45829618620727586,0.06680207651235269,0.6556726266373599,0.7239937447711818,0.3537002925412125,0.36328229179733545,0.35052523419065706,0.4771658870584256,-0.0003088650604089101,17.534437063462345,15.736224551110231,12.939547588838074,10.051272988909876,9.272685485224436,10.216212991782232,7.072198096183403,6.240190159495407,5.061193281607775,4.382672096319195,6.576202851266522,4.605656875509501,0.0069042952547165495,zero,/content/speechcommands/zero/e41a903b_nohash_3.wav,testing,5.0,Kitchen.wav
205,-188.08112243457677,16.01035043512868,36.020050916574476,4.666973254776657,7.504125347461635,4.674186566193968,2.4891207902148804,2.2087785145072982,4.801307417869069,-0.2450915368873831,2.5680303578643695,3.8211793626536723,0.06567391884163953,109.99290974374392,33.752384320464095,18.240821816012286,15.642314806298966,13.828074454846469,9.69837338464615,11.247981457155495,8.906505865087128,5.253569729036739,10.368236488623038,4.546837948080485,5.822472618524849,0.05653953908310892,0.42342338468027524,0.7244811020182034,0.05363489367256293,-0.16583798442595085,0.18025029944226975,0.21997694282519564,-0.0641645083685988,-0.1709213587924559,-0.1116681360853688,-0.14109524765517348,0.18770599992879453,0.10426894829673244,0.0011199877086666323,32.44371276518686,13.935955367831625,13.581636460554517,6.210757106351992,5.808846532232967,5.8958585637795755,6.326457001172325,4.11227067495639,3.597210904908344,4.478120838116589,4.319094922764475,4.401318114343519,0.019971601623947368,-0.35277736700236395,-0.15899194643670633,-0.0040985957024351665,0.04753918239143727,0.2557752514293777,0.16820094605613428,0.130681661758109,0.09420321808404356,0.16784213339426443,0.027341517687976442,0.001979912145498789,0.10622756879671694,-0.00010023058081666628,25.3085277907067,10.971146636112538,16.781818573334704,5.933980436352779,6.252814282046079,5.949775885858778,7.003474373378636,4.416644806806638,4.976878228295096,5.472745049884974,5.628590214034083,5.324827346542215,0.012307800747715201,zero,/content/speechcommands/zero/f264e0df_nohash_1.wav,testing,5.0,Kitchen.wav
206,-204.32736991542896,7.8958916391402,12.617325270983024,31.00643401576197,9.616230874813734,-8.95888934486645,-0.796237501832581,-2.7038717936399577,4.3114696404340815,5.674113501498968,2.406423605447096,8.489444023046888,0.12463387055322528,77.11770258281572,34.12404209176578,47.85724616355716,27.11109307077625,14.609970932680554,18.10883872732244,17.406572330647958,13.720618705327,13.775015697637311,9.130035223818158,6.390313587866192,8.026208146993548,0.08654121119762526,-0.20774214882502043,0.8038913761577048,0.6003958222862817,-0.9245109306770669,-0.211901090699615,0.008453313025680824,-0.32865912804161534,0.5246326501826175,-0.29997888065062506,-0.1367893367752865,0.3950621889599837,-0.3029353351301528,-0.0010045385889468654,28.489681908908665,18.667922312467898,16.831530672574562,12.643679105214332,10.87607461370761,9.066841691875673,7.763089874945564,9.20229706378019,7.211174165997853,5.539113461179997,5.144338310057025,5.509992067288907,0.024938817876279065,-0.6077360578998116,-0.8263893160655449,0.20389113378744242,0.7523285574081396,-0.15900362922245911,-0.19999815785894443,0.012871497903004799,-0.031366011158747514,0.3644875277908246,0.12664291295168795,0.08334798769865413,0.21297339206172072,-0.0005795907229185105,28.34467735751089,17.44694948371704,16.43891342088228,9.724238732164489,10.401594938686994,10.683126676106475,8.153496198331757,10.087298491494197,7.756879321515638,5.958147963213356,6.3101495240192715,5.997050754115666,0.0170967229668383,zero,/content/speechcommands/zero/44260689_nohash_2.wav,testing,5.0,Kitchen.wav
207,-266.9912749828603,28.478121773879067,27.156009055454383,15.367203079487144,12.667728020211971,3.381115403515544,8.509224343527487,10.99666612363064,9.096598621840617,6.206095841679318,5.864240891471236,10.176876793410388,0.037985374902685484,37.66082908146097,27.24254080793007,12.390796439976242,18.893524139181956,12.270609476101608,9.27752827005698,9.204256068086815,8.246694713308703,7.570317490998455,8.451061323979914,5.798251624846037,4.733920457023513,0.010988599275050422,1.3125489999616011,1.1307131991076989,0.11369493426982988,-0.44082504316110793,-0.7021337070729491,-0.36061387987636534,0.008300157155275349,-0.2151311893362128,-0.4403710158182731,-0.5587700334333165,-0.4224568554347229,-0.12805138068402838,-0.001207565760304188,11.29305773849745,8.884724638968558,6.862977888294742,9.758616072263116,6.1008101495450235,6.273064019084881,4.450371187055773,3.9151758512211243,3.7979647008578996,5.184381692665777,4.01235381905627,3.7221704626761944,0.005237750375443666,-0.8613395559703056,-0.5230390783703729,0.2146142038969176,0.2847825977581682,0.2389634822841002,-0.1293307510086752,-0.22419178308233542,0.12352332370798232,0.1565097025133856,0.09683785215440045,-0.08196543088155332,-0.1107496500683977,4.060160634773118e-05,9.698763888136911,8.193930023506951,6.657235893288907,9.323190295126862,6.295077485513065,7.3729706990860056,5.467815646992752,4.362108640927969,4.817186353944786,5.325483818025105,4.605763015689337,4.79154272254603,0.004007950674503398,zero,/content/speechcommands/zero/7dc95912_nohash_2.wav,testing,5.0,Kitchen.wav
208,-187.643538610227,67.77849099084742,22.448332763144514,15.868327853072316,8.203146533522519,-7.009586764141616,-4.739473429668211,4.11610008362087,0.24869857488156516,-1.673821182023588,0.678043367422007,-0.6521933613800884,0.07236924330936745,60.216640700634514,29.323034350532627,32.73482925165001,33.53468047509962,10.348845930329361,23.196479680899525,12.42303572089894,7.646046075874157,11.977201950178593,6.520129836112979,6.431163947036505,7.6601555434824755,0.04122225696826509,0.37594182167128654,1.2831601107472337,0.4741211245019018,-0.060582628566032165,0.27690987538990824,0.06614601403570723,0.189613745816993,0.14541777703667394,-0.06762525969843663,-0.16319722673497744,-0.15491741484059782,-0.2837472658668304,-3.2092895238630234e-05,28.419945781078745,18.6722537181796,14.025474871742981,15.37662771550632,8.202813567735534,10.372840361561083,5.467974884656162,5.454152076985859,5.764878279363914,3.971432875670727,4.047458363359314,5.015218734295772,0.015462686303482232,-2.5139392183826925,-2.2560176133637806,-0.05325322534061527,0.6142355817470171,0.6070680401282493,0.30218185345192733,0.2074454413839586,0.22248463363558635,0.3196607553787505,0.10328415722624366,0.13136325960688164,0.38700635215944357,-0.00012623655299345653,19.051516938872794,13.340879110040746,12.940677253707639,12.68059932003032,8.838216034682318,10.154483291176222,5.1242222924620915,6.415242106402814,6.183411122840972,5.748690575696982,4.650069871192636,5.178846634781503,0.011243545655702602,zero,/content/speechcommands/zero/9a356ab9_nohash_2.wav,testing,5.0,Kitchen.wav
209,-194.02541938353917,14.264152079053533,19.975808690599237,5.0967825161901406,8.18129693303844,3.657633569432631,6.447719435317225,4.612750426910105,2.542551920957281,5.735033127387591,3.9098614794213002,3.4577065247095575,0.06763969938037917,52.63896260476831,41.184948743847904,18.341130731989622,25.98350016283555,12.342184284603722,8.421275971860828,9.359149796950756,9.433117789302916,10.39602575150039,6.723015584649406,6.084036600047114,6.1603861706139496,0.03863689544081571,-0.08226769070705953,0.07978345354738461,0.39864790147495877,-0.03535948593509126,-0.23653881957255318,-0.23981579402843164,-0.35988071621670814,0.16185947305466955,0.37756501969309864,-0.059691780129375115,-0.3327606878095458,0.0926878820542632,0.00022599503638282898,14.231208564375786,11.113415409040273,9.747894969264188,8.84314552723754,5.644171316311102,6.0490423334903864,5.699754374698036,4.441160719304364,5.200669219463387,3.679311067547347,4.176573086271428,4.771614981736115,0.010619799498720255,-0.04956134317531659,0.0027114256119650905,-0.21250863109575904,0.05416831367895748,0.0562110329530942,-0.021876513856747427,0.07318086173948848,-0.0154494365102997,0.21901863146102377,0.003071265844113006,0.012712930789362182,-0.00345310436757836,-0.00017780140042304992,10.024642735095686,8.402073212382406,8.38020463883224,6.829275265392466,6.093750711229549,6.5011623083021455,7.576935182786496,4.887174175508698,5.2007339682183815,3.640083936692715,4.937962852636719,5.789046295309107,0.006972300549607062,zero,/content/speechcommands/zero/210f3aa9_nohash_0.wav,testing,5.0,Kitchen.wav
210,-264.5108111046871,5.15472131352584,25.421534285111726,16.398086940847936,10.993372452072965,7.904523718666532,11.98880596398584,9.825223255374855,8.606602577970342,10.636664692333216,4.24818112195751,5.388025800837784,0.04789485898800194,46.25800377282988,27.552197386482355,21.99767307147409,24.521745473323353,11.022231274666417,9.359644766228662,8.285958667757317,5.156526985853651,6.3624000303478345,5.525333753963612,6.540079191889711,6.030312528688371,0.013014036080676993,-0.43415952553616977,-0.6314026600841158,-0.3966596537092889,0.10272985668610381,-0.07259144443312111,-0.04832155079231884,0.5266077564283258,0.3588111966608302,0.4407482969928995,0.4765462663241295,0.31630166757325967,0.4655248809944872,0.0009202391149536256,14.841313133347898,8.375665605470488,10.391096623944016,8.414587086426945,6.030125710885034,4.652869684690656,4.975194376853042,5.041061619383765,4.41564661455963,3.6107002006710984,4.069872743205336,2.982655452318123,0.007415024821543401,-0.24425421785602452,0.010368748194549996,0.40961773321837475,0.13302026920592241,0.1676092804069899,0.16439419494970628,0.3671741573086066,0.2626470154541509,0.17362975358000168,0.27758664366640573,0.27928168187127944,0.11565296789749328,8.514604220787684e-05,12.586215060246504,7.973135059254461,11.237121555925553,6.250673839724525,6.285641066411336,6.029041491437403,5.6481018249323895,7.026066349052193,5.7473822651975155,4.328654269217555,4.674516317628832,4.2572186295081185,0.005498392084621767,zero,/content/speechcommands/zero/553f1a79_nohash_0.wav,testing,5.0,Kitchen.wav
211,-198.28253031599823,19.11306233940878,16.98066287005549,42.64058741759527,3.833182473048194,4.087665422482065,-13.389698442730944,-4.323712647525447,-4.410765991160238,4.29775907228926,8.81101023182876,2.6750243695080878,0.1334673787059728,127.03418434682271,31.29508215523103,40.657422467060016,26.46551363800899,26.41554447880428,10.563708615372471,26.959048110526012,19.3198140958051,13.435862376183719,7.3936292491796,14.134530138400237,7.5591080154961885,0.10812628943369346,6.394094857976863,2.0392739532881645,0.3748304676219226,-0.5217230536296235,-1.5762629244100232,-0.6793915776486766,-0.48825039065167014,-0.6278583387825055,-0.43753523124909477,-0.6365052331390854,0.14966118247010948,-0.40421990936109803,0.0013228221345813044,26.391121434603644,12.843694609318094,14.085667837339127,8.267067311940956,9.108282562125481,4.098555372034797,8.539094530906745,6.802064003818858,6.2855592940766805,4.621681801882798,5.527418878464006,5.0899340370830926,0.02534124710784485,-1.0526906603210697,-0.38819390720134983,0.40621015232029134,0.41518285544412126,0.658642975793868,0.02948577857263594,0.06912608608872407,0.5757170056730103,0.4105212809553474,-0.10512128495676301,-0.3177446079858788,-0.4673154820321035,-0.0016013876534998416,19.28476189751154,12.074966081236449,9.803952421563205,7.132323893970202,7.245257948141729,5.150620212649316,8.409412965752926,7.399333619433692,7.435238740638535,5.33703366575039,4.9441109660486635,5.783889657122269,0.011834884307961938,zero,/content/speechcommands/zero/9a69672b_nohash_0.wav,testing,5.0,Kitchen.wav
212,-190.7669927587759,30.672071615034138,3.6816779451471886,35.77276591031002,12.379092394540729,-0.3988554383829157,15.77684280956412,-5.139548836527947,-1.6835262619443436,6.83645130394034,5.593723925083909,6.629837834596401,0.10126592544838786,81.60134251389127,31.94972776148047,33.57293479108915,19.512379061379978,16.79208964673715,10.01447603225568,9.733873547742856,20.017138753338635,12.134952083686915,9.357468526402974,8.238123409013197,6.472192041926336,0.07769389947480497,1.272327782972312,0.6602281646971959,-0.12775459263317676,0.2091955958167224,0.1487153645555781,-0.06127421566576117,0.1528547320710212,-0.13567266887269638,-0.34683765891819596,0.03433062493878901,0.1895131820895507,0.01836557735324149,0.000420802122642917,17.499411896337886,11.76690438545691,11.135111583136354,12.432358767419512,6.709867776965927,7.0118427581349145,4.977229510065516,6.283476362162716,5.228270151432254,5.587770246246421,4.6615617971660885,4.715880171013575,0.018675346750746644,-0.872499331684591,-0.31557364569425844,0.016616592849675507,0.08445426801438659,0.23868193618768707,0.04663506546412469,0.07916711636521742,0.20284042349032388,-0.035131690038043215,0.0660685512779235,-0.23472656045983792,-0.12556209639866248,-0.00017557218670845033,9.444654158768428,11.433293368728027,9.585827515883757,11.998949740073568,6.396377477895584,7.141684532287101,5.350514252764097,6.086516788706464,5.27014212414635,6.66293287944541,4.503300107433198,5.272784437702191,0.009067510502883395,zero,/content/speechcommands/zero/8625475c_nohash_0.wav,testing,5.0,Kitchen.wav
213,-251.408377616192,54.974846008731014,39.971765076377736,23.267639681685743,21.66467413197671,19.169859689281502,7.385019118674652,3.219256110323503,6.290232184368644,5.431651697599304,0.9217758916277472,5.0039687872741485,0.07919577119173482,88.89529125156507,61.24674918585957,22.073932823872457,23.860469958526092,11.890819442332013,11.162872511500854,12.980705552829454,17.78645980533079,9.44649347681788,9.565371299394506,9.055000226923148,11.988468722722265,0.05813843284984543,0.1453698392145604,-0.07079563604384187,0.03688401698973127,-0.012408355755600875,-0.11222651447942102,-0.06953463331769325,0.07331592019833748,0.35890329605191645,-0.09356012887084367,-0.3095473068567686,-0.13925245131406108,0.12736523481298068,0.0006239125204663123,24.327416272111677,21.235644512688918,14.290969097139426,13.31110506471644,10.028561423063357,8.431450724876965,6.411654779653267,6.090087882735372,5.187946006189655,5.867918074680767,5.677820845545854,7.217742825582321,0.01591281481940434,-0.14063288704949173,-0.1206925959993851,0.07482149355834267,0.0316997052226211,-0.08075823693926219,0.06254273254211935,0.2504161155268904,0.30413908401872264,-0.034884556728593925,-0.188334116528472,-0.13765359970967073,-0.015614599319708293,9.997139374415079e-05,17.78749055923688,18.95180274272575,14.042966590150547,12.834686217222457,11.586396694187785,8.347111625735243,8.508188600199322,4.523123425155803,6.140355076316514,5.911330697095479,7.279298149094487,7.097964536447588,0.009772770047870567,zero,/content/speechcommands/zero/e41a903b_nohash_2.wav,testing,5.0,Kitchen.wav
214,-268.5520836483648,18.461107668400317,15.56454246407332,22.881270407110804,22.754169683441233,9.412369289168847,2.183359393390415,4.341181787936897,3.8220982522017204,7.757978802713052,8.05345373068107,9.282767453117742,0.04942271957406774,78.5425840542048,34.25687478870619,35.44672842748163,19.10400201178647,12.541830480532399,11.474224944246515,19.627927376828744,11.450594545304352,9.792626836087262,9.30063664255587,10.743499028707046,7.723172180909865,0.020441287484633502,0.8170270566205776,0.49736847212489105,-0.032491026712814196,0.03555840627142153,0.13136879295292658,0.30389759940334987,-0.06072716930079873,-0.3251925446660608,-0.15763732852060644,-0.039667628349177066,0.18522991383512333,0.16479761327630385,0.0005125517566357889,22.08650544774465,11.693809864083981,12.388854360486802,11.37723876007664,8.025054386447506,6.0190418847357625,7.518923384119124,5.7099532840597185,6.0212846004501035,6.3569067079858135,5.395690204424981,5.418057880904669,0.007687684988394353,-0.8733095311063342,-0.37413631116609675,0.08478415321647752,0.04352337753144286,-0.1341187251120288,-0.03066866847940286,0.11743313558883438,0.2115239227707695,0.14089941081618573,0.023147463392051558,-0.0519906768918406,-0.14399291981262335,-0.00016764042278130848,14.16031867233108,11.213710250865018,9.212232083600982,11.50815674756496,8.05168973536839,6.526850271192415,6.364839900140893,7.571748071785693,5.811043065333138,7.081225132601824,5.936553968838077,5.155909716602184,0.00546257527986515,zero,/content/speechcommands/zero/daf230ac_nohash_0.wav,testing,5.0,Kitchen.wav
215,-275.56441960682196,23.132940423384074,27.735089404087166,24.71346437575668,24.610661329350275,9.586975204586697,2.9510866428075873,5.366207938649816,8.000436745790616,9.939030837355705,3.26487873457303,11.91721273061074,0.04150728753302246,64.50147085042616,39.757498869674784,24.89973785309614,21.774423196174965,11.087210983080192,14.452185975100747,17.780979824896875,16.47939603004651,9.751533047581292,8.555392263417708,10.449962987086415,5.792762294265855,0.013117804626301875,-0.3784475017527451,-0.18562555837716768,0.1327984157168636,0.2633399155849828,0.0383092144930453,0.23274006007325557,0.08172200550340995,-0.013466576601552512,-0.21783916461335093,0.010589342638967094,-0.02253025036744397,-0.14436748323788956,0.00027743763019961694,18.34057841054935,12.651093864052836,12.036051246534564,12.263424665652895,5.999135958805571,8.696780715398452,6.645356561482324,6.153802834891017,7.253377038392617,5.698740397626058,4.620108644356818,4.0813250388774795,0.004453625602677763,-0.43182221871389476,-0.07706341427421469,-0.06982038557780967,0.164666072575843,-0.11529620428596807,-0.2922323092564009,-0.1375689239294921,0.10182069435989055,0.11901675051925278,0.017384333333135396,0.07578870586206218,0.1416694109484629,0.00011932638784249624,13.253658966775095,9.019261889327874,10.049684794577374,10.75952909132461,7.493331534590481,8.12107105816617,6.805916471141685,5.697311915511449,7.859171011860537,5.974880446816731,4.8915286768689406,5.361924738928869,0.003005103365832654,zero,/content/speechcommands/zero/0f250098_nohash_0.wav,testing,5.0,Kitchen.wav
216,-298.1537169851148,-2.3563979788691123,42.08027602450977,23.011136539001818,13.018677902268067,8.978856942056389,13.366646749309382,11.549281938437924,7.759862212431404,8.576131611600957,4.1064650292610825,5.8732838657044475,0.03415381954982877,35.32033962572757,21.58614259411395,7.9848519188801195,7.6438605170652165,8.099343229841125,11.038110841375934,6.459896233972976,5.291827256547067,10.861783839492196,4.194489478798307,6.040689227209616,8.267385929972487,0.004820480074026577,-0.3723413260938705,0.0054413447156454985,-0.024824106662201702,-0.03574595476852536,0.12314885029617391,0.20576191388569115,0.27877217034085355,0.3146570236601904,0.013146521004642005,0.06045355937313174,0.3220625468081326,0.32267672423903615,-0.000119912828649244,13.551500815070826,9.830108681382818,4.389059269211618,5.132785470978441,5.126306350404078,4.811783731133303,5.381789215962179,3.7569724946771275,5.477842852979985,4.046831830819385,4.436426984417382,5.043555099172984,0.003139787376906481,-0.4077122252719183,-0.11450845109669837,0.21076828808408218,0.06074036198819665,-0.14992694476592797,-0.07984833571836294,0.1242913262663991,0.22135261716206886,0.24834094080902785,0.05570006429498931,0.03128586530987008,-0.17251815973151066,-0.00012397784739732743,11.14357264233277,9.216932166659335,4.79455657542307,5.672890536202442,5.20206100088084,5.2098241989655785,6.353338544709997,4.41019290415431,5.516582311514393,5.22423587138688,5.590230155041373,5.4732941026435125,0.002910651023273046,zero,/content/speechcommands/zero/90b94017_nohash_0.wav,testing,5.0,Kitchen.wav
217,-246.64091394059548,14.698950923122347,40.45370753792126,21.868852324860068,12.745378117473452,7.470906608215892,1.8952964107391455,6.641054021929848,4.1025785358225075,4.872710776905508,3.9876382124943137,3.7236679979423233,0.04977508739102632,60.871595266229306,39.55305305910757,16.549560496277156,23.485505798105944,11.29117675066131,7.267296653335183,14.856272662040906,8.853250184052815,9.397902211737815,6.0651821686654035,5.1021849423713785,6.181256048040549,0.01923540596636127,-0.2789960815249093,-0.07772744783522932,0.13532207734454577,-0.10891316525851277,-0.10747471899455595,-0.10967549927068448,-0.2969971644716012,0.02741278703262791,-0.06501590306450991,-0.17613907836299686,-0.1511639709127765,-0.11347652796430738,-0.0012267091942410316,19.18428580561969,12.951247150057046,10.872199116478441,12.657918370712597,8.205345660914645,5.605841440052999,6.906633059939429,5.214684407931966,5.481215027298328,4.117670502483981,3.5776305740907106,3.9898772826001054,0.007719125010725815,-0.38751795839537145,-0.24856519090670717,0.17182825636544757,-0.03277273664436216,0.29980419486731275,0.3942920372736497,0.2580868269764411,0.12513308630885742,-0.19819529773377417,-0.03084618394878286,0.0596527811384633,-0.02383498248232779,3.3519851664702095e-05,15.5261511897864,10.477158838004383,11.553895733260575,11.274412613255071,9.317664194601956,7.134915910627124,6.530070880704468,7.011362572170016,6.08358285889703,5.100676255085217,3.902392779827577,5.067615513567901,0.006084527811166927,zero,/content/speechcommands/zero/a60a09cf_nohash_1.wav,testing,5.0,Kitchen.wav
218,-265.7229695619092,-9.022599647656937,43.000856997924416,33.27138028772262,26.69579266373588,20.47280699618318,4.567952960451264,5.8365963471280295,4.863819881385222,4.456887377337816,-1.4377645257666534,9.156886760284792,0.046612128149718046,68.2829711480622,35.09478413425397,13.543935031602203,17.386141748301966,8.091030629007202,10.224907022902292,14.76275971728046,19.090763471626417,10.133049719822473,8.78245785258036,11.938929678740593,6.441924337518133,0.02423911101140032,0.13023143666967393,0.6422147854299728,0.3365183945611997,-0.05427520252877276,-0.03492053799893947,0.019494519674946188,0.4251592431703531,0.3644616176517327,0.389227206981367,0.19267142623280376,-0.0867787668630509,0.1401684331844771,0.0008916154263481017,21.78964989480316,13.63891419412244,8.72056973514193,9.780650896197953,6.3947928988731695,6.674668716960151,7.834768846929573,8.340349089130394,6.433189177356836,5.0208354732794644,5.581145448296425,4.475414053031975,0.009579221013080993,-0.37646621565893007,-0.1321492187424404,0.05924999736474845,0.05018375883416511,0.20740762474216617,0.14730223689673091,-0.13285805790062485,-0.08199360649189498,0.16463008914039529,0.2801615045149956,-0.10457359040440488,-0.21865210103541052,1.328947643438975e-05,17.584856930858322,12.998434035422928,10.20126051807253,8.954281895696692,8.039220201309885,6.816314483492713,9.612558682624964,6.9132067724258945,8.13369788239547,5.247963022839615,6.719572392303058,5.720296001503887,0.008306156351998361,zero,/content/speechcommands/zero/fce96bac_nohash_0.wav,testing,5.0,Kitchen.wav
219,-283.75207339834634,30.418403362230592,28.506798922584004,21.27226429802962,13.49907244328799,2.0691307630531126,2.7448867498693432,10.54669381227805,11.265771396846441,5.919010043409402,4.090330551979463,6.582032191985772,0.03611915826331824,63.0528604876863,37.63050586272721,17.035633188065454,21.477507948670183,12.336071763723554,17.841403612248897,18.77889482823723,6.765277617410742,8.472386047835542,10.123730607537427,4.044927915918294,5.8329911686186735,0.011833252126421227,0.01943092392359851,-0.15507775853312197,0.18307677864883995,0.19050744618409599,-0.10547063349948185,-0.2992015368178992,-0.600519723736438,-0.6258349348230345,-0.4185620733644597,-0.1468214040888679,-0.2851305652269607,-0.05141432690453972,-0.0001784301092547755,17.080249047194446,10.755530547043707,7.9239827358231665,10.02142802354271,7.346316917859366,6.473120312695189,6.568377174635474,5.537926395194651,5.43986643729653,5.735126357209035,3.142036120849413,3.828823024182176,0.004562706004607326,-0.1723558593184388,0.040845115338831915,-0.06853846978973195,-0.16324987384880701,-0.06765466626569569,0.014233506466043266,0.19654739692298578,-0.08175788993759199,0.22571452383401389,0.22426953939183653,-0.1229408516110353,0.052425738638646635,3.981105983257294e-05,12.293142828796181,8.771944131955648,6.881028155809004,9.067307236948961,8.773431193808856,5.5415816671305365,5.593297008149697,6.566983099855115,5.836788670754013,6.3359899727774485,4.2983581125486054,4.566362637168847,0.0038559199735151983,zero,/content/speechcommands/zero/af405b69_nohash_2.wav,testing,5.0,Kitchen.wav
220,-235.9803329325814,25.434627356935685,30.22469105371988,14.748053694928517,13.21734094299051,-0.49471354401601464,4.299179088095936,4.8650948029810195,5.3657281384320665,7.267075983044048,1.7267214681571654,4.766175740241794,0.04310586623614654,104.0984682997446,38.112425735383106,32.52566085599907,17.499127835478756,7.342852726027285,9.425262095151833,8.276363398252915,7.803714399568439,8.315932116388314,4.506305112406224,6.150210041308666,5.514794429061997,0.02919522778815238,0.019138465591951107,0.07356254457799892,-0.29223141321490803,0.09469279594318737,0.5691341860130087,0.1413043284468581,-0.13221108653176708,0.13653488554071153,0.19130417467436198,0.03107049272044523,0.05591075448411727,0.4102028101809375,0.0005725211794337918,38.96470456286303,12.269495190831195,14.314439344230683,7.671333022059512,3.923242364610626,3.677080511703528,5.166156367089753,6.077151400840281,5.623202542725504,4.465467267765039,3.810291501152279,3.6544736945276424,0.011720151742452172,-0.7528545795700621,-0.29290385250829754,0.107264310083848,0.18993470813750926,0.19461117768802427,-0.16151751180909993,0.36064937615977233,0.3662330215181484,0.22677673616345562,-0.014089834092895407,0.1754587663127974,0.12426614402802354,0.00012927384426196417,32.13545184454864,12.218541298640544,14.347806740207385,8.016718166668655,4.456688273337581,4.253343441556622,7.174411456881828,7.108084781461933,7.163189587837851,6.153488127476256,4.593736004041827,5.253020322496723,0.010910614994991578,zero,/content/speechcommands/zero/4c7c95de_nohash_0.wav,testing,5.0,Kitchen.wav
221,-275.1122288649028,14.679000784841804,32.565793854830055,40.66661106839131,21.5522080819446,10.336651669964592,6.63680181500119,1.7759548599940642,-1.0631402159378722,-1.9996983862814655,1.5713173098180264,6.403885385509749,0.05122419714462012,78.36577563792889,31.65817388344178,22.082868357899315,33.520805006385075,7.593311818535667,15.569860327741166,14.488350369904525,16.031649229646014,16.909737519754348,11.91974690195855,8.34726577975592,5.947083964498611,0.034531417921607147,0.6133036972461736,0.4739637727200379,-0.22432095015062853,-0.3391961230290398,0.03775340296941133,-0.01268396155207796,0.059684028641002224,0.02242696181749506,-0.009189599166759705,0.225023763795696,0.0830849308710815,0.2012042061723236,0.0007675404870702375,23.65278200020607,15.739664409995513,11.97384439577366,16.608455510230364,6.430222094595347,9.435390341894605,6.056717898758614,7.70901384026393,8.375527863984226,5.58007156773668,4.769789246013827,4.350651690480215,0.014135470871102241,-0.008198978762370265,0.15266241454795793,0.20701545585249914,0.3627243592632298,0.2904935198640416,0.11066360461090934,0.04829775614411697,0.03969189140160836,0.05192819072168646,0.03775326224098459,-0.031334222822525945,-0.06077950680900823,0.00015168494234482448,16.072326344546575,14.304933899020693,10.419337281642191,14.960745630767715,8.68065966748359,10.486811014991606,6.549260893129201,8.928980121120691,9.698730752517529,7.501428136014212,5.7701357609942265,5.36340601567244,0.010178162176390415,zero,/content/speechcommands/zero/cd85758f_nohash_3.wav,testing,5.0,Kitchen.wav
222,-190.4421670315954,27.600200563947716,24.284593555696382,31.09958957756834,17.660773649113835,5.165873628515612,-2.0685781468518405,0.6457500532176259,5.36132593601408,-0.2888085547323221,0.8404197333075246,5.579132792432656,0.1288270780351013,117.7455236657509,40.047575201920274,22.80102117471478,22.211761671150263,9.832350087974325,13.750979964769257,12.36950095786207,9.538670524221276,10.067365270321568,10.720122317417305,11.450231049916056,9.62252899567851,0.11782161186595898,-0.9666938205851425,0.1161928247927779,0.9870257162537031,0.43081145107182195,-0.2160927898141917,-0.6621185764537201,0.18908867824178557,0.4010513337026294,0.017631065262636143,-0.25470653686465616,-0.7844183228229077,-0.48433269975882365,-0.0010978223816041023,39.14083983767578,17.990140628158215,12.897610407388651,10.702144863061863,6.679753350945706,8.63287338731288,7.880723446509365,7.515797584890512,7.121720657201258,6.340899475253795,5.40818909681457,5.962455582667013,0.03743517309703449,-0.8025258541509899,-0.06025384185167596,0.7312726417033246,0.2831222656875542,0.4776883374510935,0.2772510067143877,0.2280217936851354,0.0535627206729421,0.13955804269723943,0.45743535424217324,-0.09157852601753795,-0.10208476293459201,0.0002737443894147873,30.730010055159756,16.50802988204719,13.494421374172681,8.662526006752445,7.042522652075045,8.689945386100655,9.369307471684657,8.874644783871181,8.157488824528096,6.646905566537395,6.431242132937798,6.972006037863253,0.02924363467189733,zero,/content/speechcommands/zero/e1469561_nohash_1.wav,testing,5.0,Kitchen.wav
223,-235.60596607867927,27.275023067361595,39.50437118130105,17.004529906772838,14.643175289723565,6.996937211579684,10.924472067641576,4.301170529349264,-6.404570247909996,-3.540039516501266,-0.9793354255924551,11.661843481073204,0.05199480149894953,64.3232695441093,48.134138597862574,20.957600466779663,27.789456721048854,17.103233533088538,11.792776230729448,9.275635557160628,10.65146507046374,14.272131008252225,16.02130716650629,10.751224223690429,12.120091905528854,0.020022574637812065,0.4508798322095286,1.0998603611440978,0.1556209142300655,-0.2888077668071967,-0.23313645759853238,0.00035342612467433254,0.16948097412988158,-0.07474987172965221,-0.21423853224858985,-0.04591461077273245,-0.025966484109550058,0.08796010125034134,-0.0001589157167942293,17.53941259931121,11.762252859251419,10.290178466348351,12.069518067769055,7.717566389626925,7.001962243967931,7.269962501299719,6.272324568206664,5.308358428362145,6.3089768814106995,6.444280032570529,7.201741574482424,0.00653348015809015,-0.6406662126664344,-0.48898668117085353,-0.085198624683572,0.5147592724744423,0.42379271379444605,0.25478856801058386,-0.004344197938383706,0.1375137906323856,0.20536587090299893,0.3305669417478318,-0.03656342654999521,-0.020257569397554735,0.00013645409295956294,11.493006850769847,9.551682717419672,9.91329461530743,8.777971249704569,8.410023175921488,7.082023105421375,8.259521376516895,6.419157346395467,6.13892559531216,6.80338170140931,6.936349422490879,7.3297117685572495,0.005804056208412625,zero,/content/speechcommands/zero/e71b4ce6_nohash_1.wav,testing,5.0,Kitchen.wav
224,-269.5831159819245,13.8117256445204,43.09455051954196,23.140447675595148,12.419996432556903,-1.5945274740712483,5.253040120545443,0.6763764620674743,-0.4468047578118674,7.705253499074851,4.8267438009067,6.6713250080376225,0.04729910782771185,39.71513722560392,25.89804624079305,14.303096146801753,17.416335378612274,13.332602023789551,14.528876644711618,9.57100663485074,9.637486032713607,11.802986282938983,5.122927382417843,4.021490531155488,6.138943003693965,0.013582072492970033,0.879289679150348,0.4186653358489611,-0.012241556397832656,-0.6791022291146024,-0.6988930997688773,-0.16295665756015681,-0.009045859723643858,-0.060252006546384844,-0.14852395554243736,-0.08945195682971974,-0.013773685361310779,-0.3390455793856378,-0.0008858852088451385,17.66431914295807,14.151508058031737,9.338346634958503,7.803720068638921,7.582008865374364,8.553888528339469,7.473055044019021,5.701149147842476,6.512076976300185,4.558460977062856,4.3222598207243275,4.3510200751113866,0.005606381062637427,-0.6420665181157953,-0.4932803500369898,-0.3578042403008389,-0.23056539117438402,0.18995564991942668,0.23451354103701513,0.33119864146191463,0.18112921610865937,0.30413331500437457,0.25799716747893753,-0.12027280732697347,-0.023854432962512915,-0.00013812674830357234,18.20204724083084,15.47212363220547,10.231140212883455,7.121384368121636,6.562567389200237,10.028980618467557,9.050432729766548,6.932091402724235,7.6638984409657125,6.845235870327392,6.737792184019545,5.486761477120694,0.004507269747564326,zero,/content/speechcommands/zero/1b4c9b89_nohash_4.wav,testing,5.0,Kitchen.wav
225,-245.18027066836436,68.73608164622804,44.74712333172421,18.480427045821322,17.24012424054298,12.922087171276733,11.169187477350192,4.520272425278488,-1.8961921601519895,-4.38084442342536,-0.9183621151378555,5.871588966769013,0.04949218890396878,30.1242772971562,21.660449109026278,10.402223473238012,15.913057286362314,11.140233417033249,7.2144243467131215,5.083285471638371,7.979557693600322,6.630010711548423,5.597827256049862,3.7052171880087017,8.771415099457604,0.017494523806235014,0.4464161779485402,-0.3050140987503652,-0.22821847502658585,-0.560119751438791,-0.18511219867719902,0.06570159906553569,-0.3346687635782463,0.06286082510956006,0.3461305593032487,0.050340259190771786,-0.09414051038746518,0.21512342832966466,-0.0003255355141816601,8.569918412036575,6.790534713125104,5.336981106418526,5.06739516996901,3.8931403108366918,4.603610924145532,4.169048965016232,4.3574799172556204,3.3988877174287273,3.2396136733362217,3.1319800006330234,3.710540580301031,0.004991463994550212,-0.25493076885914545,-0.35705520080257025,-0.05914643221963113,-0.1798106387590358,0.11621598100506882,0.21273953010102267,0.07395066985723014,-0.15691014832039316,-0.15165223864163202,0.1558297736741335,-0.17490467737905496,-0.03506479011104798,4.554602007071177e-06,5.88006547181477,5.966354488533841,5.443030654545837,4.6450363435886945,3.959619695374612,5.314409045833992,5.361643693748855,4.516229296854063,4.1167610670595876,3.2885933332903963,4.549781526679875,4.099072499762266,0.0034807415094444323,zero,/content/speechcommands/zero/f6af2457_nohash_0.wav,testing,5.0,Kitchen.wav
226,-181.99000705760577,25.72318616307149,22.771207535831657,21.945378184695564,17.276624651679253,2.8178863906091705,-2.135704027645403,2.6345406362778747,2.8903533024625347,8.257533544364431,2.242680433488946,3.8464949565150217,0.07988961800583638,63.9583980815004,34.08317944898723,36.761065230965755,19.085091637133722,8.78831997050828,11.498239179688674,14.947065386505196,9.016362741346441,10.673042594118845,5.978603920907779,5.820607912857763,6.981395894586009,0.04838517655482618,0.23115225634634382,0.4634193730557528,0.3587598254597328,-0.024106989340433316,-0.08082515573517347,-0.16126106106952612,-0.10625057529675874,0.24582615389131754,0.010043446238424774,-0.026896230551683074,0.12249218939725981,-0.2023581556914682,-0.0010670189475340227,18.64428364662118,12.93035123113845,15.978502783894342,9.760148895100022,6.362912149851976,6.637254474442014,6.24524489229956,5.3845662095856515,5.518267841446077,5.354273142511703,4.586706666906574,4.180546674541053,0.012138962971643233,-0.42938742073655856,-0.2226030675738952,0.04773306344579258,0.11486761733658116,-0.05655377439350448,-0.05157153631267167,0.06674974794348423,-0.06559360483853369,-0.06860151561251673,0.005649175663585737,-0.028565142804770478,-0.080580099629865,2.0607002079486846e-05,16.373656945340073,12.897557655339504,12.351316114490023,10.229474019819792,7.102432084256839,7.785543632175984,6.763483207129657,6.025552729252773,5.275980598355156,7.013344907974485,5.995559743084978,4.554719577301408,0.008047562824868917,zero,/content/speechcommands/zero/b83c1acf_nohash_3.wav,testing,5.0,Kitchen.wav
227,-254.96468132724286,9.52973228592744,29.204721886492628,33.46310033870155,22.303892082268987,-1.5918780039057738,4.368569894528484,11.70589620392258,0.1513988859417073,2.331358462242754,4.557742982455232,3.9102836119013564,0.069738196907565,97.4082649879645,47.96043802060923,25.826166301275446,20.631689043722435,8.424057620576688,22.76430310734194,16.343284289107228,8.556779376366757,16.388556684406307,12.91259293760903,6.997925521027896,7.2793678589427975,0.06421263781982245,0.28278580982609147,0.06626605990562097,0.27445147964328936,-0.015424212037079346,0.10006703442014277,-0.03929563126728807,-0.08906994258602649,-0.031228546754857665,0.21870485198865086,-0.020540461532339387,-0.2167620439505989,-0.2206550379157427,0.0002367139583633792,30.753443536519665,15.487354077825989,13.935735253940503,11.492130443008506,6.015640817906486,9.337660576559234,5.8040495201938285,5.3019298093802325,6.322234429766476,5.298962124988106,5.956144634802296,4.118457341661187,0.023241712560970008,-0.47104041631312155,-0.16175578831795498,-0.031253872305895845,0.10325156707789394,0.11770876246407648,-0.01089167095901858,-0.18826322797041098,0.133991373497455,0.053751371785237784,0.07419893570656153,0.2414445988534447,0.20106592735630902,0.0001325948784748713,21.71859050353702,10.751508901523863,14.71353438162798,11.947971958091552,7.534192609580476,10.430387241872028,5.560754898569823,6.39722067142534,6.364148602528528,5.950314512772372,7.590053731035048,5.969629254564362,0.017257487667192227,zero,/content/speechcommands/zero/563aa4e6_nohash_0.wav,testing,5.0,Kitchen.wav
228,-256.058392847317,31.924035594739436,20.196513438711634,17.36841591707197,12.044214911747872,8.826939697406175,3.1639962866774978,0.1192705646235176,9.593539237281092,9.494647416200188,5.4180753767397025,9.443451364262835,0.033539008611114696,56.98356109507098,29.129319936008365,21.46446485827611,23.098619451787542,9.571379009346424,8.672563923406765,16.650203487920578,18.057304984594595,6.210827294300423,7.311340156993754,11.713511342399052,5.430125474972278,0.009850152030425942,-0.09659778545057501,0.03253745433828578,0.08798617545816141,-0.1604175892208628,0.2702379758833519,0.45363165122986043,0.5755422622621331,0.3901733254220591,-0.23398304050977742,0.1424389052859778,0.03600789985633739,-0.05394173449638671,0.0003759861893711552,16.809191850288304,11.01609930221088,9.43958226231836,13.359156440878335,6.388845015346773,6.437531847806147,6.361168741873902,6.500659698934756,4.724675129961693,4.21087217675435,5.097514354222401,4.439945575731627,0.004128386454211973,-0.04089803696297546,-0.04927422425926918,-0.050654276851820924,-0.10743473367695462,0.058483623338227514,0.05176364578681332,0.0305715311295175,0.21182431405171062,-0.21758792413010966,-0.01910238697172506,-0.21327458766210877,-0.427800106256998,-0.00037504698460300766,13.412010568871505,8.955257633850566,8.545954742426805,12.409267301980263,6.829598240827523,6.5283859433721005,6.523914192796254,6.029531374301391,5.077623456356548,4.779664162728276,5.056195223470317,5.650946382478502,0.003260777562168723,zero,/content/speechcommands/zero/2d82a556_nohash_0.wav,testing,5.0,Kitchen.wav
229,-275.4329197712445,13.598265041436363,39.46558490835488,31.243726713356793,12.164539796765776,3.8280769151561764,9.259975813886285,9.789706541997909,1.5320725862668094,6.90887700833025,7.8909602190984005,5.25578006153073,0.07309398509096354,75.86197717428522,38.69041718674197,13.927048000750744,16.181696962416257,14.926156871850585,15.568905032222354,8.9019687797649,9.891048291526598,16.963434809701965,7.249896921328761,4.027108657459639,10.324811621033042,0.053333891405898635,-0.4531580591544294,-0.2579538313996959,0.13058321180668994,0.44140119541914896,0.30782938112527075,0.04260530888466896,-0.4088882495248286,0.3051823867615371,0.6105663943753605,0.5369814998384641,0.2763558839292482,-0.08210416163782677,0.0010611293537001456,28.32715404468186,15.040921862309924,11.337911148157348,10.528953045509493,8.921712982650606,7.979207008993008,5.086522414982931,5.847924046663727,6.7157147244815825,4.331033349100156,3.524659090480642,5.099936616933986,0.018651037186400564,0.06765556720109961,0.056785920807242124,0.13046282907336912,-0.13569112120173965,0.07519906029792847,0.11046215997959549,-0.06534786378332035,0.16730950397820046,0.06810734438521085,0.05710369631113957,-0.018184975589419436,-0.15975520887556058,2.013016492128372e-05,25.244283795882016,12.72381577568551,12.302085428923013,12.966687499342326,10.097441155542093,9.735990156474807,6.385579766083343,7.157843498758436,5.3412665783852855,5.2856111216930985,5.145382255813008,5.171267560767087,0.013767570246362826,zero,/content/speechcommands/zero/97f4c236_nohash_3.wav,testing,5.0,Kitchen.wav
230,-256.2655165037272,-0.16819842382046946,23.13276658390832,29.904414519330537,16.868171165026368,15.809911919411528,7.567510270355949,4.205379263704794,8.553797705438082,10.35395130662556,9.516067676690376,8.496799938384402,0.049003936524968594,58.742143908778594,23.168185740302423,11.428161770198377,18.56907503959432,9.972544121449284,7.478208945469885,7.770538230765331,8.274342031232507,5.528209040088047,6.502259630464814,7.022253743584988,5.600945744671403,0.024835842791419496,4.087259369685177,1.7983157945524484,-0.7343498097575135,1.6145084569101877,1.365248980464165,0.05683404834170161,-0.16166128656628284,-0.40494634211275277,0.28735106220215423,-0.423708929211466,-1.0568281595288602,-0.36067504457256566,0.003062829855949648,18.155485621954952,12.485178358801994,6.7144740051861795,8.203219348856056,7.402347594819946,5.343981261125671,4.214845396449816,4.307812890160663,4.872275431468267,3.7966382935284466,4.155575461279965,3.666978242382403,0.009512643049843096,0.3437640213477711,0.7719399618016437,-0.6950234575977582,-0.4572202509993018,0.936702569514727,-0.22950369007167673,-0.19362884628193847,-0.00882903339698083,-0.14278711459077353,0.4016927895930021,0.007208279991822882,0.04937265542331133,0.0007809692372878393,11.837270630570176,8.745698472535036,7.034205505650295,8.376069584475664,5.897085892943193,6.2884430392868245,5.4566829763456886,4.88026604164465,6.975923630806145,4.4604237676263105,4.624261734107751,5.038856266508523,0.00667128298176142,zero,/content/speechcommands/zero/37dca74f_nohash_2.wav,testing,5.0,Kitchen.wav
231,-96.90523497257448,59.27931633016136,9.102768665095764,14.2557745790265,13.940938386051265,3.518189192752164,2.933130901924277,3.186952227895591,1.0310719222073506,7.145123836484277,2.43637786112778,-1.9860762429214471,0.1273873935570009,74.2841383827452,21.154283890970824,18.32850787445056,12.59859417933218,6.121831502040375,10.552759626385154,10.068054959384586,4.22251097195097,10.45831796838119,7.313658576177577,5.348143379186455,6.822929844288071,0.06984539414068941,4.058877505821839,0.14757362480643252,-0.6275567992665452,0.0824993514019674,-0.10350411053685962,-0.16264861528150368,0.21973997069159812,-0.08286033471733377,-0.28119343225529475,-0.05287732710549944,-0.27036748897759777,-0.3015041017200954,0.0006515801914276615,36.04671363960867,7.458545051806732,9.930526908321072,8.86668747671341,4.809031550732121,6.73746442139717,4.729711867718155,3.7245065030280657,5.6409833932462226,5.156165989678271,3.6032279444078292,5.67109011191835,0.021371670691823674,-1.990946289424278,-0.18498848565473505,0.49492522879813794,0.1312265120147351,0.015446455387498522,0.20252093266658744,0.28955798867599314,0.10923311225442989,0.29132458727135735,0.10561479224689971,0.26260602480022205,0.3222653396202436,-0.0004945652559399605,37.6546070610816,7.040476030347499,11.718360375557994,8.353372949347124,5.284108871772292,8.083270585898852,5.240336733489213,5.285264087030443,5.542083876652848,5.211044744047525,3.9908008395859405,6.5492839535132745,0.01806901675325677,zero,/content/speechcommands/zero/b83c1acf_nohash_1.wav,testing,5.0,Kitchen.wav
232,-224.598419037326,-3.3904418298632595,24.606125094076845,18.12873347008507,15.938158696247477,5.4458797615905725,2.945055205388622,3.66745928102863,7.01225479675061,8.57577057074169,3.175768895280225,5.6995707923679,0.04011567772055666,34.201209546808286,30.844803521290515,6.20609798821483,10.749093585937638,7.246936078014639,5.502260893000958,12.189287923317366,12.442473004926923,7.522310741378678,6.210748522702709,7.645735469768141,4.387618240761275,0.010294895670299436,0.4216113307455624,0.16883673173512867,0.3739947062152944,0.16648605859853427,-0.08874655188861928,-0.062403123772053336,-0.2965308005215509,-0.052789294867505644,-0.1074232872306123,0.006171548016489103,-0.1348997611417857,0.03606220352270951,-0.0010514696417697545,11.7373228504144,10.856668672199504,5.958114965528989,5.854606464494103,4.3484581023899285,4.239858592053822,4.680101728618494,5.322409043693733,4.6659138138552585,4.279251427921528,4.58702783267949,3.8544834008811204,0.004332479599150604,-0.3238492373000789,-0.25242914893857715,0.21794988798866757,-0.20966649226526726,-0.15397525721156674,0.014598268466796873,0.1853422628402634,0.19860565108883454,0.09155260759345575,0.07275269439465948,-0.05509312033005969,-0.16747580775802673,-0.0002687798613416297,8.421995105121194,10.52210577023591,7.775143464566006,4.9275171856867495,4.364502533640359,4.890232583720465,5.183995410372122,4.813969017885816,5.728514679473459,4.333125340856367,4.408633085182905,4.788497451270147,0.0027461492098401,zero,/content/speechcommands/zero/863880b7_nohash_1.wav,testing,5.0,Kitchen.wav
233,-271.8605073222611,-6.382511726540211,25.209732280850723,24.376971674772584,20.367111285034326,2.3976945049512666,4.818256978931997,13.831464469382723,13.128376630734016,7.243018584489254,8.281653338158938,9.25245453047588,0.04405168441007845,59.58053167594373,22.311760813440873,26.14751237944985,15.309583066465724,7.203288554529627,14.745324963657438,14.078957846565283,5.807784498002678,8.398028767022183,7.938852390386085,4.96028293146148,5.76240546808186,0.01459934871760383,0.5535487023340766,0.295761582125911,0.5930418890811813,0.11615621248512664,-0.14048189279972312,-0.08313363473487992,0.07296365123931516,0.02598820125891137,0.022885838943281098,-0.0421141858875473,-0.0275213577362974,-0.08246196047064391,0.0006415210363845672,15.286520773547316,8.734951649474807,8.919164873013678,8.554693290969082,5.4875569260885495,5.8432023244767715,5.322916117107783,4.922539923286565,4.7054819869359745,4.268837884194558,4.542625553842766,4.179197810714843,0.00601676489875724,-0.7494122712798439,-0.32330263093339323,0.24263251209812278,0.4597113073876809,0.3279003449632903,0.2213001996584727,0.17872476266045048,0.29631553775986763,0.10511922374554947,0.04113878539677458,0.02136424871174635,0.08664467067540027,-0.00015271420901020368,10.72703617712388,9.420481822335299,7.5684081698445285,7.2347465374328355,6.015844899053456,5.305880577082069,5.777150855867807,5.8317962274822,4.722765197009243,4.913175218689087,5.900077191064506,4.867894687105741,0.0036559821327820812,zero,/content/speechcommands/zero/dc75148d_nohash_0.wav,testing,5.0,Kitchen.wav
234,-241.58027445835552,17.931589578465456,21.32338986757307,19.23955089009219,23.068880731007695,0.8842813640936658,-3.900598300748459,2.05131706298776,6.99664896000571,14.572261818561191,8.226595901467878,10.793510188318605,0.037064958130940795,77.522525286337,39.241472804873624,29.94864541900243,22.485722920075037,8.8578748712753,10.903106868546063,16.60984944902927,13.780046173863981,7.080412729622351,6.72860232487008,10.785516200346372,4.297598689594143,0.016603807312770075,-0.054264200753561545,-0.09172056813613846,0.1835820178506023,-0.06720966036194435,0.15662032875630738,0.35405764375128507,0.19049328599091847,-0.33568671012130696,-0.3773095611998349,0.08337446513788213,0.3636849747778919,0.2111064232330311,0.0007820370937547376,17.531467410711727,11.979747945482895,9.776432090552248,11.335295044833817,5.076165273440057,4.165530929425122,5.326317747545899,5.172813086361053,4.074580834099281,3.803803296779594,4.425245715709661,3.5091310312118535,0.005880769692113298,-0.11593125147549017,-0.2897920872992074,-0.015103792683385702,0.43620270155520646,0.21618625527675134,0.1605865936875869,0.11338287252785607,0.08859422283015625,0.3164410687861793,0.40908012613160794,0.22413952116191851,0.16666034515836448,9.622108191251755e-05,8.420762223736252,8.719006586118839,6.183365897331385,10.24439482436699,5.429307877953355,4.632529611152742,5.6029279256299995,4.663564236612346,4.669381920156104,4.363808730976105,4.413243854863321,5.168445873502763,0.0037156080580499733,zero,/content/speechcommands/zero/84d1e469_nohash_2.wav,testing,5.0,Kitchen.wav
235,-188.8828817414278,56.17025127533117,18.644081678152084,0.4777881921806335,11.07282420113047,-0.4325880105362194,-5.3279093043269725,-1.6020338616375551,5.7453412668505015,5.2103211855981355,-2.7287680812623627,-2.184104322964824,0.05779480317141861,73.96575448748702,27.313699170532153,27.35450767070966,12.190745989139483,8.259444658343199,13.795943706491178,17.527331929548588,7.876669217634843,8.85224241066356,8.795673392030617,6.081033572988334,4.94099016239325,0.027905527449924424,-6.815100668018375,-3.1006768068921304,1.7736194611184943,0.7353840151151753,0.29353537709725147,0.32023170456762096,0.22286453107683368,0.35792102814504967,-0.05782625675401358,-0.1776581690014777,-0.05221136432449734,0.08898121931870423,-0.0012442434747372904,21.67745392863353,11.005322562856405,9.177992449121716,6.325786445057702,4.278450237954765,7.560118990623079,6.552486557124835,5.181517720346186,5.11283721180348,4.691988982734252,4.263370329216197,3.1109554018394263,0.011495990831432623,-1.4332329795938221,-0.4754930106474335,0.44168668951045004,-0.015216919872250696,0.07243936188448127,0.21562405496956785,0.04591910049595569,-0.2421769576168708,-0.16938876442849976,0.0240900270472566,-0.08487220860089686,0.020754825480409654,2.082859476407369e-05,16.60656364650404,10.1884819357921,9.912944944107794,5.312667814234743,4.839045445919234,7.264571933409886,6.523818023695382,5.659700134028752,5.226183343520235,5.156849702570281,5.642105529098488,3.980963202345567,0.008796505380340726,zero,/content/speechcommands/zero/aa48c94a_nohash_0.wav,testing,5.0,Kitchen.wav
236,-252.43783651650386,16.18885080948876,39.489741880375526,21.052076763715863,21.96833546752246,11.522153651811381,8.499982916482587,9.993047234571812,8.482505866530902,5.036994962265784,5.21926633161542,8.149907852386045,0.04836049036433299,46.49487867621445,35.09468270333517,17.164111276221245,20.019864874693507,9.04078340016065,10.71758039835202,15.352086678066213,7.66248934139528,8.273874038762148,7.232945572920718,8.397476221345974,6.312708071748646,0.01175771881251696,0.2391815232815804,0.4394901564084108,1.0417445129879603,0.29776335755015343,-0.0806321876551207,0.2485478505137033,0.5121419150029332,0.5056294002648659,0.3454957194249763,-0.07051719056275399,-0.1953859395764011,-0.24969993416387032,0.00043062852888271725,13.780564712410454,11.305307209692325,8.643695998942567,8.688803549291006,4.927405807388677,6.184780122191436,6.288980420735936,4.8499198668128605,5.233725038302806,4.805425818128656,4.464657521422345,3.8526301969682892,0.006859477986953094,0.16210911713601206,0.04700498536721831,0.045142057648537355,0.09311840762294057,0.21317126112597937,-0.04754760202135287,-0.025392960302927543,-0.11227559787439276,0.22930059177792325,-0.03257474467655757,-0.025352491547363108,0.08433779540627828,-2.1280055599553244e-05,11.63738102822441,8.843278921358754,8.227968822198267,8.122291778430624,4.853540216110509,7.576102006007205,6.10513608045896,5.921188716537009,5.374347874037958,5.4296115128994415,5.588273525348234,3.9794689361138413,0.005702406266808772,zero,/content/speechcommands/zero/1f653d27_nohash_0.wav,testing,5.0,Kitchen.wav
237,-268.7481679292388,6.815404846316878,43.15499732016301,20.579004013137755,24.558919477841805,12.449707569836233,5.670699196445805,2.620887837788759,0.27578968960801853,2.2386469093040833,0.7406516135020522,11.17025299553815,0.03158997977152467,48.57693155526391,39.71947861145213,12.352867930976938,18.109854618013255,14.789608904961241,5.572773655235393,15.013483193557935,15.640699667046169,12.546536031133837,12.244589629375179,9.12444841324684,4.824857882777073,0.012695792137809924,-1.6458882022521564,-0.6836297901901186,1.142663849744559,0.8484073027091137,-0.12210644927386127,0.020808045154243844,0.2595378841879036,0.10799268816158604,0.11587136243144966,0.15835679931309296,-0.16839200394717665,-0.26658060031491615,0.0002486196857306265,15.018171926997047,13.135287722064467,7.613706270067382,10.968339126459318,7.629627120511248,4.466567627619483,5.660032852901785,6.497197184555026,4.3840256210267246,6.712377247123351,5.043141446714861,3.8910941187408556,0.0046569900788781095,0.5962437904725543,0.32963453911832896,0.12647538336251204,0.0638721390903464,-0.014105589889221844,-0.08014830772694355,0.04673183411980304,-0.01572720765588625,0.13440995661744992,-0.0800449624098201,0.14900636965752972,0.11093798173783526,5.011241883039475e-05,10.01644416297385,10.39889663912151,7.543019694524278,10.713018809807126,6.314612764751176,5.385210428517131,5.702251845429605,6.373412487190049,4.522964218069293,7.5734864203126735,6.250894283713444,4.6338548238417605,0.0034738332058097104,zero,/content/speechcommands/zero/5c8af87a_nohash_3.wav,testing,5.0,Kitchen.wav
238,-267.9389498462465,51.70286560005778,39.83071169219431,21.526137914798596,16.08213429499381,3.256602346127953,-1.3559480306565639,5.653631150445586,3.6086495897449296,1.8106823449407452,1.3452745856080677,7.4799017569935575,0.11930544098140672,75.87119329268046,49.881804773188826,24.648220096677036,23.175527902842592,18.98936448406653,14.00590321917303,18.620002947948887,11.722419579729758,10.060079124494646,15.023937460259612,11.869107732039296,6.88637005936697,0.11772454160258614,0.21180211360960158,-0.3016922698719343,-0.3673581362173295,-0.17534636852655358,0.15276407422172866,0.10247169058873062,0.08498157440364976,-0.0331452607311685,-0.28112386662702155,-0.2762408453420518,0.08053619419243434,0.19003233895409558,-0.0010371709602975075,20.27954455904562,14.44954628865273,14.679277804534665,11.730501280924907,10.089397411315897,7.30056029212931,8.249614400337668,7.333673047980805,5.61076054011281,7.267426190538311,6.973138116988714,4.062169563621167,0.03772235149767429,-0.03649395313182709,-0.1630203419680421,-0.07847623262604854,-0.1155560701042687,-0.2602099306940693,-0.23283279200125223,-0.0447109901295951,0.08041018225331666,-0.297521399967738,-0.03548872265376328,0.3124352945121992,0.157422346084045,0.00010616779327392578,11.755798723463215,9.53567493634217,12.408565415651282,9.310318439411823,10.054747674166777,6.799268871087496,8.812813247604979,8.28041111123574,6.403248764268701,7.279152942515651,6.344884312021022,4.979717834867824,0.027032973333970197,zero,/content/speechcommands/zero/9a7c1f83_nohash_1.wav,testing,5.0,Kitchen.wav
239,-170.15107982665722,47.625563539953575,35.9507770167878,11.17379028017875,-17.59010874949292,-6.496843523738574,-0.3779593002256753,4.832054642354393,7.074842389581911,1.1627149333734426,0.4144728399042219,4.703474659576012,0.09795118495821953,101.01388089239765,55.44885085737642,30.731605607144786,23.48573866034044,26.867562455623702,13.43578433310362,20.327196251343825,11.975871406063346,10.77465239140147,7.8236253795294095,5.993829438842783,6.846811681558097,0.03814465810415852,3.7208115337330248,3.6460110895931717,1.0564198642836053,-0.9454642154020187,-2.0351437948732682,-1.083875583584718,0.07870257494557491,0.2728504970971982,0.3289353109375509,0.012787936461843723,-0.34597019157939524,-0.42421480702113756,0.0015117994719936,23.286109081398916,18.82536407132837,10.867641697365363,8.085416633104376,7.321433909002508,6.23817794828049,7.900187259542952,6.680397107831432,5.904123210429006,5.282947817241142,4.541354050957022,3.945990709005201,0.010959850261458858,-0.9792578930250199,-0.5157770822121315,0.6420701022464166,0.6336515571683402,0.3148855413230483,-0.1574350484002767,0.007330633900478715,0.25490520804686323,-0.16512899528647543,-0.006292487353700796,-0.02113855176510695,-0.06075812336845263,-7.210001349449158e-05,18.96081045782933,21.341929378261273,8.297899247938295,7.72933391205675,8.523080631178871,7.581346440227158,8.626871785936048,6.953455710410346,6.314724760399971,5.825378979249006,6.202547111992092,4.542156240767422,0.008471021174366584,zero,/content/speechcommands/zero/94de6a6a_nohash_4.wav,testing,5.0,Kitchen.wav
240,-146.36149934765376,46.704135822530716,7.3469467682127085,37.59819152427103,13.817878388202423,5.002544249707499,-1.6408334129383957,-17.376996586774215,-3.4827970417028586,-3.4202514671457998,1.5725920189031177,-1.5419989720501717,0.13300673419144005,97.88815262037961,43.81465731990871,46.234264261391345,39.75412165175305,20.746754383597263,19.496323369986527,20.43566561745292,16.767700374899995,11.296026046811432,11.2317955383114,8.252358338635187,9.229062741102428,0.07664388088535674,5.306204942355681,1.042416840906488,-3.1171509883199247,-0.3804774280264447,-1.1966596017669577,-0.5477765256123323,-0.07662016676667573,-0.5681083504190704,-0.5871915948149266,-0.6532223206966387,0.47595282951577245,0.3404892221216132,0.005102823818883588,36.46174504686308,19.995001315453028,23.575913435194348,16.73570903580644,10.3834116952986,10.139305758195173,11.402555349007386,13.512009730586314,6.210043473876092,7.817622029765418,5.7393704825752,6.163710744576534,0.024056221717284363,-1.79180057508355,1.1474508054424437,2.414306829157945,-1.0478070438249398,-1.0081594150330608,0.3949636747565216,0.498591619708454,1.0542059829837014,0.13836271532877073,-0.6569393632473179,0.13269387020051662,0.1693850933026086,-0.0006131753325462341,34.888948602973606,19.289638201660992,19.903382763577316,13.270100107622934,11.254230254218644,10.751780383100634,11.705465868977269,16.021808286665753,7.060083087295634,9.598119820753466,6.331883344804997,7.038777440877598,0.01638535160409302,zero,/content/speechcommands/zero/cd85758f_nohash_2.wav,testing,5.0,Kitchen.wav
241,-227.7512229485505,19.69854256421944,27.153180176868204,34.080285788911546,21.247293559235434,-1.2939806004343246,1.4175859099733072,7.384264734324933,-3.0033512005166627,0.49067729709854835,2.5521228968417615,3.546055619871875,0.08355499699246138,89.12135944344983,35.57558208194009,20.513246120901258,15.600570215999765,4.614707903817586,20.667802967941324,17.066535791974484,7.185867811575192,15.492578592135425,11.98573859745643,6.850904597201195,6.215986491499571,0.0718752038767161,-1.207158278293405,0.5127859472626655,0.4878016342201402,0.023055481044601096,0.46495355721001597,0.05752357468730333,-0.3721847522273946,-0.10539965792318975,0.1633750964356257,-0.25782360729615317,-0.2537570093821697,-0.20676516678902057,-0.000234012161531756,26.088644033577122,14.23341492296756,11.144823054382668,9.635824929193614,3.213637172170644,7.994646914401113,7.455402751426828,5.54732707531512,6.089350361825172,5.050751293588735,5.077350498482928,3.8533670405712206,0.025284121545060937,-0.4439195149386895,-0.0776150847595262,0.24197586874066937,0.2082755759249371,0.07550480642242956,0.1998540073732297,-0.05100015145889068,-0.11174271336185194,0.1384941963680811,-0.008522535523407863,-0.07026379567540274,-0.1977290370950228,9.464211761951446e-05,18.43931895152496,14.066956345786567,9.98523023898776,8.9738976154,3.9103034402421404,7.402538290793858,8.426685691683664,6.348247845173915,5.295261102412738,5.488303713511105,6.349679211269584,4.6878844590456055,0.01714245324329615,zero,/content/speechcommands/zero/563aa4e6_nohash_3.wav,testing,5.0,Kitchen.wav
242,-263.4718936076843,47.52859715912335,36.63456743785029,14.634953045388414,19.60805287954932,3.372135028959418,-5.5249466722949565,0.07519642832791756,8.094252040819761,8.487905590441473,6.45162459795214,12.308428423990351,0.08404336881358176,83.0149748053988,63.10545347998855,24.482686556850123,23.126208111150795,11.535994359576389,12.514021311141205,24.70082632013084,15.94009759132944,10.365709231683734,5.8571702793480265,6.699204044405077,6.4316928207197845,0.07367848046589326,-0.06586132172298213,0.2757432467438699,-0.10035925417496827,-0.2544655749291288,-0.4029156146714207,-0.20696503041727657,-0.10679055640920636,0.13634195988192468,-0.3777331880594098,-0.18879970477698552,0.2575903761262996,0.08539417274293445,0.0004484934071379323,20.402969402824915,16.41188319999468,12.74781551664682,11.834126025296479,5.280733820556581,7.009774578229052,8.496652554337759,5.6157962427510615,6.428302255186616,5.6125326811572265,3.849493757919546,4.941519269884464,0.024224662029084187,-0.07865559098887805,0.058396559995193886,-0.2166917329049832,0.010186255268744305,0.17523957925504638,0.06646337003995188,0.00036372927791787174,-0.0566617853323702,-0.15144283185665006,-0.1311750821019782,-0.2302757036536154,-0.14486781543915697,3.8555699090162915e-05,10.658490978819332,9.559298078275122,9.835992590838272,10.762275268609287,5.222047859927377,7.4568633175736325,9.316155063374843,6.537044836535945,6.236233224159858,7.907252970904856,4.756620998366913,4.9647148996374035,0.01610663886004832,zero,/content/speechcommands/zero/b83c1acf_nohash_4.wav,testing,5.0,Kitchen.wav
243,-244.76382360885782,55.95928426684837,37.75150590711158,16.70064594476491,12.390545071686516,-6.406334273702445,-7.661238797406935,-1.5399334650466563,0.6978312258329733,-3.3314393891674534,-4.456869057207902,3.7694871147369504,0.06041064375312999,44.468968338013646,31.196891990199433,13.683065207213694,13.98115887893089,4.886438233969051,8.45809459934625,14.441996074009747,7.618913544699013,5.774557539688226,7.5838739266043165,6.960087590662903,3.593924775430895,0.03074400992375877,0.295542398358119,0.17868019151496636,0.3197917618594687,0.4304915833038102,0.010597540620447023,0.12030326506733137,0.3036261103385393,0.4248159866375736,0.2189984193847942,0.15218486729003058,0.2142927292853358,-0.11870757858679541,0.0006215340427813992,11.764141755424376,9.473472851608369,7.327561431784208,7.006562533284473,3.598797761725352,5.641830746370123,5.843545827348252,3.3828165966254087,4.168210628528127,3.6469816387243443,3.794932826827569,3.019376150652277,0.011116851550578278,-0.04592289063557473,0.040920030538255506,-0.002065066022072178,-0.06056339293365956,0.11357264175088091,-0.08855898999611123,-0.30718390938013374,0.12422529640035439,0.10493623198212211,-0.1312256234123088,-0.03960126528556482,0.20174751145184486,0.00016076465447743734,7.927532690766966,8.9400775456472,7.834710232603343,6.054138904160466,4.676183652261001,6.604647848081423,6.230850744579965,4.146926043474398,5.226483085723065,4.636458811376027,4.087851310650093,4.065181273146659,0.009032713128801906,zero,/content/speechcommands/zero/7bae88ed_nohash_0.wav,testing,5.0,Kitchen.wav
244,-257.33873956984894,-7.667044319863205,28.931367316541156,22.48844748819241,18.613853690661266,13.346390079894663,5.686693808717931,7.802474030141408,12.236265104983579,20.13321150649511,12.992182677160214,6.167460014776754,0.038030032941605896,15.857485346499665,6.0083935455567445,14.048229946594194,4.223535405359752,5.806985095961466,3.693685543915513,5.5827712542117816,5.144638949825772,7.517970549289806,6.24772690622798,6.621841622534306,8.549429637494216,0.014386611645652936,-2.0002601886136353,0.011591749896109038,1.3692008742477744,0.1445819858227717,-0.26063014231092224,-0.1406879192356904,0.3260480198317007,0.07302360771984927,-0.08383450035969155,-0.15323858812484417,0.5549776773512411,0.3022690520423841,6.740900778001355e-05,7.758424939876678,4.505080156089217,4.655272653435452,3.0705432502248224,3.594362616753515,3.087368789568673,3.369864723218303,3.643978211224593,4.9947504856541824,3.954886050309584,4.181647328518728,5.003495319002288,0.00745471442031517,-0.5092639657249217,0.016731239680002858,-0.2732947609691874,0.011507811623014893,-0.03093790837416185,-0.04411024562674078,0.10878397596056745,0.20998904027868648,0.23865438428402175,-0.14440997058382976,-0.1012068657199429,-0.13110278349858248,-0.000489398775001367,8.191054338844175,5.222753561478288,4.231323144468785,4.180235160816444,4.478390601213281,4.389127047889856,4.042089197590081,5.0397508114893705,5.544734640382572,4.44709244611595,5.699169090668382,6.177702796494072,0.005011323341329134,zero,/content/speechcommands/zero/692a88e6_nohash_0.wav,testing,5.0,Kitchen.wav
245,-274.36734034698355,0.6448317321563606,39.26002226912416,12.033558633828633,6.818057080399991,1.5277013184774852,8.712537210038356,9.104388983403481,11.775085837438507,11.03887607153562,1.8382506604921058,8.789388012089377,0.040168772742617875,36.58888622768007,27.10840962620512,13.587621040742972,20.833794115263295,15.373848886996056,10.504870630377622,10.178660439480378,6.096308312218799,7.369528462103654,4.694465812169174,4.788805194408941,5.278894039287806,0.009696034734552633,0.04188373635838799,-0.056985567353488094,0.2997437116676573,0.2927152357558739,0.11582625054728841,-0.18835444696792542,-0.05943313499262657,0.0767549857754462,0.06000295690670691,0.08077851213066785,-0.14102534321998836,-0.4272738500447401,0.0004048701976576159,9.89423117053752,9.50808710261891,5.275359229746229,7.391549777708065,6.3595315517018465,4.345067595273889,5.154062418389881,3.578391295311372,4.068319000620979,3.5344009920934125,3.411141624197886,4.174063927400256,0.00511033071503262,-0.18547994488198657,0.22365028820100138,0.28292449140302567,0.25032860239295057,0.032918119978804526,-0.09603045728029584,-0.006271367869545763,-0.02800258490164061,0.20105280106230924,0.0295495107639125,0.0944065504851013,-0.12285455340526473,-0.00020552314817905425,8.111146564277407,9.72847996055021,4.980312056201376,6.430000398773873,5.072377391988146,4.708261340920064,5.613245460375755,4.331044549081124,3.7911134525119015,3.9675281832920817,4.493284508365852,4.734407875569518,0.004482676931732884,zero,/content/speechcommands/zero/135c6841_nohash_0.wav,testing,5.0,Kitchen.wav
246,-185.24445535887344,76.09839849675357,-3.2142709107717087,-2.0394659522906236,9.370991759490064,-4.652963765389307,-4.713153373817238,2.473947007396844,2.277744882489354,13.76255929644606,2.9324262538518173,0.22358216627999017,0.03433027560822666,21.414823335030576,22.041917806764136,10.968575626536213,15.469094335411159,6.238141764807115,4.999914960150276,4.34930597290695,5.906803963411576,4.834437340297508,5.639964911546994,5.44327304079784,3.859629725445895,0.007749765881053975,-0.6028547495739737,-0.034392634171282105,-0.53830425885888,-0.5181251823506858,-0.3176606743993503,-0.31240584248198816,-0.10532255142562433,-0.35451302350953073,0.04281960610269251,0.07304852796634359,0.2967381962095656,0.13240311508773703,0.00018755893313115643,8.096773783371562,8.657906167018295,6.410345444566014,9.223035131299646,4.288386418325542,3.824533495658059,3.5594216280709405,3.3771300913820945,3.845907700713285,3.8768613349759957,3.245601611878233,3.387420139708195,0.003733579316394318,-0.013221036193779885,0.06800241279792753,0.12896546809252318,0.19442067504647828,-0.2072315115594814,-0.007410869678271566,0.16518231321273305,0.07134003215705859,0.15155391737463164,0.07211264712702921,-0.12730703559539008,0.01062900340857243,5.0616015990575154e-05,5.908934533437414,7.098031089416734,5.437784016054046,7.3132755483504015,4.690272269171295,5.138123634431388,4.401520615134798,3.909576431907147,4.902502850941699,5.005674554616719,4.192937838980554,4.443366393661138,0.0028424283705952365,zero,/content/speechcommands/zero/5828dfa2_nohash_0.wav,testing,5.0,Kitchen.wav
247,-197.6353256005736,43.77667216171032,22.67787688452404,14.285112784938429,17.060678168796915,3.125146305313381,7.518637838590235,11.239470684728069,2.356234696696298,4.6037187779423725,4.376611812327642,5.306343158332998,0.08497846755199134,106.43604707793516,49.81122027013283,26.606273123346163,16.02393237794769,14.979690061738605,11.415680704926507,8.842942853697954,11.424026127796894,11.550344166227237,7.613487061705739,6.744682823797921,5.827260082285303,0.06810848092547206,1.6251546868614686,0.7662230628327417,-1.4493362379419235,-0.7992653508404997,-0.37367829617729265,-0.36330474861011236,-0.3006631570352766,-0.35902370608190615,-0.16836745980736803,-0.16731156899401142,0.056497578163030006,-0.1273907218788782,-0.00020758663454363422,45.36277683993787,16.946610597322753,14.014674570515366,10.909041631213825,9.272005351731162,5.9942667669574705,5.190239554652553,7.7079478016678955,6.324739551521038,5.856455422803502,6.317800229738971,4.407697647418671,0.02447810095519435,-0.9782787600298682,-0.19729542491401428,0.3968447536967131,-0.21448474013670596,-0.1663690932837401,0.4209015119457089,0.25621351111174245,0.20977285492242057,0.0475329418237159,-0.09350346597929905,-0.10435204341469054,0.07878831329075,9.945544103781382e-05,38.424059434186965,14.199467894359078,14.855081271985883,13.53188481440036,9.114268487407001,6.712607409766799,7.0407626738321225,9.497461014046399,6.736943726987379,7.757723479130389,8.435009730863644,5.543677283390684,0.02343527168058419,zero,/content/speechcommands/zero/964e8cfd_nohash_4.wav,testing,5.0,Kitchen.wav
248,-233.29503684947164,26.029143399829984,52.39634168094849,20.645749980387798,1.3556216529750105,-11.546431245493197,-5.880347228996051,6.851242447245217,10.793989368569576,14.685593132817784,9.527864330186173,3.234678997796382,0.06839476016466506,42.01311692520238,35.10884638798171,15.4584715422049,8.084633162597681,15.109108366515661,20.475835879132063,12.021462186310472,5.848853489383065,7.9953016887523845,6.168205879740557,5.623704770587751,5.77389260817188,0.048763519539864394,0.18206653460640793,-0.07748430785251571,-0.010554338946408871,-0.0753662780880992,0.3193753170115687,0.6849280402086235,0.03605362552865302,-0.1442496989659701,0.23227904087856127,-0.10356646343941664,-0.21541318044901805,0.21234395588018273,0.000492962317601327,14.710863410983443,15.690288409241749,7.63652189759392,5.820095357770243,8.617911258411423,8.834703298105364,7.074284506822986,5.1792823434053705,4.689266844577234,4.070665705633162,4.313546944585122,3.3782213298698953,0.018177062640839813,-0.9132940203121128,-0.9240105867785128,-0.34954954006671396,0.4488903148318955,1.1761019148907959,0.90250265860317,0.035237007909505395,0.2150271170493419,0.06093459472140227,-0.08082541218989767,0.062383276493715674,-0.00357376322339773,-0.00031299504141012825,13.035689845002086,14.646730844442207,8.894977815009602,6.376920046470977,7.762339604577404,7.323081475338548,7.645991711003577,6.686643438979411,6.0077465778155625,5.124090690878254,5.380022710173159,4.531635091355976,0.01430647794116256,zero,/content/speechcommands/zero/5e3dde6b_nohash_1.wav,testing,5.0,Kitchen.wav
249,-204.71511014616482,32.336840991254334,11.529822082063612,4.0212900523536215,17.62490728158023,3.3241253194393545,7.372256794297977,9.553692811728954,3.328474043733085,6.6487034620454715,5.557833327168256,3.7738036369972865,0.05745884851785377,77.94694847310296,39.36227790328629,32.75823281716419,20.753448471422434,10.986103479193954,15.661313826969337,13.432864473860299,7.558462715845972,11.778665770206139,8.791777488236242,3.770485396270626,9.052528208820542,0.0297759404794081,0.12770097816780707,-0.130239610932924,0.15993073908546993,0.05867095342172788,0.06287163157751473,-0.1561934389550021,-0.007715174575505187,0.0018467755861644676,-0.08123771209219724,0.20548968734003867,-0.004153978119459264,0.19577440048171407,-0.0003389294349378155,30.86335329455518,12.732033282628882,12.200014727189751,11.325185306060916,7.165522070123938,8.468526890245244,5.557330919924174,5.891367846162357,7.40966001250555,4.670746874026581,3.9490209853850753,6.260624512917674,0.008980287203455334,-0.1148542695376174,0.11425795103635525,0.5128660168410862,0.5753929758427812,0.3147400813073001,0.11524392248085213,0.12727281993720171,0.008045194488101141,-0.10740485717722068,0.011444196991037891,0.1146531323849531,0.12326263621698522,0.00022255703806877135,27.89840898640573,12.81407844854381,10.417618679574648,10.744125568919156,8.909295406923423,9.203363981012918,5.352200293569568,6.877527959359084,8.490258970219967,5.900920096812526,5.948000489484958,6.577984789937182,0.005579017334197216,zero,/content/speechcommands/zero/1f3bece8_nohash_4.wav,testing,5.0,Kitchen.wav
250,-254.23061538135727,36.100936882132004,24.52422076583467,6.978691923893251,8.880425366712554,10.839512318492902,17.580632962614832,13.992646432052975,9.503300431875708,11.310084008144354,7.23058782256434,7.4884959173604075,0.043601682875305414,57.42510969972308,30.437484472996694,13.893114619083905,11.731987144605329,5.729243808293103,4.5881504107398285,4.54051382132604,3.5260269124137857,5.44885445342556,5.14305226050849,2.961641584139961,3.730025808926098,0.013592436206619195,-2.561132084553939,-1.491201324871491,0.6695989321188757,1.0354773144493066,0.3847714424587655,0.0027279647247831873,0.008497369908916313,0.3741116363118696,0.08730638337999742,-0.22732388152742647,-0.06132770529996723,0.10305090287760607,-0.0005237368806715935,22.29966275013495,10.544813799550951,5.532205353250922,4.448972019773727,3.0606389240751133,3.5162369216823386,3.779542799251198,2.420980578210093,3.4385708729033864,3.170886526650659,2.9366479362741065,3.5245958364858594,0.005503242283387375,-0.5352942073873085,-0.15963853998338126,0.1270561396430073,-0.049787238032823096,0.025299352858153205,0.0752471793203109,0.039744449381363484,0.04003834254396329,0.1333382297650104,0.003587106119152376,0.22282957095357198,-0.07881790305900159,-0.00016963748882214228,17.266524011450297,8.941611544548135,4.696368824911122,4.749411096085459,3.9907882347293087,4.659483223160734,4.833569696397343,3.175938147850392,4.752357610400306,4.042384764259897,4.102568845346265,4.663852005348718,0.004805844043287919,one,/content/speechcommands/one/782c1305_nohash_0.wav,testing,5.0,Kitchen.wav
251,-221.10895105066896,39.922189308370406,34.66946614333136,14.558621088910238,5.601927501103548,6.378031292749192,6.592321959984285,2.2333587020454875,5.296668236610781,3.132619865725074,2.582055845585251,4.1322031354761,0.09482953004771844,108.38745539472586,47.56512998213799,20.394367259802426,19.03636245451518,24.011144824343443,8.175830791279878,11.686280627497432,11.697283086231769,7.3371199899025905,6.951536070371758,5.347227094123384,8.565955432170611,0.09368941140193315,-0.9325126842524583,0.2253010964895632,0.34189613486140275,-0.1482100351535475,0.08853171597323423,0.10013855645377151,-0.01911015015090519,0.04683350483576691,0.05547561824572588,-0.02429553806561073,0.022873387700822815,-0.05705090940159481,0.0007714804622434801,26.659911176136,14.075425660345624,12.007623967804506,9.030072717802069,10.553438558129468,6.0477943384587896,6.99844259956729,4.654542708889204,5.182699560207611,4.768919842215261,3.630318144845362,5.00093123447462,0.029296012384606863,-0.593596844829481,-0.6546318223680868,0.2788793854025195,0.47687398283486737,0.3975733251904646,0.357234313460402,0.14072444612247553,0.05323040709157502,0.029546934783743182,-0.052088597767395314,0.0831834450289526,0.042536179901023395,0.00013826079666614532,15.072948385693715,12.141300562858625,11.310619824275443,9.825676518355953,8.989618845564532,7.546429889142391,6.392835281749071,4.669500544142536,5.607668964697681,5.865029947883301,4.9183270680045545,5.889672163174709,0.01529159591982613,one,/content/speechcommands/one/b49caed3_nohash_2.wav,testing,5.0,Kitchen.wav
252,-184.56952032928382,75.21061263174317,11.405745773544908,2.5834385944140594,9.266709722836996,6.60793626502683,8.605901008598735,7.539691359250165,2.7853356725639267,-0.3510625418061909,-0.5242804936214032,4.029426865532067,0.08192740217782557,54.07656466753264,20.103023481058422,24.808754570127274,13.404367806847958,13.083990277902318,9.411729086590103,8.843904219486465,6.852417094825097,9.29271321097782,7.346286881530869,6.191379296397908,4.632845263105086,0.0502328225800377,-3.9901645062740263,-1.7043705927107138,1.9690491040201838,0.7866937705335723,-0.04935507305505479,-0.3478190259044262,0.10434522140744419,0.5433798589617364,0.4057694488056463,-0.026978166702448285,-0.1138936803127974,-0.16488681468844987,-0.0007169388474956636,31.400578444697558,13.189966498248149,14.52517829859584,7.287275882212069,6.671525547241349,7.5500371034904665,6.740776821017886,6.586459126328121,6.634381555575762,5.627011904179225,4.582227014979416,4.603545960407041,0.015552929318283979,-0.19453691257572647,0.050911109872620604,0.09542356215028605,0.23550729632476308,-0.22269017554120374,-0.28008942320730196,0.030313045829370406,-0.03422715854809996,-0.024994138331819914,-0.10405299278445002,-0.06107218817982371,0.04631893924494574,-8.370156089464824e-05,28.730765116625648,14.812284204077715,11.758790093421892,6.9927347499874815,5.996195029247922,8.367798050177129,8.103659312795386,8.530506920168563,7.434410906893688,7.455742547221759,6.045383420612962,6.128013923366282,0.012459450897298491,one,/content/speechcommands/one/692a88e6_nohash_1.wav,testing,5.0,Kitchen.wav
253,-235.05513348663078,33.74485817293643,48.23412819651113,18.62631685714289,9.672749391157629,5.793546089762808,12.493668595151469,4.368837312749007,2.7870467735216393,6.759338389877241,3.819508042620658,6.546349861178378,0.06707637058570981,64.16621512153499,40.80306822266725,18.04802993048752,17.643553300840864,22.888693512458513,14.429245731774387,7.279303971153716,9.972063800944817,8.310740166035552,6.711047541228584,6.392195582371385,6.882145275546938,0.02829238992916037,4.1845751517875875,1.8346451399985526,0.41235273730506233,-0.6011608059600299,-0.7305062685913477,-0.6622851654626248,-0.45941937524731774,-0.25923566714314383,-0.5417335081378163,0.32455590075368806,0.16979532899039154,-0.30129534441435224,0.00022067934755356082,22.623673390593712,12.822892306404773,9.871720078644541,7.830905024551741,9.245947171343651,7.892883561994073,5.850367747650786,7.041790990065398,6.036306663073204,5.08122694542202,5.956261042737561,5.215473411967256,0.01031115217980964,0.702710551595277,-0.021354351563628644,-0.10644257755546675,0.010516616213664657,0.13339883767165653,0.1669768502196653,-0.06561551208176689,-0.10110858610797004,-0.0723929499151095,0.019108828624603606,0.09743796324004421,0.3739973385461742,0.0001781858503818512,21.08649158615333,13.137973636226297,8.752040717418293,6.139349952867247,7.082651851163743,7.819405847173359,6.886028034362018,7.117512085180983,7.842860791960246,6.504233756955588,8.09765883586775,6.074884986105444,0.00651188623609993,one,/content/speechcommands/one/0fa1e7a9_nohash_0.wav,testing,5.0,Kitchen.wav
254,-279.8479564428717,10.170578975463977,41.981560007607776,23.11321763135541,15.930211438271732,7.645203682357163,8.32452864200673,4.205209751157011,4.174813954985195,7.3043454395479905,5.063247651049005,7.306704456400948,0.035148587223375216,63.861171016580165,46.00111007762062,18.721152287224687,10.589343624372152,9.217089929704883,8.919596841634833,9.059048340069301,10.098934276144913,8.022441970480594,6.900134071518021,5.758419367810033,5.112491878954106,0.017074478298560267,0.3366435321251992,0.05034469075737655,0.050376910888815706,0.23596592789341628,0.2849066609662256,0.19758730056032445,-0.019406987618622876,-0.08771119613686053,0.07156658805061371,0.2369781078021962,0.1933342562773734,0.1834595566201868,0.00017978190895049802,27.77281668405173,15.02362653764823,12.482903728104073,8.080138901225038,5.575153035210992,6.8616915278343615,6.863266102171767,4.469030558040774,4.858474252377423,5.024389372232094,5.539083844952645,4.0286936001200555,0.00616178613848579,-0.4264829234446798,-0.35857209394198875,-0.07657015752691715,0.07712430018251316,0.3441218689605276,0.3805900598265383,0.11858284475991375,-0.052252353725752695,-0.0847048753165365,-0.06626917638645248,0.066645604020439,-0.052450431783731204,-0.00021715300778547922,26.40759683929697,12.497717549513634,10.54201353849225,9.240131178666058,6.654135388633248,8.741313259322487,8.472488779502857,5.511036957414189,6.579310277057331,7.659295473764653,8.062320120001386,5.118125872173055,0.006892833175041233,one,/content/speechcommands/one/5c8af87a_nohash_4.wav,testing,5.0,Kitchen.wav
255,-248.6072779686932,28.269095128250303,42.13021382692031,19.123913238937735,17.416312458399155,4.035658024241376,6.055034866109786,5.132882525627439,6.848521585844372,7.373721711110702,0.5968816371914633,4.889072103653584,0.07134734315332025,82.36133600623914,56.463553193909654,27.800793210370742,19.006725204542253,15.6803107789593,14.823080033710355,12.447999648730177,8.922160493702398,4.928478536256646,6.730116862225531,8.216355754582175,8.425781942204607,0.06023667957188526,-0.014009964446991548,-0.020475591151896223,-0.2373758331716643,-0.34868149722574404,-0.2252452430770341,0.032533999127715395,0.13057164987238276,0.01632176732506395,0.02556142289934543,0.215095334537547,0.10589006529700462,0.2860974389803005,0.0002425427158032694,25.00893537894503,18.428604861670607,15.475993024501856,9.03024674206617,7.83399725900704,7.578248413483654,6.534730790252208,4.653669550087389,4.203299802916236,5.630814076332049,4.649992814582396,5.676783771948278,0.01772214342313025,-0.28932618986215936,-0.22377872122786566,-0.018316538597398353,-0.002243092898271115,0.03132470724458922,0.0646549543208246,-0.1516514273788161,0.02410597187190889,0.2118444201386697,0.06684107014369953,0.03527017552371217,0.08716736278709108,-7.98846905430158e-05,17.24880304652889,16.42858259563103,12.680215367763854,8.831907036667905,8.67985681494168,8.505085318642646,6.672786726218584,4.772153677110812,4.945055740427793,6.452926796337315,5.173526891386506,5.854678544636089,0.008471598369759116,one,/content/speechcommands/one/aef8dcf5_nohash_0.wav,testing,5.0,Kitchen.wav
256,-269.71241835241585,33.19887153665779,29.93954517508138,17.883400924205482,0.2758740163373177,10.330944770976004,1.1859362969408167,-1.3203513022102429,4.283277191795351,8.43532755220793,7.996358107721659,3.734245859906922,0.05099582177354023,76.47657473978818,42.49157291171812,22.306651054807656,13.898304821933603,29.369897650910154,12.730525171266166,17.413873686590502,20.267469250994676,9.131090421771644,10.170075902858644,5.9525042521951015,11.280840459651207,0.03423814149339551,-0.23079732038981196,0.47522109539196394,0.30948523310118,0.23197769920700692,0.0038967638970510555,0.30057405909007856,0.030219229064120764,-0.1509574409604669,0.06604426747217011,-0.006110299007507115,0.0744891639719306,-0.15175662592668732,0.00026129612759236365,24.775687328776385,12.811710664858962,13.01179679357705,8.039570766843394,11.216075786416258,8.366434383977934,9.070732533103323,7.753712332486617,6.327720704424936,6.254877388912293,5.364044731009063,4.930710313212118,0.01108430657931951,-0.49415369883672045,-0.08430757619824915,-0.0697649069657499,0.028141318464650074,-0.1607384914687268,0.020425917883870368,0.21254387735793626,0.03010581429581472,-0.07708247222907282,-0.12425397587341944,-0.0605057766660971,0.16325941718253986,-0.000352872038880984,18.11266936767908,10.996251502835966,11.322009730339332,7.431627802997001,8.514606182495267,8.983103464247542,9.388997492679179,8.406184423579251,7.648402160916925,5.999720952183017,7.131283815330335,5.540908866325168,0.007395980575769284,one,/content/speechcommands/one/9a69672b_nohash_3.wav,testing,5.0,Kitchen.wav
257,-235.49131049815597,39.838034627787515,14.894444122330915,13.03219141204443,11.685102276016298,5.286068100457436,13.635966046489418,9.717323693064976,6.789386617799625,7.941423555170062,5.410043917619477,6.685914384105184,0.0547861285158433,58.853914583672825,31.993298620358495,28.748196778012286,16.383608817324596,17.766241407627138,16.651197129709487,10.415774175546245,8.874923531651461,9.704099860910055,8.278531197886817,4.945379423007131,4.858997713251263,0.02293938681814083,-0.40068555929191196,-0.05000226009683905,0.01839002678563116,-0.10442637947690371,-0.042156589790078296,0.10727320107211595,-0.14879362343288022,-0.4181119687694739,-0.23533958753374248,-0.07815805169002425,-0.23981264378780326,0.11591797178697553,-0.0003580382514384485,22.868841447548306,12.141125023520736,16.891694383712288,10.01134723650273,9.459084885050592,7.053422079302852,7.660355257486954,6.096978654112945,5.1880305616648705,7.110146392411454,3.656235363299043,3.383621257800828,0.012476783615151157,-0.7651802412950957,-0.004030064406433276,0.3673932420465753,0.23752224317016277,0.16079947274629405,0.0746956772975335,-0.19058331184264782,-0.08273867242442504,-0.007977363126138481,-0.11768871468024189,0.022551400113264286,-0.13529631517309965,-0.0004804149270057678,14.940173969409825,9.187795900940502,13.911705134729326,8.697366486702313,8.445275985110676,7.261232827295857,7.6508227420978026,7.185210469935302,6.418656077772712,8.355093401968471,4.07991783924315,4.077957036099434,0.009156729153578964,one,/content/speechcommands/one/a2473d62_nohash_2.wav,testing,5.0,Kitchen.wav
258,-276.89011958067476,11.120554567968455,53.581804422508355,21.630392652861268,10.97154984696039,6.071325807384835,12.427108314948343,11.028729218245328,9.77775813980308,8.51534254924061,5.620356819072365,7.717944153795216,0.034006297297310084,41.62557970944816,38.81353921086652,14.3527105271424,21.718411869770062,18.275727286779457,11.446313238544377,7.1859805875770775,8.108327936046939,7.528648019680738,5.774434949256439,5.794718835359319,5.704695252808327,0.00640438057790124,0.4424324105181782,0.6453716240663036,0.5971035796724153,0.16310638374580347,0.12727650713173153,0.14232755061844374,-0.004226406105269647,-0.04681325924060792,0.31558836973474935,0.2686230359334844,-0.0008236643735179244,-0.021957012923534074,-0.00046593479571803924,11.930826031221201,9.96920538324738,6.913468759949947,9.53620333241132,6.821306869753026,5.3275558354869865,4.495696559258421,4.95904106493336,4.644166208680508,4.489491566482461,4.832675222942128,3.816538603572367,0.0036276599987021675,-0.32090819608663423,-0.4072710200975076,-0.10690680121954657,0.021899169454204306,0.01608588568305957,0.03447937273935071,-0.0462335584039657,0.24106387776314556,0.4039602974856662,0.2309888666723401,-0.025743651362991303,0.10285789788287668,0.00020083474616209665,8.43342620622838,7.69822471184162,6.164825113549386,6.391903679358336,5.1524763759683525,4.883951878601699,4.559343777828044,4.938017517736723,4.549349685901593,5.193141797439646,5.823050235410264,3.8046682795755706,0.0031178584897871716,one,/content/speechcommands/one/0ea0e2f4_nohash_0.wav,testing,5.0,Kitchen.wav
259,-278.59291218577334,10.886933861154837,44.38609735182344,16.57872049420355,9.423064794549376,6.428238900898814,10.61511846938383,7.01572562005587,7.953497000243442,9.668827147855323,5.678798747441198,7.206762681104985,0.03906443249434233,53.52981212045831,41.267213329049106,15.379244571847506,18.268289987513658,18.091613949796645,11.170392668126272,9.065164696764734,7.686041321754829,7.911347183279742,5.866196169976773,5.634949070227126,5.940411014049629,0.010926297234286205,1.9153590091833383,1.3501655612956336,0.5495302086878402,0.19790789471644302,0.006914608042750058,-0.07518183309203158,-0.19935305100490328,-0.3425292470484063,-0.6155094631240865,-0.7369592445379604,-0.47441283827058717,-0.28349575153096235,-0.00023662010508198892,15.832946356583529,12.66160209388613,8.682220515838385,9.7618594290603,8.464368086677464,7.067571251825176,7.359231107851546,5.883328350050268,6.2654792824623975,4.524672953903198,3.4928999661627587,3.5523951888850567,0.0056101491085566125,-0.41102278187635005,-0.2701525093193465,0.22861057925164754,0.12792593726699894,-0.12418641074873579,-0.23177834854076623,-0.27061328944405477,-0.09946349389812559,-0.1549551602389575,-0.033958206384147885,0.06343864736922812,0.06402813293216081,-0.0002560639133056005,10.961576473759981,9.430197042504735,7.024409353670484,7.601644691742605,6.256647549534319,6.817732835029866,8.020087211418518,6.694515440795558,7.556378705846697,5.855274273098863,4.994309171872043,4.771107229601082,0.004379107436518122,one,/content/speechcommands/one/27c30960_nohash_0.wav,testing,5.0,Kitchen.wav
260,-220.48120929311705,40.01849065229544,17.79693217843964,-19.76916897919145,-0.09943566057516984,6.9564809534065795,7.382012405888464,1.8843601052105448,-4.0037791132723735,-3.4735445410591472,4.406285558608847,13.0928733774711,0.058985652518458664,56.256208120755716,41.339024103669935,17.635562431574495,22.419255376189465,20.588183053892898,19.93895027004745,10.676007559257966,8.676131767315383,9.673618541822323,11.841510284635977,7.259285211813976,6.83469721791226,0.03008749560614773,0.15991689646896826,0.18786138721771115,-0.00888564930656272,-0.1567009084649029,0.3012278128589721,0.6794770960205416,0.28958308782379266,-0.43621563297984844,-0.38099984457360647,0.224113349793237,0.35789249701385584,-0.28289881864672245,0.0007857008566779475,19.998125296947343,13.642451107681259,10.359895456391792,11.927369548230693,7.542870709654067,7.8160521735016,7.1002129062946615,6.115733832043108,5.640804273112024,4.653946709181985,4.015992245652241,3.946788408016036,0.008931679314896279,0.0986428279202812,0.004865189679443915,0.030281516193473478,-0.0176228517826166,0.3891263646619882,0.2731215113358027,-0.04967527212339326,0.2800839001781975,0.06568011675011928,-0.14739161425583935,-0.10781039872007764,0.31753563851472927,-1.2810031572977702e-06,15.18632274644864,11.38509867085299,9.04727819883888,10.427736809774613,6.3362825730980745,7.028258232188543,8.15872371335514,6.449365779491873,6.634925785466488,5.451117401195176,4.621811350753001,4.2509765798374035,0.005175245784182672,one,/content/speechcommands/one/f297e878_nohash_0.wav,testing,5.0,Kitchen.wav
261,-273.39483083221126,38.87867751884505,28.261635434521406,9.38839657860462,13.24882674467621,4.579066194412121,10.602706550044164,11.041235720229793,7.6738248897771655,6.057974613912511,4.498899318006165,5.365240679867053,0.07386347616557032,46.79249534551314,29.034446567327773,23.4314939386855,13.886160547857623,8.498802890713232,9.38526464853954,8.30158567308889,5.600971473212606,6.989151744012711,6.363261052008145,6.155399093453077,6.194206332912553,0.009897024317108807,-0.004723420359477088,0.4691860442166255,0.22938496534342606,-0.060024341211349024,-0.09795556616655558,-0.006192729152352852,-0.030408542742585504,0.012440203056461437,-0.005194707742909833,-0.09916051130647219,-0.1580061300033162,0.12962540656499222,-0.0001567486793764176,12.664488765258813,8.90290321684599,11.162318755902742,6.428334126010283,6.490626714650508,6.1149348646185615,4.93173482362379,4.642954022445649,5.703445639056955,3.8711217964781617,3.9751911369314707,3.539570464784439,0.007932414408489163,-0.49601537354247965,-0.30645732317491875,-0.01710254033711228,-0.12877788177722954,0.09086680207687638,0.19269824153507106,0.213972092597943,-0.12491013921588576,0.08695149849668192,0.12020809687199213,0.07867995298957307,0.04532329043989337,-5.494207143783569e-05,8.799177145577543,8.804613933372233,8.00701838119679,6.572072651481484,7.0778100475384464,7.100416551545633,5.763807512482633,5.227422856593029,6.63930852076877,4.642737791706991,4.794286686718787,4.32543395279081,0.012637866127144367,one,/content/speechcommands/one/6205088b_nohash_0.wav,testing,5.0,Kitchen.wav
262,-238.2674906458442,24.933463387559406,40.107753081964475,20.163582875786876,14.815231428281242,15.893811264694907,9.896456484350768,6.701474666078932,7.934639018157182,0.8548016484556875,0.5770050587624499,2.7315998519369584,0.0855411117663607,89.98515505284125,50.852169846065564,25.837751458949963,23.3256272420651,22.758615852375957,8.643655452280045,10.396448913205704,6.359904641468188,6.90805917746783,5.9087073987265795,4.827624990233115,6.959478133154944,0.08079467870099034,-0.15187035330908685,-0.08733433834988828,0.625409369122236,0.6825763526071823,-0.021140178528839332,-0.37080891120125287,-0.1201630988730242,0.24074222380454854,0.2720149573200075,0.2629150781387666,0.1493965577369837,-0.2918923909114718,0.0008203454556003694,26.99777365857782,19.137120204181976,14.841107202996934,10.621597921556589,9.67041172040792,7.1415123297672345,6.666982834599988,5.169700545525716,4.784755271806722,2.9143044539183864,4.676007533819597,4.49343328134935,0.023636574613699016,-1.0381680107282678,-0.9560326271704772,-0.09377132075688621,-0.020702129245621433,0.0043994133935115086,0.12792566006305758,0.364744055518281,0.46846611092460877,0.33056305123999885,0.041905708057649524,0.12084608777527724,0.3647233782870836,-0.0010575443506240846,13.591804901528707,15.244822285717522,12.743563202547708,10.382694913728498,8.539384148568274,8.053312436463756,8.329722821479503,7.178557817504126,5.226179694225224,3.4358027464293985,6.322163350037133,5.568031532780408,0.013021098776080021,one,/content/speechcommands/one/9a7c1f83_nohash_0.wav,testing,5.0,Kitchen.wav
263,-235.33546910821244,26.579852359836213,26.407538311058453,-1.1284471626687687,10.758513253753026,8.970614423889067,12.005389447391657,5.516487671241089,0.9639810057084497,4.721411648777739,5.670894826507407,10.494392128821257,0.07014723942847922,87.5289993394465,62.64437271127051,32.92453097544094,30.22523749202965,14.533132790341586,11.818471578397865,10.47940372263136,9.704992431813,12.288442635262601,7.749995649982539,5.012758557522472,4.907231129295971,0.0574654969228349,0.1829966252904844,0.1014219363768156,0.13871421869821246,-0.05538071150242091,0.2759145885623543,0.3000335719463086,0.10705832558054049,0.142741053938738,-0.050343163461084015,-0.03303760963068856,0.26954030634813825,0.01008474466629042,-9.670745461217819e-05,23.73778897907634,18.86759234991837,16.259672014453166,14.37141891249754,10.240474097441158,5.927707774101879,7.318193763738883,6.118292650241559,5.058823222946058,5.508954428234072,3.4318806723217077,4.425421379500127,0.019213388259608322,-0.29549410335786586,-0.09061736539811491,0.1505388151858007,-0.029528690144370272,0.07398100067848207,-0.07617254465548638,-0.07090655582603933,0.19286707859283034,0.026958537826839487,0.11256243159913062,-0.07147220609880783,-0.15515939381505017,-0.0001106269657611847,13.536532043639887,12.777404131671553,13.832900384173417,16.270293447900553,13.172668909755364,6.234247784025264,10.22057787084928,7.2689287507323295,5.548703018458216,7.15765621063779,4.631435080496552,5.345581189251094,0.011431080684085769,one,/content/speechcommands/one/ffa76c4a_nohash_0.wav,testing,5.0,Kitchen.wav
264,-280.8958379762479,17.634625896461024,55.07368781167432,21.77855702876367,18.01516342269999,13.953220375249005,13.093368430978245,9.991112663844639,11.274165490456305,10.02264909885024,4.523398176953373,5.611963983195352,0.03703352506272495,46.4092029248019,41.29955432716672,14.219938523121728,21.60263899731615,19.151358856637504,11.105417578690107,8.47279852129229,8.070682373459217,4.681787409902113,3.9606366905791752,4.730279780868028,7.371511038411406,0.010422631160779822,-0.5192479797071112,0.1570887017054041,0.2924962999827805,0.3343941444745738,0.2466132802270058,-0.08441881141210729,-0.19061379468529202,-0.08414795890694574,-0.1556202605662806,-0.14113012196064217,-0.10437591489198578,-0.04218018752425779,7.694478957883774e-05,18.937386976193977,15.433733338898621,10.338052349529434,14.140244677346445,11.507566965708753,8.904451445659056,6.035579468353781,5.58782641414094,4.629237193555539,4.068350020843226,3.6245921061851845,4.102718130922271,0.0055679232229917126,-0.02120754246375327,0.06801385418002806,-0.013767152785574884,-0.14211732832472457,-0.15546091818064695,-0.11041142485457543,-0.07574943550558035,-0.07855710038853457,0.03784073893534779,0.004206760110459869,-0.007756768729271624,0.02526366061445285,2.8201999763647716e-05,16.78238481276049,14.220335831594465,10.24136364445372,13.400238531577909,11.1417623435176,10.030040210602227,7.540445329438832,6.989225387290844,6.640269085482807,6.1927518506490085,4.93284933144319,5.5661746185773024,0.004045299520700004,one,/content/speechcommands/one/43fc47a7_nohash_0.wav,testing,5.0,Kitchen.wav
265,-243.7271910247847,39.99417430930731,39.092138412919695,12.78426431616807,12.902696114148576,5.072653352040405,4.928292966478334,7.921167154870162,10.84722752527196,6.940648616891809,-1.6394038187120454,3.131965634516413,0.07166686258278787,64.57278957792815,37.757776631472275,30.041938330494894,24.125782338764644,12.942182734813535,7.825363285316603,8.237825217371418,7.795639225731757,10.446893131203264,10.181838392820037,8.824555397681479,6.752545486324272,0.06615172360805786,-0.7899507607413057,-0.8857404750095677,-0.3845659300848965,0.09701349160892841,-0.07914350348827388,-0.07668833665521721,-0.023061385428113472,0.27298183567465306,0.4979954783870415,0.4737533824052454,0.7138600380835561,0.642009955504599,-0.0019007951862389041,27.70243292444954,18.81644674857596,14.407855782573296,11.61296362181525,6.8558288761081965,5.624401416506635,6.019907425903544,5.314570924796965,6.47540593045237,5.735700223007774,4.333635240030429,4.73794622600571,0.020815722157553347,-2.036158285321191,-1.8525440121240255,-0.11899606222652016,1.101624880012963,0.9502344938678299,0.2812752861905136,0.21584555491459462,0.1746035768922751,0.05539309192725377,0.3232787740034004,0.29147026498479867,0.17463094662549458,-0.0003481830780704816,25.299471296504645,17.996003554936188,10.680712122240863,9.788058625303439,6.927370147230368,6.081260616933036,7.952753004445738,6.8771675376178925,6.329744255446779,5.901787499069569,5.7744877032102035,5.830174689540806,0.012904225681768643,one,/content/speechcommands/one/4c841771_nohash_0.wav,testing,5.0,Kitchen.wav
266,-171.03056227426603,64.0132599255077,-3.175999626506092,-2.7910783759421496,1.8349989254331531,5.990570166247682,13.52660044580094,10.230329245256065,6.759565618128481,11.349481571019108,4.834093438372616,2.2506322163775647,0.05205783940618858,66.60703845650312,23.534080744694684,19.204945002672925,7.136674724354779,5.986238218335575,5.418371758145221,7.359585793172308,4.466496924386595,5.3200805883700415,4.831910992091317,5.359308111863245,5.565539059681677,0.01493556110939436,1.108559732151668,1.0185221581390516,0.1588931025655511,-0.4120216449512031,-0.21634533534066241,-0.13261432978615303,-0.4165289721816964,-0.2423047114164485,-0.17803159666610122,0.26405321415483457,0.3526645217966056,0.2091359068114214,0.0005337544266254672,47.64874131189545,18.13200999349264,12.067939001660443,6.041965596362662,4.539305462293991,3.7891520151712164,4.483381656286273,4.575498834208882,3.6864699020085943,3.2224577159514762,3.6090050135997287,3.719757308603801,0.0074376097556124315,-6.33664042588637,-3.041254274016819,1.6765054407386446,0.7311232641113047,0.34887438082451977,0.12065632252696352,0.09758581662466045,0.7916211099921661,0.4683164366683085,0.05942774244700709,-0.04546551690200854,0.10223897287942417,-0.00027663869162400563,38.425564693216565,15.0768291334403,9.587900695463363,6.932686109398612,4.818897671111303,4.469841364426527,5.456444316175072,5.795225570831256,4.632570620989677,3.996334480586019,4.20626168471224,4.43498380647298,0.0059757953045624,one,/content/speechcommands/one/096456f9_nohash_0.wav,testing,5.0,Kitchen.wav
267,-245.43071659532325,9.065012948404398,31.29508188691737,7.86858325391627,3.8358899102366633,14.114127019293726,10.192983042873308,8.74507342728548,12.320419487700477,5.23596157145545,4.876424596515483,5.399241692221212,0.05768329190323129,100.39091187867105,57.48192419010871,23.890253782425507,20.322452023464884,30.226701733426907,13.097346385889212,10.719549110062928,7.187153696220822,6.787373903702178,7.761819411500172,7.1402849161876105,8.90355642738759,0.05940609780338937,0.47617655029166744,0.2212478934035972,-0.2937834306793825,-0.4683073500382415,-0.13715401606695637,0.28834980282311334,0.1678333032233588,0.19664564274389787,0.04340991036791813,-0.08338797452252115,0.3153290933536531,0.17409385434786748,0.00015133084549057868,32.57258923000784,19.327961819108733,15.992711955796551,9.70267051982672,12.257836281643739,7.548988690619052,6.582998257559046,6.288433349627949,6.8817751292093545,5.4214429270961215,5.350259025070808,5.755563828027747,0.0228566803779052,-0.805176636567135,-0.5560204239344189,0.13805806603897205,0.26735964570607285,0.096880375582147,-0.022014933909131784,0.08475672199485676,0.3322189331347724,0.21942028293661445,0.08633631820945281,0.014492906803186252,0.0016776670044991468,-0.0001466866582632065,17.43332023755013,13.50142873994289,14.505300795440418,11.137980743702714,12.31590609206616,7.979919204217121,7.8582028569828,9.18167474485182,8.275133609825007,7.241441748589039,6.673190348131368,7.644354324270404,0.01386320720210758,one,/content/speechcommands/one/94de6a6a_nohash_0.wav,testing,5.0,Kitchen.wav
268,-243.67673958973455,16.06364831624224,31.574258676435072,8.395171488971693,6.302905059417574,5.518067117974505,6.902573637805194,2.790280544320347,6.566307690828841,6.004799231700033,2.6617103813972705,6.182954679070167,0.05789424304384738,60.60350848296864,39.22869214247005,22.522218945319764,24.29003238961933,11.177768750677178,12.185102924883251,8.939831418462923,7.745969309738891,9.416811908655225,8.918184199798493,9.289185402662357,7.5395161701494535,0.03340333757649237,0.7086077391809927,-0.40697972118441467,-0.6756575555403025,-0.20639229855674038,0.21540501819513738,0.25724339363599197,0.15623448030233375,0.11483485395131647,-0.3016332555000969,-0.2984478723983368,0.0006410155437621833,-0.12322340520037212,0.0004286234297098652,18.27675054937189,11.91095564887269,10.198974621859366,10.608973388873675,6.656921010024254,6.040742871085328,4.089803181454137,4.7754413211603906,6.748936008054626,5.668167297503447,4.801388307075788,4.558741025427023,0.012201852540974523,-0.12064646345952876,0.04566266690979225,0.15604606560889564,0.15061265632399562,0.09176669382592889,-0.0746739327526623,0.0262553956469158,-0.10289874902542166,-0.08516462855350969,-0.07015136021096868,0.009503630754579185,0.27625905301336307,5.531894663969676e-05,12.829995684243743,8.63302414810996,8.535061903827378,11.416254725131507,8.171778978553352,6.242177523314807,4.57036396320785,5.6733773508329985,7.135848267774573,6.037802684216843,5.545353231552013,5.644483407998897,0.009578021720561812,one,/content/speechcommands/one/1b4c9b89_nohash_1.wav,testing,5.0,Kitchen.wav
269,-241.27835219388436,-3.9628265115689887,19.451667866046964,20.53900716656822,13.61899893619501,3.7655005389385137,10.271878447761452,9.773801245780138,7.55250203603475,9.389837275996365,9.066996913233274,8.048159803263022,0.03865286003565416,44.253687844495346,18.347284644336895,15.329750293321286,7.778339266304411,10.49176154711678,10.468813306133557,5.5499339182592955,6.2155265377444495,4.322471368554598,4.7656243623878645,4.139142040331657,6.376399796167037,0.009970572150918093,1.2953236818800982,1.1237470932643772,-0.07145480405922057,-0.42873759168303605,-0.2850308366810601,-0.372287544334918,-0.36424804823394846,-0.5246091588068159,-0.39357756344528483,-0.3246859011673377,-0.16439254260082511,0.3114301605819193,-0.0006030354528657852,13.414905349718238,4.782086982240969,8.424229480829421,5.011181585106028,6.536807151874891,6.0511806697802335,4.566277314804228,4.266787709467364,3.1130823660292957,3.538632818131913,3.8943525616266577,4.816722857304829,0.005839540333908445,-0.26087573671642966,0.04713260167255454,0.08873117589194077,0.07399650661241572,-0.06471829091859706,0.40530279957014803,0.1371666163204557,-0.08559703992354588,-0.16052796413805653,0.05451393974651083,0.2545833247987991,-0.10640353789553014,-0.00016245866815249124,12.20815839162324,6.512268157794274,7.408755542647703,4.717888245958984,6.457085007302307,6.467932259221478,5.798123269292576,6.685118801679423,4.459222243034117,5.148250260095891,5.243474801772949,6.734494684610128,0.004531434827215224,one,/content/speechcommands/one/24ad3ebe_nohash_0.wav,testing,5.0,Kitchen.wav
270,-251.62870825132453,28.217171879171254,42.87382877267385,8.945494054982086,9.340555648381665,1.9259487779516185,2.6325363409328513,4.625978705491601,9.190848228732548,10.704861022442731,0.14501019690487027,0.9130706695965436,0.07204038341296837,63.715169123403705,47.127388030164894,23.496298161540505,28.069004748340372,18.33076016966787,13.363857554555723,13.910468524668449,8.208152102547492,5.8621567716662435,6.289079309862286,6.797107764827042,6.23917467311444,0.06241944999726854,0.19779869216884274,-0.019108935130503137,-0.18855017683514663,-0.2757591308411072,0.06410502019378801,-0.1554360824596139,-0.1279446675120003,-0.1865849953178742,-0.3514090119424369,-0.332863866126537,-0.08242910523260055,-0.19860875322899774,-0.0011524070174463333,20.0865809106324,14.321553267669886,13.631839783541322,10.612181829132036,9.15805825104446,9.117615097577586,7.573553892062371,5.190983141047314,5.564087925540572,4.16848535289106,4.162700219919098,4.777861784443658,0.020353995173634534,-1.367891546331621,-1.203411049660438,-0.5275851240997814,-0.037080304947422725,0.4069692683435247,0.8346814941606601,0.630134411262243,0.3700662663345872,0.27858395658565993,0.08336194656460189,0.058395521168283615,0.04572324938402168,-0.00011749900877475739,13.429424118917458,9.894011610284185,10.483729547671121,7.28769292330484,7.422756282160388,7.638743633845629,7.475110344305104,6.178923950483618,7.118232388905459,4.416817416815192,4.801259474994581,6.6719733895637505,0.012736043386856298,one,/content/speechcommands/one/4620dc14_nohash_0.wav,testing,5.0,Kitchen.wav
271,-236.36815256946306,82.20826725740729,42.66736364229814,10.868341159859638,4.363445411138426,6.191202088534265,19.246258267538305,16.43046339488112,8.798635603428387,8.55220772313113,-0.08077000663961542,-2.267856862011464,0.0677880360162817,56.412556793430305,34.48696065767327,21.095075724834164,7.95824344221887,13.128979732927153,9.478609059147963,7.513127888298014,8.340795797804216,8.361611123089315,5.544466618875181,6.538650634058855,4.975136220986115,0.04109673532836072,-0.10825488205035717,-0.019634683806242583,0.1466156929803656,0.2543097255655756,0.0527719397699073,-0.01892845471888526,0.00618224957048436,0.4562735590268516,0.15691422019034165,-0.10594320319412832,-0.02134047425375754,-0.036517379101874074,1.0831942481379355e-05,17.401367033589263,9.558100207613622,12.074876145809741,5.160805115309925,8.416194341920896,4.741120217297685,6.659827712576745,5.196928727939148,4.207255044462074,4.9649162306078205,5.2995361750937064,3.9883189108773567,0.015450056822819329,-0.18754315244772216,-0.0504488502818378,-0.11268228271342935,0.010998396628963054,-0.11098173399505348,-0.0726793165109342,0.24791405541623396,0.10737841630530376,0.09658492052996692,0.08763653688086244,-0.42550109495754096,-0.1329064319817,0.00037752166390419005,11.883404620082658,7.075983323993391,9.675110689331499,5.102734070338238,8.860322778011,5.319539448417184,7.502166705889058,6.2614797018925685,4.591157199322738,6.198417016003857,6.095787927314765,5.305427092790545,0.00969767424621517,one,/content/speechcommands/one/adebe223_nohash_0.wav,testing,5.0,Kitchen.wav
272,-250.16820318017642,37.98786573433226,27.639154880926924,22.830317481117966,-1.0524363259494498,10.099303673458747,0.4789089984500574,-3.1013139990205323,3.311729490028879,10.909213914923878,4.080057603262877,1.706025754589167,0.08979813434416428,100.84181732511763,37.78690894072522,28.77644702037668,15.939279911873815,35.09274122827805,12.805968284420175,18.810180551678474,18.717519729162092,11.291639318844096,15.191807827227025,6.482714920081947,12.10716875570988,0.08042365930483683,0.36155041997351683,0.04511443569540396,-0.5856742934372409,-0.46471021613917907,-0.07901690097393861,0.1671623199503475,0.3264995764991434,0.11414205184877575,-0.23197418224211583,-0.20510801449294244,0.08589092661223545,0.16990231040840176,0.0004979376831362324,28.72194154265235,10.773915397656175,15.159651178535396,9.66816146196997,11.691956085136976,6.810114389625426,8.838023312745495,7.255862259416497,7.891878700726843,8.876385034368022,5.603617982010978,6.173940367091449,0.026077633388446184,-0.3490116498397415,-0.15053559778132236,-0.06648315837315674,0.3550301426307765,0.17295689097102748,-0.07036108540812235,0.01905472612647774,-0.012612004904193638,0.10450520225547001,0.09533242475246559,-0.2523465138931837,-0.2132971419708398,-0.00016243575761715572,16.39265972211647,7.560294516707587,11.838255126001819,8.15222424171487,7.6147035085026324,7.043702604548692,8.079919499633375,6.647691899843983,9.260518170149822,7.87734023026588,7.499423334978117,6.460573156269358,0.016871805784306273,one,/content/speechcommands/one/9a69672b_nohash_2.wav,testing,5.0,Kitchen.wav
273,-253.48602073598647,42.86478536770418,24.88555454003664,35.29603072580703,1.8396340551575912,2.8819126503506185,10.099985572945306,2.084992611036429,7.710944466389051,4.233082204639372,3.038952791567513,7.8446081833558345,0.039451235497836024,59.45765072758369,25.14459202122376,17.035550787904075,21.815799718150682,18.675456690358004,12.358567371510574,12.530603411138886,9.68381394460621,15.046808906629035,8.170398742099863,8.82961267138107,11.332900571360456,0.014841889008682654,-2.0400199300796547,-0.9178892815820698,0.7906650275216279,0.5366942991463924,0.2014118756065903,0.20985477638293423,0.23694232243621394,0.4134652734920967,0.050763754889024244,0.06918339001084217,-0.007337333293024597,0.3544489401858106,0.0011833802526516298,20.96903122996939,10.750953668496406,9.024850692828018,9.595467715266158,8.164930267492288,8.749868927243648,7.802486405220252,5.173621155648009,8.646690001765414,6.484546809068134,5.976674114431775,7.405877328066198,0.004741814049162926,0.5214385056265882,0.2803841655976405,0.06962271172472753,0.2093598694322992,0.10531359269391724,-0.2627702777776191,-0.05776998623608292,-0.11858117794154423,0.007147838589368049,-0.008133088328263998,0.11653991332923391,0.017838127727184627,-8.544872204462687e-05,18.077114371795574,11.056600052706619,8.318788521395795,7.820278087262458,8.160955806120153,8.87617473385852,7.987387304407856,5.920423707910541,7.365289441601094,8.142658618388104,6.803752177761351,8.717263733505858,0.0032889489993968095,one,/content/speechcommands/one/8056e897_nohash_0.wav,testing,5.0,Kitchen.wav
274,-231.6481223546258,15.019379229149894,22.77160649930301,14.375744449595203,1.5385130264544555,12.424326150778004,8.493023202024071,8.695390328534977,6.3295444609849785,11.46259024958207,4.115916167849992,10.297366527350002,0.049832289398182184,72.79577802076298,38.13719498960584,16.697228582361863,19.69247027657684,24.99020342792364,15.451431838366464,12.851527430442754,8.9337142688384,9.258481767882747,4.831699960953347,8.397716576728262,5.151116722062672,0.025222845955251642,0.6941879410448313,1.0004990470819746,0.564485835972602,0.5527122334696548,0.5192928968602551,-0.20278865124100007,-0.18093306859309,-0.22076198643963502,-0.10794280291293544,-0.06360649712843694,-0.05847842246096763,-0.2362080536783234,0.0007996076657887429,23.91679777141584,11.089606851917708,8.025116042878492,9.016604305992118,8.832070853718044,7.556546048524836,5.796846589976125,5.592990563444907,5.654902925252208,4.038794278099318,4.4185490105263865,4.6952273483987375,0.006968842444510881,-1.4418088184802798,-1.0772682854097595,-0.3257438662405575,0.24837626431247403,0.5369767217212882,0.15203895499985468,0.13936425638618255,0.2747110590133442,0.23110765679240267,0.1815894839592661,0.050666694603359895,0.014771250226439502,3.371816128492355e-05,17.257892715206285,9.032574024658565,7.1785778468738854,7.306657533564951,6.744536446809525,7.420360392213596,6.1506280089125145,5.66723210036006,5.243697731536156,5.026968513674551,5.180607853079638,6.234181840823597,0.004399181641415143,one,/content/speechcommands/one/d5ca80c6_nohash_0.wav,testing,5.0,Kitchen.wav
275,-282.89795816095966,3.7560366975726405,38.63134325821413,13.110691374799558,8.37901694840943,12.405775339531615,8.48683584373999,3.8740639134229813,7.90894211248175,10.01023262011407,4.6593330029695785,7.1729468593596115,0.03671830304665491,44.75893042792705,34.83721194049351,18.491809833697108,28.467530717373922,14.603677052756316,9.633356894821361,8.538933462551643,6.2397589351945175,4.311586523638591,6.422621900626745,4.907547324641721,4.479745907379285,0.011696325017735286,-0.27470449516254525,-0.6461670342820598,-0.6105703188464146,-0.119608316251903,0.04718652356254143,-0.13171677063986806,-0.27917479457092476,-0.07119727318970491,0.030075294738840203,0.23009183114651802,0.15573693272334138,0.14201732988478738,-0.00025626356082577857,17.284090753164545,12.306407927749467,11.152486908377458,13.573440053377693,8.742282743180523,8.01482774640871,6.754732734844564,4.425677319293172,3.5933190876068033,4.4129267189456,2.5278635115501404,3.7459978569365724,0.005146998255024157,-0.2917768318713058,-0.5165623276409277,-0.3639246514915558,0.047039494884781874,-0.10026998104556097,-0.14568415161748416,0.05862685754916551,0.1427408881998869,0.08571720199202162,-0.16611937099709745,-0.13477729327335658,0.04895259963752737,-0.0004093671217560768,13.083927554034315,9.769449647763999,9.027563678595614,10.092383297176724,9.061279254297434,8.374872605098748,7.651112942311944,5.56449050773101,4.942840249847024,5.351779074656849,3.537281567215118,5.202968802423654,0.0034815830453785355,one,/content/speechcommands/one/81dc4a94_nohash_1.wav,testing,5.0,Kitchen.wav
276,-307.92671726933565,-19.93189003800914,39.77474498790813,20.933329580877313,18.470080750972734,13.011011964948679,16.54875882706346,16.1359591289277,14.733382135842065,14.085616055173631,10.48338042230493,11.820086692650236,0.03533927665557712,15.191922878541167,15.133391984645456,5.735503761402491,7.256402306658544,7.016642916302924,5.8883320410974385,4.675094511290504,5.010207057482373,2.843356275992478,5.013884318579495,4.418787273858029,4.140759013138937,0.00872018057488896,-0.36901700099743323,0.3373937246943588,0.0909158050367133,0.12994087641415158,0.1915183523767079,-0.20006346086834775,0.04581219765070185,0.06451384910594775,-0.03935977727525485,0.18103954098709799,-0.15405503686551728,-0.23697274921832606,0.0008134307159531501,6.524999880644661,6.490153474411014,4.441642978199837,4.234678138072482,4.523577723968835,5.00512692325054,4.953282704054022,4.718652117376945,3.1432882220886156,4.416105390676807,4.244770543462618,3.663084922376483,0.00525233294285891,-0.040017971434732166,-0.16906154443180152,-0.0251208552101185,0.32246172224911096,0.13836803968042238,-0.04289081932144576,0.2584365225623666,0.01099035072677781,0.20894019115481371,0.09073152800385755,0.057135779177766285,0.29619928303347753,0.00031939229617516197,5.697846210156289,5.647481791411513,4.909084669682024,4.263111226253007,5.078665353642985,6.160246572050179,6.407018622658462,5.991913792057004,4.263040191020473,5.5954806657513085,5.245229697040781,4.756637826654691,0.004535949138032868,one,/content/speechcommands/one/4c4d2526_nohash_0.wav,testing,5.0,Kitchen.wav
277,-249.54395805356205,37.398840417212696,23.99228421384435,13.223103624605715,10.168191523666733,8.223336526922985,5.921479788353928,7.3223438547421305,12.021309573632157,6.632857856629297,6.928808758594444,4.7232856445945455,0.09049096214585006,77.11894889822437,45.94634988301655,18.000121416310385,16.938712776050025,17.568154558973646,9.766068217876741,13.539902314414775,11.904436432371744,8.295703922188167,7.61954345359394,6.4490459489897,7.106117833565565,0.080350777953115,-0.11688114404164517,-0.25779515228133143,0.09827675253399747,0.2684390207735819,0.272139950625104,0.43585483061597846,0.09071082435017994,-0.37667903966710214,-0.6038034155012668,0.02830317057181782,0.17931669807803977,0.18831399190637546,-0.0008747090976084432,25.804461532637188,17.514403572098953,12.893339139212799,10.135437018462676,8.45832380533506,7.900972569090844,6.349313498806085,4.876128925847791,5.102076653345579,4.220259942171342,4.226758502193731,3.4474168035035553,0.027946927426807242,-0.29468435733652804,-0.3789647155652991,-0.45904171845179736,-0.2653368425640964,-0.1972377419454478,0.19753307605365458,0.30388705909076436,0.22355842457589417,0.18596889980180065,0.08701305161910979,-0.08124967287797048,0.03697785625746515,-0.0001650822659333547,17.329858717591456,16.421068385573555,12.977474484172651,10.567881820241373,7.91356065760267,9.528314380411201,8.093255659452984,7.015459210999238,6.10416523383097,4.517095507251364,5.140293291185599,4.283579741742501,0.019258108274879306,one,/content/speechcommands/one/9a7c1f83_nohash_2.wav,testing,5.0,Kitchen.wav
278,-206.78755229558902,36.68500850517623,22.69028953764703,18.651787664793808,21.98266678697989,10.505381726833704,2.207215814170949,1.347057732629817,9.5931764295034,4.393058135080179,-5.354825752908074,1.732308146093791,0.10539333417546004,112.80924706821743,52.72153650511229,33.1135997042896,20.642211069359483,17.474535933782015,9.87418917425793,10.350955390493661,6.270253847558037,8.648409419252847,7.218224641705797,8.154353602011415,7.47146953378848,0.13336637269808543,2.1986946619166767,1.3074230886623075,-0.5693228523899377,-1.0034168266797725,-0.16109518925169491,0.0875256977922496,-0.26834608454096304,-0.49752954451012704,-0.0011734292961486988,-0.16363180482040807,-0.5594470062691912,0.01827199862204239,0.00016259149678291812,38.37013707594879,16.596493625708927,21.560113527330238,11.254449019704769,10.516444499309912,6.201731537968921,7.013422392258516,4.126378511950353,7.492908734974321,6.115472927798319,5.8253687077427925,5.202449191334483,0.04853062389246218,-0.3807714246644167,0.04237471604346528,0.7228493323887382,0.4798407011923818,-0.07871946191396025,-0.5514874607716952,-0.17011185534372655,0.2052853780570521,0.02667395617432836,0.003403022044149632,0.04915042162542793,-0.06990782193969024,-4.3942282597223915e-05,31.572480079726777,14.064636491590996,25.43169373065676,13.110778715505173,12.61860584237421,6.467904386212483,10.33532384330169,5.468857037400693,8.876298984463487,7.730230391861182,6.675906688602188,5.677795684456565,0.03084991313240031,one,/content/speechcommands/one/964e8cfd_nohash_3.wav,testing,5.0,Kitchen.wav
279,-156.9930780092489,65.9825059819719,3.3317203669552926,7.321123980582172,3.9423434495029186,7.820993629961162,5.042800249572844,3.6287524734588237,5.281564052544773,5.464781287745517,2.2824962588615243,2.307108922034552,0.09375465830089524,95.82184747537018,26.248725749474094,28.472126337462797,10.11741258288361,14.122057605135545,7.596593472170471,10.85125244447425,8.27779783133471,7.895474881670255,4.535686271674196,4.793176224864158,5.636675957941634,0.09788435887355071,1.432622896439327,0.7593407084515904,-0.5555406166716165,-0.6676181263669432,-0.22962301012590342,0.2027061341047305,0.33043272340639607,-0.08580670386005193,0.0015374670562422405,0.4941261145420802,0.3527109975397592,-0.35139707237251144,-3.280196218721328e-05,31.86485886956375,8.773462717536637,14.689467266089398,6.438860957968523,7.917010716370707,6.7240563747058815,5.342771989249907,4.500650490424728,6.123030127387608,4.112245704402992,3.6757680980550984,4.630725746270778,0.03016771549042064,-0.4030280212156029,-0.1601612845195265,0.0653184622441812,-0.23240316681906922,0.009342194823330038,-0.1055344401886682,0.043096232711881004,-0.09453043439007744,0.13406638674351135,-0.04238126708356417,-0.08643497618320461,-0.06486535511463899,0.00010037720203399658,28.88661897552094,7.975881612565195,15.10717242766847,7.481489060025427,8.839673742221375,7.922092646978714,6.45845894436472,5.863730338039106,6.832087090679793,5.7250759198202985,3.9630336154419794,5.966416622934294,0.01590904829024119,one,/content/speechcommands/one/881583a6_nohash_0.wav,testing,5.0,Kitchen.wav
280,-252.17173718502872,23.703123573942364,14.27614639208644,10.044013375711533,7.455298171305881,8.618107021180801,7.765176545651219,9.749384496131427,12.969903983234344,9.543561679638884,5.864920055760456,8.533653016773295,0.038708162610419095,49.74210176230987,34.71972368064805,13.148945927798755,13.623531303100147,15.229164133362637,6.551281082980999,8.211675642525028,6.973264320554798,4.016860945804885,6.2869057935560875,7.2045270378923485,5.33617337487613,0.011264398093540327,-1.9134260916905579,0.19681240669193542,0.7821812980169762,0.051240722304711994,0.42409169199823293,0.28893779076613774,0.31824902689274953,-0.22711772315304846,-0.061191595464495686,-0.32411195784950936,-0.31477753123257235,0.08045457895234628,0.00030659655890157147,16.713723301399956,10.0128290307136,7.929829917794083,6.949393522260128,7.910700586337664,5.6072192703179,5.667165768718302,4.0277506366506595,4.042989344915855,4.126516028989233,4.007718906602111,4.392624787024911,0.004965203102046077,-0.3049448751104478,-0.16917088704669805,0.011808373298208075,0.16207824745515384,0.14208805685114806,0.10567481841108493,-0.0028226356792020605,-0.008995767704141618,0.04716513759956721,0.005507469676038864,-0.03573667747197522,0.13433679656927958,3.709594408671061e-05,10.772732955306397,6.285558955070925,6.682965460465678,5.844459313676818,6.5276461567537964,6.3782485906148,6.303377946534189,5.542931764476566,5.5965898288177485,4.8836175622158065,4.515324091910512,5.373850670112479,0.0037153113327631163,one,/content/speechcommands/one/af405b69_nohash_0.wav,testing,5.0,Kitchen.wav
281,-252.78379929162702,47.170900653546525,29.373753980162718,19.325145104278782,9.647205634980239,3.371322464516809,8.676883766879936,13.34933807880398,5.023934789833418,-1.6103135831123965,-1.793561961194259,4.03143851977731,0.06673339687404223,54.31796317002746,42.71082649985484,21.50969234457602,23.414207034191197,19.160140730963164,14.955302461947195,6.793088909772278,7.262633035745509,8.27991984258499,10.802805470773228,9.717725775104348,7.167663106677302,0.050346080124380035,0.7163138886068403,-0.3947256450328475,-1.0680638976967074,-0.050066384509889296,-0.11709164874516884,-0.5372455320651985,0.036027074682350634,0.8657518007776718,0.5908995598677211,-0.1259930213925861,0.06808087403380948,-0.2244959981491647,0.00021041136595510666,21.33998869098428,17.55835475760455,12.01110268041956,8.709290491866906,9.813886251898259,8.4183291822395,5.669511570032415,3.6677807806964906,5.128331285137542,6.074817376457503,6.380100044724157,5.428618862901848,0.015203932356260915,-1.0442797716506542,-0.334173463721625,0.1885097456175797,0.14705225719997833,0.22533067965789383,0.44347639214932866,0.02845595889189821,-0.08968559971008414,0.2736410795293171,0.08995397933637479,0.14627516829609272,-0.13090238426327164,-0.0006870402023196221,14.213624576897649,14.439673152199013,11.506364779376991,7.96803488685385,9.791296203774056,9.249716895673975,6.582926414230179,4.824845765991583,4.962173886282099,6.865413471737943,8.002274872756129,6.833305226338387,0.009858480370117804,one,/content/speechcommands/one/692a88e6_nohash_2.wav,testing,5.0,Kitchen.wav
282,-135.72912261892034,40.44610486960802,16.89116745112928,16.479731664773478,14.055350932547958,8.033991676103188,9.294194335617146,6.011985103945283,4.293379259260467,8.744478569432014,4.0396677389426605,2.7661938527224756,0.06872735448902653,91.65612823071724,29.284411188317694,10.791762450344136,5.364270867545168,10.807047809898748,5.513652366956172,5.475182761421941,5.969591753430266,5.698842954119737,4.260774190650557,4.711179303278143,4.058671028959403,0.060342647465375716,-4.455234511120267,-2.2020858412400393,0.7461639594668976,0.7726551910082687,0.38763389540413784,0.3880670127396248,0.21931019378789543,0.2589902702217202,0.7389060143226536,0.2959756058732908,0.021246654889004162,0.29008380940470196,-0.0007616682598988215,36.84524145178828,9.915618602152458,9.538881646639208,4.660630441590798,6.295403681293545,4.925562990588192,4.713139708334237,3.8163098242168765,3.906815712912183,3.983905037246459,3.2446881708699276,3.3340864649716755,0.02742787230657348,-0.3993399995676196,-0.043595179182508166,0.18490204960331513,-0.20382937148841573,0.0988432245645569,0.011121951704824563,-0.09174081713997617,0.11707237348439042,-0.10413734342641402,0.07311430228021944,0.042107647147716296,-0.09257580151988704,-9.816088553132682e-05,29.774696583287376,10.923798881947215,12.419182507289271,6.367913165602674,7.512743788204547,7.0583372961639785,6.650551965505021,4.609694476631124,4.607340812198324,6.123349561385772,4.760877259728468,5.939652939646665,0.02373060907114352,one,/content/speechcommands/one/95ba4996_nohash_0.wav,testing,5.0,Kitchen.wav
283,-281.04125497464895,17.515129204253128,43.19044942899731,16.471147496614083,13.530376650906728,10.118190195089237,12.345875765369257,6.098289093783407,6.325252490144609,11.268412478510024,9.253062903931333,5.964204396373679,0.042419366422109306,62.95265459482069,48.031983737097,13.956546230217452,17.277517728063565,12.961446054873306,10.449794355198863,7.633237441990611,10.294596855800947,10.951868902130496,4.667065683427588,3.856328491455741,5.313633051776419,0.01197219062859621,0.5527095013601833,-0.28016178782083656,-0.4490570516127589,-0.22837896627189794,-0.01844538407545983,0.1328724672316567,-0.0662158215989112,-0.24625871410387293,-0.23905800351250459,-0.2413045406095394,0.03425073525666306,0.12517399484521852,7.76637105211135e-05,20.08997119244585,15.373918321929827,11.154523062257047,8.313576946792317,7.993654388012673,5.912631941241591,5.858466594058722,4.004085915262529,4.583838969098615,3.269486776020346,3.5743813204991066,3.4891513540195653,0.004969072190346285,-0.6121734009379244,-0.42189294065201977,0.11119568932232488,0.09145770065912409,0.12388772367716587,0.06932239607343721,0.022924794592047052,-0.030935001084046683,-0.12945913409643356,0.061117834660884364,0.16314770597739586,-0.010932382350787032,-0.00024331106493870417,12.919260624491088,8.865701733867581,11.92612282319237,6.7990152767560215,7.910710712222345,5.9923989901231645,6.632523754411107,4.624374193775652,4.719585957929867,3.389509938334269,4.411194750080585,4.674008528651441,0.003368474295443335,one,/content/speechcommands/one/5c8af87a_nohash_2.wav,testing,5.0,Kitchen.wav
284,-162.69529227878053,21.240822573190645,4.563093386283588,26.64304822648093,22.358712834564265,13.026667666026468,6.2371402975251,10.625652901554943,13.439099524208434,8.085414004743871,-4.682467390421781,1.5976122271927802,0.19968513236381114,141.50060016207027,42.5675292014571,53.30693376643065,23.115321260054046,33.21272629179272,20.32310992965151,20.47344959882483,14.857604375231725,16.120230288737798,10.769723691053553,13.427962606595637,9.346838130861672,0.20397189327691126,-4.810083106562434,-4.975782776406842,-1.2877047184149206,0.29540942088013894,0.9137558014344834,0.8616504685596692,1.42291076974004,1.392147334168931,0.77126108625392,0.6921725808913125,0.4417427681125836,0.6577385509917394,-0.009496791528597955,34.75450858711118,10.505202060870575,22.897248576835562,9.812166386170503,10.33082539521523,8.80492524423111,8.412791016285746,8.473778626305737,7.630986255959871,6.095143412288273,6.11850019520976,3.605236634402679,0.048544961165330774,-2.8657261267147245,-0.03872168970896747,1.8834495745834152,0.24067475550159892,0.06426626071166967,-0.3787414442244563,0.26767141297198466,-0.0882476176709807,-0.13403502424178662,-0.1303446631092216,0.08005713429865781,0.09649900113670012,-0.0022274933755397795,18.39122740633713,12.554639830739678,15.128920645006028,9.339819706685175,9.940477370522629,7.6041563296503245,9.87867817908719,8.802739167055352,7.259988554518687,6.927192883918695,6.042942488680858,4.674212359232481,0.025343029083325596,one,/content/speechcommands/one/4290ca61_nohash_0.wav,testing,5.0,Kitchen.wav
285,-218.5456820887083,63.87519849976827,31.4805904812007,24.492815635019284,2.442873317634083,2.379563516723221,2.33743677437524,4.8744046185127115,5.75252564539284,6.021398093733083,2.5650272196187474,0.2998626208947744,0.06399495051138931,60.874729618279396,44.520755347773004,27.013589778544894,18.050011271940843,29.2021166794072,14.740152813526056,7.0010266801479,8.304489112426173,7.484061092838879,6.836723882617442,7.013626199819599,8.847389034048605,0.02520733981079811,4.145264373625919,2.934983045590492,0.9983775774307242,1.7947690406756536,1.0941271766274643,-0.3936279485785826,-1.125667329116927,-0.3723330544632779,-0.7465359710851065,-0.5347639007313333,-0.39577173227769447,-1.77519763600099,0.0004500878207823809,23.99126974163272,19.936094179361664,22.2593679737842,10.729956295304284,13.998138368770965,8.565896842861584,4.405999702496984,6.116817361885682,5.510545913969943,5.979922237365448,5.337203875210774,5.4387923702979615,0.010968935311818917,-0.5741810674911463,-0.24819277366739678,0.7647041419864875,0.5620820492032528,0.6962836837436548,0.07877622345110169,0.23387985790589938,0.5871004021986431,0.4002789900573367,0.0536289864867337,-0.20495550321694211,0.16430279373247203,8.643604815006256e-05,20.935978409861782,20.02266982445958,23.757718543228577,11.31240714182082,11.595354565283483,7.947267284189837,5.138706538274392,6.753282679772142,7.35959146039267,7.718145776639403,6.6552741794484325,6.823873752936484,0.006763259355262996,one,/content/speechcommands/one/8fe52b97_nohash_0.wav,testing,5.0,Kitchen.wav
286,-226.19115657109614,38.35938379642044,33.33317816571008,17.742388411176563,-15.261669684422927,1.2109390124535788,-3.2114480726165726,0.26233916169194993,1.141099488377128,5.778171906029387,7.2250408034808125,0.9013044517539304,0.0872738246107474,79.05798158795338,34.22013031774359,27.869624945806894,10.651412735126067,38.04419004748139,16.365827390231832,18.43571728238625,14.402898104243892,10.855865393731051,12.359129516011789,8.054564242438138,12.571285202529458,0.082305741444461,-0.27572796268681404,0.0015281008002032406,-0.025969638141765634,-0.25132975668254454,-0.14398935186387699,-0.018771601626332644,-0.17805198194812186,0.0029976183072694227,-0.09443288100702502,-0.04253199045818738,0.07595859261176345,-0.011117436990802684,3.250772433896219e-05,28.615465495434623,11.707296826510872,15.63071137017226,7.510023957630774,12.001886143321743,6.965195982768312,9.893263870445777,7.165192592605407,8.169990679789914,8.028762595502936,6.762727461670006,6.053079796753107,0.029755636005781093,-0.2813879739365125,0.031642445512730134,-0.04872935166176463,-0.027644828591077204,-0.05917556312108161,-0.1525719571812646,-0.06069947784699868,0.052250429551624136,-0.08197657069915355,-0.026141248522265494,0.07676724066493475,-0.029221195983324105,4.4924890001614885e-05,24.63259294541296,10.591614047401338,12.052492174248071,7.988714491240659,10.015296582159802,6.931370601437788,10.50229151836265,7.375970449923077,9.374290002406088,8.17081456159856,7.524486799513112,5.8191049256977445,0.02398246688364293,one,/content/speechcommands/one/9a69672b_nohash_4.wav,testing,5.0,Kitchen.wav
287,-206.66343223836702,58.531165936283436,50.21728153272991,27.470241404088497,21.222378109311435,15.517283076147084,2.978757885455366,4.651329318012339,15.621903897067988,7.9932191047659265,-0.44526128130834425,3.5040659608441835,0.09894889686256647,70.5736255507697,30.140953615875894,34.857985796811434,20.87984590258396,12.416100757809435,10.096151196439353,13.225768341980855,5.350048765583801,15.54765752040723,5.248287017257204,11.709006640728568,10.450472421175517,0.058740389919569924,1.4290072020113604,1.244146287360337,-1.1547766537037338,-1.0753902170825431,0.18446201800335046,0.10418932826081685,-0.3334044474300665,0.26394384159941775,0.8191332492129771,0.4543507179153773,-0.322185567033856,-0.4334126343227343,0.0006219940560479318,21.17305567426188,7.5980873795795505,15.671730747801904,9.685910848254387,7.5397207136350115,7.560756850702547,5.979547531292278,4.120262384425177,5.752743437126289,4.209089969085235,4.864497201248475,4.694560873108572,0.019303567748943682,-0.6564159922806823,-0.28424034749939414,0.09025862040264461,-0.10703396541008232,0.015660175687891176,0.2896028593519952,0.23714235650837784,0.04562404897961757,-0.30488766756544144,-0.14247234099162762,-0.07023051608003525,-0.041784757311052266,-0.0002682143201430639,16.66182846928375,8.424193089188448,12.422852961166344,10.399345349550176,9.032974648127567,7.674588629621718,5.759964807367261,5.91812668282414,6.5175388097886024,4.784428721162144,5.379185863758945,5.349189363339382,0.013330836576029242,one,/content/speechcommands/one/6021f08b_nohash_1.wav,testing,5.0,Kitchen.wav
288,-228.8403222200825,73.25826069657968,39.130338501644765,16.612628313758048,6.648614802885908,11.52156592436964,9.232364639886798,3.1680528627623694,5.550619655357975,9.626782840045049,2.530818600478732,5.116603246182495,0.06806502293329686,71.72949019461726,44.04644655629601,24.21328742885067,18.847044149683075,27.49267480252233,12.934747643733726,9.879981024029302,9.289757194489612,10.581258401221893,8.75292521673424,8.521895240594658,7.105883951077209,0.04593716694165427,-2.0186954548312994,-2.1898284492215665,-1.0633693526378598,0.19622906918861918,0.7429526188760657,0.5997152402371096,0.8757880196209995,0.5910456169096827,0.43587364216962343,0.3105399593449959,0.2838625499655454,0.29337216282456774,-0.0016002089025512819,22.97252496333342,8.97234329275532,11.60015120355259,10.057376294138468,11.09456441949254,6.985144798293085,5.3313144310748095,5.445963498475068,4.744695110488416,5.80783792597404,5.379007699357214,3.891163450463805,0.013145234350715403,-0.7594230712457242,-0.501655724695608,-0.040540483545934335,0.16389553824121753,0.3640140964779589,0.21053623675757246,0.10744970268202163,0.09388442779238376,0.1278345883976634,-0.12135295759942996,0.027754840106933482,0.1158573523141109,-0.00048485621809959414,17.432339380313195,7.211932837690428,9.436385904235092,8.782106252118988,8.739511888448906,7.159713527535241,5.639464832495335,6.6557427426423965,5.106831203973176,6.99069474184728,5.873089358018847,4.753591889678189,0.00798625787130625,one,/content/speechcommands/one/caf9fceb_nohash_0.wav,testing,5.0,Kitchen.wav
289,-283.8473763062747,20.961931116817915,26.734773639498385,16.87014716404523,8.844845602286329,4.76458879620516,10.24410569965287,10.121700138131754,10.37417609286385,13.371025842451703,8.957308194020536,7.182044751461161,0.03614353444427252,56.280722379432916,30.400997334530217,16.726797950203252,15.80128204167071,17.698888458292103,12.403073342036235,6.575364048191335,7.928742187052139,10.622587200575282,5.789342138237179,5.3419260266515955,6.007824523282389,0.00871163622142982,-0.8067200316501334,0.49954678110617357,0.10741464746271086,-0.12045947122528415,0.7698942900295371,-0.5470606630237941,-0.017391606419139328,0.1757704416934502,-0.10321412875298298,0.33689860405382055,-0.10629559628555126,-0.370506056798624,-0.00039946904470180645,19.010823935209466,11.312475462243759,8.730714335302652,10.275105198580016,8.967265302000863,5.909997137380841,5.513321290608076,5.733098264754231,5.466219934299466,4.816305433097477,4.057380453567079,3.831188102838326,0.004691346584267669,-0.07139439790924078,-0.3661878151231384,-0.09780494429265486,0.2496000922483718,0.07821644394495264,0.37122926011870855,-0.0024871093739974475,-0.1531936997629069,0.14936535526074035,-0.24095142011068793,0.023700327038390596,0.11636608601760796,-0.00011859601363539696,12.193434736857975,9.66884598113552,7.84029337814322,9.887024342399327,7.750382247125964,5.750984281466086,6.738794130705884,6.296666831030971,5.766580162092693,6.498056260692073,5.211311235689855,4.282293415811128,0.003912549679040524,one,/content/speechcommands/one/c518d1b1_nohash_0.wav,testing,5.0,Kitchen.wav
290,-210.7611837595499,-4.820517300410975,30.82218745573279,9.442317325149931,14.438923449417569,9.748275360016127,8.36420790507409,7.791080905984035,9.641746299761937,2.809625919278549,3.005082227493321,3.863473997998892,0.06783343944698572,126.51808568215803,24.454228337409766,21.538909559455565,19.41243002352395,10.843475023040517,9.595007336451328,8.84666809793406,7.890820855796354,5.442600188719195,9.656023964788684,3.9640194297824483,4.768530148426554,0.0594396098325782,0.38434588823019106,0.23611490018471215,-0.3085285632548416,-0.575474943600505,-0.36788909467706427,-0.12808857338290208,-0.4781409146712874,-0.4074223319630112,-0.5149291152270762,-0.5008055421797178,-0.0517849319061731,0.07258383532780951,-0.0008880511046417298,36.937081282875276,13.553619357198816,18.456052181457345,8.899690146595525,9.10841352732486,7.18864864765787,3.79362632477279,4.315994863823698,4.3802465425008785,3.1433717110568384,3.2769360879477376,3.2081454643525267,0.020937697194554496,-0.8196570744317664,-0.07422646969869715,0.46728459030979813,0.15645682361450836,0.007650633979946312,-0.18830626247154397,0.17091835984784626,0.3153614117343465,0.19288710071451642,-0.0689314592861763,-0.015404988880103894,0.19685643039741285,1.220765213171641e-05,25.77418101786333,12.043288879063404,25.22854313369415,8.900126272086926,12.970151080009197,7.639284148390312,3.712440366988909,5.7292443481552,6.464696760371348,4.016678010858969,4.69215041472768,4.503711337108445,0.017676793554860838,one,/content/speechcommands/one/1f3bece8_nohash_1.wav,testing,5.0,Kitchen.wav
291,-241.81342041127954,27.58324479777737,48.43121558535998,28.740415701537366,25.670056207100295,11.290411788650943,10.408718278015202,4.638842926932375,4.671379266877839,6.712456875739955,-1.634719628803678,0.2728539775262572,0.06193314935080707,71.49176064863876,50.04414516690786,34.04421441827925,24.956711632764897,20.369924581948634,13.92877752545567,11.508334900674553,8.586230644257816,8.73407169622769,8.116000493638953,8.971438652482481,9.820283150389416,0.03515776794981017,0.5206735601700108,1.0545736860643935,0.7580384213919845,0.48776352365757747,0.44698074229204754,0.31987735601220574,0.021498674930926557,0.0058167512158425715,-0.22461338614456122,-0.04866389440266442,-0.10795649170866273,-0.19499932238711445,-0.0008790684683668998,22.33186721909699,16.979476423600836,15.73930158479589,8.535881312754213,8.186344004592216,6.147814787457832,5.786719959451118,3.55380680350031,4.849286570142067,5.3736990615373506,5.760578072720947,6.280957656105801,0.013234999852141854,-0.4727333854379386,-0.07589531063202314,0.2154550991526932,0.04014794049499055,0.022984663908751677,0.038342395447065296,0.15567750445924092,0.21662427424966424,0.07663683988358727,-0.13634937297986718,-0.21608090900258048,0.18931868067178062,2.9605627059936523e-05,16.269254728942506,15.432698794584303,12.099677822650603,7.724402220260354,8.325203385572738,7.01101930899871,5.967385383223164,4.7703020146762,5.505690688181009,5.697208807045231,6.47395688226981,7.604067876237046,0.007588481816271546,one,/content/speechcommands/one/b97c9f77_nohash_0.wav,testing,5.0,Kitchen.wav
292,-278.5113299366187,-2.9134011099817303,32.821778498256336,17.461177135792987,12.219503415403473,11.109089408469394,12.849721991892128,7.748175741236885,8.815960344486895,6.130139824201762,1.3500196942169687,10.731800197156725,0.03708403586642817,47.975394465183655,29.796453214260616,25.52996815693428,22.163897654462257,14.305799927600702,8.881397059828513,8.71266945026263,7.291158750756198,5.473035356506273,7.5527385051435205,12.071929377920117,7.813144935016194,0.012422157589243442,-3.0707130889364613,-0.03433605834141421,1.879086352379417,0.6065486762926973,0.6262237333934207,0.06743851597171567,0.19858775446945834,-0.023740778035035374,-0.06382294682369997,-0.36859173457518013,-0.695717916861857,-0.6400569964052033,-0.00016777535840388266,20.50250844710921,10.696175919294449,13.419737596943389,11.410857822043972,7.4371196691881325,7.645825906296282,6.683682248246477,5.275312691387996,4.657369610173176,5.031240275613313,6.274854056586554,4.950196672588867,0.006121392542773145,0.8799358791776523,-0.24162662749695638,-0.4876416905790695,0.1001945148767291,-0.025414032710654056,-0.03521338292585584,0.00344496990234795,0.05177724812132597,0.04875333304546284,0.3748812778390513,0.35987552572560827,0.5488238080635303,-4.635490477085113e-05,15.183576975621603,10.99651503252471,11.31558468261326,9.423730143369657,7.031269434057962,8.147517068924293,7.410044912379663,6.462519272649153,6.101061729502734,7.132448955149479,7.866414135913897,6.333553161769946,0.004113633635031467,one,/content/speechcommands/one/022cd682_nohash_1.wav,testing,5.0,Kitchen.wav
293,-188.2583364900683,48.65270458764665,29.18195944816334,11.659132234636754,3.922476180913388,4.958214634573263,5.331024014852015,2.3881086199657027,1.9128580385555705,1.5007994099354571,-6.554062095096195,0.5959125431101417,0.05930500302929431,65.78393279713447,27.362870016728237,23.115924804022526,19.942886643395827,14.961557184122166,11.959452625897844,9.160262962425055,6.265631232074921,10.031724067577537,6.715766667874261,12.810070945752294,5.684448614157758,0.024915683520824128,-3.399210350044424,-1.2122573993688421,0.501317079039172,0.35857225656447866,0.034668992929745,0.032652599645011264,0.2519743852686783,0.5568669598527171,0.35391810449347005,0.2636909767736764,0.19093466005364298,-0.3459971349875204,-0.0005551368118293824,30.08086665423243,9.44780437802264,10.673051962818302,10.770686136772769,8.927675123181757,7.41011872403711,6.397755529664653,4.250432520719668,7.202980028964611,4.463843098001299,7.201103214044374,5.147083454531747,0.007566604172270489,-0.32277356124698525,-0.2571562733348673,0.011263294165134614,0.2531273090658542,0.40604431801631563,0.07257694756258216,-0.11281304643098092,0.03675239703222345,-0.14268964276790272,0.4594285120268113,0.5335433484895825,0.20415860504109684,-0.00011217457552750906,27.256725325579495,8.785268649105769,8.93228967800789,10.054119019222881,8.94495906122656,7.558480873113472,7.2346701330582155,5.467633036444058,7.885033627082166,5.059669396664338,8.658539887936858,7.365290977801071,0.004509532803942287,one,/content/speechcommands/one/9b3ea809_nohash_1.wav,testing,5.0,Kitchen.wav
294,-256.85955311646524,39.69655789889674,29.383498554897017,12.916384526330953,7.3104053793801755,4.1554031887159155,9.456248097795546,5.734208074227079,6.580077680620341,7.786878492339021,4.463403896535258,8.333486853065885,0.04402631328308156,43.458331412897806,35.831825547713166,11.361828899788454,15.500685872011983,16.98764136052001,11.87704977441574,10.631147139291105,9.677196673139335,7.690374129640275,7.245539441887633,4.725022425145365,6.756882274571659,0.013384563958338919,-0.8711093043515032,-0.9487053948597904,-0.014109252625996445,0.5689837623226917,0.9784023540605898,0.6036343690633408,0.4544825328396421,0.39498828286254367,-0.03030014975050603,-0.10055819369358533,-0.027186267823082016,0.04294724985118498,-0.0003670182217050482,18.95436617964682,13.33655548778938,9.35012839624296,9.834674440872956,8.441043686813035,5.674304127699331,7.505198810939554,7.3038925977032285,4.644926561048183,5.910740181998083,4.007442295360178,5.3802266661162905,0.006498627879579461,0.22924311988282398,0.08878552921915375,0.3139187441850667,0.09907586976556018,0.18593508086200858,0.14956175953763326,-0.1188951739456099,-0.3327105449445169,0.16702262736091325,0.10841438325068574,0.03358783931430732,0.24096439215297816,0.0002497795682687026,17.815880942431082,13.018560972040326,9.653892913154603,9.157794173655878,6.988253429528853,5.026939919497559,7.703455645358617,8.29251188412434,5.1361996534418655,7.344595982145864,4.971161936710815,7.151231132117264,0.005484571233451006,one,/content/speechcommands/one/412c675c_nohash_0.wav,testing,5.0,Kitchen.wav
295,-199.9342678538855,37.13919594259339,29.133721158026944,3.1347447442895255,6.104216474333814,4.379152272607232,1.769678581476879,2.7319290306754525,7.297914332382096,1.3811832471798358,1.277159980581119,-0.39037823521824644,0.06821119762025774,77.19409452328256,42.08313180390862,20.369145876251476,19.785144135632905,14.747195311161024,10.576890425781594,10.50073157271063,9.613536141992972,9.608527446672527,5.608509440962822,12.822916271801128,8.206440044025202,0.04242918671536216,-5.987930076589211,-1.1319607217386518,0.3413656759792994,0.4068134912548538,0.24048174384094584,0.10688676224392986,1.0976612415525424,0.7286932475960631,0.7692873455803816,0.3736011257624333,-0.10783645690598263,0.5862497643497804,-0.0010572343223517941,20.73063262489306,16.41308206741372,11.565039619522224,9.350471435844856,6.708640775834721,6.868071078621158,6.667971241289699,5.82947646257018,4.609158581451079,4.387851634461584,5.84669311976567,5.385492542196044,0.011408998551931322,-1.4218091217983813,-0.360569966745983,-0.019438082212653758,-0.01138237749179017,0.12655480783828424,0.3212946904962184,0.338758614847967,0.27221051631588544,0.08817652985684707,-0.05073357425211915,-0.0517322166186626,0.32244852418652703,-0.00035284714152415594,18.422072661950807,16.16020819609105,11.272797297902889,8.171404373143703,6.170325041506009,6.979488733982013,7.186980926469427,7.321394357116504,5.391109439887915,5.5204195608312325,5.829372847743181,7.364836769244694,0.006586810892685951,one,/content/speechcommands/one/cc592808_nohash_0.wav,testing,5.0,Kitchen.wav
296,-308.7620735444785,-18.573421469116347,46.973549075306444,21.066302063181237,17.709137191417128,14.07517620588275,15.60941561053658,11.399101472385269,11.625833172585489,11.324053352535303,7.722994097265387,9.59336516649918,0.030476461517913587,22.62691672447154,19.320988969208926,6.693289279423532,10.241660882874083,11.138243910751719,7.773545511257349,5.314902657549515,5.4629877203441515,5.235807032460137,2.815823848413534,2.349998778279374,2.420196970471616,0.007333560982753173,0.8303220748812014,0.7779762463659604,-0.04487428400362451,-0.2236726353045124,-0.6037978185799655,-0.013844875259951499,-0.14468250055148474,-0.27125728368219,0.28280754402354624,0.22226694684782336,-0.1882389732668219,0.13983543803843193,0.00020708769027675902,8.9871012281604,8.048417188428068,5.244588780784035,7.4227461801296215,6.229999586442926,4.926311150573265,4.232012829972726,4.918894868383026,5.101438421366878,2.8331388524241947,2.906045767583795,2.414191399323628,0.004436021098054064,-0.08301011608939587,-0.04610874082985665,-0.23996917894910455,-0.2304469453006312,-0.17192724703631235,-0.5084978322543223,-0.17080089054254904,0.0613277162034736,0.07852338884980369,-0.011683688284832908,-0.1682356566892518,0.14518772502825256,-0.00036552106892621077,7.460846241471174,7.598116179667125,5.624815311255759,7.208003247579007,5.18617023457188,5.042913177941812,5.369507440469062,6.067671494317725,5.940298370056937,4.202510059807254,4.6813044384069675,3.3555664009217403,0.0037754608978125635,one,/content/speechcommands/one/3ff840aa_nohash_0.wav,testing,5.0,Kitchen.wav
297,-152.06835018615985,96.95810308963769,15.558187061264292,22.548736168569974,5.381042674382131,7.097904295987028,3.157778521990445,2.948588642637203,8.92262000098549,-0.9176669176762603,-0.2577314222846192,2.33541811345473,0.12570610223338008,63.44047404531885,9.688619882413345,30.35674746144002,8.54412072786278,14.567526760776026,6.941864705204629,7.351188911459174,7.825245064660968,10.798153807895801,4.790000950177131,5.422037732780763,6.138627924580004,0.11074579677290854,-0.03282744526045591,0.8003270311910474,0.5950948963746259,-0.18823222885815896,-0.11059083968751114,-0.25943054816377764,-0.07626391981021194,-0.15825292630830928,-0.06100162462636247,-0.2458871055843239,-0.08048937396282166,-0.07826872062430207,-1.1411165037462788e-05,24.934586289447267,7.320538661769931,15.356550618837929,6.241012442484305,7.587450526195786,5.016491142043735,6.222277190490982,4.114588896471642,6.594521197559725,3.699469254707756,3.2406017001664917,5.05727699527084,0.03846913286044244,-0.20549904414454498,-0.07690594274485912,-0.3013444071045896,-0.10824184891580041,-0.0970349181008725,-0.13321136807538367,0.04694111313026334,-0.06663620285396409,-0.1736428441469768,-0.16625786786478933,0.11579605096171473,0.08927170665259541,-3.046592076619466e-05,18.70564188198384,7.497495735057854,11.864396270875122,7.024499913184636,7.995613569504895,4.96135668464173,7.83978366755117,4.549608866914853,6.739442146669952,4.336007898416784,4.146974745743242,6.188680911241645,0.02710418473906086,one,/content/speechcommands/one/d103dd6e_nohash_0.wav,testing,5.0,Kitchen.wav
298,-192.76449547924557,64.18463402160567,15.026454326439794,6.508369874313546,-13.752157247210096,2.3836181514257433,4.629775920692516,-2.8209420665215417,7.086481099137707,7.3487735249281,-2.473731001867593,0.4995535190247594,0.14685014565475285,98.90905591283506,41.91783846915536,40.79221097860285,17.673754067403372,28.39114162362345,22.755093418537548,12.770499325700841,17.389354717568242,7.3063761771353395,8.828181898364514,12.421124996249558,8.107949521876892,0.11595724663278935,1.3941258335578863,1.1350657527845147,0.4047908145274926,0.24839049085943715,-0.5684016462142135,-0.8539582067790248,-0.536027120381064,-0.3963321360845509,-0.4850649484152713,-0.3743693513326208,-0.6047604010626166,-0.3053768306761797,-0.0004535986771506648,26.880609685294168,15.797187529642503,16.26555422974466,7.300832896894339,9.501005984324262,10.28681355764237,7.655971436449687,6.782324553256228,4.188272250017513,5.819084592617577,6.861280542982461,5.255386656037982,0.03276431018144848,-1.6987734520100075,-1.0649203321003884,0.464510903858933,0.17878060992035152,0.5711175424622043,0.735245734814059,0.2590098757491835,0.2686481836814056,0.030279309696474365,0.17139517038882854,0.5348752013598291,0.3547025030547569,-0.0003400038927793503,21.54753759587516,14.658691276694507,13.341750387386588,7.404545113828888,7.909366299014518,8.909497059720929,8.770562660342152,8.821822618590046,6.308947646990185,7.371709017062004,7.788854238209685,6.092485613720903,0.02076540038986266,one,/content/speechcommands/one/44715c1c_nohash_1.wav,testing,5.0,Kitchen.wav
299,-161.5764089163972,30.743681247553667,34.45575648416467,17.38903672027505,10.679331267878247,1.393869949341492,2.2311423882029757,-0.10759248701422497,1.3641030655261537,2.1819387112337045,-2.9120913607904697,-1.3291057970418096,0.0997355681611225,59.65706873479812,39.70202220469781,19.020429592805765,16.28845314544198,13.530980153390608,8.271630216829454,9.25751554499696,7.205081926522637,7.310557420641965,6.7748374155924775,8.326401144920375,8.34885691659106,0.08457517538153558,-0.8777298719691227,0.22826243309037714,1.0240641324633222,1.066132534342292,0.92214137769972,0.7789826884153973,0.5715544514684249,-0.03317884028817,-0.26852090276599655,0.1752135324170411,0.7607484430297543,0.5488424225074745,-0.0003377141491059334,21.947914544290033,17.094943765579885,13.659228992318498,8.161321663462125,6.485016083743726,4.350344987676654,7.202176139126876,5.5984486340955915,5.085662141584305,6.04003605769312,7.0663559876318365,6.422942763518672,0.03001177011128131,0.17089846335326608,0.3301503429838785,0.4508505454296215,0.32522117602715234,0.18911700521907732,0.14609035463365488,-0.018764193620856358,-0.22305171136516702,-0.24905840696791282,-0.13747403828893892,0.007601182001560739,-0.16364612156349168,-5.788952112197876e-05,16.95798242379677,17.39663733358372,14.11757777331489,8.033366291095636,6.263373622024778,5.32358947883288,8.551578247580954,6.998428447540231,5.689122207743233,6.844616674653616,8.554848358955155,7.970722505411618,0.016400006800053296,one,/content/speechcommands/one/e1469561_nohash_2.wav,testing,5.0,Kitchen.wav
300,-252.96849312971239,32.19789324503438,51.67086978412719,29.299082457031417,18.081471087464216,10.795108238950597,12.030090175295658,5.086121300455037,3.1903244382820604,6.550527230404936,1.2403816344380059,2.1290256231451115,0.07212618968333118,81.97444819303082,54.08856774792453,27.20451463370925,23.272278776590756,18.992054955530893,8.238545672120576,9.28787461854952,10.7482832228663,11.011893130039955,7.427311725409255,9.333040195302843,12.68298555235946,0.06556708379631715,0.6817748476892652,0.6513898953997761,0.5174083130928808,-0.050694242790718755,-0.3815580328906448,-0.29473727861831006,-0.005295770280016846,0.005450095717459641,-0.2542255831753729,-0.125075183424623,0.1229315680297951,0.16008823779916803,-0.0003859368002703113,29.517384725750443,23.12401524970057,16.377798459433766,10.228012065845615,10.583766571933364,6.245423857129461,7.300133953169496,5.585246608812049,5.3812846604384434,6.263099998923354,8.198256183349605,6.921769385315815,0.021789489976474712,-0.1593286718981332,-0.30735535125597563,-0.01298921163098375,-0.0754687337419071,-0.07152503831691158,-0.03626686266105459,-0.02845691037773991,-0.03324151364276287,-0.008253311799907929,0.021290976389249927,0.23248685759057336,0.13001351520018237,-0.0001198716772099336,22.73798919834329,24.9071660188655,16.609196087575913,10.096785707636652,11.501731970161037,8.640599706804045,7.688213613396762,5.708206612648866,5.328797167013474,6.891284871060979,10.352660430854622,8.350616540058756,0.013964403801953693,one,/content/speechcommands/one/e1469561_nohash_4.wav,testing,5.0,Kitchen.wav
301,-254.96655825204562,11.956570714669471,36.336871216856736,5.426296965887387,6.743397702643526,7.575489455592216,8.011949105930466,5.272855367699393,7.629810657976998,5.4561275273050445,-0.6542965006573774,2.3563855852473092,0.052292289794422686,71.66852918035845,55.28572404060008,30.544409852925817,35.42520443315584,17.23169730154694,10.630969013326418,11.717689078499285,9.306378323937047,9.433597676722735,8.861845160785371,7.389542526799577,7.3445787999735614,0.04597863526835247,0.20921409529124033,0.3564888682049286,-0.12159681771070778,-0.4324246839167821,-0.40061235203670204,-0.1751058470240218,-0.04450144480076809,-0.11574481763282318,-0.09215347159475092,0.2817145667960169,0.2805396276993268,0.053494140662840625,-0.0007187451926931258,22.49112605402864,16.931493255876212,18.699073186202128,15.810178446909696,10.302010722623061,8.019697541663554,7.559477562742953,6.321705536172291,7.239744064636833,5.795369970064447,4.391258616801961,4.7730717187055065,0.014905346005422931,-0.02400881754395338,-0.0007892846774654553,0.08398014511494149,0.23016039701315685,0.239615986412044,-0.09999876638029997,0.04517292135016859,0.2970920208479819,0.18231781832266047,0.16720977997367867,0.09731678568411785,0.05751258512887188,-0.0001593879113594691,15.233753691070826,12.663325691268666,15.26470562296214,12.866626853286382,10.723520159293646,8.198218592613339,7.676408353371655,7.624650687085307,8.266849903637144,6.45546812999521,6.47949362231789,6.748332147078574,0.0076417857765555585,one,/content/speechcommands/one/3efef882_nohash_0.wav,testing,5.0,Kitchen.wav
302,-290.1581701232393,49.29258043726092,44.92533422915997,27.290193791383814,14.127887070640089,9.436688521489401,13.763312307715834,6.2401648575010045,9.952393551058284,10.420421966015601,5.947749626373204,9.939443729345966,0.07082809903658926,72.19892388462729,51.68941485623044,19.84643836248492,13.342858732991944,21.762304414966664,13.242717915215085,9.041608622844208,11.58166094353033,8.044174744915837,4.61808087222916,7.366005669363826,5.224223405158143,0.0370525466052214,-0.17997882094195003,0.0589908027565802,0.16211008182803024,-0.03741099741930788,0.15325183141961662,0.26153646905327144,-0.028328731540006622,-0.04384037665411407,-0.05085543399693643,-0.036685518621313425,0.1199291385939245,-0.012448722228103086,-0.0010797742513879653,24.90125325196586,17.62452112186868,14.746270959701034,9.597001502990427,11.966166959135432,7.710911682128171,8.190348912161186,6.424531068479995,5.619541893939692,4.434762638277813,3.6990780069750713,3.8089076946358262,0.012850773441714161,-1.9257964217324646,-2.225077188534991,-1.5971823410679291,-0.7584948097703882,0.04390448332675045,0.46969238788393036,0.6949844231510285,0.5835626638731688,0.39709623726544074,0.2655986265253375,0.21301556822529827,0.08034993933569598,-0.00025364390263954797,14.468355903368284,10.057985041162024,11.837075602052295,8.430418821019314,10.18578629410051,7.942333110671976,8.272641733543962,7.209486898580761,7.715128221837152,6.216955980385593,4.843913625316067,4.849677814251012,0.008086571565299025,one,/content/speechcommands/one/e41a903b_nohash_0.wav,testing,5.0,Kitchen.wav
303,-316.10686642586,11.688974105510315,21.934321697845167,14.92496242776443,16.380498407732926,15.547426440917105,14.578924161198776,9.503141664699639,9.003189271255936,10.343369213284223,12.074325082884208,13.567834612919146,0.03674294054508209,17.634134761610976,12.23109289469523,6.196076010875338,9.027888541892349,6.994379786208589,3.383369111025345,4.7436463833865,4.3571834385776524,6.339001969519415,3.577085982494235,4.421491395891434,3.9371847550308687,0.012179111911990052,1.0249144970159312,0.052175595425660484,-0.49729193007243894,-0.26452236288593767,-0.11196948236959638,0.2506857118949346,0.03986969994540287,-0.04257597749205835,0.1271931978697648,0.21713929377817126,0.04996603624664923,0.05229960978960813,-0.0004911528040583318,8.579774758793512,5.224074059958159,4.136396494622215,5.515158663991294,4.385597809017161,2.282685212182138,4.506897815872586,3.2264319193247877,4.034647312727153,3.58987560410082,4.020455592734746,3.4650699852971387,0.006264488361429816,-0.7136361354404699,-0.3777917570090078,0.10636122836500313,0.16992123654632152,0.07530811049156241,0.004174942295427186,0.3662306681686086,-0.015677819445809503,-0.21632471894800787,0.27266745513622676,-0.14441368495804519,-0.10212191601183931,7.682114839553833e-05,7.760133270976255,5.326612521326211,4.306096641603419,5.290373544160131,3.8859750361465024,2.5431245872480512,5.28403268412931,3.5498842226814795,4.842762385962882,4.870209912407425,4.782240939429122,4.2679698529639865,0.004340623399374786,one,/content/speechcommands/one/782c1305_nohash_1.wav,testing,5.0,Kitchen.wav
304,-254.83916236189114,29.518370526242776,27.14785827318685,22.54510094032881,5.216866611011345,6.221997973660787,12.49599974294426,5.513977635573202,11.167640912231693,2.852269126350514,1.9704650525326173,7.801409449437523,0.04754341009538621,52.67159793478622,19.609182940684686,21.200714532320074,10.742510561772688,21.820298988209768,9.470391147247218,8.364319481049963,11.488939068400043,8.201658269791048,8.666824151679997,4.94651752934862,7.8984311037525305,0.016936597375886032,-0.5396936896635064,0.047233716901194656,0.518306165088535,0.21774821810724665,0.2592638816005106,0.2679506941922273,0.17408576255864647,-0.40811662706822044,-0.5806034901304997,-0.5248082037047709,0.012610281719265955,0.08417500778010144,-0.00038721905119957464,17.813691811161032,7.136915691107399,11.294118821780481,8.047008323200401,8.443833078291762,6.683249287446757,7.477574111348629,5.746770086365989,5.44153595141374,5.20083124472386,3.337522317900232,5.73523117752656,0.0075395749351862655,-0.527201226589284,-0.4406941960952636,-0.1299806581995918,-0.2625412493526704,-0.18972100558426988,-0.05539742423237192,0.014542505227721788,0.14009444536887763,-0.039108579938193166,-0.05460851550427422,-0.01579275834936964,0.17835394085090878,-0.00020135995000600815,12.15517408236018,7.599265493740782,9.304319801942064,8.61973115833572,6.034363015753794,6.853420557947188,8.827648974881146,6.105533069447829,6.171869575101105,6.7357646713635315,4.251068943179363,6.800310636352007,0.004996427724229582,one,/content/speechcommands/one/8494fba8_nohash_0.wav,testing,5.0,Kitchen.wav
305,-256.7478943015078,40.42978003565154,21.479859437912303,9.93898175697929,-5.652066714489121,-1.8936130159136466,14.106634679080065,9.21614561477699,4.093256352623637,7.997817456618568,7.79488607150953,11.978450692759756,0.04363362574459691,71.43103866336212,55.43747778507001,10.608929591384493,14.502174329731536,26.047072010966808,23.54632985871346,6.330296418060697,9.9907099069743,9.91188551545757,6.458163146173958,5.4921593006997345,6.070438821565602,0.033235508965924886,6.552643950578481,8.26691101631131,-2.0670918877268516,-2.630529568864258,-1.739320074969575,0.02034010351192128,0.4774772820856079,-2.045368201365756,-1.0374526781062823,-0.07750744353325976,0.6114229579686231,0.15552097957770292,0.0030289882173140845,22.96974282482146,15.52263899612894,6.045969709978005,5.1891917800940375,10.104587352537836,13.88738079896729,5.556818361498092,4.476168027061422,3.756548030540832,3.5066498330613767,3.9227266748534877,5.07589642356176,0.012851903976973745,0.6301771120062035,-0.2612596870921524,0.27238235985012893,0.7629576267633535,0.6327772703387846,0.10469907234098423,-1.0494999662639075,-0.5516246537456089,0.15036049763525206,0.4508185194924073,0.48096961252766285,0.15955230757301758,-0.0008018601904897129,19.69441552090502,16.909798294814145,9.210266204529818,5.715581779390374,8.988149136668023,12.471217386222508,6.3806390391667644,3.824886591975379,4.163567571561693,3.465946488874415,4.225264374162682,6.281992686560699,0.010680899363268131,one,/content/speechcommands/one/4a0e2c16_nohash_0.wav,testing,5.0,Kitchen.wav
306,-271.8183308953886,15.721900433559965,24.29993321198247,21.739645411294816,14.823248377493128,8.242904906920485,7.989416491333186,7.288663788699331,13.310161120257284,4.804859929313081,-0.7474818827452243,4.0978637328176255,0.03769938106415793,48.98585039053496,28.588032044815602,18.286049387084997,12.606251980679643,11.93265629428671,9.598744442092633,12.524275537876578,11.424279712293345,11.691695377454312,7.394332993780228,8.351853314996884,6.01914443480845,0.011813924589892322,0.06288397259422049,0.11828111790407003,-0.1729777967441715,0.18760487908643436,0.5502707129482978,0.5493319086724054,0.47875924787051866,0.31607741508039167,-0.1735449595231324,0.29485081268644875,0.23332413093455598,-0.0005676444551605399,0.0005293862233238835,16.81060805553776,7.98855280296059,12.047045863720891,7.629567328523847,6.118936982100363,7.894923121201158,5.934813224040252,4.939763266123545,7.205831919518681,4.32713973598845,4.4175845630341435,4.1819254271726365,0.004951588941273908,-0.18955924978061678,0.1560344647938103,0.20152110695667508,0.10755659794704239,0.0490765540775134,0.33598640973861127,-0.08375594537330437,-0.2283033692197772,-0.04230716036717815,0.058217442569967255,-0.17109510148900017,0.03440257981474593,-4.690258453289668e-05,11.163973440086352,6.551992367218609,10.320504579181552,7.774685440473331,7.518630689885752,9.433090914320507,7.520001403874374,4.457261370514323,7.068751755880063,4.701099555035147,5.2597228321605645,5.466755331860209,0.003381071100165118,one,/content/speechcommands/one/daf230ac_nohash_1.wav,testing,5.0,Kitchen.wav
307,-238.00290508126992,64.79425464208545,27.75408678932907,12.584475204128,12.688613677758864,11.12246967590366,6.727246682284582,1.1022714182723985,14.865257901736712,8.06703582674717,-4.046499814153162,6.003964638912256,0.06892616301774979,52.35456517144232,30.337903747768838,23.599059081263267,12.83872591143138,15.217299053915031,9.843239623765099,9.107696545814987,15.545342409254964,7.1588183397067,6.033271345334603,9.281420927733958,9.24026725524641,0.026325963764866255,2.3874374987825746,1.0024345154097636,-0.34105038594945486,0.012051573747557902,-0.27091387503702147,0.017592489074273535,-0.16337336152117538,-0.25793224992339553,0.12966142660790358,-0.6539936110964993,-0.1323808258831632,1.5837176154945012,-6.324594671075994e-05,16.284102267207725,9.538501939302794,11.606538257984909,6.809126933578968,7.781877038020694,7.980421868058573,5.852343344853696,6.649449156828007,4.909457709328893,4.344513125568818,5.467532974402837,7.552766344107428,0.009159742822846342,0.020592720368420088,-0.42844338141877714,-0.525599150303961,0.2823412030657164,-0.44460108131534654,-0.4675572558166889,-0.34576802383836175,0.10058659716004603,-0.12420632265548523,-0.5331292299209137,0.10859337558224319,1.3262582430129688,-0.0004923022573902493,11.649765420209329,7.097854852108503,9.043868088560142,5.905315040682235,6.921503547331865,8.00979236888631,6.031199341858582,5.62162404191707,5.580735917982664,4.877737539592643,6.2169300979604545,6.935751890968634,0.0047486896478649435,one,/content/speechcommands/one/82b99576_nohash_1.wav,testing,5.0,Kitchen.wav
308,-262.4852106557074,16.670996136042014,39.94234267891062,21.862602423831802,9.899129351570611,8.329679533964944,12.121281413130811,4.39346767935934,6.387946643790767,3.372478141789573,2.5059606296437913,8.548150688393914,0.04179882234893739,60.028736698854544,32.13934579533815,24.15596966795139,14.927735776211948,18.95194318868861,10.93217776716081,7.23060253702491,8.66427581180369,6.119991172036503,5.956124098692458,3.8778113938069048,7.2910062719679285,0.017070326401434483,-0.27804674712223965,0.35779923087920673,-0.14404881703212136,-0.4339186133060484,-0.4011208880922953,-0.1600840257077187,0.027164618301707234,-0.1080709986764536,-0.1251307077000299,-0.015238439798809011,0.10576271288408139,0.30824913198108655,2.7480024483896072e-05,18.758300798529543,8.294755512634127,12.343683461490041,8.03735108698246,7.7339582722624005,6.52342301128502,5.976364853192078,7.146832859870988,5.332650417605863,4.467378962033985,3.105560436693705,4.835037528886714,0.0048663066000245005,-0.05318262093733779,-0.10936976610101366,0.06485529824040354,-0.03175619861022376,0.10236351652680238,0.028098526176248542,0.17584301972465735,0.051531676835964824,0.1542248063296737,0.09192268687548898,0.0029885662122071405,0.28099429625938155,-0.00014261181155840555,11.901121244617306,5.716956522356593,10.410042595175927,7.946488822625441,6.18338957960677,6.75289458243605,6.737622477896801,8.077497868239714,6.284049950239657,5.57747411109599,3.8500231437918804,5.868517175044198,0.002755376172181078,one,/content/speechcommands/one/8494fba8_nohash_2.wav,testing,5.0,Kitchen.wav
309,-174.10436145781313,-4.039122060274311,18.478866826772325,2.250035360237356,8.534233769931085,9.514664708763345,5.985034286748018,-1.309279914019589,5.960634177697197,4.389507949188938,2.8966057494822963,2.668852401448413,0.06124850799096748,112.81792581772277,32.20413532592559,20.530921078012742,19.460447053761165,12.046903709638952,7.111729844682476,11.575742469207738,13.746606561876204,9.603167567112802,7.27235680570676,5.970643270926026,6.426429377509187,0.03286897191593548,-4.309929148046921,-3.599003050205058,1.2552593206113274,1.0279644562081176,0.1661631981282916,-0.002482887313030587,0.7053169751343258,1.758838789210634,1.489232758262126,0.2972436231480706,0.47849692593884574,0.34097582019117934,-0.0019940306102075884,31.855512336471246,11.383719245257634,10.009867182030298,6.656323284513377,5.543640684822842,3.652753814914036,4.194581536763979,5.276211872814153,4.520442741633738,4.611021116711378,3.5357725777319993,2.6378674845327366,0.010176518062514206,-3.97193029036225,-0.04824427427892613,1.1685131751387863,0.11833291837107757,0.7148431059181009,0.3431101265251863,0.1756590877485293,0.04003546616307817,0.3465886082059539,-0.3704223348826799,-0.1426877904424848,0.254378278494748,0.0001760665327310562,26.535036199536204,14.10498185357015,10.278778217870563,7.289443538287692,5.733344545379587,4.037304157326252,5.358354237720874,5.4795181422983426,5.2405887244370755,4.97235624485306,4.7734802134460725,3.4321661580909617,0.009030643661821953,one,/content/speechcommands/one/3efef882_nohash_1.wav,testing,5.0,Kitchen.wav
310,-232.21825608551347,49.457851744775894,62.61959923336135,10.479852684196208,-0.6290637996544728,-6.070069945225066,-2.7447138594192717,1.8022860987772045,9.0061024044685,6.045156585579495,-2.128313048072282,-4.324104349695158,0.054657699598465115,39.07236482847611,33.06572443637272,14.849165149529258,22.500881436688132,16.063309688026287,8.808284145251083,6.185015204420253,6.803425073899874,7.275410100692687,6.557955598992657,4.99237308605911,3.372512434943897,0.03486029400602714,-0.07839227548351166,-0.08865521397399082,-0.22919382796767568,-0.17132012173680042,-0.18388432769931237,-0.22453894347606504,-0.011649773452354736,-0.018965957032160724,-0.10134963814369295,-0.1003928668499717,-0.13448324216250718,-0.41179067247802015,-0.00013058812868210577,18.95617695309086,17.753580958869037,10.695325429241375,11.717736982726832,12.360519522699983,10.189558480524973,6.469934190540402,6.583610160989777,7.025342517449371,5.004113295848464,4.997142086108348,2.585962284656804,0.018795581339634992,-0.09976950684231838,0.11481985756448689,-0.12819312546878148,-0.047298941059741396,0.09214814560505129,0.19539686900580291,0.23799951593086252,0.18106055613447278,-0.11010857832433665,-0.10393770786443236,0.20119512120644364,-0.01464177999111819,0.0001399509608745575,16.26195196869527,16.94810819582077,11.717749037424005,11.37136554617978,14.609710837666466,13.406400264153875,9.385771178964816,9.251222894103723,8.649621475860279,6.592759987807033,6.535264596565314,3.454190511893263,0.016810873723092274,one,/content/speechcommands/one/3df9a3d4_nohash_0.wav,testing,5.0,Kitchen.wav
311,-217.5735190828297,33.7263290736154,35.44715006878111,19.440424414685673,4.665239349252706,6.116720097513388,7.525662351946197,2.385832264544532,8.786103547724299,9.784142683223397,7.589542914148261,7.177774381091229,0.08118255448061973,98.75526034486263,48.554975051346425,31.8519318667953,17.098439254991593,17.120883094256424,8.788154485623256,7.648691517348605,11.739181828795385,9.054602903376896,7.7741961604151255,9.288252423323692,11.677917783056015,0.06730769113116901,-2.221374981445003,0.14172770112661065,2.735209974951817,1.301632129327755,-0.2973614012117785,-0.40730421057659505,0.3777233262153421,-0.5831588991938403,-0.8593567473830245,-0.5014775898756757,-0.23489883258362954,0.4512985344719105,0.0004192533031586678,36.72916632996669,19.301390941507204,18.047307603602338,9.846201444061004,8.417888601211004,4.671518458597843,6.146818356690221,6.71615906685128,5.0347424998873045,4.615035792902983,6.674215619323974,6.631211044748682,0.025786928859173597,-0.19824730304093072,-0.2776283094732086,-0.4402147930054937,-0.058835976107812486,0.2974783851271863,0.4492227089721619,0.2191557651179398,0.3394637792570737,0.009081065866441595,-0.10964954275725075,-0.264068040048323,-0.29350262023205725,-4.3719510237375896e-05,27.507229356908848,16.760213411845275,17.537355587263242,11.539356678053416,9.27999587935997,4.6555238976376385,7.525525608031484,6.890437021632698,5.966657748591238,5.998508163628343,8.244101654601634,7.490656653450462,0.018705097748671698,one,/content/speechcommands/one/c22d3f18_nohash_0.wav,testing,5.0,Kitchen.wav
312,-250.65876543719108,22.311765857113926,34.601324882063224,6.316756213398172,5.708899633414199,1.9877222603618694,9.093724950191277,8.539555907646733,7.594425041578713,3.5945212487635714,5.045414969842742,5.95488288227898,0.05670953739900142,64.19330597050259,45.67581103468442,19.008462716982923,23.51118855156108,17.442038999403174,9.955694769632705,8.923473576287112,12.906374733592763,11.811170026569302,7.675910826389257,6.19926015743548,4.825390796768384,0.033837726739032035,0.3391439610966208,0.018289024202886483,0.2158619537270918,0.2661227684161655,0.06805912490976442,0.014325845727418641,0.060962544184421985,-0.06558902996214817,-0.2857920627999183,-0.3146439839175235,-0.008013831538387787,-0.3946391557701817,-0.0004878208161361756,18.465090528443724,13.263149996258582,10.70535252084409,9.97590848913443,6.175083263498565,6.457588798594771,7.420509221707574,7.045283782262962,6.339382404373322,6.574836351363617,5.199717877169563,4.1071774247131,0.011124167226576586,-0.19834030062950017,-0.10599355770316639,0.0482012234285816,0.27629378401119364,0.21671083242716663,0.33450814119344785,-0.013144424782744817,-0.17808915221248517,0.014083035224996958,0.3271387882587831,0.13640416677336784,0.09032067764147328,-0.00033891194810469947,12.246504962167718,10.598277754682469,10.042305447709136,8.563092213137915,4.143001356448903,6.888665141549687,8.319375462242762,7.7782245955760345,7.450407239762244,8.40132916756333,6.881903887923781,5.429993479659277,0.007868085954361136,one,/content/speechcommands/one/caedb73a_nohash_1.wav,testing,5.0,Kitchen.wav
313,-277.320443352002,11.801217998202109,43.649481757481844,21.70504695022458,11.872857895310183,7.66774503376662,11.129134687365909,6.246337081230549,10.023718321992757,10.812740718057622,4.181240736595677,7.700522166129166,0.03697841386828157,36.00989208912752,28.63494710445976,13.162774367325246,10.298343734899944,14.75231323787702,11.167267119580698,7.629995701659346,6.588970591341331,4.189954902079221,5.236084414094357,7.012835756684103,4.147175592773477,0.00986816864151991,0.3293678468744037,0.3652188794348969,0.429879898988296,0.3754169287457393,0.5450122045910997,0.036513618094457155,-0.12650999227375623,0.002981137278511211,0.33357470185640836,-0.21533362528469904,-0.5611375156773698,-0.24128782475027613,-0.0007742714280119309,15.431552731721752,12.021566618308556,11.67405956957054,7.758149840115268,8.852568696575302,7.893929216257835,6.902028564534528,5.659602619965056,4.207247118169656,5.2715318208800825,5.583377687309707,3.3911210034143653,0.006658115561796792,-0.30286366427013717,-0.26210430740235885,0.128115635083619,0.14548468884000543,-0.29023276701057055,0.19477771114297213,0.0253422751128501,-0.010826381753010494,-0.11822095361547284,0.032244639783175585,0.0778142866816921,-0.05892853024242086,-0.0001994328200817108,13.333618940334073,11.477122582191887,12.061393611155191,8.426864537513167,9.583453292519938,10.295079985714423,8.896980308352251,8.071802012027192,6.208072699348719,7.046824581497824,8.093048276551498,5.3712271022569515,0.005114511141412236,one,/content/speechcommands/one/283d7a53_nohash_0.wav,testing,5.0,Kitchen.wav
314,-321.8734204292515,-27.434097474882062,41.21002841574761,23.85512829792628,21.951072719921363,18.287022011248535,17.639933419726006,12.488606327282014,13.243167058227643,11.869998297883619,7.702863393554902,9.346363604837414,0.0391083566355519,3.9923028693976503,4.252073871072505,2.7129285597648276,2.7619970495553474,3.869712369824746,3.8762478171866794,3.289611781834885,2.7144328930444654,3.640212045525113,2.7238985587976976,2.71066034070075,3.1329346433466885,0.011577131407216522,-0.06668586000718564,0.13055452382697663,0.03638209710239074,-0.09074729579439252,-0.005687970272654591,0.37775127789816676,0.29342009374746286,0.08143354361430748,-0.13637013222445288,-0.012100555790044976,0.2626507958259121,0.03466871403345428,-0.0006135962903499603,3.5044642659620076,2.8973443858986245,2.6112584587261076,2.9679747966660672,3.739636100749173,3.0677617661875463,3.3313458816528705,3.142341020881814,2.907870704348724,3.0716525704949618,2.3536342430400388,2.815183620197549,0.004583028696855514,-0.49058430507858664,-0.17802968519963863,0.1021817050656035,0.19011658678222348,0.032123307618793596,-0.021648300096434227,0.2231934561206711,0.3986314009607079,0.20649676304727654,0.08568476400893153,-0.037466024585858966,-0.08322543599354022,-5.0178977350393934e-05,4.27153605071412,3.6156498859418016,4.075807839506591,4.219630532578435,5.48103762469797,3.9888696431600335,5.19551441185541,4.175342505892518,3.8318041302251085,4.8148161811362655,2.9366864189672395,3.8446279030427593,0.003415364063147433,one,/content/speechcommands/one/3f2b358d_nohash_0.wav,testing,5.0,Kitchen.wav
315,-230.7879882087541,56.547395805878935,51.07619685686933,8.971274739703151,4.5087906091966605,6.459872300035697,16.19181605004372,15.474271834032677,12.639774425127142,10.156524681504902,0.28591341338188925,-1.7839556834327088,0.05270180577645078,51.13467430026421,33.63980498080533,15.842861618184235,9.845558513200839,11.607119288654077,7.965303346337305,6.777424922581608,7.087984022114634,6.633771155942487,4.4974799220495445,3.5297843963150655,5.321843765550547,0.026408878825777513,-0.23043073416536777,-0.5240828623154447,-0.5549836941100749,-0.36276680234481545,-0.3180721731419864,-0.38384723526373277,-0.09285533882315787,0.058337453851395264,0.38841557692180906,0.277101993332709,0.04152467760464575,0.032928734631003494,-0.00010201623362879599,18.08026808929211,9.526007611190204,10.182275383689367,6.825897517683859,8.509055153091403,6.077616980538986,5.63237897120333,4.25528606761636,4.150696035558192,4.183157029168775,3.7884068076475117,4.210007484199483,0.00959378587376169,-0.4152967070975374,-0.3484766871719229,-0.2523769159671211,0.0613630388654763,0.01911901916497623,0.10935329359709582,0.2582980337075159,0.20967100982651868,0.33879905434738095,0.292489062797124,-0.17082755960135595,-0.15998838159048215,0.00019930737713972727,12.041295639522387,6.994007686799059,8.527652642562213,6.562723784528448,8.106044967703811,7.223850098095079,7.027836840636663,4.921359437023784,4.867932728706624,5.953489956212235,5.238657123659665,5.2533858477902315,0.0067415769265929066,one,/content/speechcommands/one/adebe223_nohash_1.wav,testing,5.0,Kitchen.wav
316,-221.80348341918508,33.72083602078938,23.41860647567247,16.777614868768023,7.002307389902138,8.753703518759846,8.987923453596055,2.0661238335242946,1.6580706554855023,5.021582830979097,5.118760148605539,7.438390754522489,0.04394847105140798,74.15755584173716,30.067383353730452,20.31768628012567,16.210342812497803,14.977330949204136,6.679897155389089,10.2655389249443,10.507723806766636,5.617332142798048,8.02076128739214,5.6703957750983776,5.914379119485528,0.026528601794072293,-0.1394446681002012,-0.41879198244427845,0.5840506155340104,1.0360318666790576,0.7041036350373497,0.10926773197906056,-0.7483293073290386,-0.24105254260851255,0.10575773688841944,0.3896298853414751,0.3182889487286892,-0.14850667902265705,0.00044978914722319574,25.69553490035551,14.138110126612013,13.569995427753021,8.38367065423191,7.0326739546414485,5.728318624816388,7.49269370909227,5.547380392206209,4.463080563716819,4.90905421354951,4.454628749111716,4.48066010791108,0.01085351850417898,-0.24804637580394912,-0.398180694245811,-0.1736233475133816,-0.24406105125054972,0.23233312316279175,0.136648626190344,0.06250300460856627,0.1700531374720918,0.011961958421844502,0.06775697837600606,0.025990437399296015,-0.02354582464414404,-0.00019926435003678005,19.988729109972233,16.250726492771715,12.501730215796831,7.454544932293057,6.7380145037726935,7.340730834040229,8.252417744658658,5.507288314730606,6.224248525339303,5.945889215041125,5.378012893362697,5.797576719277075,0.00774079963981168,one,/content/speechcommands/one/c22d3f18_nohash_3.wav,testing,5.0,Kitchen.wav
317,-277.98370687430713,19.361054662056382,53.850399309381004,24.49217780634951,20.951586190949286,10.613154597898946,8.970296916583504,8.864833410816683,8.980905537627514,6.583864827985859,1.1795711523016248,3.555056520256158,0.03287722420645878,37.78569810402715,29.355634284595116,17.73390149857065,16.58293982289922,12.303228529130891,9.892604031319456,11.28139673422066,9.08063271146598,5.317613266250359,5.141184806549465,4.2614242117799055,5.111113541507383,0.009336068223285669,-0.0016281341500163557,-0.4689888553349345,-0.680453352180508,-0.586209289770962,-0.3561248330835515,0.023042889160838662,0.305935686852393,0.0391310795087463,-0.019583505038968402,0.07338294306988855,-0.13076866630721562,-0.08677353865737747,8.217176242220787e-05,13.739892630065997,11.317176478137638,9.624087392321787,8.250437268671174,7.1998061754667,7.636108973497637,7.4856682762271385,6.049491673015393,5.808805936291685,5.138335659245468,4.248165066911016,4.437294203056334,0.004897086489975251,0.009037426394651977,-0.0783227469194331,-0.3215623519560195,-0.03870888462974295,-0.01672415676492681,-0.028380060005118796,-0.06321133103141854,-0.03074349591122202,0.044448560270588126,0.27693695422614456,0.19026829619385885,0.225118228652256,-0.00019970679034789403,13.75139280766255,13.40225924594829,8.220320227149566,5.7884322225050395,6.524251987771931,8.616937679671098,7.980737147263824,6.858306024027964,7.95841133947521,6.852100966156142,5.959533918546239,5.928249538982822,0.004173568686440692,one,/content/speechcommands/one/bb31b82b_nohash_0.wav,testing,5.0,Kitchen.wav
318,-193.6966850957076,76.35524383558894,32.44241767350724,20.764831609935527,17.538867686354635,-5.437091686320462,2.4368001017216985,2.7538849351063783,0.16906978396186156,7.8968402322904385,2.0353180006994256,-4.57520724621372,0.10901653207838535,90.77137027742918,47.447542204822405,48.165895515784825,28.716416747772303,22.22722019563954,11.458758806796654,10.031009691293184,7.19599393070816,9.366535080280668,6.387089017261436,8.21655013517862,9.67835204356379,0.07222870266084713,6.710148782600942,2.9545155708824757,-1.6836641460670643,0.45411756708645834,0.1349832422494187,-0.3669081475953691,0.09417195712347022,0.26852540996305624,-0.3138496106785898,-0.31539808640711736,0.17823098783261865,0.16336048866170447,0.005551285320712674,39.119510962853305,19.57978109213024,29.751417594540346,13.013355054792322,8.762891679888495,5.934896415913788,6.707282213136365,5.493103519206937,4.787986346836843,4.395849256728082,6.498129013504911,6.306335439543845,0.02600093406819058,-0.45967863958394684,-0.10196432588241607,0.28409269540568033,-0.06901204605810017,-0.018580863423962767,0.13113950311986527,-0.207784320282288,-0.1982218797971915,0.03387888158769412,0.116844981216494,-0.06561737484161695,0.07587785276546886,0.001196085164944331,40.490500514676086,19.94869281647364,35.935713201896,15.279722721140095,6.949997834774944,6.434135346455102,9.38795655627178,8.424074942976219,5.068502618715478,5.533977656580112,8.354071327915326,6.808468183825397,0.019466412112231286,one,/content/speechcommands/one/b97c9f77_nohash_4.wav,testing,5.0,Kitchen.wav
319,-282.231789353826,3.622093118413666,43.58253710350995,19.349888637378818,13.101893523311077,7.354298297835902,9.318870763817115,3.331991028369589,5.083357901689227,9.37869556317729,8.574494678322747,7.019264315824204,0.035621229268144816,48.68829443661616,45.61966189905628,16.147876814894445,15.928559769403119,13.480934220382121,12.057553470445788,9.572619578329428,11.24658320291739,7.429270114751917,4.079517477708207,3.225374993551028,5.495372705955972,0.01276521307109673,-0.06147315921239463,-0.4730162012373249,-0.24153403788856814,-0.30058619738304815,-0.19150480211048562,-0.20363956581561968,-0.3024651633878472,-0.12184140395027708,-0.03916431496941229,-0.21658579060829874,-0.17976267005034344,-0.11461479345735122,-0.0011036299890087497,17.116415439287167,14.978063494520148,12.573687174293365,8.554393775821598,7.124159556081242,7.311608808209068,7.2849588503398826,6.69959624403652,3.9881165101544225,3.996434789387776,3.571650016078984,3.415184176715708,0.006895208786918903,-0.08033601160681769,-0.2102270686015179,-0.01441455605038063,-0.09619938654518426,-0.11989768238607018,0.11141275789332662,-0.06379362941129164,-0.10820354216537324,-0.012203474186576043,0.0393168973269909,0.05181473584023314,-0.05624868877476927,3.442615270614624e-05,11.272043186833804,9.799258773821123,12.340572673205529,7.983600133573619,7.107603106471371,7.8140152751091305,8.364825033369582,8.385916264928523,4.9678326152724654,6.067658674628999,5.013813774703033,5.021635055213279,0.0051777443914396174,one,/content/speechcommands/one/5c8af87a_nohash_0.wav,testing,5.0,Kitchen.wav
320,-206.80351516434774,85.79213205061419,-2.4837158945635647,-13.089371616154722,13.561775313657241,6.152086478677057,-3.3600337054142804,7.466504646702209,5.27578600213036,-2.225862403759086,-3.520046316451869,-2.573888716569697,0.0652328886790201,50.07153068849775,32.75087365145957,23.955017120763063,17.78848115467639,11.283267326227364,17.74705843046952,16.05349986187374,11.81351036914416,8.246588012191257,10.375527231720884,7.358234159066176,7.190761527122124,0.03882583860090331,-3.7240036041884594,-1.5685834732737787,1.814262470963398,1.8901343994746946,1.1745686643366196,-0.4388353446670357,-0.7630155675129122,0.24605274696164262,0.5107148052629575,-0.18484474359682243,0.4668645677678946,0.8413711474505706,0.0006979559698412495,21.973340886463173,14.43548998583923,14.06331637546692,9.357777778143808,8.836751563079353,7.751906848517492,7.066210383407273,7.407535673254661,6.413952672673233,5.240431926646151,4.776120987652663,3.952798270084984,0.011750597277575346,0.8981793375524598,0.3539958488343226,-0.0104668233944975,0.06221768701618835,-0.016020735613020774,-0.11566690782750028,-0.2820762949555994,-0.16204014676186135,-0.20522841070952638,0.22362593060949962,-0.10312944584757713,-0.06069180025046469,1.6129265228907266e-06,19.431650121948046,12.687834621688149,11.7406834636421,9.105576958586816,9.493522664409664,8.784659439549278,8.3001918839713,7.224931006458085,7.963170003344208,6.560469111190756,5.7453380289470495,5.05866149224779,0.00963039955551944,one,/content/speechcommands/one/f297e878_nohash_1.wav,testing,5.0,Kitchen.wav
321,-226.79926864008004,11.161540982308935,24.46469830562284,9.714791906592053,10.20829964841409,5.152700434440771,5.6006287661795575,7.305698983832404,6.216204043933406,-0.6432216402031457,-0.5419971596343585,3.9070214264821748,0.06599361650296487,76.75713607265882,36.03143743973695,20.48773604157918,23.641295131396827,19.140368425442034,8.792901835899109,10.077918827694633,8.27936029260942,6.887968857271694,7.531950058760374,6.634306139134586,5.000255967675866,0.03640526719619408,-8.067378130759096,0.40954424613027396,0.35159230322857243,1.1243599888183113,0.8480155791460318,0.54652842564696,0.6717760182098073,0.3433785421961963,0.2929299752319664,0.4668089105631983,0.2728648396256338,0.261885672353221,-0.002213003474377817,12.428996857386757,11.269231657604886,11.66800703284254,7.263785246293801,6.882665173236051,5.723312668410543,6.744906641217021,4.5701445187523175,4.4426382940793125,3.8771080847489268,3.591802059050533,3.8471072528284016,0.01260695438778833,0.34172546651160474,-0.27099303316719225,0.08313942265168943,0.033417932056754175,-0.08630195107301261,-0.1688691195056414,0.24838387411035676,0.2678536067760445,-0.15815684669568733,0.053216504066938904,0.08557216565078983,0.15644937595105052,1.6467211147149403e-05,8.710238770209322,9.90155820481459,10.110725865137121,7.166531061396511,7.123799958753256,6.611336502430701,7.663676320484307,5.522344690901457,4.695410398222933,5.066594273028084,4.748982794738471,5.093567143148497,0.0089788700192654,one,/content/speechcommands/one/692a88e6_nohash_4.wav,testing,5.0,Kitchen.wav
322,-303.7032163877715,-23.876954199927003,40.09196762423833,20.449374501789414,16.111966974603043,12.102270035584173,14.648642713234958,11.881231049442565,14.023094355140003,13.61093545270562,8.456674530318573,8.88121649667489,0.027286677411006342,14.228805965546108,14.064371998219483,5.564372738157538,8.947513996987194,8.049921016144793,6.1483882335362114,4.805022976946351,5.045994592704876,3.645952929981686,4.984175200298125,3.3720527988677382,3.2666482772784096,0.006688097322069727,0.7427766559552784,0.8401861915169505,0.13553517377238886,-0.383018672136153,-0.3373396445494201,-0.17055394509207608,-0.3383460747308008,-0.42414712170319535,-0.3376440712883412,-0.33329464577157564,-0.26468428702623564,0.18610319374503567,0.00046584326773881914,6.88948143924533,6.025106028683287,5.014410551091661,5.714071091064699,4.967294230256919,5.053690221674526,4.27646340885441,4.202059575882763,2.7111742784139716,3.813768824317395,3.536310214999209,3.3847881671957225,0.0034208704617844535,-0.3379178903046758,-0.03858218759651409,0.21985736730810734,0.1106827762550511,0.08299704407072786,0.02722774145348394,0.067068539077082,0.049960328338853686,-0.07021461283761042,0.05809671043804141,0.1473271396006518,0.05124993495739302,0.00015041726673471517,6.170959030704988,5.269293435466021,5.522224492944765,5.640649395495321,5.082466452014356,6.224118521352786,5.486179362920838,5.121734909408941,3.7759641474781422,4.739616063336157,5.0062806998110085,5.494045367433494,0.0024435774720804482,one,/content/speechcommands/one/4c4d2526_nohash_1.wav,testing,5.0,Kitchen.wav
323,-272.40193354686573,29.947046912293494,27.392840349949708,8.144363305258826,5.254707673516922,9.133826723505255,13.067543628925625,11.356696348962494,5.014291789366936,5.2475193572908845,5.473060179376061,6.98388932804848,0.025121516839135438,33.4478428036378,25.2371162198274,11.343416526701088,13.34842448334859,13.174462589719797,7.880334596389694,7.966334864134798,6.206803346125462,4.150576242921911,5.443596721784689,5.774389954003118,6.399858688750855,0.008159704595182806,2.8949225390022706,0.22466621781156063,-0.3346904358116572,-0.6302622694505591,-1.2399193378912081,-0.5893622379761001,-0.2616777700581937,-0.008797365054721493,-0.02309754881908534,-0.03772969567770911,0.139594083976746,0.3839925758615922,0.00022453231917273614,12.292392166236716,9.50787664699899,6.774939109819911,8.452103008328798,6.806750233127771,5.252072190216356,6.428519028427186,5.490284520248726,4.654593241457762,4.926177975287167,4.382012257444836,4.317434621722503,0.003476188298639395,0.8139105171451556,0.24741619421951952,-0.2958144508052673,-0.6885383281691754,-0.6090011731930609,0.1280305287028606,0.22584314249912002,0.21267692689706955,0.026071240931145507,0.1905783814435618,0.02478084155158262,0.276226102526048,-2.3320068915685018e-05,6.958923905153679,8.83128073922682,6.2933195004386695,6.912503971635662,6.208414692370926,6.193141535538764,7.612035263518105,6.21537745798891,6.334925132877025,5.954889787431117,5.515021369400193,5.443185170346961,0.0024807766166416987,one,/content/speechcommands/one/863880b7_nohash_0.wav,testing,5.0,Kitchen.wav
324,-236.91373584862453,28.532160005524954,39.58784108253217,28.8402548932648,11.797222771897012,3.660315851467416,5.756815837441853,6.0562007437360315,7.28505885381095,5.042139965977196,3.204775242531738,4.2214583164849815,0.06706115906126797,106.29162410299243,54.381524665753325,29.93416995873043,16.178688044919646,19.593632333144132,8.562000798428103,10.35851607635076,11.745302537311023,7.916366907228467,9.273295955849408,7.676740620570792,7.466080839734305,0.07686732859231737,-0.1291941270227687,0.248312489719177,0.2712114040583883,0.1202586276401931,0.14834510366793396,-0.12346254044385181,-0.4211914977776973,-0.5694246218118798,-0.2879951794838455,-0.26396520965617626,0.09746054561333979,0.1908589253889694,-0.0006231219778137822,33.46045476494289,18.273956337548668,17.668851402361497,8.608199817648847,8.364968759775042,7.569184629478416,7.050400146417726,6.149097948755902,5.048151412977258,6.048917258405822,5.6169063204750715,5.374357834240173,0.02720167983465719,-0.4338513751870477,-0.1682465296330827,0.2378918555520303,0.05880370374134453,0.12366969257615128,0.026122647214378455,0.21428531250376698,0.06966484646114199,-0.1356618473950889,0.22779037671032248,0.36118286834830765,0.0596284634737598,-9.337635710835457e-05,24.237840863441143,17.107734151052682,15.926659999051207,8.970514836250615,8.327336041023816,9.141892065515506,7.394486341246868,6.568523923230806,7.2937301275242294,6.582454149031747,6.40565974477798,6.36598764671895,0.01606168236631226,one,/content/speechcommands/one/c22d3f18_nohash_2.wav,testing,5.0,Kitchen.wav
325,-293.7544671559362,27.17445747780131,29.49131360123561,15.863973371390086,12.999628786104722,8.923173661521684,11.01140229115129,10.006251324039484,9.458499176913088,9.604857558355226,8.86219961181816,9.01878870406643,0.04408101679291576,63.59638957780369,41.936958044634274,21.58721790116357,20.469444820364746,18.30428957775015,11.541914639171347,12.183655439805227,8.183709950264644,6.160391731521702,5.0916682256613965,4.515239242115592,6.38731399506294,0.010939873760304274,0.4501784730036852,0.4327321538902782,-0.1704481658517542,-0.3109451614434258,-0.643784457493891,-0.3951454815958569,-0.2787602202926243,-0.3965772006415794,-0.496233578069701,-0.139759831784079,0.26544965585438857,0.016167282490909866,-0.0006772187207975696,22.764610077493572,14.617398825356425,14.407209328103102,11.356362190066669,10.393715292449492,7.175334720597126,8.076791154012914,6.317949193309113,5.004428691277431,4.080505552166139,3.902960155446123,4.5267266339155965,0.004428838219923659,-0.8142755510619604,0.20300231601578625,0.20774932898582332,-0.015627089793580615,0.28348298223661206,0.14608647370488573,-0.09301527673296034,0.11675254864758192,0.11944583344784683,-0.07762219666366811,0.08564468269028251,-0.019664687776865957,-8.3354984720548e-05,14.040698479400211,10.962006315465496,12.788898989991386,9.049939309967145,8.963817037219872,8.385045466200621,9.216989181368787,8.60186048965371,6.798679310345572,5.472912585675601,5.212391103103313,6.171725073347613,0.0032630953546785046,one,/content/speechcommands/one/4845bb10_nohash_0.wav,testing,5.0,Kitchen.wav
326,-295.77561773685727,35.401638223256406,40.960698372504794,17.707572392496793,11.601654730937593,8.962729421474373,12.690774610555893,6.387697271499829,5.353918891704776,7.422624841748634,2.3324021819040337,4.699174099378044,0.04562313895439729,57.54411563065743,46.31841778786969,14.669642515229075,18.734724639021056,22.56557936472914,13.585036486123569,8.635151590744396,11.450290782995408,10.433976554843824,5.644082852001528,7.659210669454251,8.305684655457966,0.014615984486373992,0.44250300469424575,0.8354152861592467,0.5834535872402961,-0.34285628973463733,-0.4102112728847422,-0.2451137240370548,-0.2220972683502788,-0.12814281854419535,0.0020757986808559374,-0.025948425159285166,0.07052465592343113,0.3044616531014284,0.00022030315331874356,18.850556453619408,13.838105920353385,10.079511222796773,9.97623356124273,9.776578353667563,7.398115982593853,7.069710996245868,7.719845312190168,6.4544289499772045,4.606648021816919,4.136299056854308,5.568982882883079,0.006293213541222622,-0.5697556520505429,-0.44794437159997536,0.04908264727096494,0.19781258029190762,0.3165896102946629,0.4399232188351252,0.2763441737990374,0.22941120105845345,-0.06455878500555018,-0.11219739486338938,0.2298580365625333,0.31042008613461614,-0.00021532084792852402,12.304691297880277,9.772039109768746,10.606039983261809,8.59527119878258,8.132878386143911,7.285485825960941,8.358191773059358,9.723481982411592,8.478423749706394,6.555206393891999,5.4457456478526955,6.5383818084424865,0.004349243156094844,one,/content/speechcommands/one/27c30960_nohash_3.wav,testing,5.0,Kitchen.wav
327,-241.80762617751117,14.391544780904805,30.757329390339038,16.448515857739014,20.7990316347546,14.737810179092305,6.905812895840416,5.509716562497943,5.569750037738441,-3.2451719993033676,-7.94484396868542,-0.3451983051965257,0.09819209371926263,85.41143449439954,47.44860778973491,33.082266646312256,18.761459216649357,12.832784365128687,12.332151525154265,13.499686808975543,7.96195451288606,6.462650644266952,16.638079332705097,17.693713380975698,11.21891724128823,0.09768502352949632,0.43981321419485747,-0.3584319196694935,-0.0077549652907525374,0.2367371755684454,0.3461164214827644,0.3657007172627271,-0.0004463094650265616,0.2140383905914246,0.0673313492382993,-0.09333050402887245,0.26556009214055915,0.0494694547658648,0.00026112290159348517,24.476415136769806,13.219290928167663,16.087917848974804,9.84087326065472,6.924651417149367,8.92321495184304,7.175849834051693,5.303476237333093,3.7124614224768435,7.346078881130914,6.870518237535892,6.925721437911717,0.03189004152076938,-0.2676475429492105,-0.03394380641829535,0.2330336091254492,-0.004929648625602686,-0.13004331411225595,-0.11651518030007774,0.16187683347883872,0.07085667225703537,0.1514618181327182,0.17876497588722148,0.0033799401377965963,-0.11634178839696914,0.00016424929102261862,13.550691924596991,9.461182789362969,11.070204282488236,8.539826174857797,6.82372367245758,8.480590439587683,8.00490588730867,6.82174219092433,5.291094885502922,8.517287026226724,7.389994452424453,7.503776815139693,0.021022252412683365,one,/content/speechcommands/one/6f2f57c1_nohash_0.wav,testing,5.0,Kitchen.wav
328,-274.8476334846681,36.955220535470495,12.913717550987167,14.1506605866727,14.197124381875277,13.008335257573936,9.883993072162376,3.2346821346874988,7.434181523739186,2.190520479873612,6.401172166869503,7.793552752929186,0.0555634505872149,94.51268804644336,48.701435689999585,32.68451078819258,16.26794550100781,20.445343850639734,10.12286339700462,9.887957914371432,14.847397553888841,6.744196455918475,9.2910668607711,8.07521565877225,6.786286673580567,0.06464646084617719,0.019066534310926756,0.2832167495583897,0.2142856690128227,0.09753657676763909,0.39067606685748113,0.4843259613865737,0.33559117508783215,0.3640254890880044,-0.1353850273154255,-0.27778308065282065,-0.034434115688784364,0.16453265107663131,0.0009913021818764747,30.753022470115653,17.690418028126118,19.018909117919456,9.213817771468861,10.966898278965298,9.21537663640309,7.578443749615405,6.310066325942838,5.524536856126204,4.913905493449852,5.966711471099464,4.610624706359518,0.026333433317087714,-0.19190302309261445,0.251401682567506,0.2887604068669766,0.211098407286847,0.343880036018768,-0.056349983065201906,-0.010444077420795434,-0.09643308989071138,0.2595075378674609,0.07478574296848768,-0.12178336681669641,0.030753485962933938,-5.865848312775294e-05,18.43632436966326,16.028358253718526,18.709237082837987,9.481920625788884,10.735169838735787,12.007715784139402,11.153300691843906,6.382613387105855,7.770426260218777,6.908020210712981,6.662888040127761,5.6590260513085955,0.018500817370406486,one,/content/speechcommands/one/cd85758f_nohash_0.wav,testing,5.0,Kitchen.wav
329,-272.53878265505483,51.08624965828207,40.2499503408563,24.779892356478307,10.144624350631169,5.27671982295351,17.394164500600063,6.96641016758927,2.1124803510607952,10.005072288008794,5.347167480933058,6.211302376148142,0.05422926173196174,80.20290512065606,44.61340192723102,24.699626688870094,11.000169038307291,24.813892705735807,18.432526921339424,11.223075824147164,11.626939586649394,11.826889690953658,8.121585079477466,4.965434798908245,6.035528910486024,0.03532193305769348,1.4994504200676722,0.9244913792889561,0.6412382627991392,0.3649932029287356,0.09587243714089284,-0.028204825422585438,-0.11585053609824784,-0.42293581839702676,-0.5503234198949974,-0.7115663027243284,-0.2176886978092921,-0.15433237832319002,0.0004364601186206264,24.55412024353116,14.736660120100659,14.088809393461478,6.632546199602399,10.210593125125829,7.544003693835869,6.8571977078105695,7.130963151634818,4.99725272387112,5.3555045413541,4.495188981405202,5.2706595749893435,0.012090357818315259,-0.5393088262651854,-0.3294871815463564,-0.11141906176171759,-0.039572170495141695,-0.03886324829738352,-0.039425217519322334,-0.030068611869678463,0.2545687928272184,0.08035145761033503,6.768241350666079e-05,0.025925282616001303,0.3724442013450174,3.531525532404582e-05,17.785767214876177,14.106291836235567,11.14546519207593,6.616762411824286,8.83792636268696,7.873210801777565,6.450284379285684,7.979629388294064,6.74587332763666,6.791180637559591,6.25345375910458,6.731177737189134,0.007013980293352278,one,/content/speechcommands/one/653a48f5_nohash_2.wav,testing,5.0,Kitchen.wav
330,-251.92255142648986,52.56314580176061,15.316471643020996,23.5822054403099,14.83105838622344,4.995117430210735,12.500690447482846,1.3188794086843334,3.8470057413340335,9.807294619850431,1.451232920684598,4.981253689647024,0.05600173748098314,94.37882844036193,42.249989885875124,37.61839323865676,14.602671815055608,13.331183675210983,17.817732741339842,10.135118375836825,12.282848897699898,9.716051467050098,4.729871712131848,7.6745726522327615,7.398408335752632,0.028373179153604017,0.16417564840604323,-0.06803628524030003,-0.09846354488723566,0.4390543069706321,0.2322558035200631,0.24173561221490314,-0.052776297230713046,-0.08176943146807572,0.2476165099201249,0.16835427639451,0.14686902760541193,0.12817042512744017,-0.00011177901779451678,26.06639989854485,10.910536870894804,15.737187871130347,9.248894692827147,6.935863552897239,8.234073219989293,6.959807054315821,6.47780799718863,4.519558146096927,4.005256643883617,5.582240769794578,4.951546408497475,0.010230661230609355,0.03862361081296513,-0.08104234325534747,0.06527892550755646,0.20714319941404621,0.2870838874810566,0.03529430095924665,-0.23275666169615145,-0.17357317250894008,0.09087809400941692,0.19370409900485672,0.20921237895002284,-0.07057093139054453,0.00014771285156408946,17.536107047872232,6.887928466264117,12.052995173086961,8.945325300652481,5.492676275854362,6.984342389744254,6.336814367157521,7.83293307313308,5.980501943478475,4.755060510380659,6.9391016689886,6.149878443202598,0.0064499280509225446,one,/content/speechcommands/one/e71b4ce6_nohash_0.wav,testing,5.0,Kitchen.wav
331,-295.1758122597163,40.385483233870445,29.206465777483466,9.21555491642205,11.959372698973702,14.057530106494255,14.789276580097013,11.884353094101957,10.94598507971789,6.70181370438268,1.097226783102753,5.881897626278062,0.036099666060181335,24.0682902735417,11.721249154953622,15.778560573112843,10.722425523558972,6.357755592929612,5.882408687576259,5.435085706994671,3.5676633252184584,3.954934216015264,3.3162286921951147,5.25902906591638,3.275335303910322,0.013189907547012299,0.4416886148631772,0.020072640905512355,-0.08836295439902765,-0.346483273761012,0.1272415615360394,0.480987667387079,0.5138356666776802,-0.019302295801368913,-0.15070700285070102,-0.17191644628654856,-0.2791914881095445,-0.2149988518390339,0.001075603428386873,8.65624023745124,4.713257535903304,7.662570294541503,6.0317337729480265,4.527872158979328,4.093067743840556,4.250399278383891,3.363363680951097,3.24095576318409,3.167116521148019,3.2135288409642357,3.3844572420734016,0.00682555852015163,-0.1716729501322618,-0.12039975693639254,0.16946140052134867,0.1966491984329833,0.12435605431081859,0.16120433653766264,-0.08587355943544636,-0.1844563699718242,-0.1772060431072247,0.029328664658889992,0.10339658855122337,0.11220768461912796,0.00018941002587477367,7.6555123474895765,5.823614303653897,5.964450511201075,5.937257000732679,4.490881614945919,3.7556585623105483,4.91107495778765,4.74023617076128,4.239933109379262,4.18405546714853,4.061474686012655,4.6723878158581,0.005044724810956965,one,/content/speechcommands/one/2aa787cf_nohash_0.wav,testing,5.0,Kitchen.wav
332,-278.3095069764021,0.35260944780459647,40.77231923256151,19.462298468704,17.483466756992303,13.970816191830181,13.689559507790438,10.539094693306168,14.369057273204355,15.953720700880549,7.105092223926631,5.351150589993968,0.032062268001027405,27.23074040100235,23.61447247450775,16.041150881301412,14.14192131747079,12.022350124288229,8.962363702948629,7.570433748509427,6.292063824270183,9.774913576088887,9.582141622521668,6.182690208160477,6.678634310188664,0.006017797439920919,0.5172833071403877,0.3883377892126244,-0.10657391766099178,-0.3368426218210327,-0.1399448436417635,-0.3288939717005509,-0.42998138426140015,-0.03869781535679557,0.562954764825667,0.5567558490258538,0.04269686326093972,-0.03544574289172061,2.4622366313011417e-05,11.590368729981627,10.119194008512784,7.756990019458239,9.61783402019189,7.349216084096767,6.387762382582363,5.885183960180696,5.558096681975705,7.068298870340244,6.066119206921797,4.898831423645363,4.019462311997331,0.0035108316957436175,-0.6464961672066996,-0.4365982002829606,0.20767006588333245,0.5005499962752833,0.32523339300959286,0.013701628087468857,-0.08255184290903313,-0.08992426124974848,0.006408638954718763,0.0037359968240077515,0.10170036149505313,0.07537197018551851,0.0001993299772342046,11.473732182359921,10.93481794152367,8.106678412246946,8.706957415551058,7.016415519684014,8.139656359154127,7.134237951891769,6.501413972761496,7.799914652791658,7.581081357825848,6.434397451200995,5.383362952800945,0.0030660859450884924,one,/content/speechcommands/one/cfde27ba_nohash_0.wav,testing,5.0,Kitchen.wav
333,-286.9458086290615,-1.4941181442509233,43.34329504359694,20.50301617991724,14.296899885314176,9.610731466437755,12.239543900285222,6.281844658069641,5.642786641885786,9.956948357094426,6.489648868714218,6.5687523725019785,0.03560762415872887,56.9245729646361,42.36909417738355,13.686533565351729,16.749321169447526,14.768565426743896,10.574603693612902,7.186483530776265,9.593946078976796,9.15825911877914,6.182019683913751,4.30736950336671,6.297338420902726,0.008353105732280111,-0.12873296374226767,0.04094058939213218,0.013729716631155681,0.15158280738472305,-0.16981041192429902,-0.07492932885702785,-0.12926439750495503,-0.07591315742552598,-0.07365737153000584,-0.16240087366050274,-0.03043948297343422,0.24497434734609005,0.00043377923148293647,19.277781743232982,15.231434983274044,11.315168988425658,8.599792441233367,7.469204652803221,5.887504527253147,5.421177205813808,4.910564282346773,3.8155245314796566,3.6490639538168024,3.677639720535373,4.191220457059694,0.0037142889588111013,-0.4803711547150537,0.06876523408065344,0.09988730900952802,0.06065367893406197,0.24016375260712267,0.06492959891021664,-0.012428203224878231,-0.09979757824013256,0.09443176951730109,0.09056680089533505,-0.05848260341744028,-0.17574294516096364,0.00010147951543331147,12.75037982279988,12.390728048100344,11.147884829670787,8.145801222890112,6.902179814754094,6.906146724757845,7.516846912197914,6.73420052916955,4.103120708874348,4.015746064150294,5.014920328070192,5.223477143446548,0.0029697034613644585,one,/content/speechcommands/one/5c8af87a_nohash_1.wav,testing,5.0,Kitchen.wav
334,-201.8731047852271,38.68640831575503,15.631623734861149,3.412635290504279,12.401757644419359,15.220032126202941,8.451101168851132,-1.8193442262755688,7.745914139179182,10.553773129596227,3.3423479376019802,3.7570047120088326,0.042685378168243915,87.43673171156816,35.664408200263054,30.842303456490473,15.43088804398144,15.310427584941545,8.520422561764118,7.488291203353564,11.01068000355303,4.863923330253785,4.701935381468524,9.588816789900717,6.30494690739342,0.01942594243669288,-3.016928068628103,-2.117158744003058,-0.5411752466070683,0.12056041969703689,0.08602629840626352,-0.11408884875862456,0.06915638559617951,0.03619952332811986,0.11396186598618047,0.7631977644580492,0.7215939239519444,0.5435041752319706,0.00011172349895200421,32.14116407597736,12.720947719570074,16.099384263082033,8.56508665803233,8.81407809528447,6.6432767031613436,5.052853948296471,4.756923617744739,2.9595991645345645,4.471900785133858,6.242628162023327,3.6452299901292298,0.008922899920005311,-2.0176839152774315,-0.7171334311401142,1.090372376939811,0.6746511121137779,0.06812181040234316,0.2729554902696532,0.2995475431994441,0.3680143817541499,0.13851023256503345,-0.527292561670921,-0.24229910023455925,-0.007173180477465823,-0.0006141748279333114,21.58724554865504,9.399136758018377,11.813933507372381,7.846196423024119,7.9314844942199345,6.841724787398444,5.629626145353126,4.8523982944734465,4.467505633762741,5.336558229165943,6.665136377521733,4.25575838371932,0.0064302615131587686,one,/content/speechcommands/one/5b1db3ee_nohash_0.wav,testing,5.0,Kitchen.wav
335,-247.96580106616096,11.611994396781897,33.53111931971051,16.731300846661703,13.463273964194329,4.940448155905742,10.529469274265448,6.526240849200784,3.9244031287055696,4.545407725270696,8.379750113029786,8.685418076858317,0.06639713048934937,94.19680244376778,54.9395160183577,30.495444992524792,21.174878222257057,13.133517165506921,9.677952541035705,6.957841563750594,8.95702867561336,13.655541348925219,9.386298647203915,6.238613470304266,6.8317257948094285,0.05518026893361764,0.49011986743621233,0.631810112425991,0.16843274718872459,-0.043041168447575176,-0.2705963670176168,-0.36600171382336544,-0.08068924559573469,-0.04982197800956396,-0.05785394022125345,0.12415350166253657,0.19582921888680932,0.23794973154562454,-0.00040666458587492664,33.56871792092969,21.106425928975547,15.001360654211618,10.979414826232304,7.947045380361594,5.838685343751053,4.2754397557901305,4.761058202783321,6.749560227313226,5.34615757469235,5.888730082030091,6.005796552604606,0.02300616718448571,-0.5545065759780755,-0.047076242725128975,0.1436333556767964,0.31804335943309925,0.22897619052664642,0.2536762582353861,0.3561043241980438,0.16973770124933332,0.27950230405953164,0.26007111564328717,0.04018045877594752,0.00491880998795331,-0.00016986802220344543,23.524820139702374,18.50338561756171,12.348401868403462,10.719761510889498,7.830451698008623,7.512193698321478,5.0910033437155,6.320325395391621,6.79484527778089,6.35496115952966,8.234990795784716,7.250687938905217,0.01528068211809432,one,/content/speechcommands/one/563aa4e6_nohash_1.wav,testing,5.0,Kitchen.wav
336,-309.498272457359,27.980558612611027,31.180589347857186,16.939913912340128,16.452069436208298,13.315512750323691,10.199396630260361,6.118563206215811,10.46934811120739,10.287520521880936,6.030943051699246,7.826827619588143,0.04271601542131975,38.193292050244274,24.237565527992263,18.038681957807707,20.53326629931841,9.673573250822121,5.423886255398756,5.7941133649969006,6.715425956819579,7.009587199089335,6.860932238508453,5.291770052780107,5.343023439369418,0.009353114923499986,1.1310160547843038,1.1325080100870033,0.5586921103694991,-0.11193073613721748,-0.26259006016759695,-0.20463137654433255,-0.3593834844544918,-0.44649182414517263,-0.6656314090347917,-0.21900848811535523,-0.11131494269254073,-0.18701904188209614,-0.0006975735267323832,12.812941169291527,8.188893159382792,7.4558667407382515,9.69742508523236,6.056318422064723,3.7710547986046747,2.7211228067863438,3.1680850217964864,4.092423981778064,4.365154404263678,4.5940603190325175,3.809449192635833,0.0043757153771714664,-0.18625601595905625,-0.12777672381013616,0.006741201854686925,-0.09137325188951592,-0.03221987355075147,-0.017801620951018768,0.043629548238915586,0.05369602193576274,0.15181712868156735,0.17387280123565813,0.2346515249100465,0.11206578881917076,-8.841728170712788e-05,11.742133697040977,8.275299228020657,5.79152680063606,9.33474152746045,6.845327221694446,4.903283412328496,3.4980072513658307,3.6029684884902937,4.999051010182488,5.128695628062704,5.545769909283243,5.080744291894899,0.003482494868968529,one,/content/speechcommands/one/1b4c9b89_nohash_2.wav,testing,5.0,Kitchen.wav
337,-69.83128036671897,36.232767248648585,36.599926935750254,19.671569256606414,-5.455734446338403,11.44214407459916,-24.18008230795703,2.3001372565507268,-3.8699197873812112,-4.9259367115430015,-1.6855048657940248,-3.864827364411917,0.21401696663815528,106.12861363984601,60.71020799481288,33.64570132629981,20.56995043258087,17.444892974517604,14.746352176403034,12.779543320868695,12.517992261401405,7.6016190234490555,8.986418779903946,9.307960978784966,10.218684854197047,0.10548036472585512,-11.125371626872415,0.06497988083421753,2.4537217456502867,-0.6326908968967457,0.0021275717506460796,-0.8588849896333011,0.42734181138312927,-0.11675697580832385,0.2005093732684877,0.534059404439497,0.24854124723784943,-0.2386717139619646,-0.013816085583981006,48.097808690244236,30.622408812472113,18.430871788463172,11.58464259662011,14.634620659793399,9.772436680566184,8.038551904385987,9.943764872291723,7.686288306942858,5.440168637021872,8.0689319453525,8.124804221396587,0.04519419416981602,0.4645616153946795,1.1026376220606493,0.4723440691578515,-0.48724651730770163,-0.30388778100834984,-0.3876731860943929,-0.04265363646125907,0.21709003313520958,0.14350535565374342,0.0881823650870345,0.025363592319264862,0.04753206226274873,0.0006056439752380054,43.88838113920587,31.135452450664125,17.400788559397675,14.232876277403463,15.747682766298501,13.15552366244236,10.290513971588448,12.037707442079647,10.40515864564793,7.627168139372032,10.026674483685504,10.299328865825272,0.044463198460258486,one,/content/speechcommands/one/94de6a6a_nohash_2.wav,testing,5.0,Kitchen.wav
338,-301.21824190215153,32.34235475211473,29.359398695857443,18.131513516688692,9.342925045428904,7.682881278674794,8.13459443349715,6.166516344435153,12.066699187417104,10.359646030692033,6.979623968299492,6.94035832383587,0.039281971179522,72.56507776253311,39.8496785641558,25.432429389361804,20.394558339372015,23.472421400609957,8.772829111274664,9.142154882925276,9.723382790832318,5.251372540859899,5.693107489281773,6.514839902217338,8.282528386061273,0.021195932963431717,0.15629885273530703,0.07296626557072884,-0.04323918136667487,-0.6125129728656951,-0.4638546304100846,-0.3508785144568769,-0.5612817386004767,0.03775023730948021,0.6310399672015334,0.3089947856695451,-0.11803043821691968,0.06112833258461919,-0.0005309680104255677,33.32657573186269,16.270758247727613,19.19919596293944,12.23829066051389,12.808731285671042,8.441440773297282,8.171188678044576,4.553283228292233,4.406485434653068,5.663827062096454,6.794684885144328,6.1984722567034725,0.011199864160156224,-0.3569379554233265,0.06653652846863523,0.35215257706367,0.3509469230164699,0.3906526441005065,-0.08469225282002613,0.019093782104084706,-0.09231608990164249,-0.1773489948947451,-0.15129511278394725,-0.10569696258483963,-0.17135219127715576,-0.00031459121964871883,23.57976907951524,12.521150078764675,18.908521438453,11.790721918243124,11.993097717167926,12.088961855788257,11.288861262179916,4.341420628699468,5.692980203337476,7.943641182412347,9.223603241669204,7.046166645933166,0.008069602875402641,one,/content/speechcommands/one/fa446c16_nohash_0.wav,testing,5.0,Kitchen.wav
339,-297.7588627839016,-0.511314883619065,43.31423840869933,13.445616268073412,15.686064645910593,13.081656644005818,10.729429671105876,7.372901672741338,10.604694472703923,10.082350578843844,4.237597453221531,7.282603429704032,0.031734813295770437,44.97756993256118,36.69465014245654,20.49326224746359,29.646659822880512,12.765228119345226,10.015080144725099,8.621412938205546,7.9289050892201205,5.974664635919158,4.692786738361324,5.548386381021479,4.380312101196464,0.009666807959213194,0.08866076671045581,-0.0031466271917767723,0.09593152756794383,0.02379486805658176,-0.20547837794691554,-0.20325161359281896,-0.04881637422635051,-0.2233286142080656,-0.1269560774407099,-0.012639397557254796,-0.06941523645373089,0.04094483718128979,0.00031093688261124396,14.489933718012496,10.594803304345575,11.811852984509455,13.020369932454656,6.861661707354808,8.25854725922843,6.037683695632374,4.225390621127977,4.508103963039049,4.337795555459156,3.171899425956124,3.484161060346939,0.004344854791351789,-0.27037926978834814,-0.13489308359093735,-0.14379368754028857,-0.2276652549766446,-0.13492255284012214,0.24389443749899248,0.15112350199652233,-0.08427890758045166,-0.0977308875510357,-0.15004812919082405,0.09361636275020621,-0.12386181349926438,0.00021795202046632768,8.65856417630087,7.094052350524868,8.656353870167731,8.468348709405609,6.6933367030714415,8.784748036848468,6.436157957714266,6.280340026078859,5.982676478244405,5.806427418563929,4.311280435567968,4.903394610627347,0.0042142206508110035,one,/content/speechcommands/one/81dc4a94_nohash_2.wav,testing,5.0,Kitchen.wav
340,-206.0585024357768,29.0348369413161,19.339848121996262,15.544147292864956,6.214800918621487,1.9581410296633004,11.024212718044339,9.02567102578392,4.5053642557720535,5.4944733472403025,3.492990170983294,4.519006404153696,0.08109259122284129,92.7813942089847,40.46990713965572,15.668039807060678,13.42735528584102,14.877300095195139,10.892744273693305,6.309817083312776,8.562246949276474,8.712486700190214,7.811179955687768,6.559048759511891,7.669532167498805,0.05509355321707233,-2.8436637913034954,-1.287219838884535,0.27133699753462787,0.506112938618769,1.5627358379021625,0.8806425437958938,-0.19906318765840686,0.81064223165686,0.3287016365256365,0.1971164394729721,0.290806115030815,-0.31319085521523193,-0.0007915362835891785,26.37224517342859,14.172554136237482,9.25502058522666,7.2606245228844655,3.2535189552589663,4.555049882332933,5.186239741744199,5.056731103812913,4.5102782828245065,5.485621624220993,3.863924012476869,4.37177303771252,0.015043145167756695,-0.684482002894563,-0.6658177363389319,0.30762743356549044,0.4897920942943183,0.09581740453335884,0.228922149067649,0.46351189376342034,-0.013859561754172193,-0.07679710896666793,-0.03271488155653035,-0.23991011543515076,-0.13537237926096654,-0.0003600217401981354,20.451149420826372,14.898190004485262,8.086258280412885,7.593015222513123,4.337549046959989,4.445456792609097,6.029579198087702,5.69098145296425,5.179473360279502,6.185974204199306,4.309256840560771,5.469863138660406,0.008356439229199071,one,/content/speechcommands/one/b83c1acf_nohash_0.wav,testing,5.0,Kitchen.wav
341,-236.83203916719,29.36050755607858,32.61132587153921,11.605876335542579,7.682131547301651,2.938447165977203,9.17396673680412,5.985653814804706,6.109435045516945,9.781929854025398,8.095402717387156,7.942478105175151,0.053065835049858796,55.63597547471686,36.32524123332929,20.685627487867016,17.329910723437784,18.249361469763315,14.96340104475154,7.427141253481344,7.235937530302863,7.820579559369169,7.4927361680951945,5.863657049249812,6.137109335169817,0.014743675473081969,-0.24163998468931097,0.3346781886771103,0.31513842764749084,0.26469264329273684,0.07196524217886666,-0.18957020656420684,-0.08563417255677055,-0.10615816067098827,0.20215078092966,0.5003736731989827,0.2960900960953722,-0.24879567126048605,-0.000391014779989536,20.425340470151554,12.785525090241219,13.039297993294673,10.022455731165046,9.801122549237252,8.101901428867004,7.483330321947066,6.493201262492802,4.672227966401957,5.792486900165043,4.600856049369633,3.27289772284185,0.007898481087293296,-0.20440354136348332,-0.07203517927313144,0.18865536249984585,0.09322472275898377,0.36072252427238516,0.059929371537831455,-0.15361173239615838,0.05907430441754094,0.4361222838740273,0.22550758048721475,-0.3390263708264352,-0.413416902545786,-0.00027823418378829955,13.731270714891393,8.98439834198935,10.673220651628256,8.848559306936993,8.483370404073126,7.63716660209104,8.66921837371476,8.020778156313957,6.533204970242262,6.539539078727766,5.4311731774944425,4.196208973380189,0.005726990512949503,one,/content/speechcommands/one/a2473d62_nohash_0.wav,testing,5.0,Kitchen.wav
342,-213.0473914421415,49.79108489470255,31.846448814549994,1.5722902412062814,10.091599495583068,4.146341828298528,1.8178440579393762,4.439501995751536,11.530003997004025,7.902399699552684,-2.7628208259405596,1.418004436706556,0.06444171306987603,70.75533438607505,34.90701211831455,21.06101721324414,17.907762034093732,12.940418088941808,9.719562856814528,10.766951510557375,9.675134751554086,7.227671708678332,8.331140677035176,10.061018588024785,4.4345410211045415,0.03943693350413068,4.778828843650329,1.5205333709404723,-0.6709027747258745,-0.07894893870648557,0.22308384057033054,-0.5504563680862252,-0.6169077707511119,-0.031656149710352834,-0.37730735984362446,0.017958068134841097,0.21672857463581513,0.03442338714384885,0.0007006538839175783,26.19148754376319,12.184426064808644,13.609681851683096,9.611588994645498,8.708836644324627,9.087458998683895,8.588304549276693,5.786148636188807,4.58520637455601,5.419441386435324,5.262486427824259,4.238798394434835,0.01145008714663148,-1.8491502518656564,-0.08871714814994418,0.2945663081207485,-0.08012828915150647,0.1730721227291711,0.4088286427889492,0.40823207001780537,0.14323158903340463,0.06914637775112051,-0.3907318590972414,-0.33038977035749184,-0.06770739950937747,-0.000221568691943373,26.051436219563634,12.07465170689753,13.52331593115964,8.043724303005193,8.695140785827283,10.489539582059873,9.741546129285744,7.130581501140907,5.34219923928358,6.68712411059002,5.970113471613947,5.404932117640842,0.006422453059977667,one,/content/speechcommands/one/82b99576_nohash_0.wav,testing,5.0,Kitchen.wav
343,-226.7590316433376,45.70127499670633,45.54911249985647,18.761432650920327,3.6238000902389214,1.4938216731693506,8.758458148717985,2.009042918227206,6.038808302417436,3.1200325407621223,-3.8741618029834517,0.11477914797919175,0.10979963754653,94.7683823891241,57.15638477042616,26.87389301301287,19.107656872775575,26.88471854197698,12.47587194226159,13.030183120565853,14.121632585114458,9.60183253613699,9.171206854920163,9.774710720003936,10.962632367562216,0.1038578590344907,0.6761813473104655,0.21614615285337876,0.13927505898161008,0.27462705030502754,0.20731921979567272,-0.038947319919565106,-0.10887336685862717,0.04077178243571624,0.17972806196574176,0.3387229683739131,0.07507044438002487,0.028887466827972656,0.0005954089724729138,25.477381294676615,16.29021702438552,15.211684688404658,9.605625291793324,10.756004114810686,6.573601703359758,7.920591417224191,6.466377329648847,5.988025312259066,5.352528056152049,5.144303046939054,5.554086451800824,0.03029388585261891,-0.10017706668194251,-0.09279975413942906,0.08788715121174301,-0.010426182147088585,0.1423959629169484,-0.05161243450929106,-0.025267354362381412,0.0645417825221592,-0.022874184538118313,0.09248461188726062,-0.05787910903855978,-0.07550359583809309,-0.00036109285429120064,18.068169227006223,13.010021367066475,13.748399655660977,9.369509018443393,8.589098197335284,7.2894818226127125,7.289671744119583,6.747745095567005,7.49726991997324,6.0707202088341194,6.093627068834296,5.581277415292605,0.016063846174139765,one,/content/speechcommands/one/b49caed3_nohash_1.wav,testing,5.0,Kitchen.wav
344,-230.9296556910778,28.104975952604416,31.091916640002395,12.100124861869922,10.711279697756021,1.0389007693282624,12.219580461427276,8.222897866379572,2.465976407776507,8.263779579673152,7.007926771579533,6.982667970515877,0.04306230420479551,66.4108636088523,34.73574333238761,26.723989437861665,14.514086379722203,19.154734938174133,18.132106234775502,6.965198265583804,5.977604967503729,10.249389597586678,7.625630816804462,4.948861806087278,3.779690076813724,0.02346736606807017,0.18958687901049637,0.3800747480690706,-0.2608793236038516,-0.45625575356128395,0.05921310224056563,0.2804732870349495,0.48208112934192354,0.00033347971843818023,-0.17214251220789667,-0.0886733912304212,0.05268549530666629,0.17428205768156796,0.0005542049484868203,22.517886753603754,11.218739954729372,12.756689010269815,8.118521883968672,8.728646937807854,8.133201375888824,6.032583852002118,5.7873592012579635,4.904501450889192,5.691706186925929,3.442528832021486,3.1256512942682173,0.008722616783882921,-0.38388436393607134,-0.37170028123669624,-0.053845702770494816,0.15594424259938044,0.2503730480999848,-0.0627175190803588,-0.05846993888499738,-0.025619657452442456,-0.04819305592696323,-0.09457693007850722,-0.13357276786376074,-0.07231211950666477,0.0002587368090947469,12.945450094800483,6.719690721629674,9.304603412333984,7.174650973277362,7.1929681674704975,7.033598157811325,7.006396457755508,7.52100697669365,6.255772110359967,5.8494165895625825,3.697247559045312,4.307678751188058,0.005800677776376981,one,/content/speechcommands/one/a2473d62_nohash_3.wav,testing,5.0,Kitchen.wav
345,-192.75837744369454,15.232965637654168,9.812295328269007,10.212701783629981,16.61578221951446,6.976748307669094,10.043452135440582,14.336628817015784,-0.48325486209365387,1.9953303934171642,-0.904447492256681,1.259338135397822,0.07818917187978514,121.9850602403066,45.473697481922834,30.017027510831475,14.199803882137592,17.69997461453596,15.209259280077589,8.667194973287884,6.617496753936323,15.309849653953217,8.793970791375083,8.638566506978236,6.650435051064393,0.08999193196490178,-2.7871702667279306,-0.754274503599674,1.5508442778329077,0.7643867738315646,-0.08812500436512723,-0.4454263679942992,-0.45645328105301597,-0.2955189179963291,1.1986670841233642,0.8405883038329129,0.10012538774410946,0.2725782224193646,-0.00018053946475828848,41.31714111790639,18.806736315351294,13.558771678002628,7.754467936842128,8.355430510440955,7.895306931897612,6.832387805276463,5.984785113278333,7.317147090992358,7.362977533179763,6.984476159333698,6.006519164059401,0.03119523939282123,-0.058563422654888814,-0.036429526979512517,0.2746984348902828,-0.13482422375742473,-0.015799199664971356,0.4653660799116425,0.20391717977071094,0.11857091597198556,-0.4301106072357947,0.12349822854312865,0.22599493494527934,-0.20034876487006872,5.470340450604757e-06,29.231426902958738,17.78808628258807,13.52772333594534,7.9746630892090105,8.34989532656234,7.5695214357367355,8.149848393104197,7.0588983451607,7.995189318795589,10.036391403962703,7.900901290939384,7.685603913362746,0.019324905594106018,one,/content/speechcommands/one/47d01978_nohash_0.wav,testing,5.0,Kitchen.wav
346,-281.083462761218,-7.844751789676945,28.4311303140803,18.784992934241806,3.52501355493773,8.598390711896869,15.067594210250931,4.1351902988492295,10.463215421418212,16.230499105419568,7.394068563629379,9.67441294989452,0.045768218231387436,58.27594636711425,29.055470953939896,25.00616585783682,17.344124103664964,25.58161713433827,10.095475422663705,9.767297573866767,10.71488277060773,3.8305251221918284,7.6071574297445705,3.876526139064284,5.088711373617436,0.01322075938823347,-0.04574887481706194,-0.05251624649377649,0.37579905218039433,0.12630893537441457,0.35441285186968774,0.5672560266182698,0.33867230957104844,0.12925070451602785,0.333982102971985,0.41943028110319003,0.1767529591986334,0.04710366380907206,0.0007303227340021442,20.156431441115444,11.153247388439581,11.112185561051048,6.757225888559219,10.028055659382634,6.088451448716785,7.11727580283069,6.060852861200818,3.3858554274451644,5.000551108948675,3.4556761719511524,4.70868928569403,0.006839933305038318,-0.261297104556282,-0.01084130235940144,0.03146193976061547,-0.0769678927254726,-0.05817963058210888,0.05027886700286258,0.19288693340289587,0.12647910301273566,0.06310235152191979,0.03537418027665602,-0.1086992102833048,0.00816057384806399,4.7087048490842186e-05,13.670962520926873,8.884633059300102,8.076697865084927,6.038093041254263,6.5461272550251,6.2048223555948905,7.553433617973417,6.11697469343149,3.87246928185518,5.694630547745831,5.027198730986427,5.983235225967564,0.0053954341079916835,one,/content/speechcommands/one/c0e0f834_nohash_0.wav,testing,5.0,Kitchen.wav
347,-267.1532133013165,16.9710601619816,52.83017269151096,20.275374224754206,14.84378426053962,5.8001939156062425,9.538913668112023,9.30227248199962,11.869205312029248,11.998256428587853,6.046024495309989,5.822997691515887,0.05349151944292003,31.54707247515023,31.00181861336576,11.425618950418798,13.504663545264496,13.560827025078876,6.8403766762299885,7.386741847634128,6.725639362186803,5.860613261783984,5.942091944123436,6.52782014628027,6.919641646377419,0.012031439894151313,0.9360092391726076,0.4580157740677912,0.11815111940067625,0.12514990201307188,0.02975518286541412,0.20008295778072524,0.1583569789322934,0.07552475654488187,0.2556104599127183,0.22879213135472495,0.2586557345646235,-0.17053657115245238,0.00014535364295755113,15.848128295549063,14.775546860540393,8.333824490127007,7.343055176375791,6.078023566213666,4.931424650362923,6.354434515875013,4.802779590794553,4.68358604507387,4.3009335332560985,5.0772457961764434,3.8104226805600927,0.0065787030749275026,-1.4327994388802507,-1.3045733732239486,-0.03604879997844324,0.3860915295243767,0.2508093059989989,0.07142814004241488,0.029479427200101722,0.02231049948021418,0.0957288262351763,-0.039177300620762585,0.058529662062927895,0.18220495348235113,-0.0004999066392580668,17.058666204754513,14.660154128375662,8.319119887293569,6.882375190043545,5.162160336350905,6.227049483424493,7.767499130313038,5.432714805741158,5.330347442909542,5.501135218809172,5.770822484296373,4.07291200873106,0.004766919486425918,one,/content/speechcommands/one/37fc5d97_nohash_1.wav,testing,5.0,Kitchen.wav
348,-196.31552748973218,20.490356653625774,23.381812632509387,8.863199024326248,8.343598114433656,13.216602904018917,9.546247162311397,7.791170497599664,6.986001259261134,9.066637129903242,5.737823788769571,5.016005999136673,0.05607642966788262,95.24077498912266,36.26180855819565,23.362735398128134,13.73970855344813,13.8608469301001,8.467236802298846,7.987216914000141,6.986839121524889,6.969451775152105,6.72327186569901,11.14610061844275,8.785970957295248,0.027571962213481193,-0.09378682362042232,-0.219446228875351,0.30285526094342063,0.3445647053180337,-0.42542796297418595,-0.6419610382444846,-0.20181554269498408,0.33246044401199654,0.3760776893791658,0.12826555210361226,-0.1293376734543805,-0.08073469538472254,-0.0005894101435138334,43.05846790156527,13.788572072683131,11.008680404585235,6.797612849358382,6.13522595073872,5.236543325128837,5.365502666137633,4.742473392476783,4.919036574035432,4.000378650417711,5.744683956188967,4.468090454947904,0.015996817708670348,-0.4768275139177206,0.14458206715734445,0.5871425535301734,0.3750456084681531,0.14339006993075454,-0.3884844281946939,-0.11193489843647149,0.30002235463342714,0.44552504078537297,0.12631637435942297,-0.16626237869417107,-0.2274846272473369,0.00016060372193654377,39.64123720237395,17.35333391792216,11.582130212321077,8.53912923918836,7.447057840936163,6.707931868953216,6.112041852787032,6.404997748377202,6.780996318309058,5.369958132476674,7.355317233705397,5.331605065235063,0.017847749536916695,one,/content/speechcommands/one/aa233654_nohash_0.wav,testing,5.0,Kitchen.wav
349,-307.1851287929864,24.63758420610873,35.33459292930715,14.07184855035151,15.486812319415991,14.338499713635322,13.376163334842769,9.968514670069979,10.663885303444157,9.120793461299609,2.800477872095894,5.7176537029631405,0.04058246384374797,52.2204633900897,42.74649702688473,16.7412771151057,27.18518401377716,18.299848174948846,9.173139233806559,6.841749736266219,8.459218856640655,5.355993091754553,6.044664952554511,6.907797039951785,6.946240830368163,0.013697451867771533,0.23391288775902805,0.1980797813320537,-0.028567848347746217,-0.047722609919889254,-0.0011253268043647736,-0.19880885299664788,-0.048548857889371154,-0.1202878026477075,0.024051872177909696,-0.07987056076739264,-0.07802116180586782,-0.09158449593558564,0.0006482816271243557,18.094217262361184,13.920959498977469,12.747800826455768,14.16587708330812,8.397023755850146,7.202443346350525,6.301710075808216,7.395858164743818,4.552538395671509,4.618276664874099,3.581888345505237,4.169062859818309,0.004427386730603509,-0.3908551101436691,-0.04855500960882094,0.19558182403025887,0.05679677036402341,-0.038661839357888424,0.17975984494304686,0.22119573179402044,-0.05093404519265014,0.010726990145776523,-0.11049338672200708,-0.2271112544702566,-0.1035599366269294,3.9390412469704944e-05,10.842255426179943,9.426268733025001,12.092042173378214,12.74129192029411,7.326913665400859,8.312894068568134,8.309401797010267,9.97395407042116,6.2784203896251425,4.854764603729374,4.478839940135268,5.528176637802898,0.003022708014884907,one,/content/speechcommands/one/d1a4fb3f_nohash_1.wav,testing,5.0,Kitchen.wav
350,-242.5953177744963,28.45956122668397,44.561619271714115,22.083638987373845,15.934222750579192,8.861221582628726,11.523672426974267,6.949575413338807,5.903922377846591,8.251664139924227,6.119861732979695,4.961156268649926,0.07765840465435758,93.69293672696688,49.67062149956775,29.820221670758045,17.85206512766714,17.528251963843918,9.486752894375492,10.928145063740127,12.119269419999888,11.847722073390743,9.2007684747477,9.10853640171488,12.357935270661164,0.07609093168332821,-0.31864646006337877,-0.04067858389595475,0.33949896829115106,0.2990815136977342,0.12912067336915434,0.2945163798950989,0.6921174247010334,0.6595286212959709,0.2581194358568373,0.18613890538047334,0.2875290138282126,-0.003113543535312565,0.0003538447762689283,33.713238392115635,20.76616690087607,16.36057836374862,8.927420990281336,9.113683825097558,4.7333399031930865,5.870111084917581,5.606620906902609,6.646604683903751,6.802677315068454,6.136402779484442,6.951978925523065,0.02950839101019349,-0.5545943959574074,-0.09090274941925847,0.09005817234303445,0.041122710472548125,-0.0813660123836773,-0.22087734077443344,-0.33521467869951704,-0.250796460411641,-0.04300474831850156,0.18027607709642168,-0.15793519719986243,-0.28165633730974177,0.00019891584912935892,21.17878789418007,19.92011483182286,13.661144714956318,9.115866655303977,10.079001989551845,4.685054374878745,6.358203064140127,5.80779052182283,6.0519216735140775,7.673606837901774,6.56672212560666,8.506892175973752,0.02071593824736019,one,/content/speechcommands/one/e1469561_nohash_3.wav,testing,5.0,Kitchen.wav
351,-312.6881614117286,-32.59300600858227,40.2672438305561,26.794829310400495,21.096059608173096,15.106847388857982,15.416109497808735,13.242900269812932,12.727650033552177,11.304587852304529,8.47220403430994,12.483115000309384,0.04447215923573822,4.602395277792228,4.092875525460784,3.6560346664151853,3.411154814876786,3.543584586736609,3.6088283285076,3.8450992817075096,3.1299278405547577,2.8727828848704604,3.6369588699019144,3.92799626814852,3.163912819437882,0.010759967651172505,-0.3802934955673509,-0.15620413061168037,0.013205484722950972,-0.057375538806735085,-0.2859591476891112,-0.28688732027139296,0.14589228864848922,0.2076230056724635,0.027250548636553344,-0.20658479189119588,0.06837934642046793,0.1278119896887648,-0.0004194634816338939,3.067288855501763,3.762114076876352,3.8640141097739344,3.1604856346896444,3.402578195832338,3.13596131226064,3.1155021210382827,2.334022270915005,2.7089004852965504,2.693368357424867,3.851703076908988,2.685537380889658,0.004568448114373536,0.03182324641964366,0.37425041517692714,0.5259090252311014,0.28543349024671255,0.2917853290675726,0.30156468331121117,0.27330219233476144,0.16224278169318349,-0.06732347096101345,-0.10026942917761188,0.054956924064264626,0.09949423527180876,0.00024366118013858796,4.149303142597958,4.920970437529155,4.756185311437053,3.945044267443475,4.558573838486102,4.380205632221578,3.6441520777211984,3.284319323610031,3.8614392978452985,3.787621265961001,5.125646546136414,3.689155505770901,0.003973088769371833,one,/content/speechcommands/one/3f2b358d_nohash_3.wav,testing,5.0,Kitchen.wav
352,-279.93341131100004,-3.9941622371308565,32.60839982537465,10.584270495172579,13.732560452526693,12.416480416616155,10.243668035118457,7.5956379930970845,10.931980342960106,12.62799235373525,6.457029943451417,7.406335589527542,0.03332907397998497,44.22990553875292,30.092682289901486,21.20939078240982,25.325248443332733,10.254446209322413,5.801120429584948,6.93943303933379,6.479568499491977,6.290217220505539,7.787204622920335,5.647289586957086,6.08249318352222,0.011862594796193348,0.9114655269362053,0.5141210592992002,0.4199596704588231,0.28125028119512546,0.15051906856483208,0.1539536533547865,-0.14693589963288908,-0.04089462861961362,-0.08122999904803878,-0.05247916962781522,-0.042420412998897594,-0.213645172905279,0.0007366357791808344,16.5399387042824,11.88093067699493,9.097709585287358,11.907956046544102,7.376716273738583,4.260189650874646,3.304249113950138,3.2383056994673907,4.35702029715222,5.425991568834228,4.5649247809227,3.2670865395004456,0.004127692105414346,-0.3246496750977144,-0.0007906537488182152,-0.062079514763890606,-0.06704537373488163,-0.20567567102289175,-0.2479918264681748,0.17442152200969815,0.09216095211178367,-0.17552866882195817,-0.0793895826812707,-0.07653505427345426,-0.09744659124666975,7.411098728577296e-05,14.571679369495314,12.23351584765396,7.618840399042599,12.729008391290472,9.818960529586148,5.054552596042578,4.135476289629001,3.5378153310916387,5.018740410654583,6.857399301160926,5.697161250301906,4.188555670708837,0.003913920640607665,one,/content/speechcommands/one/1b4c9b89_nohash_3.wav,testing,5.0,Kitchen.wav
353,-270.1469789160275,5.072610751424739,50.695049249613476,18.381906229886464,9.432100168743371,3.8415945003155088,9.434699880907498,5.15155402049681,5.799175375211695,4.790361852857648,0.3880136390761221,4.504122201360912,0.046629042422864586,53.73999799287026,47.5684006119967,16.0428456671425,22.740843324872174,18.604972171926086,12.593846822183616,10.62254296902295,9.63943727258413,9.609380549545024,6.5100458890938695,7.446882025500047,7.25228495701568,0.016654451179916006,0.1412153627267538,-0.026962817570133753,-0.00124645447158744,-0.19751217195708798,0.18268831864346655,0.018659218620508074,-0.33038467063490234,-0.2169362286712184,-0.10348570785253085,0.1072619519941645,0.33448591586833,0.12373884973034639,-0.0010136836959469702,18.461458863123912,14.32727918713265,9.640606162796434,11.09670484515821,8.359951373102318,7.02427933625315,7.628554754347016,6.35106515900745,5.96139942309647,5.786605014397605,4.6878152282788745,4.180736708041391,0.00860543639031792,-0.33323101414401324,-0.015472340791743377,0.12962414996083804,0.2156773868854888,0.3334989556917994,0.12248516035754922,0.13991752369674806,0.05370059714171885,-0.014574710229577606,-0.10189370715188519,0.0038972764723380258,0.10446757149447136,4.0807078282038374e-05,14.66841178959701,11.417313916703307,8.892946309213475,8.330902986048468,7.184600193254962,6.969270370370623,8.114454387125635,7.746832319131366,7.503839411614754,6.92381304759786,5.984279217047797,5.439646563911204,0.006268003664461106,one,/content/speechcommands/one/27c30960_nohash_1.wav,testing,5.0,Kitchen.wav
354,-318.88778009172916,12.005066545879815,30.081464227363995,19.032136605701027,16.41145853000779,13.784920711756051,14.00239316853204,12.531967789191924,10.03268867198573,10.269726032180364,10.125349516799865,12.347479873930993,0.02873483009170741,13.245255758885193,14.321028691496558,7.858608711356681,7.246393597285259,8.461487118052784,6.789418766754913,5.802111353219921,4.871530011854492,3.937083249999159,3.8681452991501986,2.970160500170749,2.677810892320584,0.009420304203813573,-0.8742287539097902,0.25443943763771887,-0.11288084108841671,0.10470793849562302,0.3033470500796774,0.028214314283411177,0.202453769873826,0.1573738587497041,0.08343230907555148,0.04994539380001761,0.04675420243445852,-0.2698776825154254,0.0007355795392105656,6.945721522477762,6.740607811644925,4.205994045163477,4.796603616559922,5.384051198352743,4.236851354306363,4.927576165145051,4.361535712728007,4.132526029845418,3.5291912776793986,3.4180139075925684,2.8730463147377283,0.003297280515946557,0.1661981164585787,-0.36017174596779,-0.07636975940233803,-0.01367695773734674,0.027861331656932244,0.1411758744754445,0.2077889431444794,-0.09695405130517785,0.11889403778489308,0.342283788995716,0.09758560394844645,0.036366402823134907,8.073163529237111e-05,6.155177818873066,5.710659466774064,5.275887220535341,4.783048639021819,5.486313903449374,4.601328191900794,6.1899874775013615,5.45130066151652,5.239383651194938,4.657448805168236,5.181467963789788,4.4654542229075265,0.002641752261976778,one,/content/speechcommands/one/3ff840aa_nohash_1.wav,testing,5.0,Kitchen.wav
355,-207.38080489478133,-4.905071292404708,31.96720237908953,13.914738819776668,5.409916855974791,1.9268738162918417,8.719053021537073,6.956262833307154,6.593845224025929,5.4087075917677305,0.9063524327127258,4.075711856146164,0.050541082164272666,36.954286483681216,37.22724945468245,12.467289184923748,13.185049763667534,13.785286982549593,11.024008494363732,8.18730885592059,8.056147573984596,8.146766153622611,5.483846277246551,5.09507926778433,6.026493815321928,0.015873709752995693,-0.4614165559373824,-0.20522112614054402,-0.28959137597740753,-0.22074612900782165,-0.1271530393435702,-0.14995756882094938,-0.20966151651936094,-0.15443333893841046,0.15710656400736842,0.01415529013070949,-0.22996184858350166,-0.2495964484181185,-0.00013019637234749332,12.698150741805188,13.083374310554085,7.1190765653374255,8.375291688467549,6.422924466757346,6.385249659569199,6.466708922126163,6.0712325671110445,5.241116876291042,3.911347387316799,3.8459246826317264,3.982678065316682,0.007682305886687396,-1.0710354034019265,-1.0637254390875053,-0.85515080034584,-0.6407290279330287,-0.03526355850833263,0.19973242845729303,0.6525696260651205,0.4122987148528383,0.48174704409724095,0.428185774504961,0.35535167770072235,0.38896890791760014,-0.000497676432132721,10.688826594603027,10.539580900677276,6.968721698428594,9.093363892207416,6.170523506938889,5.528862353174029,6.665981015640906,6.949725117701798,5.780884646366805,4.497957958866711,4.930530668667088,4.718104619303143,0.00474913386662956,one,/content/speechcommands/one/27c30960_nohash_2.wav,testing,5.0,Kitchen.wav
356,-278.05500726548007,21.242527428791888,45.911785460439745,27.961287485582968,16.355944752132203,10.802721234751452,14.385404248904837,8.40358388962264,7.543823067378819,8.894614382685354,1.1519134031387266,7.130763865274058,0.05769273085752502,73.6488593965035,59.81248794883742,23.95950180953842,15.342058940459648,20.465636122817518,13.645169664129364,9.920547953500272,12.643083073662213,8.458341291965374,4.399968833486801,6.185781538877457,6.424477823137496,0.04273327695541308,-0.7817600363339939,-1.1338983454522629,-0.22732647640176967,0.05025069808128386,0.16423623380693073,-0.11501917314549642,-0.10430458912848825,-0.022095562402185007,0.03575460537678278,-0.12698404157318524,-0.19352554922221454,0.3031635808440466,-0.0005781987621899575,24.823327240700838,16.284481619446588,15.98526150518226,10.467121200457044,11.008868483201585,7.9255504095047655,8.957812200182593,6.563527596672464,4.698781968999017,4.173566318483168,4.613645241886319,4.618456687098193,0.013647303858183798,-1.2040085076624356,-1.3128980852054224,-1.1162107742968224,-0.7629801459980696,-0.43052642710239475,-0.08095497194932619,0.36560512968073006,0.34637108400111366,0.4005567138383879,0.4110225023709511,0.36751446068006166,0.3845571773793643,-0.00044898688793182373,17.140542757117792,10.111779193310873,12.275838017718536,8.672178681276526,9.538451003577679,7.68363150868307,9.549164184048237,6.251544450183368,5.21668932477663,4.912787235003601,6.157843780428888,5.658944255517965,0.00712788553553332,one,/content/speechcommands/one/e41a903b_nohash_1.wav,testing,5.0,Kitchen.wav
357,-259.96998694164824,5.334914318840205,35.94754700088641,15.196712822518741,12.409475440527915,6.132121563654151,7.552602928799869,6.823657035314001,9.00601310928948,8.706477204575226,7.206935429191146,8.900683325837148,0.038545052404515445,73.83889617568305,44.62033327516118,26.81779074952062,21.115114570345824,17.376225497996433,11.293301748619747,9.509898975883525,8.614462144647415,5.508776803227577,5.279604085951847,4.302364780862618,6.170579491233899,0.014795370286389822,0.43204300718459415,-0.0026262458065993144,0.09662432185817284,0.10573279569189448,-0.10766239038522299,0.13751259889017234,0.31308491976899516,0.005247504054613484,0.040209789358661215,0.1590867002878013,0.011264636518230158,0.291235598228728,-0.0005045516356345146,22.777501442444123,14.354101178685948,15.25727322268089,11.13245724371307,9.478229616828392,8.428826671262494,7.742781614144561,5.468526542166471,4.2064342270712345,4.493629172508453,3.9319870571303515,4.602467901028171,0.00658848376000712,-0.39764682382811617,-0.1448220252510101,-0.017121099991167198,0.1438499345344154,0.013886135888377223,0.11798924288929437,0.0637976718575654,-0.026287506392434216,0.08658470146486857,0.020309231603520585,0.0018106787178075122,0.12202471919257439,0.00020979692538579305,12.834035286563095,10.32601104260969,12.661535069544227,9.51898237540595,9.1237726865546,10.031336527925648,9.757095301345043,6.857284186378588,5.393862257072415,6.297023842565269,5.089141580418127,5.4029757387615955,0.0042836361962065184,one,/content/speechcommands/one/4845bb10_nohash_1.wav,testing,5.0,Kitchen.wav
358,-245.68233838022795,42.50376196469966,13.631681230954252,9.423684483492012,9.548553275633477,5.471618411329879,8.275853366447631,6.638924322697166,4.30374592267802,7.771885596807621,2.7355217978057893,6.406790357793586,0.05917373637203127,75.60351727350768,21.865611181458114,29.35388256029032,16.693040503914364,9.441124809527182,9.804306821916368,6.713521987615395,7.508947388728698,7.5342641234656496,6.019794232699544,7.6110149123300435,3.788148558682405,0.03992658485476639,-0.005801516075481935,0.009065761011469354,0.06846927831241494,0.1331247187171581,0.015916995371155613,-0.17931378271749815,0.11264499296288916,0.16129193988098142,-0.012495428444732073,-0.026203216730935376,0.13795191741585244,-0.04903264734239483,0.0004788186521299424,26.88306784975516,7.617163730743797,15.135264314583686,8.84695819993756,6.289701364854457,5.354680365902103,5.2476441486392105,5.980902136187373,4.613505359550197,4.21337141416878,4.854974440897416,3.742762724296264,0.015061596730214377,0.13313406159025287,0.23214817321181844,0.2280664612455342,0.10767025763926459,0.0395507435384688,-0.06045217917758473,0.17659779597414965,0.2910036536494116,0.2105511913600152,-0.1427405149078842,0.12728080521027707,-0.10757333617820587,-0.00036318724354108173,19.651184110008074,7.217762379472367,13.452469030088876,7.785627684334279,7.160109654020177,5.842301024524681,6.349388411093728,6.629553555424728,5.4930337055418885,4.563890814360964,5.963496255623826,4.709679993064213,0.008342527392791937,one,/content/speechcommands/one/50033893_nohash_0.wav,testing,5.0,Kitchen.wav
359,-191.46002928537823,26.401845542632216,21.238927276961988,6.867225262531081,2.6760568199924673,5.346075271121293,4.062569748712917,1.0269706314961011,8.388373518467157,13.322013085854412,4.643793122045102,4.4128409251585445,0.04989858053158969,87.2696879089242,30.925232313736995,29.873933252487046,17.635131111415724,12.677534131004837,9.719867075535934,5.711472460465003,12.20119559821759,8.920910161811406,5.158761759652113,9.329080907979746,11.745831510171895,0.010858802416257963,3.723080165646009,1.0568681214582365,-1.2723204043137875,-0.19620512143052052,-0.10705791738403522,-0.35226530892359464,-0.05024981893259689,-0.16388078503709386,-0.27596165862476446,0.13322601793301095,-0.15570260782676149,-0.8410468758625818,-0.00022473811141906247,30.50326823772927,14.582167824571917,13.22278885290887,10.665171135597852,8.125513072222958,7.115612748081299,4.940607359918014,6.825217948863665,5.618697216590367,3.1188970664639495,4.0625222818569755,6.65266228324636,0.004826887330531606,-1.168591238253101,-0.18038479324954065,0.11709398618195023,0.11997700837748825,0.04199048272821331,-0.20726594419006583,-0.022864189461048675,0.1831829184476545,0.1920621255872599,0.07770642823646441,-0.17359601260649843,0.1428375061216616,-0.00021977188686529795,28.795402922928307,13.464581539617777,11.616407722142517,10.126324872945986,8.880837111564745,8.068975243075258,6.159014168380691,6.8121739276090585,7.065015766267981,4.2763470604505605,4.710701197270718,7.500027797204182,0.004964942580310147,one,/content/speechcommands/one/4290ca61_nohash_1.wav,testing,5.0,Kitchen.wav
360,-267.65917339538487,45.79809763561691,22.88328877775514,14.75907442363027,7.808842409155181,-1.817864038741558,-3.475683951379872,4.794896677060464,11.152260164728716,8.191928827450484,4.833302791817543,7.851801155458515,0.024812353163724765,64.42991065317914,24.165896496192186,22.038965414024204,10.943459751332675,11.853705975024225,8.546364416276337,9.474142362375817,7.477981449376765,6.797574019699745,4.853155270716022,6.782154147442189,5.176808517823015,0.008627927258983878,4.0810626613008285,2.405896223137445,-0.3548516584923906,0.294331958962948,0.03522515822206151,-0.32277520982533336,-0.2967755834489902,-0.6494083530387916,-0.6179422209355062,-0.2266872066734528,0.013076206650791714,-0.25368687910306786,-0.00015438864788701459,30.992743302254446,13.094968583120815,13.004343455437224,6.173877450544923,5.906497285625389,6.714671196082367,5.495620191586272,4.409847087301188,4.150887949635668,4.253873368482216,4.233598613753763,3.3665192845209995,0.004143355888866113,0.33796059218648744,-0.00804326628822049,-0.4869854774174879,0.17979753866372844,0.442318396695161,0.41123897226307543,0.12128655215148115,-0.05127250957898451,-0.041141615194039506,-0.067702647471446,-0.039777969839509514,-0.16038135747759463,3.834310919046402e-05,28.810563593106718,14.566545057937935,12.31660128788438,5.627663455564273,5.497921597353725,7.49313076418007,5.645953304377723,4.320751167663979,4.996566729366923,5.416757108646098,5.468069364067987,4.143324729273716,0.002650848406514055,one,/content/speechcommands/one/7add4c5f_nohash_0.wav,testing,5.0,Kitchen.wav
361,-284.9348475836509,46.75702296249121,30.68096329823941,16.529310698844796,18.254229468195334,10.336345164048723,12.109990785205646,13.53985184503258,9.240743522119027,6.438203962976915,2.974314195976169,5.916724978844447,0.046143977204337716,61.49161313344551,40.02154636247515,31.310146379745362,27.163923291598255,11.681352222504936,9.883773591040676,4.837974647970594,8.734207748079845,5.690510110307265,6.8298692258869655,6.82393345801347,7.339990293679187,0.01964801258821181,0.7748107614755213,0.09196755150624208,0.19644597539381575,-0.037817604821244015,0.03889864817509788,0.08234268576124433,-0.1174062191703662,0.2377971712602494,0.22701170277429025,-0.11384853832468625,-0.04224379206163598,-0.27540914167145497,-0.0007173696592930824,20.873959286321025,12.953010142703006,16.343102615140687,14.588883631461858,10.48940831643798,8.715674633364122,5.154980819073551,6.995035416541549,3.83087637711148,4.618008643321813,5.39994916808828,4.567398022585025,0.007928987429298548,-0.6735060443428665,-0.054910477328287396,0.21487232077233406,0.2158273991958867,0.04173458045342997,0.11928512612718951,-0.19144535172851387,-0.20321213931658716,0.08356156698342426,0.238967253844143,0.09444329588466929,0.1042595863226827,0.00013419222086668013,13.991798827812552,11.31276744401501,11.73851980905988,12.868006792083122,12.204966084697503,10.41271445512306,7.52002642235792,8.082146521308818,4.5985103225239925,6.140084630560424,6.995101714113818,5.990398649563366,0.005486768059133333,one,/content/speechcommands/one/1f3bece8_nohash_0.wav,testing,5.0,Kitchen.wav
362,-46.37564100071259,88.46992397146906,7.189007055321019,7.8686304565204,-2.6222902219471482,-4.410929727008787,-12.81749998568771,-6.12536036046161,-8.763932046357265,-0.8572316518546392,-5.704119028826259,-2.666586542139192,0.44839817751199007,143.33676361111077,35.36061416666538,38.20638773844971,9.339983496897748,15.42710095433676,12.662883835543942,10.196579619531937,10.777268499369848,10.583373383842245,9.969137409221862,10.051256284437363,8.060514346409562,0.3494553975631727,-0.9341166771276774,0.33144495363970417,0.6256309595426259,-0.4374186326627333,0.11497601370165654,0.3505173066331797,-0.2596405251508957,-0.17559532399241226,0.2500824265782076,-0.35060194703980024,-0.17383614886338597,0.1823738849505696,-3.082461414798614e-05,42.89480578863374,16.021706215574703,15.896465675364949,9.06336698011132,7.180829692499441,7.612971342175188,6.439935288376937,7.286447215727612,6.944704962132631,5.989412951611235,5.723535467788958,5.413694278639518,0.08323004075817357,-0.9493593440162992,-0.6548217542544684,0.5220561673669095,0.5947797592344741,0.16807647537019285,0.17935988277197443,0.2029223819185581,0.18331700910269852,-0.09271661022378777,-0.06430545213936002,0.16682241910723203,0.1419180858250946,-0.00016135511298974355,33.23018949897636,13.55463696703209,15.219832721349109,11.630972633580612,9.449006467119624,7.25636704611904,8.108279102508206,8.788150765554045,8.383342163517383,7.716754164209657,5.9133427855807845,7.211619373750151,0.04248498137005825,one,/content/speechcommands/one/0487ba9b_nohash_0.wav,testing,5.0,Kitchen.wav
363,-267.2427191110007,56.753906030853756,43.46549137331566,2.3709737500075345,-9.599749881168744,-7.0699816391980495,5.332532376765611,11.86335861436349,16.22607063667113,14.5137840274825,10.1836399260248,7.730541622542794,0.10213675181148574,66.17463222753653,54.52989230042208,14.128627814376511,20.311120782038355,25.225306982236816,13.774878085252118,7.963909700317877,7.433096439261723,7.288840840387481,9.66862856306455,5.557993548768903,5.022810222645652,0.10828954077162031,-1.203836761896729,-1.2058343178730202,-0.518611193691549,0.04955421477503357,0.6834491628377752,0.7328974726849153,0.39164228617164204,-0.1389807967093005,-0.3260050743418495,-0.37412808584273444,-0.4318451290030069,-0.3543365155988906,-0.0006174145326499016,22.87328054321348,21.218634435589347,10.602971964795897,8.69793679184671,10.107635834349429,8.865934847265867,5.996236701866741,4.253281253879339,4.25184864374288,5.191313942225582,2.593899297433654,3.7959688058447303,0.04073274386653164,-0.49190025761110595,-0.2578835697799606,0.16307451964226813,0.4221680578972382,0.3110889484720064,0.4439829434841484,0.34951062258429194,0.3260840705714966,-0.10774707516698487,-0.38084614948888434,-0.03735965522723353,-0.06783454107022055,-5.7231510678927105e-05,19.854573331886417,22.07030940920534,12.260809384681888,7.162592820057498,9.645369660670761,11.879616601282278,8.448627325582455,5.589613071204819,4.936730846254554,5.474003806371372,3.019309656139732,4.077724264376748,0.03512740269806935,one,/content/speechcommands/one/5e3dde6b_nohash_3.wav,testing,5.0,Kitchen.wav
364,-252.73663569547,52.50011454108363,15.491858926520255,10.159432350688832,13.825373901151178,10.439540030467164,9.257468253148673,13.178790721982718,11.681121540824266,5.402049973067964,4.118376845339239,3.9120847958452907,0.043442411988507956,44.32941273182923,24.214732293393535,24.48955784943963,20.78146492027031,6.8494487036323255,6.053900743859346,6.917188687009724,6.588449495941313,6.958930668114789,5.079243875169954,6.357997906176649,4.481667643464502,0.01574138739728626,-0.7497921006741403,1.0303721036140874,1.1484747352697398,-0.47208665502774755,0.08588982306409837,0.7062999744712907,-0.13522202321887072,-0.699039219518169,0.17727200988813518,0.16388677552611733,-0.3293273120887565,0.2365139225999028,0.00021373949223949063,17.036142464144973,8.158540055850638,12.434129766547423,8.127738127362532,4.599541697029362,3.9326870820546627,3.787683529855913,4.434200442682188,4.116400811706354,4.462737291570615,3.888313431145493,4.249112544555134,0.0077600956962768875,-0.38009316618809996,-0.34742456616751066,-0.049097591379741935,-0.04890152882973607,-0.12374066368134849,0.19442792068901676,0.17033586246054783,-0.027892047042415533,0.018544606728477575,-0.10615460950520059,0.04529246435073855,-0.027866633554595163,0.00023066885769367217,12.43764998224374,6.53812909887358,9.48091594758622,7.106519238832018,5.210329451920196,4.4669296413225155,4.991442280131084,4.872760225016178,4.509719039811793,5.750980180257312,4.70528267231068,5.477467630391713,0.004940927745186223,one,/content/speechcommands/one/0d53e045_nohash_0.wav,testing,5.0,Kitchen.wav
365,-260.1097550922841,17.97278520435335,36.19371339092627,14.94809548099437,2.6617917353560347,10.56085962948994,10.047906426259754,4.8038169324331585,12.643720989144066,7.668728670669733,6.962328983418181,5.487564779148131,0.062483919609803706,95.47501360345964,56.81114493405605,26.275931848332128,16.659761667369942,32.62821627461415,15.758305791670008,12.61950428413822,12.512574257780084,5.636498583546652,6.400945295252389,4.624722284177175,5.262395961924698,0.06571664470118034,0.3855746225708831,0.3758582760988989,0.048477237941506886,0.07245594876741072,-0.18093871444645251,-0.03631628701580981,-0.40403435258274006,0.1829773225487559,0.14369831241883946,0.1684879657375611,-0.1503307168935535,0.01048814308582085,9.325711477187372e-05,30.51981681433198,17.32393979063112,18.09045041988217,8.708916896888976,13.684691847948738,8.621493516648894,8.136341804072787,5.22673267419779,5.834281847149496,4.425467944869774,3.6937419862295524,4.067022198207579,0.024329234862968074,-0.13475880519086633,-0.19163737032456243,0.035154665735549644,0.155409693457401,0.08678771711203599,-0.2012303274427099,-0.19741795121648706,0.043870324156435575,-0.11026764205060578,0.06157411724609284,0.03209346900927657,-0.07116075939971654,6.698891520500183e-05,16.05894402878945,11.951576048201117,16.492081086559974,8.33781398621091,11.771936871408643,9.509785245082302,8.995145126460766,6.094894964635462,7.803963424941338,5.455459158579832,4.549860392738916,4.916184065258922,0.015220167827175035,one,/content/speechcommands/one/94de6a6a_nohash_3.wav,testing,5.0,Kitchen.wav
366,-271.6352727373418,7.249069524421674,35.01132977865226,16.50516074215753,17.584105200567514,9.422013649478416,10.73220868741902,8.232446463847273,8.49674920843578,7.681146026144632,4.742007590432571,7.372332644620709,0.04493086782167666,79.59477067459842,52.75609353801531,23.894543507670804,20.272595994321794,12.365129255406611,8.900476782839927,10.356236704240633,6.958218327825423,8.906583546213835,8.214365553626012,8.602658380980444,5.881138592583404,0.03977949579672824,1.2698684817366719,1.651151590459087,0.7005387563455832,0.43665993165471134,0.39493376383787465,0.05507903828344318,0.15718977030278797,0.1154049536778797,-0.2882310609768998,-0.46860842260163543,-0.18774685418359457,0.04772101408475365,0.0008342496810420867,27.677885643304585,17.128521923736322,14.394334355532308,9.944604516772202,8.103766258404377,5.641437914854311,6.425113908900206,4.276333305532158,6.207767390734158,5.696387862543835,6.242870180220332,4.9879349040839065,0.014576072422378433,-0.8975121768714464,-0.361240913917927,0.16755154316154114,0.2874617687494601,0.02468156514661916,0.13030405801640557,0.4540050654184186,-0.03377011118902162,-0.1569221088069363,-0.008401451860982083,0.24218830825608903,-0.026139738437822344,-0.00037700276200970016,22.51630311424186,18.558251737000333,13.193114890895252,10.928647557601177,9.020101179499669,6.147088700744556,6.282591545889803,5.084398330751993,7.291757473901652,6.471836426929637,6.651727074706768,5.858969405413009,0.012048501022023927,one,/content/speechcommands/one/964e8cfd_nohash_1.wav,testing,5.0,Kitchen.wav
367,-249.75578801938832,57.758258244810136,42.08085770830451,16.241131674748384,6.770868786594701,6.717322603256461,12.086262004191568,5.84655132427884,10.348663056451207,8.526930826387252,3.3591005879976774,6.226530699943284,0.05175518695614301,54.11378303356307,39.57777307608089,16.657165730440738,18.84212439286241,24.325703569906228,12.68130981809671,8.967381715441103,9.96426202035749,8.320641656960591,5.735559255691569,5.735299740937504,4.716519261597222,0.029070741944098005,0.0544355777321412,0.19107362962306423,0.06882585984868982,0.11295064600734035,-0.11977173146828621,-0.06370784993999404,-0.1235682812152707,-0.16589914451430976,-0.22627224752709132,-0.10072488697218022,0.0006735443864607513,-0.13081827793182219,0.0008922623350254951,18.80670998419289,12.502727144868373,9.983491965155363,9.46248046554904,11.062201969959649,8.166591107186292,7.5575765643305175,6.341415414420853,6.546522099475784,5.473213101477247,4.681336375003429,3.559890481772981,0.011233560966100082,0.06726316802924165,0.14172613256695096,-0.05139334184038494,-0.20495092146676655,-0.07798139581925281,0.11651769587534541,0.1020330103864275,0.10053644020196402,0.036177144626034934,-0.0663436741183844,0.0672947655150018,0.23324320483689692,-3.644603615005811e-05,14.159456812343308,9.551944665260642,8.702022532401422,8.249764752360925,8.602860676532545,8.143863319521435,8.564892062182704,7.745892539070322,7.753984526193589,6.931058775792447,5.49211473218621,4.485272014408575,0.006510270429117148,one,/content/speechcommands/one/c7124b73_nohash_0.wav,testing,5.0,Kitchen.wav
368,-249.49514311884235,25.148569916898513,40.58958377474607,12.348824188235094,8.678415846161409,12.934006138649572,9.440102463145701,5.367974661132276,8.135483472425062,2.8499294294029225,2.3230615601411353,2.2939171116275254,0.09050279192160815,84.2067039229051,47.50475858922559,25.888103746550847,23.002200993638073,22.45944351315586,7.232466189186498,9.567019324025845,10.232226029529624,7.892360961776146,7.906782351204815,6.978945215613858,7.688010925249711,0.07757041062910705,-0.4604934025771359,-0.2739081344241176,-0.3064290101085993,-0.10042251158986754,0.10712521243708874,0.3688195068809005,-0.07183483157687608,-0.1195254753675209,0.06201549414387684,-0.25526092946151424,-0.5585750260317398,-0.28030099804619696,-0.001158621282346787,33.376564205780774,23.355018187573414,14.54441555005336,11.032264388139556,10.366723153883589,6.669036469488784,5.037819869136929,4.807367958116542,5.3061202396977905,4.090891691675751,4.816364498188123,5.956529495576516,0.027276260372752572,-0.5702751565186872,-0.5660054751975941,-0.18183874427066962,-0.1567028724162978,-0.09889381732622712,0.007020962347430526,0.03868923148418298,0.21891447025197824,0.30027704611854394,0.09112310003290215,0.1294170566555997,-0.11551210824111079,-0.00024350881576538086,25.296780831087176,22.355630333024155,12.994405945075602,11.280030218078606,10.163868457569924,8.313511279819727,5.2880438850141305,5.316502765048664,5.3413060821753975,5.092760001972204,5.667670199454286,7.259109679253376,0.014406849481340188,one,/content/speechcommands/one/97f4c236_nohash_2.wav,testing,5.0,Kitchen.wav
369,-240.9536964163948,20.25594295614103,36.41707250441233,18.61327391494422,18.292427264360022,8.185037178938524,9.198706467889416,6.930242062401339,8.577061623358135,5.08692007821638,1.8964604379144085,8.154225243991545,0.07776917988667265,93.61095078182048,56.09648428651375,26.776883166996413,18.113388776960406,12.601925558760971,7.181900751566459,9.197337345568068,6.7416573853199635,7.09092955981429,8.057523250386499,6.96936503811184,5.983299271378008,0.07312485501343917,-0.19005192502208224,0.04166849762266393,-0.1439034913427946,-0.37500574745385007,-0.5083148657115477,-0.13229216229672866,-0.1651066955191785,-0.18032383352541614,-0.338961139708516,-0.5698137372541608,-0.3711777153127234,-0.1523029193273158,-0.0008746039482855028,29.881472108735057,19.413935966414144,13.196198443994012,8.531512628581384,8.451557416910184,5.266500690833474,7.247291401428362,4.222634574554391,5.647418058681741,5.918115863266508,6.0616248018926076,3.7710586272918256,0.029272567047445616,-0.2892545248881826,-0.2986723253501034,-0.11383903288373437,0.045771116832812334,0.21133042816279163,0.026895168424654958,-0.1321921488874749,-0.19387888457247002,0.017867764874079973,0.05062958311584357,-0.053501229820620375,0.15039172668998768,-0.00017379466444253922,21.824750754529067,19.587951207981245,13.234486814051168,9.541492900508018,8.709760230335005,6.902052978795191,8.162560216860154,5.980336663243499,7.466326513157034,7.957319853531621,7.32392024662527,4.381535708479461,0.02322769810495634,one,/content/speechcommands/one/964e8cfd_nohash_2.wav,testing,5.0,Kitchen.wav
370,-241.9465596108058,36.75194318009843,20.510139376825347,10.371376701640532,16.701331189798424,6.560904138098309,9.59194839171776,14.110172758597702,15.845947137651489,14.537340018165406,9.191686038545175,7.140348409973605,0.03615905612241477,18.5857851790371,13.685682620577074,6.721499772696486,6.35248129215001,8.64406473520756,7.079235873347994,7.424753058405345,6.015834039579578,4.4849734138203425,3.041180874656917,3.1376093491936095,6.071032356738432,0.010565407700027792,0.3240119949188854,0.23499984698942833,0.14378411176327513,0.21425872669988413,0.20158511864017092,0.2292655710650705,-0.08598879398448728,0.043949215941337674,0.08503730008977202,-0.17658088584337367,-0.032983459055041124,-0.11139181850858279,-0.0009951634152281668,6.648674641116389,4.727048393009063,4.120938128017921,3.861193067588102,4.5127124221367705,3.912256648735535,4.106052153158387,2.8432004692081825,3.3498598991261823,2.7718493947527323,2.7666862846249822,3.627133370759755,0.004953650391860888,-0.37303453092480654,-0.23844849226296236,-0.06036198526646957,0.0437231557083139,0.08440671674977598,0.25076211435496554,0.21904100795304374,0.10793025218698889,-0.014651718055778555,0.07665399581541017,0.1044540254132959,-0.016704592047747546,-0.00013387358436981836,6.447839223059012,5.036245790889019,4.843443185125242,4.353451704505093,4.834625073579902,4.24420599791096,4.937377945415825,2.657094962378388,4.037702053639554,3.7262159876458716,4.084854242868515,4.317923603310214,0.004809916994382228,one,/content/speechcommands/one/ad6a46f1_nohash_0.wav,testing,5.0,Kitchen.wav
371,-268.1410517765829,16.64791382659594,32.76849004232693,12.975529524233032,16.17672355212759,9.958554267973362,3.1848928920654114,1.7035055338038312,11.115607544483545,9.315361788002559,2.231461873838308,8.102248512674386,0.06596200139028952,85.71763608879621,54.0073056135183,22.475334656834413,25.2276846763884,17.091552394557677,11.189475587806744,21.491827778956328,17.587198442219275,4.471585322894882,6.980211363703639,8.520546080666977,2.924222444923591,0.045150992485849216,0.10677941258447139,0.15750847938791795,-0.0066438927732827965,-0.07422388979181853,-0.08801936414260124,0.02609869151570529,-0.19840506946131323,0.01388882612422803,0.08861845224435325,0.03478690203532122,-0.2962588575273008,-0.24982374060502907,-0.0006181628353172733,25.911536231650206,17.897206377348635,13.772171341420734,10.94162277694035,7.7034012427261676,9.047238511698557,9.534815076528432,7.160906276335929,3.72709604602603,5.541311241337686,3.687785711041945,3.7548675134704483,0.016039138944531624,-0.11641638154161456,-0.24406434765617277,-0.09384027508179997,0.011211756336409568,0.016355905439400093,0.019043833582508305,0.02860981408556018,0.014604110493062095,0.04893843156205244,-0.030205790287961762,-0.07790687146904555,-0.059230759302418494,-0.0002580755079785983,15.073693710095888,15.899942906928265,14.497898429509831,9.995545414962642,8.123764181350554,11.231423330987727,10.116706743009836,8.537674555355537,4.668898293756838,5.644921961618559,4.026585759842089,5.644540932246596,0.009602291335966403,one,/content/speechcommands/one/b1f8326d_nohash_2.wav,testing,5.0,Kitchen.wav
372,-189.5917964235406,49.28600193765054,23.019340061203145,2.518558259161389,-2.9864664622630697,2.094069811458369,12.789293314374007,9.398062398455657,3.1271713106629795,7.9661395543785956,9.87312670608952,7.356453711012993,0.10553689731750637,84.10087773498401,63.3020929900791,22.098968491969796,25.86045865150116,19.519605474019265,12.559741397641023,7.421244069737069,7.0008288170346145,10.40065831260174,5.911401234572383,5.498792631366074,4.714426901538207,0.08604724247932276,1.423729268342698,0.3659423172381873,-0.24906870326295827,-0.395672253800517,-0.614406178539125,-0.046366222644141454,0.4552114124918095,0.2886207193348347,0.25396023381903304,0.20834221700009,-0.057463870567131536,-0.3101227584704668,-0.0005445765151131538,29.618423216786457,21.697539107792817,12.746019576281007,10.01704137966821,8.577568430756358,7.600330598273621,6.152231081847961,4.052081075936952,4.026502807479255,5.039037196634481,4.057114176881064,2.9506829601661315,0.030288241979137324,-1.1641131609099185,0.04664391542021917,0.31874335846087054,-0.15115196070956524,0.10599455058957746,-0.03890787609625595,-0.12244093942529026,-0.046699298274651,0.23887056915976365,0.08206096124859859,0.04791964981358768,-0.23202432149906943,1.977160573005676e-05,24.650968748872387,17.75357421523298,10.920228007125152,7.788752752756883,6.945456931164851,7.5964954352108975,6.6167216759506315,4.972847196257586,4.461720834123775,6.6378555978549345,4.6840088113352785,3.648336272563099,0.020840725218346345,one,/content/speechcommands/one/d0faf7e4_nohash_3.wav,testing,5.0,Kitchen.wav
373,-307.3972444708859,-14.587666608433757,43.598956662827746,26.034199094115415,20.741441313339763,10.911278186246133,12.86389414144867,14.134438250943331,15.006393204656074,11.05416939562245,6.510311334512524,8.687776291919617,0.023810725193470716,15.705651312778917,14.311271330088346,6.140410975122373,3.9051092767295756,4.633021278225488,4.426704379347942,4.008767860058829,2.399276194545636,3.5145625250977197,3.1044763761909606,3.357470810081625,3.5000950863430393,0.009097409413608764,0.07221696826325885,0.34523032590506436,0.3317533031837369,0.11009696552577708,-0.10045369186325494,-0.10495189607094764,0.16240666928914635,0.05007928538757385,0.016796297012238344,0.14642323923376072,0.03941702596027204,0.10336804523686788,0.0007375374796890444,6.703060564513237,6.264325239470592,4.266924564287024,4.005661034936943,3.741526546767739,2.7998916192852628,3.1460208280263133,2.5339677725171343,3.265403450651534,2.8837687516833626,2.7737235969296155,3.277523361835093,0.0033860101791222466,-0.29265753792261456,0.0066363447662669845,0.11451464192526804,0.011171445343379579,0.22559558122099463,-0.018775326498506707,0.05173830367119547,-0.026361844493807733,0.0015492361617885327,-0.01772617712237802,-0.2222302444834264,-0.332504160838528,-0.00025382998088995613,5.246228198685151,5.281653991576566,5.738935908037708,5.658479929546376,4.923463168485622,3.5663895157130048,4.288567839514666,3.709776677647495,4.16646984162792,3.543647416668984,3.6391506905991626,4.328062983004666,0.002734906289417907,one,/content/speechcommands/one/3f2b358d_nohash_1.wav,testing,5.0,Kitchen.wav
374,-217.03820936515058,36.080206534017805,40.11793491545804,9.92280033053515,5.37081845570971,6.202587628759892,3.9851729992543685,-0.893380280808775,1.9102630427145115,3.8028124132868992,3.995958383699848,5.650864270189336,0.0757604650571011,82.97980346448792,28.724258284531732,21.77483493445212,20.08739765172845,17.004317394660575,6.604805295661262,8.0302540761513,9.926198816609912,6.395236443166325,8.441698250460096,9.771581281469132,9.354551497769062,0.07401605071379361,-0.021260401167351558,-0.17609077798433703,-0.024966176693976053,0.4579440188156806,0.30073313891895964,0.1379745747724621,-0.08180836574635707,-0.3736243057072,-0.48951027188999213,-0.31186096411815584,-0.22507562379280124,-0.07917124802607312,0.00013780882281641806,32.53750513786656,14.224112646536105,13.708778251616964,9.110989109134307,8.278176520848804,6.020166028341835,7.373617713220153,6.715305131070789,5.765230432925026,4.945540565898457,4.536169320559371,4.537808570834901,0.027019839682597534,-4.176391748543049,-0.6794195941811719,1.0913762217670524,0.8930431827213198,0.45227305967813103,-0.2842542725987817,-0.13253373226260343,0.23199432222484054,0.7151311435229416,0.4071059178551545,-0.04446899284697811,0.1398046117939624,-1.4448041717211406e-05,21.384325596096133,13.695211523682238,12.437920561523969,8.198683542201245,8.72400737414319,6.889626847308678,8.882606877561768,7.164288331477055,6.828293375789573,5.920892277375173,4.875992480649116,5.691862404537415,0.015520824733541317,one,/content/speechcommands/one/97f4c236_nohash_0.wav,testing,5.0,Kitchen.wav
375,-276.6315548597986,10.39290390078093,33.13054551478974,21.795513063939488,20.464252673048495,11.278281927310491,11.350689066576468,9.00483168196996,9.600460615992588,9.069764852840105,6.777300381470799,6.875440362860413,0.032032465998781845,52.8536678537108,25.16535148090202,10.89234061833955,6.24545325340172,4.781981015178534,4.3929099677879915,4.38796721412394,4.332423637041888,5.594935278418289,3.69819654751412,3.6963482622825565,4.19099554145279,0.009926107698325786,5.445934918610982,2.026666404027745,-0.7901103347449658,-0.4423486822446493,-0.23604365114569867,-0.41861663358868095,-0.39085189489912736,-0.4907975222995601,-0.46123266387664874,-0.3085122703555222,0.038856410899126656,-0.19642847098834862,0.0007966947892019825,8.732478358838618,5.145060191458374,4.181723571269357,3.7913966530348406,3.969473175388063,3.835341532312644,3.286214245499538,2.7885197441617016,3.3301420759672418,3.1011405193832045,3.0270095930422407,3.0510446517965133,0.004677742967107004,-0.3489773536077564,-0.42910599108595093,0.271566714521728,0.1968249656192943,0.3024113823247845,-0.05072931931871502,-0.24149750794084854,0.17451058648451845,-0.007391445346467118,0.020536808234461985,0.08100940295701,0.012472138310144579,3.502226124207179e-05,10.221099145275572,6.438084412281911,5.387674404155744,5.486410253707718,4.805053180474043,5.130849202874711,3.877618448029184,3.6879394186766294,4.068325602222193,4.2836996516463275,4.019119362777547,3.9013868837365075,0.0037424379277727323,one,/content/speechcommands/one/3f2b358d_nohash_2.wav,testing,5.0,Kitchen.wav
376,-260.8698026364395,5.606669847499655,30.106991614236676,13.488079248860597,14.234411261616668,8.177701636462034,10.37653608670544,8.474002666203486,6.604523549682979,7.543176561574603,9.888560423274662,10.163488610807915,0.069632199825719,89.58019035227181,56.63427818868515,27.22382322376429,21.34679686412787,12.674222750468855,10.206159393563524,7.051129244725149,6.853017151575253,10.229000638028857,9.17644635142954,5.112314037051365,6.485613850772178,0.04602197232478787,0.2224237339914087,0.29615812958162435,0.14285614861961562,0.29254550569001125,0.46944400456713364,0.38430184006345436,0.005369248881882114,0.20068517591774163,-0.1625390453604485,-0.04448515814226826,0.05620356184784023,0.1850264774539061,0.00040203344918066455,33.51819025416331,22.0838431202256,14.942277762811061,12.220722958171043,8.542838912229232,5.208921009259448,3.790098895620825,4.042410637226321,5.4772651740278855,4.83991115408933,4.788928800343372,4.795788544774781,0.02060124884919122,0.030360832018877678,0.1607120755427891,0.27037902353032783,0.39504253959867225,0.15193210641109126,0.0028661918632125233,0.24068567661818524,0.07028050018598056,0.1776705399814761,0.09455096698303186,0.20465833028721267,-0.06320285868605625,-4.311737914880117e-05,27.215512700560268,20.292111376529135,14.309120583156048,15.623838468069442,10.718207311088518,6.083165630587497,4.3043247907718,4.833536480695037,5.5192587338191474,5.0568361714175,6.070927708010595,5.721273721530975,0.015274595880948304,one,/content/speechcommands/one/563aa4e6_nohash_4.wav,testing,5.0,Kitchen.wav
377,-248.97986074984175,35.2315425069348,16.34578376600974,7.312751108879228,11.286591137039661,5.601822945386051,12.158404482510806,10.220306578696448,7.57747789926038,9.18806224422464,6.279245474723336,6.931117562009923,0.049412277701776475,51.95667718521398,33.742158847898885,15.166490997548534,15.747345805213333,12.849331853742711,8.344977232717557,8.8013249532634,8.664841915311532,10.797562376560316,6.265827267551148,6.126521900416008,6.94874480779865,0.024175587882328778,0.04729348395459319,-0.09914552723945258,-0.19911480836387294,-0.029367503708719652,0.10771813679288168,0.07016801063668152,-0.407747149421089,-0.4037343771476181,-0.43343016392719097,-0.16320554073296084,-0.11640705606681383,-0.20878471006297072,-0.0009285341347417523,18.825822200477905,12.028544069356062,12.39147244561499,10.374583797511493,8.71631515940254,6.238730035802076,6.692360683239954,5.355110223705816,4.909268107094038,5.1641592046241005,4.348733829253971,5.3594067644700765,0.009778327957384009,0.14255565355611377,-0.16105343691521348,0.19604449658875975,0.0074094517074970645,0.17983344628428383,-0.046307266473999915,0.1931365053703343,0.22613474794640537,-0.06587999174898242,-0.2505100943592947,-0.18078616678193982,-0.11689834062726367,-0.0001638734092315038,14.181644281996972,10.843677464063685,12.208163931070734,10.136540077231441,9.651279971907075,7.913968308966431,8.257921989276008,6.375882912553554,5.7886308971672795,7.141507627845125,4.87869684383906,5.29513025163103,0.006016639300594919,one,/content/speechcommands/one/7192fddc_nohash_0.wav,testing,5.0,Kitchen.wav
378,-230.09907031424456,44.81513489765024,44.29912497350105,25.067860657137683,23.800571951242063,8.715707822630309,5.621091463119289,1.9144911886187221,3.7981852827531353,0.7488558602631987,0.20059577278543395,-1.6314208070473877,0.08212626090971753,99.16527377531455,39.66006757566201,39.961259586341455,28.1214619711104,20.23476769500439,10.562075094794883,9.47669309322565,9.088808232199767,6.390911786314081,9.834688249346963,9.727498420581227,9.17125920983542,0.05992249162234375,2.2669179433686946,0.8825201028126873,1.239449000751713,0.3349687900341341,0.35187597245591967,0.46764970306002385,0.02984274903789513,-0.6978954042658952,-0.27712891368377923,-0.474865004783585,-0.008471292942004808,-0.19304671413295532,-0.0002845321451464007,31.163884697856844,15.684176794575967,16.751578308033864,9.087210933281838,7.068048771860109,4.524667166508043,5.31929546700028,4.646379235229876,4.499493637669606,6.459010460723509,7.1096556878456605,4.797847728864154,0.020562467886123266,-0.05895922269908548,-0.15184079846561652,0.05829525332654768,0.19993009761321,0.2665536393616116,0.0488640717354467,0.23027264891860094,0.11285121057847751,-0.035439328860545474,0.12044913737220533,0.025219458987905653,-0.10767498982467741,-6.782884399096171e-06,20.4110616739207,16.006847276060732,13.548817079667517,8.612849855728575,6.820375712470201,5.762495702541769,5.810561442030321,6.266611259176436,6.227241538857122,6.6702896138651235,7.244091751592683,5.424936471045917,0.011088920235460696,one,/content/speechcommands/one/b97c9f77_nohash_2.wav,testing,5.0,Kitchen.wav
379,-40.83950919188696,80.52033103089991,2.0836440311364073,7.386465236755579,-0.5747052535144132,0.1589125269233591,-9.438964131833856,-5.265631094705571,-5.2652543293819685,-0.9251055018051371,-7.281154510632834,-0.9125186179780254,0.5160357459681109,149.96167922594557,37.23540996777618,33.53810500577854,12.91100667133953,11.56512044841737,9.861943144717753,9.574614394557988,9.8264235022376,9.474237328804692,7.150188412992385,7.567143124103344,6.897460397715255,0.3738252824547248,2.2682775337175145,1.6829019114980153,0.05628713533924633,-1.1831680166933045,-0.6891449753625636,-0.5181969652225545,-0.685320401233911,-0.7224723863935916,-0.08496644557036105,0.19677518285956064,0.17190068694627209,0.21337430764591162,0.0004539788370170901,38.69128662341428,16.79254112122477,12.867676480592115,8.595770971684036,4.260322681620314,5.287454403739035,6.323610593675071,5.524989759426967,3.8730761591831078,4.458700763237976,4.948423292219573,4.019656161560589,0.09340618699407868,-2.052513672487268,-0.9257560004551112,0.7741631128390336,0.23756917483525725,-0.3493723549024453,0.012599107633980052,0.5333263076330472,0.3754480455968168,0.044921893765976446,0.06547588694448438,0.12204928194970659,0.15129409476647476,-0.0006390931084752083,27.88450481455231,16.404983221314456,12.086817401659022,10.133995512500306,5.272907903731132,5.328280365030253,7.022364355234005,6.130651445273466,4.374534491776421,5.353919278190922,5.229538396550898,4.5767094604027925,0.0479251560257144,one,/content/speechcommands/one/0487ba9b_nohash_1.wav,testing,5.0,Kitchen.wav
380,-257.70169296457027,25.725486318980522,17.2986215541521,17.10151364156336,17.99984622184466,7.550641550884341,9.71948947669933,9.076218170920752,10.13241593744802,5.789183402414702,4.824895384130324,7.960526037494734,0.06539130059536546,82.95064620843813,41.88126804478266,24.544404841863678,12.885612970645894,12.629710990258006,10.141515896436387,9.05679688611399,6.440332766831529,6.240150035288476,6.609628959376149,6.460548957366628,5.0662902270191275,0.04196783433045497,-0.7534215193453959,-0.5046160072331144,-0.03183807593458435,0.36037144471519317,0.07193916412253883,-0.00571210083742056,0.288512822959777,-0.006246236483645228,-0.2444685360920635,-0.06771452720713574,-0.12706798475292996,-0.07874027246977137,-0.0003870560397063532,28.983295080180902,14.68140309026047,12.222194348599235,7.732569922806758,7.974209019999429,7.981950642644957,6.457610523031332,3.5696536250426627,4.816936806145911,5.297511903239673,5.406364614869135,4.957635006187893,0.015621122500475202,-0.3548623593588843,-0.215290166071561,0.007417285883102665,0.03260912569961517,0.25924458731073,0.15873542022377168,0.015699188001585894,0.05055754334765294,-0.06040123752059999,0.03852271950300785,0.24690357443467773,0.15616075943314423,0.0002239237849911054,25.90782962332538,14.145868814571052,10.614801531619387,8.179112701249416,7.314137249110084,9.539055056762404,6.988599475804807,4.205664226315091,5.409863399342143,5.967389645063291,5.629399660321942,6.16604455649664,0.011611341288846447,one,/content/speechcommands/one/964e8cfd_nohash_0.wav,testing,5.0,Kitchen.wav
381,-271.80557628843104,39.290516065574764,25.338351858902296,15.313109604818251,15.179337016363903,14.873516221216594,5.055036681190086,6.585187629387738,8.91211339604541,3.924955809461246,7.540083174789519,5.804256444679972,0.08873314736410975,84.16735091330021,51.31772022977397,19.771122134271337,17.423320550596465,18.9214360567375,8.93869668317045,15.969319332511684,11.500372916103242,6.2563277290604695,5.056172378145089,6.367732866125037,7.50356671905226,0.0809978489062004,0.028194122041301648,0.14238949898320938,0.16003262504621513,-0.15176607966048788,-0.31022974202981146,0.0562547638582449,0.1258436413119221,-0.15860166346253218,-0.14636225052868987,0.1451593233803848,0.04334622666623077,-0.3963445444019308,-0.0005365926772356033,26.4841626507425,19.289508842243233,13.608362382488618,10.37931392575421,9.566591798485913,8.527796379893518,7.404824226046239,4.916366672284409,4.707616922883961,3.7043974318973247,3.8579556367205665,3.51977382555863,0.025693194711267457,-0.5935408754464391,-0.020843212585434163,0.10674453186193797,-0.03733584750235342,-0.04552918535262667,-0.01355865563414304,0.18612902685309757,0.2133062522947942,0.38987757903471115,0.1293013395660166,0.10164806004389353,0.39454114976353605,5.9268934031327565e-05,16.468549584508725,17.62555798930887,13.882349894465449,10.958073925806742,9.223078022617782,10.659361116962842,9.989782560787953,6.83523633581562,5.222548338796315,4.8661511631941075,4.53310330961401,4.211134464611924,0.016535222648572313,one,/content/speechcommands/one/9a7c1f83_nohash_3.wav,testing,5.0,Kitchen.wav
382,-162.4184407332445,79.27624554680699,1.684847165216506,-7.063337045090613,-10.6632813277376,-2.5108744261149125,-9.942854832539446,-3.966107461677824,2.2546142442259187,4.380884784263981,0.46841050406939777,-2.0042720876777613,0.1113290386274457,58.613708760389265,15.01493410465728,25.775942409588865,12.77116090840027,12.92501034315791,13.837809330307955,5.854936122430075,5.2809680076223815,6.611539244478121,4.818482361571234,7.701903538475464,10.801980430629499,0.07183564719914123,-3.1079860446726997,-0.2808768937822598,-0.04949748786215216,0.5454258225541584,0.7355652185820611,0.04742524115431977,-0.21936951493642007,0.15807694609771678,0.43154825069892055,0.091380755197133,-0.17950612112040976,0.183717414012675,-0.0005280471617175687,25.123262009393994,6.595414114663179,10.531990113021402,6.276996639295582,4.965115317996184,5.559425244004996,4.099835556701742,3.8617166760153037,4.606577255334324,2.7508941485418674,4.626921279026113,4.408365080665234,0.021573562896602054,0.32517419830793887,-0.11133941377464586,-0.23268526212349094,-0.5026085402610504,-0.15349292917556678,-0.025720201046089807,-0.0002154043614635152,0.24506782077400135,0.23340846834046022,-0.031759804244925235,0.25979046305245945,0.4161786107698114,-2.8058265646298725e-05,25.327858033145322,7.504607686483714,8.795621668077118,7.142180568466678,5.971992861367293,5.047876145859466,5.311135015760726,4.273581604787271,5.521067030452401,3.6523661985654856,5.383268002096562,4.367057238147713,0.013244053774713584,one,/content/speechcommands/one/1b4c9b89_nohash_0.wav,testing,5.0,Kitchen.wav
383,-212.98831270194557,59.491984348156535,44.82987062345518,1.9862013121636886,0.13221227720717305,4.582262578267126,10.902751791283727,5.383402786892873,3.2726937995920258,8.693761178270993,7.612352049652297,5.398821911325202,0.09914703335380182,87.72188446082295,55.399120215107885,31.53954042479958,22.338659491354058,19.730138538099965,15.822163191669217,9.872684918741566,8.306431610611362,7.95078261688218,5.7399515416944435,6.73751164383848,6.104356798049451,0.1230859645326486,-2.31448250667639,-2.0565745698204503,0.43029774379424307,0.9440348846016815,0.37589815258797116,0.45822085120374373,0.8713564488853709,0.5811308102913915,0.13427646917940686,0.3480138418686585,0.32868482477853717,0.14337294452733468,0.000125265650210842,26.62967204664361,18.804565218304585,19.120498745662502,10.3516442981761,8.649809265248756,8.502620910996482,6.9267299332847925,5.559567150863885,4.188127713282559,4.795341318081762,5.2644919621035955,4.465979150643941,0.042402105357444854,0.2288569635445545,0.3527445412170876,0.08012799399687319,-0.0416737812946747,-0.13508657084674278,-0.10230383813114585,0.19897007998967034,0.2378067963439633,0.17600306942133728,0.06266693955399874,-0.10528127584664095,0.08213493444229816,3.3443234860897066e-05,14.089121727794621,13.86374638382361,15.744212066927474,10.473951667357788,6.700556840426935,8.980179036466179,7.190161725274202,6.268197750274987,4.875966675909886,5.880088152842297,5.930050633632737,5.324487710011208,0.025244496053379722,one,/content/speechcommands/one/d0faf7e4_nohash_1.wav,testing,5.0,Kitchen.wav
384,-276.4643569353889,31.048633986962965,31.656366343425113,18.226642876548382,12.659477457668554,6.633999426103661,11.489684329707842,8.746199563228863,7.247622721705341,2.2627947070401646,0.4457620576835062,7.9438678764415425,0.042631804768461734,35.729202323397026,33.45798202634631,12.493643689851972,13.522936005688633,12.603268941335646,7.528075428468264,9.277071902559568,6.776474585860747,8.177048451774192,7.913953991737956,8.4071580459179,4.432059584601328,0.02010289538545575,0.9444229142219419,0.5426880490700821,-0.21474953899940102,-0.49709325091973366,-0.5058636063017434,-0.3843436589021063,-0.2166588184973261,-0.07302566203786719,-0.14628123386137482,-0.31753937067130006,0.10156882762820041,0.10081570412454868,-0.00019051453038569418,11.957195009864593,11.59869005039322,8.149362320886146,8.183835818571229,6.813147601612122,5.444706403925748,6.174137080989385,4.976983428483505,5.960980032812299,4.883916119255316,4.196066291928131,2.9112347181192564,0.005355495597094366,0.1513788217148715,0.07602620385120412,-0.23795916756370683,-0.3475963887789024,-0.12582739329218462,0.027265921899734202,0.06716861848984479,0.15538244962076372,0.4178420294089746,0.20814265552606548,0.04241530766008525,-0.21914078968795714,1.0634399950504303e-05,12.040293255398886,10.930935675767962,8.101390458259676,7.511614124231366,5.974518579891633,6.248745181496345,6.631450634380978,7.142457532587285,7.291507529178734,6.527636627408715,5.432277129480888,3.8129496808176038,0.002835891247562644,one,/content/speechcommands/one/f292725f_nohash_0.wav,testing,5.0,Kitchen.wav
385,-232.57870170074864,43.69219511833744,42.07454494266009,15.10859418723777,4.45223254372051,5.687434274566228,10.102389157184275,1.4585446796572852,4.471970873806116,1.9416340166540533,-1.1322119161565087,1.088938929330928,0.0878607850172557,91.348616152521,57.74474158440502,26.00593647913055,21.747928265643438,28.965662555968926,11.399709967131821,12.135123765113635,13.503893708827462,7.603142940751897,8.755258276575066,9.511255371737224,8.424269286274182,0.06785425781202505,-0.0788636180419644,0.10354071667273097,0.48207199355306285,0.21914189953550606,0.11990985875854286,0.11419275507641095,0.010474003650413335,-0.018413332384777357,0.02564212742785191,0.08145671842943035,-0.2629155325095885,-0.4489494556735312,0.0002435368876303396,24.020929001726333,17.82426740834829,13.578167482337252,9.421390825642531,10.540971544961998,6.617158113835509,7.876442646523573,5.992654206911886,4.898848682052943,5.333615180496464,5.840953400865109,4.800160295773111,0.02212073045516305,-0.0812284448689032,0.1077328733503896,0.17805133445888496,0.2541560805023931,0.18917892470196992,0.07776283891361005,0.13252187993443368,-0.12229717725481143,-0.00981401996936236,0.17118650549939793,0.3115637370425859,0.06004020869686955,0.00019721873104572296,15.541140070126032,15.270970806890661,11.343882661519595,9.786903540734953,8.588065513778405,6.925424307693147,7.403958228188953,6.710949855672927,6.5945414126817035,6.704812272349431,7.275708890347482,5.912550654726323,0.013579636674520282,one,/content/speechcommands/one/b49caed3_nohash_3.wav,testing,5.0,Kitchen.wav
386,-290.5448842141428,-10.348040018732117,39.680598364465666,27.69607753887335,18.56304211057607,10.969055676163052,15.833193521333765,10.320865474907958,10.259480581414419,8.41850264079685,5.089092876992341,8.866581958335217,0.035774365649558604,68.12455915332713,41.91485477153936,12.457046182695432,5.311122748504128,12.78018213256878,7.669629092298305,4.677836836404521,12.563289027413992,9.220762253380736,5.711335446485089,6.631126083327402,3.9275416900564655,0.01796007359148902,0.33247122992902367,0.030078046720853256,-0.08699367306760698,-0.07571316025888426,-0.1591076028338124,-0.18638760817831754,0.08603312480955545,0.19534698051354138,-0.019590133244324674,0.03245451665878984,-0.03054288784507886,-0.0005802483419051655,0.0008698358170447811,31.107472003967853,17.683140399014842,8.615649892341228,4.267151708783969,8.878733247197012,6.391237884793391,4.628379194309762,7.324140326266515,4.401997899651637,5.7590332075236805,6.227955653725585,4.096668689057479,0.009018678289898207,-0.37420109420099457,-0.037939864080785195,0.20247172414655903,0.010197132223185908,0.05282284465155828,0.15867043713901807,0.27751025365239523,-0.007456009779120798,0.10131922170044252,-0.12093272089232372,0.028418231996270322,-0.25623380235678916,0.0002001833791534106,23.824736341978056,13.774133193048792,8.889585288550887,5.226127087121008,8.830440272104864,8.591316041578983,6.931158964130041,8.464623988909125,4.602233137833398,8.190666593427322,7.7922963499797575,5.784584721020013,0.006456253697721327,one,/content/speechcommands/one/37dca74f_nohash_3.wav,testing,5.0,Kitchen.wav
387,-321.26782344014595,5.519057071425861,40.31122359543027,26.190426064355222,21.32484512558369,13.539209077788442,15.155506210774295,12.21655954394447,11.73706825710426,7.502294439862384,3.8534261813363835,7.8460146422671135,0.050844588316977024,15.469143604506886,14.174146572504295,7.852968506644583,8.594224537588262,4.953946173271226,4.184336588696222,5.2690014944280374,4.1872047393252,3.2768611655822752,3.215348260006287,3.8607140929193116,3.060015796916645,0.0068738406582245105,-0.01323769855805091,-0.1150788689839263,-0.03273181456840906,0.15903920723402445,0.2566954483839991,0.13220473789376438,-0.17445357020155935,-0.27969609919858335,0.03824710913506677,0.1510616243320731,-0.109847692485288,-0.019115707396368076,-0.00012486331885860812,5.941853720285127,5.300928857190712,4.560857593305635,4.977377266078645,3.504378491785349,4.005809133197283,3.688653166069211,3.354505141375752,3.33984377596992,3.1555136769334013,3.218944341622907,2.337460713911828,0.005939953305476465,-0.30634532118197816,-0.19420535845990422,-0.016185994525277417,0.10255483799623123,0.04520207439084226,0.11082348912184171,0.04723173189427125,0.18605021283870732,0.0746013801333407,-0.06282221344360804,-0.09023270643794096,-0.0974353218898917,-0.0001912576456864675,6.460695362344375,5.491912886281785,4.633441990935714,4.802862624885116,4.3490335972436505,5.2011164586150676,4.042480592412849,4.040383884641694,4.605232981253858,4.071734356911724,4.494347489407742,2.941333070939794,0.009714908047593328,one,/content/speechcommands/one/1cb788bc_nohash_0.wav,testing,5.0,Kitchen.wav
388,-299.6647110228022,-5.301738074950176,47.485495732369394,23.558148254471618,14.20535521482651,10.430815611488914,13.711491790628415,11.674400120871848,9.928400050005067,11.356158145977098,9.096691825302669,10.016805952331453,0.029511447850381956,32.51237479159513,29.122213366098848,8.679032581006794,11.86100637464437,10.31159357031583,7.749897654783137,5.59232953716945,5.3671226550638345,4.870401688164106,4.048284967805143,5.369194733238869,5.8672061218208835,0.012235032497760727,0.15797622381608512,-0.08968565918564839,0.054712997203818156,0.10190468913304661,0.13923919296135237,-0.2642984622223711,-0.34426836804803046,-0.07914594052927265,0.3057338459567147,-0.005165628737513644,-0.2277757593494666,-0.13216979914643961,-0.0010974427925482873,11.802631135462494,10.455882326512773,6.9445552406961495,8.446354867998087,8.074821574378767,7.276318949941344,5.385005749459037,4.012657061709171,2.9949624725916566,3.4759192072565326,4.029377598606165,4.438680931757999,0.004200269867752436,-0.23166533219726565,-0.12012966021623459,0.09669788493331145,-0.0098589549812291,0.04858955025389869,-0.09930318416648791,0.03258005307799217,0.12428073084368858,-0.056737102295628894,-0.23580824704057393,-0.2706502537898424,-0.19736199999456544,-1.0347738862037658e-05,8.260364498180394,7.940859818459955,6.851935524726783,8.665676708294432,8.990285290885417,8.434756357380795,6.629303391923549,5.193835599687674,3.981112502519005,4.264811648449984,4.380560244586637,5.272999149949468,0.003004721719671728,one,/content/speechcommands/one/d91a159e_nohash_0.wav,testing,5.0,Kitchen.wav
389,-229.4280667438726,63.20669059686347,50.60141987974638,6.911427210480673,3.151298842391289,7.1664504193234695,18.160850221769397,15.22968311280104,14.547240909988833,12.623370718437897,3.745798531950864,-1.0273262717221745,0.05739995482144877,41.86932743382138,26.847490156040777,15.741376649872345,9.65526869819294,10.527167477910043,6.156176821986185,5.901571102766154,8.219988355504578,7.453612118599113,4.377253862848014,4.60196722950568,3.8948140546752783,0.020553560255826105,1.2863741886054274,1.4033124554229686,0.49611424971768897,-0.04814030865564471,0.027840998521136334,0.21167878325461248,0.10700563401596883,-0.1892944875932661,-0.5125538288441079,-0.4080856981074669,-0.5376580791505012,-0.42873161170216073,0.0008783618048314125,13.029445534067504,6.079691851329682,9.957869191244816,6.942420178683433,6.90278272887519,4.182878057600386,5.84349245323927,4.413753117445974,4.53261320744468,3.896867464444075,4.299064980843342,3.059660080824113,0.008313240020996602,-0.869628075834827,-0.25050666667221244,0.4162258820830317,0.33100309142567014,-0.005426448659193343,0.13995369100545282,0.3732172625044464,0.16999121305220474,-0.06055143729169048,-0.15727548368400027,-0.21807906705799515,0.004577031314620713,6.500333547592163e-05,9.28306574844992,4.954227489499939,9.209459743603857,6.364450373511055,6.612979214169328,4.968816547075159,7.709317246979816,5.712385553501885,6.522584365703939,5.4332480564791945,5.635833049693492,4.227744519384182,0.0067083575281625535,one,/content/speechcommands/one/adebe223_nohash_2.wav,testing,5.0,Kitchen.wav
390,-241.10811311951952,58.438097960834796,36.37817608614141,-3.0169349627480706,-9.808315711858459,-1.043851565877576,6.816880719357745,9.572019201178882,15.18791532352778,16.54192973064047,8.47955848853151,1.579195366508553,0.08158781009842642,57.387683355039655,42.753625883019744,13.896383009796248,16.501946431417164,23.11425655384222,9.988160956204856,6.8965264876469305,7.478188376312744,6.176394714485839,6.18286280539421,3.4446656991474383,5.21666636640235,0.07310786324678074,-3.1256821525608776,-2.21263238450367,0.5302545587002033,0.98260080033686,0.48767515932629324,0.25476927148353357,0.43798229323118365,0.2815565635805517,0.22849209623796474,0.05821954554902575,-0.08886434496048022,-0.10465697342384331,-0.0011532449073368503,18.64973668236155,15.297908131549685,8.710619723960463,7.469197067009022,9.732241743298971,7.096021399221986,4.725009485338944,3.7171070509059954,4.092395003539148,3.7302111147312265,3.323698427759262,3.297546942129061,0.02439906075544151,0.07629183695875857,0.08387057383880338,-0.11226322727257845,0.1517099998904337,0.3048948091083345,0.12090155671265083,0.0881687222447385,-0.2665429922354619,-0.3411517259913358,-0.10400412501729181,-0.030968915394943775,0.18683969332908343,2.9522677262624105e-05,15.125101808161558,15.575351062731736,9.575398864530946,6.494762342384974,8.146660171072265,7.418232971652771,5.415644528597392,4.157648343365806,4.493414005922853,4.359715111213194,4.806962763164708,4.2069593557807945,0.015799871189282576,one,/content/speechcommands/one/5e3dde6b_nohash_0.wav,testing,5.0,Kitchen.wav
391,-183.94292854804925,35.90347895150568,18.943053345423344,9.902350654977102,11.54431717716087,3.196554636501614,9.805740301724201,7.141525779466624,2.8804030364318844,2.635130991262995,-1.2433794491232533,0.6037478778024667,0.07887004839722067,69.30154188846116,48.15859907687008,29.601636701674746,20.380626083801964,17.461570676046442,13.966150465726225,9.364900710311867,10.937849133024539,12.961485192664815,9.745482526563798,6.793676877072309,7.291772130790243,0.06514442863024365,1.0410769335300138,1.697623170116029,1.04638884698642,0.7490735818855909,0.49760973721304197,0.35144160516038836,0.19945600018816748,0.17765944979145995,-0.270596192001383,-0.13196072987717908,-0.05299247939258041,-0.22626829434149678,1.2774741457354637e-05,19.404938611585838,13.680804197755487,14.36345752500472,9.57684616312805,7.350337280424672,5.941003055575051,6.2076378383777495,5.3818647186028405,6.574205820795595,5.6922936982044545,5.4437961860002675,3.705293973825546,0.0198196051577282,-0.19823358564521906,0.021558936626194007,0.16595978488242197,0.07673481004869628,-0.022499031482497975,-0.03203511358282748,0.18455678672694606,0.10609567581913802,0.05264131791794711,0.28241224466770765,0.10862924640599293,-0.05799641356147426,7.181093096733093e-05,12.757446826438521,12.546823923915952,10.033518639068486,8.349860654855673,6.937485345923445,6.4810809030913274,6.441520286826188,6.072541311212122,8.286961046271907,5.559320926042002,7.0924823414879565,3.9867113446967037,0.009777303166267301,one,/content/speechcommands/one/b97c9f77_nohash_3.wav,testing,5.0,Kitchen.wav
392,-287.78887643409337,43.285592933612165,35.951584593294186,15.39440163954185,11.471213629408657,7.828756729180279,8.689945273915102,7.316185018049518,6.468007928800613,6.804235186793555,3.035906932357634,6.619690063785388,0.04745933203957975,59.760806593643046,52.82705682338044,18.633714374164487,21.177707205306287,20.954934830083623,14.83737147389522,10.68015321678684,9.7307902776544,6.474455092079382,5.7148063430913885,7.07342593168562,7.770474397872653,0.02314701480531351,-0.29864810871880315,0.34884414758056065,0.07896179694881446,-0.05602423384135677,0.4343296966191646,0.18461465222557327,0.03852142441742894,0.009399778085989947,0.17343683580891686,-0.15253620760215597,0.051093241305163586,0.05483043847331525,0.0003520628257143882,19.014784275626262,17.016093878650157,11.639213825341438,10.565701105444539,8.486015454396423,6.606521899678819,7.28705317930982,5.759842781154126,4.237577830363842,4.02409673650206,3.7209037191395526,3.9747838981917845,0.00814254606098092,0.025689932803688482,0.24365951197844465,0.07181118678653155,-0.030790861693636155,-0.07379063113710677,0.20170778916167506,0.1010192091425064,-0.04568515957463197,-0.11896082407781912,-0.1576200186417164,0.011334393309164732,0.13384351076952786,1.1345992485682169e-05,14.333130084246283,13.973380391124056,10.514154431494854,8.653432788050145,6.519041837653805,6.189629460014912,7.991590381064243,6.7716959218880515,5.4957958528915745,5.2876423533683905,4.168965672501982,3.911268056607511,0.005255953963110813,one,/content/speechcommands/one/fe1916ba_nohash_0.wav,testing,5.0,Kitchen.wav
393,-249.40231075820705,-12.832403090949638,30.108653788292834,21.953847024588008,15.042740670856986,6.91794422759139,12.44907516627164,12.463130004378215,8.580527263339519,9.700415601102018,7.275660502405996,6.940162651183086,0.03876168228453025,24.99425411502967,18.03053725530676,8.774795637841333,6.547486022237134,8.760557896933012,6.966886569055205,5.948407510682365,5.519706971125625,5.584310893213911,5.182364281482378,3.910428617848784,3.672595814164214,0.009507649747698632,-1.0880249122934857,0.08642063458482023,-0.20205337125154432,-0.3235956213915687,-0.018685513400748286,0.12482137561442289,0.20009368029711722,-0.2681963153787436,-0.1550777947556328,-0.27726612557705066,0.09073641370911822,0.39060899297602525,0.00020737777794561078,7.622474884857892,8.168875267563436,5.4112282233603395,4.014316374733333,5.6457927499986535,5.711764331888096,5.504935756667299,4.9183160108148725,3.8020355108503328,3.591090559817901,3.812051157274989,2.853824328026992,0.0054210828217658045,-0.29464482559866195,-0.0620254382057323,0.032535396141337714,-0.12518557207478953,0.13917004917937537,-0.002493113368312268,-0.0788512427152639,-0.1027860860164985,0.016141086660473883,0.07033826208994103,0.14373629020986656,0.1092037315106514,0.00020605909327665964,6.284845355847221,6.893542757108587,6.310444318753341,4.630427689571446,6.672167215044852,7.352979213697897,6.72600567980817,5.860156610583762,4.837604322957212,3.8834285067136283,4.860719174632153,4.06649218661121,0.0037982666719178254,one,/content/speechcommands/one/90b94017_nohash_1.wav,testing,5.0,Kitchen.wav
394,-245.40749970853835,23.488721649688312,41.072189786738015,19.39028536907523,6.479834176300706,10.345292373018143,8.397376983023012,5.9217948129404325,6.851098226423487,2.838088126733119,1.306445476927918,4.489488891765952,0.07161939097568393,75.91993833812487,51.73557394472906,33.213533054341845,26.287843134825614,21.04164575614292,10.524807359048795,8.357811757572197,11.451096846268328,8.790601570368311,7.687421231878781,6.147389256942832,4.66073226334029,0.06872698907342484,-3.8670794418892473,2.526820008718392,3.2634382878716917,-0.09462033421931644,0.4098729783344068,-0.6014009580377357,-0.6392023840658706,-0.4497496904372396,-0.12488595329683694,-0.22492108598462748,-0.07725172970418825,0.12362163535134837,-0.0003591357700286373,34.116173577793205,20.919545809207328,17.15665201224995,11.620672504879673,9.042756617655089,8.637776981355298,5.676305753708646,5.550704063936961,6.568940507718127,3.8347741053608355,4.245610324471607,3.9050735806806047,0.02572187870813878,-0.6500930490720492,-1.1510226002302204,-0.6415954253146616,0.635019484519166,0.3009270131908936,-0.18242397294831403,-0.045954253086032716,0.0315985456816378,-0.21832701432226467,0.013633713257479484,0.06723366777530808,0.026174103263818912,-4.9604599674542745e-05,25.210593838483778,18.412479666508354,15.102682026198481,11.9407598510506,8.634875763087166,9.953405236546866,7.689153361053758,6.203550109943868,7.421656884842649,5.004422983201523,6.177855994026285,5.4806328882120585,0.0168516276620763,one,/content/speechcommands/one/97f4c236_nohash_1.wav,testing,5.0,Kitchen.wav
395,-174.21101699102712,34.23508739845354,19.04143931031656,10.827291744854474,3.2080084029732556,8.823364663862385,14.92811476617107,7.176353048705643,4.180833878042957,2.043288471725615,0.7701074259494467,3.992639807346439,0.08829948568018153,87.05953071023166,44.49972672856412,21.925590871179423,13.670982137510626,13.99186478274351,9.81400012385161,6.981229106569998,13.9693121299396,10.465845957689059,7.082931086346111,7.564126124759518,7.5434518088049565,0.09244978725449379,-0.622617493445802,-0.3780360929320119,0.16712273718312604,0.44705547948252694,0.692656319161934,0.6354608057060434,0.26304228998659385,-0.3280035593871923,-0.8721697022530314,-0.4161028916813453,0.10066144842927369,-0.17863423626192756,-0.00011202927318311507,29.239866759944412,14.621057445548495,13.360149523346248,8.510040232588171,8.261179171825543,5.304837240419681,4.725546770193116,6.753751365951518,6.976718224129121,5.363638330850911,5.171307361639489,5.03346653410702,0.031868802113859646,-0.9668153111204352,-0.4449799711789619,0.36312965898459937,0.37986464400327874,0.09092591563811941,-0.12825687101678607,0.018752249672821127,0.1099047694102043,0.16361700969529405,-0.08947245266720501,-0.28280506653782145,0.088335154106243,-0.00020284925897916158,19.482177765931887,12.944380167708127,11.140005500458923,9.274348444935937,9.44429145131262,6.82688091439576,6.245898469607067,7.131649054372835,8.806881311731733,6.238821953601491,5.89706316101807,4.943011744415787,0.0185593353803102,one,/content/speechcommands/one/c22d3f18_nohash_1.wav,testing,5.0,Kitchen.wav
396,-254.01700601770023,46.38054794850031,34.26433274974225,21.873344447764268,9.324715609658009,6.089879229933698,12.16836692267401,4.769425397701564,6.940591349379985,4.523726645832603,-2.938341534130677,3.2858574144643193,0.07332945108646527,85.67410470490486,52.0995456807909,21.504348609154153,18.9956295180616,26.394680729500838,13.861245295190331,9.587177712448264,13.16525010585618,8.324038452888209,8.354108235452228,8.038283112730587,7.835879465547015,0.051973010719473925,0.10482479523040873,0.27799993918584553,0.2537517798204896,0.2094727450055346,0.20933287653845686,0.26431009287709967,0.1138094469553816,0.21280308381164723,-0.002592167914099126,-0.030858136562854,-0.14695775706456093,-0.02287179039073101,0.0006906939370016898,22.020839568268798,14.583080839721399,11.272955509369613,8.196062631414295,9.661265853404979,6.1685369462215025,6.456596135583171,5.395181223890901,4.844784109241701,4.383821026675294,4.157107333615507,4.653263800364187,0.014857402289281833,-0.20400496535897333,0.23811625189959026,0.37718916435422545,0.24369614251334534,0.37578652552414826,0.15747382985805097,-0.07822487017475872,-0.09907343352689128,0.12028822317805617,0.09438057885660625,-0.041744720504697005,0.1701832858106393,4.4411358733971916e-05,11.517960777999342,9.284315855409572,9.834789652209691,7.604660289836842,7.441512940367989,5.953056345093022,7.2096393378204775,6.20951857095608,5.932536340802973,5.639497882112944,5.487538443271015,5.943415443273364,0.00720903034584722,one,/content/speechcommands/one/b49caed3_nohash_4.wav,testing,5.0,Kitchen.wav
397,-156.27560320760875,24.205968966479677,22.61730019228234,1.3936634641794767,9.22060702699757,6.419452675742729,-0.9151851815457472,0.5053561222661573,6.089198743377617,0.19473847177288528,2.731865015387939,0.4225874425375394,0.09464733325876296,99.19522452573563,36.49381223317878,23.85841591745728,24.086105466391622,13.542957709239815,10.691320283005075,11.406817771350399,8.153779387487804,5.142968484605932,7.761537277496486,6.043741094575709,5.527198895784427,0.06558245530692722,3.557191224467336,1.4388289005176849,0.5280506345787699,0.010696379910850824,-0.10135131447896312,0.8941620196297049,0.8897427123523057,0.22059255920950266,-0.38000697971606295,-0.4223602351381946,-0.5935656110932555,-0.5810441502315301,2.1777566402189194e-05,37.42262810819394,16.76751985842246,15.773278471545854,10.517871638314167,6.88776150576175,6.884061400889662,5.974521627852253,3.196598725321125,4.3971847101264485,4.324535693710662,3.232687572505489,4.340266419937358,0.02078429111303256,-4.727284479298191,-0.7484312532076889,1.4414052168911742,0.3486301470786601,0.7627392598841323,0.5268929913418096,0.44835423162721333,0.23932149257434573,0.3721179492371259,0.18793362324921054,0.10524078834033437,0.1851232423634211,-0.00036121755838394167,23.578361604646695,14.616421451438343,16.34543127616233,8.871909932338552,7.5418761527428915,8.181903499337327,5.926042188548985,3.454658176393315,4.994804864593147,4.771474027353067,4.464616526760343,5.670340776411589,0.013901661147412347,one,/content/speechcommands/one/97f4c236_nohash_4.wav,testing,5.0,Kitchen.wav
398,-292.5641096214796,2.412512819848801,46.900739291468,18.45413889196411,8.966893105901697,4.969340279969521,9.206164393174491,6.611043247993464,8.088783431325325,9.59585141113163,8.737610601218933,11.716576276012635,0.0300775648211129,34.12068634496433,31.745918212556266,9.445955944524957,15.27923709089392,15.084723637546874,10.768593362665415,7.658676041829501,6.725322489171214,6.029592737238994,5.252521006244273,4.028836408582404,5.115511268229959,0.008623691596358955,-0.08098015578579795,-0.16170315980703287,-0.11279873049389633,-0.028666348078817485,0.029592612014034153,-0.33384339789828354,-0.024600571468095238,-0.05057636427739036,-0.28187658502031016,0.05982419530375203,0.07552323525143581,0.05377838284958494,0.00046259266955237237,11.452969557265188,9.402872308564836,5.87284816545733,8.717646983952122,6.168939171257265,5.240356713881845,4.563103704612019,5.338518495364102,4.610712062266605,3.5737661834655112,3.3538368579740885,3.8619832706572317,0.004596607713195394,-0.5344761907582533,-0.14656498180513372,-0.15483471163262857,-0.09563419426150226,-0.08037360939247495,-0.0960984760704072,0.08221976280276652,0.21807787364335057,0.24607500220069395,0.20403247648819,0.35698280365099394,0.11365668989450099,-8.50120559334755e-05,7.931277031835425,6.972625778338266,6.422399362094522,7.60117497109026,4.893229504838774,5.433549763146684,4.679524497337842,6.374658241235235,5.28666945051709,4.318146224097131,4.673302336203673,4.588618165557343,0.004002756968858392,one,/content/speechcommands/one/b11a05d2_nohash_0.wav,testing,5.0,Kitchen.wav
399,-184.07107191910617,75.63034273796282,42.033635050984344,13.15836873524729,16.18899163547672,13.05262556612166,1.7586166279538242,8.214884725155638,14.769659176522364,4.5601529683393025,-2.19055745088434,0.022766118187309226,0.10158284427598119,52.97278448877975,20.485745499798405,23.88702820436333,17.187438242351334,14.112004036511708,7.299417494765521,13.677143222491885,6.4747366089182625,9.370421154340479,6.294511424484158,7.941939915266256,10.093665820808686,0.06809532637126654,-0.11247903556864507,0.49972619482181513,0.30766269643059785,0.010281434960711705,0.43392589203505305,0.13231371672052003,-0.10542513572632488,-0.40537374982369306,0.22345342460531678,0.6551283529675417,-0.39743020151447517,-0.43032722403584783,0.0005580037832260132,23.108140785431704,10.914793431957726,12.993010702917871,9.16135999391562,7.142671384690789,6.049838999681155,4.853324037274678,3.634886253425599,4.751949113858796,4.135641899072503,3.725335496552931,4.317206514627812,0.01924249529043182,-0.321826995268835,-0.5486563059303632,0.22653870448922883,0.5494653663874255,0.018830748162054788,-0.48296815964660583,-0.33632181719555526,-0.07671452392656782,-0.2168809256427463,0.06438759559202174,-0.010004818607751369,-0.24387226819163818,-0.0007097682605187098,17.166331401593098,10.480941959943378,10.071210271883658,8.142120181717878,7.101779794971438,6.701981502639667,4.86308947183647,5.027079205698148,5.547502382490259,4.70278763210998,3.970573502842898,4.607766142429517,0.011003551681456558,one,/content/speechcommands/one/6021f08b_nohash_0.wav,testing,5.0,Kitchen.wav
400,-218.69226671985598,30.75292777374095,30.517189804754388,18.27361737032465,-3.303534612849538,4.8998704120273615,3.4229192664968764,-2.0780628917437234,2.350964722089863,1.7897782322463813,-1.006474325560763,7.830672115305321,0.09594672685489058,113.18001856601093,46.94285302483918,47.26416701948156,25.15167793219378,30.93515907597445,17.065406663571473,12.934035633099548,13.607043827759135,8.340531328675388,10.193612596579108,9.29870216991425,5.659520171561764,0.08984239299709117,-0.09109934605145638,0.12822303631389292,-0.19414128647456325,-0.22005213448346178,-0.18237409692715825,-0.19516754469440348,-0.054430704464761545,-0.15438477443173187,-0.047646018004640314,-0.05454540598388142,-0.07719065804229235,0.011629578554909039,-0.00010857665010036961,32.4432997257455,17.31206027595039,18.848569757994078,11.80567486158183,12.66745032117198,11.096865565260936,8.442151203116339,6.663507446529822,5.062641179552904,5.745651536042283,4.920786072745775,4.383191024921734,0.02920969695007993,0.03651337873291709,0.1187164098545947,0.19271941866936285,0.1167015776948792,0.021100312539308892,0.04417087557830778,-0.04180719322204034,-0.0008738340428960711,0.1728793408789512,0.010284810537686677,-0.07934197339207406,0.054844053601806504,-0.00045323986560106275,22.13244822418701,17.950741159905558,14.10837170668418,10.614458350296262,12.112672801754675,13.616564936315443,10.905662723910092,9.270967468003391,5.7733405863251255,6.092840200586142,6.616126233388724,5.549120900148714,0.01841178450341243,one,/content/speechcommands/one/8c7f81df_nohash_0.wav,testing,5.0,Kitchen.wav
401,-212.5312771219903,55.77850491824852,34.64285108756541,3.690762647055846,1.7939109825989925,1.0499039791647033,6.853671616458449,2.2257787061236627,-0.37419922167888886,3.5517619873361936,0.25570215264232765,1.5761939808924041,0.03518286603502929,51.01513416463577,27.83550572425101,16.408577882337028,9.181730622606503,14.620020371089197,8.868366162002305,6.968302596056087,5.778532455943406,4.175436148356743,4.863843531572302,3.0221275432782377,4.16521630530035,0.024853297323640756,-2.1886660754765384,-1.6966501138490342,0.24351363773696996,0.7102577277579527,0.4591008337271487,0.23560427130747,0.037447381171322354,0.08878990447898918,0.2999950544045482,0.5584406077049605,0.14589214718676474,0.3746631879390319,4.6859667808921246e-05,21.888341210690466,10.527279797373508,10.493220055009997,4.772190131131861,9.03894422446304,6.192242633612982,5.753136104062826,3.6174218739997217,3.921091597474049,3.5756095864437096,3.1591221004869174,3.4286981565753285,0.009336968714238605,0.057078838277169336,0.11745095173617599,-0.3354560891826391,-0.18872144937233729,-0.07280166529586515,0.08950122779712041,-0.05204933584636309,0.08822145573172646,0.1926464302180742,-0.1446673741086755,0.018947960840709335,0.14771246775400926,1.6590078862813803e-05,17.86564038894347,9.106710466024726,9.20954798226599,6.173917740691562,10.709042810945721,7.575552895915754,7.174097758596801,4.633050047672022,5.31897859554189,4.530510875193948,4.219652434371392,4.812390434948615,0.006537994852073245,one,/content/speechcommands/one/2fa39636_nohash_0.wav,testing,5.0,Kitchen.wav
402,-299.1869552089902,-12.333761957790617,42.80074781223604,27.252483799791676,19.241076600476553,11.089210388816568,16.308543140621566,12.171983382048396,9.93774586589347,9.268351354591069,5.87135206286329,7.326262699993096,0.02948705040034838,55.84161993525858,38.274075767789036,9.501054904085587,4.528025929878307,9.819656396097589,10.195830928968839,5.047993809049134,6.755810782357264,8.47470501249555,5.8163202523522,5.662003396691845,5.846950770081883,0.013459894546451993,0.14494733625308012,-0.003215933434901327,0.1454209540584063,0.03575400820521152,0.3137020072989089,0.19010580143974273,0.02795925005590852,0.23969478096866054,0.2551628322192992,0.2351049713372992,-0.060012360420826756,0.27625620777189525,0.0008203861333670154,26.49244898962526,19.556507959167533,8.581929915803697,4.632659509072066,6.7895420601608905,8.460903302118565,5.875718507196836,4.9348919440744154,5.33962899296131,4.957084759642696,4.908354795903274,4.225604021018553,0.006936692970739047,-0.1784949964207139,-0.10996168927312576,-0.00841682809474662,-0.032827996379314446,0.1856665412233499,0.024775851860629316,0.20617235555572222,-0.01796709791293054,-0.16593732829945326,-0.106192624021695,-0.09965540579376916,0.07303289166908224,-0.0002296116203069687,22.983918609430482,20.488661025465152,10.329369022971804,6.817653270845116,7.400409429848006,10.931428411245584,8.889000593432995,6.484765681431412,6.151808154217535,6.6074381300096094,5.738628663264264,5.1804993612076045,0.005707479694440842,one,/content/speechcommands/one/37dca74f_nohash_0.wav,testing,5.0,Kitchen.wav
403,-197.32355457867772,19.510498347666754,22.226325948116155,9.367600593503882,8.40075158979137,6.7091951519753135,9.18025229357282,6.227538178331876,7.574888140604781,2.356970885548411,-0.4408767818092174,3.200718661848488,0.054769640672020614,46.54991557325681,30.01659650812439,20.401967931867993,16.18727395955503,10.709349631705011,6.177408362761309,7.029895475040739,8.30873425730911,7.434618208370341,5.935602351294453,5.16105759996403,4.960245528870427,0.03584783551241868,0.7352285419309542,0.3829118314759464,-0.010877435750296238,0.5247162147208273,0.3076685031328194,0.057032919486183824,0.3727777901444206,0.1978629315092442,-0.007889918570553949,-0.19061086037047692,-0.3904620860702026,-0.26729787043487546,-0.00019370073512677225,15.78324763855015,9.650124787625357,12.350224920455911,8.72879452398296,6.691240909896633,6.132503380375862,6.0508629600822434,4.380102209587739,5.82295722099536,4.728240210038921,4.40491568694858,4.5315322642069935,0.011417056413542494,-0.22758521584396382,-0.4135050611469425,-0.31230440039690943,-0.041423978794340975,0.3128902286780066,0.13402531276335242,0.24478884553156516,0.401655743018553,0.26229075210416414,0.03648135478729384,-0.01940271469007572,0.12313726375440845,-0.0003077814355492592,9.667389584284944,7.065148597912642,10.256816697571118,8.286012073360189,6.6697976597537165,7.324947978465174,7.177936159431027,5.037892441223404,6.054927981296656,5.595230840812164,5.8023394475096755,5.955202303458226,0.007197397281798669,one,/content/speechcommands/one/840c366d_nohash_0.wav,testing,5.0,Kitchen.wav
404,-252.03254378907488,45.21772028760992,33.327526011017994,16.574500855545537,8.383681136244194,9.034707319310744,15.427738793536939,8.863309281710702,4.673473617644383,6.984270744050319,5.270400400858302,8.490540653650154,0.06488973859813996,59.713537016323684,47.01335826064264,23.894856173254464,16.904258898757647,19.662890846401027,13.485999756203524,10.773021079605023,13.685615313392475,7.66829442899592,5.057939630557728,7.401909816314893,5.582304038384553,0.04547647350907179,-0.3450804703189907,0.09936226168796297,-0.13050688490422438,-0.043426290341760515,-0.01706059106929604,-0.35270507417946284,-0.09328267300983438,0.30967177983059313,0.17437575259973684,0.028819013335817812,-0.20694894656410578,-0.24874950534162568,-0.0009854464461245844,21.197794214716946,14.271440737070842,12.879575177040385,10.669602046082247,12.11315119668736,8.535075669547021,9.355150298527406,7.795552791907599,5.23211241379324,4.614543323248084,4.319935510866312,3.733522806322813,0.014369175327195118,-0.10698314710646742,0.028716150086654225,0.06342682157483572,0.057285489939792926,-0.1738180995984075,-0.1919308029638437,0.03533604560167625,0.37750047888450877,0.24256165823438167,-0.09070246653938548,0.05056256073690194,0.0797294864137245,-8.891948188344637e-05,13.974939761279414,11.063936609317377,11.015582842702907,9.459597606810975,11.001783349778426,8.734113816411648,10.138110316704712,8.258035163544248,6.2889049742117855,5.43035646013415,5.983665910881312,4.837861583339005,0.007657926082747486,one,/content/speechcommands/one/e41a903b_nohash_4.wav,testing,5.0,Kitchen.wav
405,-276.91465840726937,-15.366029151336342,35.10858120324047,22.96913199538125,17.065892804233403,7.928456301251051,16.36221321998436,11.271989611007283,7.957582789767249,9.992487693545645,7.064404787340205,9.233269179201297,0.0361402923008427,69.58473947229241,39.23226916158186,14.463767060961047,4.311365096605881,12.986778389334683,11.046934437029808,5.15435080297687,8.265805252879433,8.292977859480633,2.734708687455061,4.815751439364982,3.823712826875238,0.014650806638692527,0.20224164004642467,0.1063637156610598,-0.07177577232228706,-0.16359755192942438,0.06184775881438043,0.2536313828060656,0.21425811337711734,-0.020850068414419706,-0.27204470989241786,-0.2014514966446652,0.24947425744622134,-0.035057954148553686,-0.0006876118000476591,33.663665138328675,17.684600022894433,11.867541520593264,3.642432177988886,9.512119565115697,7.691679152719454,6.117724495440658,6.350000931597875,5.636375982106505,3.3059061869294926,4.772650398933757,4.046309079876105,0.008357634645887065,-0.37145393099662743,-0.08779925841761861,0.05086967482118444,-0.041616855074529606,0.11744060659792042,0.10607239862274737,0.11085634996851551,-0.0012012033013469648,-0.055460392123576695,0.10248976329358009,-0.20904330835567017,-0.13494536769568216,-9.960619111855825e-06,25.42970781507514,14.515712816605452,13.909894714427057,4.686029059457857,10.207993675540914,8.999613873936747,8.651925394118782,7.657911647206574,7.08158832451047,5.293543134838257,6.49683070786113,5.813057066315105,0.006819626677798501,one,/content/speechcommands/one/37dca74f_nohash_1.wav,testing,5.0,Kitchen.wav
406,-243.44455531184383,22.648305590937184,29.49827749093205,15.460690169458832,14.477902794159526,10.01548706579331,10.533638472367722,1.2674239314571951,3.670254849428133,2.8983238946405088,4.184107604421042,5.959730406808859,0.0688154159579426,95.10851185600715,53.129575935378725,39.39980414157545,18.533025154037734,16.65779030883229,14.45410540704348,9.670514969813034,12.58474938019957,9.027580137303422,7.4457810748018325,8.412005358057755,11.210001733739466,0.06357525416629765,0.4606098615274842,-0.16568408990070724,-0.12801322006241814,-0.12381178363638401,-0.09367884184051113,-0.17517941539152343,-0.2288789748883792,0.10714184498880108,-0.043839727674947,0.016552802963763536,0.007188818124172617,-0.15026801764744757,-0.001065231318916044,26.388923787465277,14.340962830162866,19.229342829744056,8.360763584987495,7.880173114020219,8.701504682343625,6.599956868471753,6.993020037582784,5.545871755256493,4.8204685121538295,6.007956980069282,6.789801833895312,0.025108020016207117,-0.31913078501232234,0.13153256736900498,0.14914098846008816,0.13882574141123374,0.21911690461009634,-0.02178565164338231,0.17179013582083394,0.2734090259242817,0.3310271309405959,0.13722406010342733,0.18694332629946445,0.13052381397046778,-0.0001015661284327507,15.078692161674038,10.64050630145376,15.117431931710156,8.026553947385224,7.560802646719544,10.129048190823648,7.893276698048274,7.508462704136237,6.856823559902547,7.0058720791458775,8.363667106028517,6.50917808412851,0.018569848728386767,one,/content/speechcommands/one/cd85758f_nohash_4.wav,testing,5.0,Kitchen.wav
407,-249.58703021864227,39.169463796642304,48.41927480587656,-3.8006011710895296,-11.695081366532623,-7.384200434851232,4.6177465181912725,8.355784894636148,14.147288747655507,15.458739967175257,11.19736699628482,6.917552298827143,0.09602861478924751,66.0559038454144,58.21057308370447,16.254310556865224,23.707580245691833,27.29945529232881,15.465623074701648,10.445272093272692,7.890553252975876,8.142107700682576,8.47817053010414,4.034614328617534,4.910474083130584,0.11529302008947223,0.3752876420899798,0.09424405464637711,0.14106611215307285,-0.07965756018040007,-0.12675393902258894,0.0691862767030304,0.2329843091160088,0.15266948456109572,0.04605020920469916,0.1735190309886473,0.1955522800018015,0.010700845500619843,0.0002528743878487618,26.950995664292027,24.59208929117808,9.601582631469327,11.510538294766437,12.62739051451944,8.996539776323202,5.853214264187354,3.8215378296385625,3.938802544376699,3.896495833245543,3.730872105253022,4.224086224695598,0.04354239047033138,-0.36714854413445436,0.07450542953502648,0.35073971242421936,0.32145468145712935,0.04645171995035611,0.1305963161723748,0.07091746739357434,-0.11384004216354547,-0.14601310956264157,0.2521134397907881,0.18350902009810163,0.016660908490259925,-4.262899359067281e-05,23.614498628050143,23.159578793763,9.622877040960505,10.949660200715899,12.207619158315675,10.13761649609255,6.709583475964257,3.8140821083908016,3.381543048941781,3.8741742583845387,4.932219025201343,5.286420173991138,0.03196142872855258,one,/content/speechcommands/one/5e3dde6b_nohash_4.wav,testing,5.0,Kitchen.wav
408,-194.0262536950878,7.377951225994261,25.715534319005137,11.408541838536014,10.161398429547592,4.589017415575325,4.569605965036979,8.410688274901444,17.536588588701658,11.221852038577104,-0.6747798318867096,1.9847243883260517,0.04785265831742436,42.034468579674794,28.87348049507236,17.990045454892456,20.803859759361117,10.58300659809632,7.866693993161867,10.380480415824296,6.134188471813901,6.887247765662375,4.884575213781825,4.13920045762597,4.8126115970114824,0.011151178670786655,0.1598703592464321,0.3077048686980028,0.06477080173839263,-0.3671274197297872,-0.35107115321888277,-0.3013964289497338,-0.08752903603681132,0.19874305465113254,0.1967473702385147,-0.007950025107226614,-0.13663346050802874,-0.053619683116065894,-0.00029062155273652844,13.805464503054145,8.550805005723324,8.74540142056168,7.519715014446988,4.930235270450603,5.2667142249468135,6.092419362412746,5.01628037132406,4.7405049088080204,3.915898858001944,3.738068253039255,3.379277598094828,0.004251077140976605,-0.5294372902647656,-0.08953611156143874,0.1569801276889296,-0.03342697667122939,-0.08102405973480635,0.1779110664717308,0.1271504972837139,0.014891125386549398,0.024475284208916412,0.05802066572521222,-0.012049620445181727,0.2886640399532066,-0.00010959617793560028,10.18660696542317,7.526047939743134,7.047179348066467,6.192444147516521,4.7762986475114,5.577292372610834,6.436934569720944,6.225911748465772,5.890155331024783,4.946549115920679,5.06762149619842,4.8359920647290995,0.005092952517599417,one,/content/speechcommands/one/bed06fac_nohash_0.wav,testing,5.0,Kitchen.wav
409,-258.14941862094037,22.211287961601425,51.269768427266264,15.11656539069978,6.863252353014351,5.134854023362102,8.633335172681196,6.932107593303799,7.477320271947017,3.2742799842817,1.503594778401804,7.498440316567676,0.048308847355656326,45.35719724607915,34.93194210093755,13.635308206279284,19.427158344440198,21.09048715590805,12.216552204872345,11.367413347958498,8.574137273227695,6.0222871280154475,7.167992802713534,6.06692573222196,5.003813833437924,0.011797795918865423,-0.3919372662887781,-0.7062466229449126,0.030500714358374405,0.44310368705752873,0.5986770269115742,0.2680761790487784,0.2243773824807135,-0.22325716751047933,-0.2748228246842089,0.0378075825892775,0.23740218772939123,0.25097235758100533,0.0010821186006069183,20.047251997831857,15.475555598876563,8.684657345104284,10.6518131165111,10.201842882472048,7.953863533185455,7.092689502772851,4.590527269411944,4.333414057095391,4.4215285867338965,3.6946961761462966,3.96830488976905,0.00631573848226495,-0.2794139207813714,-0.313014628266135,0.3268865181448781,0.5556411399070877,0.4329041706972675,0.2049697151989293,-0.008897560120768115,-0.22414784687729566,-0.15141787877392415,0.01584369970307747,-0.052475920612150874,0.038464394428279945,-0.0003322274734576543,17.862197782524404,13.732756713344736,7.925641393455743,9.320563179813947,8.41290782569193,8.661629036331624,8.293146036663924,5.15075928602645,4.79788546315402,5.878359374929208,5.411117615596065,5.627285833740542,0.0036257258533561538,one,/content/speechcommands/one/af405b69_nohash_1.wav,testing,5.0,Kitchen.wav
410,-255.18513067058524,42.651990113554966,16.734079031094264,22.363900164841148,4.449552987093854,7.957322555513322,8.167236791434972,3.561488490561874,3.5857504663597233,2.85585022268615,-0.09483422355007669,2.553180662695078,0.06350864594181378,76.49699193527442,24.47102983115619,34.53227345884246,16.35101994268873,21.284844775869306,12.906400944693612,8.720471615672734,8.328209670066812,8.076118622516642,7.8637261206571525,7.821256426897142,9.137826699563231,0.034189275260210344,-7.201330216039462,-1.3620510963242827,1.502399437323107,1.1265629693438208,0.7200306959841659,0.2111154582104426,0.7610703788056996,0.2595420979441115,0.6052009787851536,-0.23379953011412516,0.908956117439209,0.6966805659639287,-0.0007934932095500139,30.53069087928838,18.023828667642473,15.856405943899473,10.148025250188232,9.661417431434536,10.656110817601132,7.003821093570295,5.017065569683311,6.2393633312490095,5.849809888173104,5.798397756614127,5.73407653553894,0.013370327905595853,-0.17415043366752114,-0.574733128404615,-0.11451382901904567,-0.16881871344334115,-0.008591684734641518,0.06464613118245197,0.19542685724371003,0.00556791722545384,0.1548375088704784,0.25296119087275815,0.2963621936296015,0.2269808026556102,-0.0003221891075372696,26.246047960098526,19.25753018393997,11.640223996467714,10.220917791513838,10.826303411886007,11.369520213841838,8.876040471797733,6.946294317224367,6.987681827669665,7.1567114151523485,8.105343860004343,7.631468923127009,0.008263242182113812,one,/content/speechcommands/one/44260689_nohash_0.wav,testing,5.0,Kitchen.wav
411,-262.0103845806135,10.493997444662874,37.29931639062905,15.744727659749003,9.346576883504198,6.305706017003257,11.166349420347073,6.8620809892659045,9.85646879505486,6.386920122789316,-1.6715971775194616,5.09208260175776,0.07368797046365216,63.49321224023639,37.12133927008208,27.877923015201866,19.717992844458234,15.871449054958987,10.268985872446049,7.534053021366633,9.344632769389506,6.705933404383388,6.718887548800782,9.053881098082787,4.3059108916421875,0.055336884892463536,0.1151730605448088,0.24728436624779543,-0.058373207798588796,-0.15319104309686105,0.5124918458722214,0.19367545411124004,-0.11565408072626776,0.0009501662489417163,-0.18639761261175145,-0.11621754463375458,-0.09991707159270767,0.24319612690399328,-2.642210212446028e-05,18.91157612948127,13.293923313112266,13.3040977537896,9.859917674371331,8.048633454928313,7.491804976278956,4.771876023843685,5.096535293142639,4.9980692008754835,5.045258654452405,4.3417460745582455,3.361304481037876,0.01669401570638224,-1.1447719213941676,-1.0493162179428563,-0.019275870622550192,0.34896645698014506,0.3759137588283341,0.3479558360861148,0.46316546066241737,0.06385466858694513,0.18898289799461684,0.4177064083433073,0.37764543149856156,0.20952865274814608,-0.00033560370405515035,13.257864825253575,11.4160024903393,10.2496133604487,9.246022787094175,7.952324550398861,8.413638557831327,5.323725645577483,6.523380544316434,5.495934579973912,5.987187626510873,4.3804540648503485,4.321974055478527,0.011615443092633378,one,/content/speechcommands/one/7257420c_nohash_0.wav,testing,5.0,Kitchen.wav
412,-269.869394103059,18.33229500947586,40.18894460851918,13.5942133412916,10.827065591628303,5.4041310645712395,8.162002689692866,6.464088593027979,6.2304083824481165,6.936911780208129,6.064068640328648,5.071950524663084,0.05399426049552858,65.20608261500176,48.899064280906266,21.34814029510833,24.406958389977756,15.588099268551938,11.016450583053839,12.367155181542056,11.521493091872296,8.100271903621763,7.235573060338116,5.252092893565207,6.404915270628831,0.01691821151911343,0.0915039505416057,-0.17731241033884546,-0.17285993674397948,-0.052428773015089476,-0.22454015973725883,-0.15814421132541828,0.4548308850745279,0.16363962613462296,-0.009020993253268463,-0.13495817156398576,-0.12552236754869522,-0.1262727842985085,-0.00045592385915017896,17.70441711782975,13.358678458730283,11.781489156624867,9.443753623918527,6.4507388175375215,6.059288395701717,8.251351653115309,8.214350993841741,6.243569572917034,4.997950672867519,3.8818036249985344,4.3070721506669445,0.007577577150855543,-0.5422964876796262,-0.34610018907992207,-0.1811768900855328,-0.09945236940407985,0.003950461395089396,0.0733140239800659,-0.06246375403552064,-0.11769364108116775,0.11461474599415264,0.16843788627602596,0.05933413586766849,-0.0292796036876713,-0.00013531073927879332,9.930529395452506,10.35351137708617,9.430319432797287,6.495249442880561,5.950461420151837,6.983718537475813,7.968495774310724,8.793369116015967,7.569110779573545,6.27236561399241,4.779926614762857,5.3390208144255915,0.005894773765244914,one,/content/speechcommands/one/caedb73a_nohash_0.wav,testing,5.0,Kitchen.wav
413,-121.61632985257503,80.53084641978879,-16.086428783374036,-35.25930067260808,-2.130544233747912,9.938256682450968,4.2306933966874976,-0.13975038756089903,2.6508926595427207,5.376435733187101,-1.3348198068275994,1.639210480727262,0.14986449892499618,84.62923757677724,27.89461479596919,26.065109065784892,8.236252105795886,18.21249620563841,13.846932293126423,12.804643602104521,7.9557883606346325,7.218309688978385,5.806515474509961,4.652204824837848,4.658853477698438,0.17333035699506863,1.1909765426346755,0.9985109276867914,0.0513369224864107,-0.2722022337980994,-0.057599657144991524,-0.4151813887145715,-0.369974154862265,-0.15486004447918342,0.10493330115028954,0.09785707693978771,-0.15230349195614037,-0.12552222529794646,0.0005794110949392672,30.27554666145752,12.508290995837463,13.737767885007852,5.784093844245418,7.67229134598488,8.958559409553322,9.872363106508843,4.471563359248588,5.634035446231166,5.048170509561628,2.809523436350853,3.5075011368214524,0.06516704923454894,-0.6840626099381595,-0.524660661444037,-0.12697450996863344,-0.018206865061524323,-0.07682174908582194,0.18910457017881177,0.22065740928853797,0.022503899633254224,-0.18534301831264627,-0.16520360415947669,-0.13529080990233056,0.0025999215063761127,-0.0003743799260029426,19.40095233429218,13.257451471063114,12.434935900716809,7.709750679636454,5.367452216209016,10.323416984632718,11.669774391758407,5.878589742797727,7.167455950769145,6.042495541920703,3.826202133661145,4.190858879866724,0.03934112171313878,one,/content/speechcommands/one/0c40e715_nohash_0.wav,testing,5.0,Kitchen.wav
414,-224.04965151166687,63.93214863101404,19.169698330462737,22.216153214248216,4.930747030946884,10.005336958555267,3.142384099736007,3.431680363511078,9.933700329976233,0.24907433493511333,-0.1202058044334631,1.7295747359223923,0.08329815062461421,83.66619349289336,18.521840694271084,46.639850473898875,19.70235744589534,24.574390248027882,12.790121984127879,9.829774499657459,7.07277521869459,9.65492064419985,5.802429874133551,6.011688368226871,7.2404080965339,0.06144285378678662,-1.315372147529784,-1.234001033550752,-0.5213675299529718,0.13509748125103233,0.718035324575601,0.6961051878487248,0.26717620301115125,0.21702533567100862,0.27681452121325834,0.017818383215501794,-0.0817515116377527,0.45428912354656453,-0.0011308666078313704,27.711289883390727,11.365451560635815,18.469205045485257,10.408745214883373,8.965739741924114,8.74800249853813,7.342760274059442,6.029614346905284,6.734091039522518,4.3650959061853545,3.088872398678039,5.661365744318794,0.017151077754157956,-0.45282808436896477,-0.2670713062677848,0.003711160244714525,-0.12683687161180685,0.14484478428660338,-0.05690558770290088,-0.031404994903620025,0.00770075705307347,-0.25859034768611466,0.005834739846799172,0.06137721493353802,-0.31140068803519216,-0.00015060771256685256,20.870717048490302,13.17759230819381,13.850974885915132,10.793802793690897,9.542966823157558,9.260709696506431,8.943105677858362,8.33405094932848,7.230460363899945,6.297337477337877,4.35159861461142,7.6451190161229885,0.009284085332308506,one,/content/speechcommands/one/42beb5eb_nohash_1.wav,testing,5.0,Kitchen.wav
415,-241.2593071645934,40.853072980903306,42.064311826217505,14.521625951533194,3.702188493751924,-3.333348726538383,1.8501912662100972,-0.3675822743049721,6.43971399379647,9.313010046027724,-3.2827772252164027,11.343528714910434,0.06288443232188001,87.19021757934966,49.63071667509703,17.856247783612694,20.91304005828365,18.45364140869922,19.43041475147126,8.888515167113045,11.868602829256924,6.679362548461637,6.892075991094357,11.482007628601027,9.503174618922309,0.05137945256464554,0.4332278746050483,2.5563167255114707,0.2972752488985488,-0.5019604418946997,0.22042411433360581,-0.26036547307456614,0.08916290874666226,-0.4170715023724383,0.2983549137656862,0.46450884376004764,-0.6597463681518191,-0.24136098660963637,0.0004252861103703899,23.126366183398826,13.704862408294552,10.916202398197685,8.84345512998873,8.275737568089985,8.993016965873162,5.708195351054,6.092278809404836,6.562041472085844,4.818499308966763,4.600067308342032,5.8083960408999715,0.01667514917181714,-1.1813380328982428,-1.028591155765368,0.45001877937029433,0.0883561497204095,0.10822350872305835,0.7773468644976905,0.0975216658737434,0.5073855141161102,-0.07163532798479212,-0.11117579557635336,0.14414367545426898,0.0657950161615592,-0.00013221446424722673,13.32822551075494,12.88011484573443,11.566235755710963,8.464718474063824,8.785947791538959,8.654306258053257,6.928823218888141,6.842373290436729,8.410998267348186,6.74466088723805,6.568772012212583,6.895675733664166,0.011496803216528401,one,/content/speechcommands/one/1093c8e7_nohash_0.wav,testing,5.0,Kitchen.wav
416,-246.96264233094047,46.91663904265347,54.500827553768474,3.29138822583367,-6.255455801998881,-6.93540998862496,0.9336996269486739,6.7085006632808835,10.472900855388882,14.509841034107192,9.434359914824785,8.29230389253868,0.09494313190225512,60.435426691841045,52.516425957352865,15.74866832858685,21.836783336255827,23.698074128092742,14.837998711278486,10.396689087183548,5.983289189094557,7.1676699070806835,7.281457834180639,5.6918036901674744,4.160682048227464,0.10517781788955623,-3.079412019203471,-2.4675078897878917,-0.36903794606307533,0.74850398584944,0.7172308070562259,0.388167803588356,0.9048349841783322,0.29333537784105207,0.3829080493824458,0.1517343969870007,0.3323624099104687,-0.013110771505608337,-0.0011142592035954999,22.437181852197973,21.661540096874695,11.127414964419307,10.795678373313686,10.764512552617587,10.32229000620838,7.75702116897334,4.500572178544221,4.069665757748119,4.178324106534082,3.872809460972648,4.125581565192835,0.04104765896781679,-0.2195374701016353,0.107255140264073,0.029902455568660714,0.04142515787196525,0.17737015339583972,0.4679616418746639,0.08844554807878471,-0.22987403093271294,0.18002948308138303,-0.017623863558711327,-0.005584281977031609,-0.1832709573010464,7.889363914728164e-05,17.769203383341967,20.70301980490107,13.199418936941157,9.468266391017844,9.985093600959427,12.892255028992002,10.01017594616576,6.032789765212397,4.791168105576832,5.092102924990944,4.407556108634706,5.087212492050694,0.03517433165863431,one,/content/speechcommands/one/5e3dde6b_nohash_2.wav,testing,5.0,Kitchen.wav
417,-256.9968005680833,43.90863297568291,36.428389031864995,16.870928602231363,-1.5492981369384453,14.8758147951473,8.007938162707443,4.5798656415995875,9.21407226432962,4.258232330042883,6.6815872100550475,3.4741024053976926,0.06649882544297725,102.3099994242275,54.83143707174775,21.798041847493753,16.46149815484688,38.53541247438172,16.037097287194815,13.800315224282443,13.482612862605114,7.595207771295069,6.254605486917124,5.691683346297367,9.329265585748233,0.05668634938866346,0.798350265005295,0.8372946317104876,0.050455023541686954,-0.23505281810085404,-0.18766879166134992,-0.0388471310977103,-0.1509485859757213,-0.02340122761959034,0.12665138483677388,0.2213589635550769,0.22409286123559508,-0.26693170005773215,4.0275074781910065e-05,30.69849497787657,17.773965471117414,13.43853300399757,7.670639883916746,13.593347287503436,8.865101399367589,8.064697210781068,4.863385598609465,5.86072549168469,3.687424246564162,3.881493784120192,4.391346401545504,0.019843736095232763,-0.29707106589145077,-0.052520247657840656,0.15421839448611224,0.2730815639850495,0.10995281172306169,0.05535441570401242,-0.08332849149804668,-0.19500415207463812,0.025976193293495462,0.005739243798384664,0.12432531023421148,-0.19629199243303075,1.9827236731847128e-06,18.691447617234374,13.967569902613402,12.125914699590904,8.053443902053614,9.562009025263567,8.74858543811577,8.790805676656731,4.962004593822136,6.329370623538349,4.427009549267341,4.784385370312088,5.961911503442378,0.012772483114435186,one,/content/speechcommands/one/94de6a6a_nohash_1.wav,testing,5.0,Kitchen.wav
418,-226.93836855067886,11.794786075064806,21.97796863418109,13.046001540137162,3.684817159470244,9.645680879272781,3.5473645972215277,3.128078835689445,14.836325903104177,3.348533066525608,2.215182164373747,4.847711900880028,0.07624971523182467,108.036729575562,38.46729928591955,39.340314479006736,18.247132598626806,24.629626732653758,14.152919245978737,15.88247076182094,11.802546891296505,6.348136545606954,12.387876279013394,7.048054304719272,6.53913386181887,0.06996401018469982,1.7245967598948226,0.8174566008345062,-0.8779417052914337,-0.9858215602026016,0.06959634820017266,-0.05219208211954531,-0.474726478246975,0.18929535102779702,0.3548460104579936,-0.25366993661777054,-0.35223135745597467,0.21161318082016167,0.0001052522491062841,34.53870447229316,12.021849195019191,18.366015160227917,9.847247064083824,9.34324444517608,11.268183068469858,9.109570867862976,6.738462461997974,4.5639070725297195,5.833086793929292,5.13171401588112,5.139858273264878,0.024818491633418184,-1.220771967494638,-0.6167039722108224,0.013273325639894414,0.0031179917664539165,0.27611204476717455,0.35403737681000197,0.2606990016036942,0.01826815621967247,-0.0689648834311112,0.42097571305056686,0.3887622952037618,-0.0766341154956871,-0.0001770971342921257,21.040020803112586,11.854091086060436,13.65229029365345,7.662271461320882,7.399141995416361,11.873205285172007,10.3371953514781,7.920893532479509,4.978642544868603,7.4326508699151885,6.935221688945568,7.008806663994633,0.01518595125794983,one,/content/speechcommands/one/42beb5eb_nohash_0.wav,testing,5.0,Kitchen.wav
419,-244.16810249737097,52.747411538188814,70.82076092293231,26.604558165418076,11.96967294465672,6.445778005865764,7.5617835274597756,1.2665337360413669,-2.255798418050789,0.2507834973924832,4.8644389033245385,10.549772214672485,0.04798113776800724,19.60453280684071,14.11370915571307,11.603063753603509,13.811213016400028,6.5950970980348975,4.863982504061831,5.225442129163059,4.4335596281768455,7.544419233595551,5.792307346656536,4.743478700121344,8.413294273160238,0.017586797327092642,-1.771928602662133,-1.895667047839074,0.5965302526071383,1.1694067488833815,0.2979351651030065,-0.2058159996127468,-0.11954205235615514,0.2123941052456212,0.24409744833187325,0.1806083396581651,-0.053606385019526075,0.21822976734543864,-0.00011541709303855896,6.8220205890373675,5.855824077507288,4.4617958213342055,4.900724232388705,3.394404687901448,4.1219868122273695,4.534742495419397,3.562022158129942,4.459680879829983,4.250936415551907,3.561576950684943,5.1224448533883935,0.006632736551912613,-0.6286813913265187,-0.36260303732856514,-0.14316099583699327,0.015449425362702293,-0.13457757678557883,0.09584331863051776,-0.006880570080199266,-0.048164156868645946,0.2111629947786804,0.07266081560014974,0.2533969600048368,-0.07717983186725252,-0.00019287286947170892,7.191102519843172,6.093962950100084,5.298450404383081,6.199420176035813,4.442563857171895,5.287146098699294,5.5874615059779424,4.728864985670507,4.920074499937102,5.050089767726027,4.303402409164009,5.819936594673311,0.004908105468229341,one,/content/speechcommands/one/e9901cf0_nohash_0.wav,testing,5.0,Kitchen.wav
420,-277.04737431223805,23.761825702931574,21.342929815555046,18.477031624467955,15.997421511403434,7.743087094132981,9.269963748380107,7.087040926115379,5.421700837894064,6.88765416625813,8.379058782648677,9.592954909261387,0.05681957519846037,92.51769752097388,50.031886600514646,30.3903601094285,18.89087898054687,16.613335193253388,11.176388195192118,4.6855818650867125,7.41463992766368,10.473585164936605,6.852256908416896,5.712420018899799,6.5772543300150685,0.049883655334844075,-0.37217942644422963,0.27835058654164496,0.24671729005635554,-0.02300533738585054,0.3926874572980293,0.44469434586421597,-0.12398256806148454,-0.11261636723500942,-0.15718549677675744,0.014353919794032978,0.0021537845953742115,-0.0771349282522367,0.000183048207432993,35.591616093349735,18.339890847520277,16.990220447348047,10.25213111974221,9.668891083039373,7.34874217782651,3.46641820093021,3.8675336298202927,5.480650503766466,4.63853551913038,4.706655608322387,5.89267252774652,0.020340936854693768,-0.8996971505848388,0.014560362591145133,0.34451278102042243,0.13115975763603474,0.07884229000867944,0.362225562365521,0.08384197774195336,0.11475315935390823,-0.033866951820736416,0.061089820662604426,-0.005187572852708714,0.050538148693277364,-4.46430097023646e-05,28.52434375710228,17.202942574260113,16.229528557798584,11.925137327637488,10.573544032474665,9.862342434643727,5.071013287842329,4.49360280480117,6.650130672622557,6.426224909357803,5.848421004579949,7.041330664253292,0.013481184597552374,one,/content/speechcommands/one/563aa4e6_nohash_2.wav,testing,5.0,Kitchen.wav
421,-172.98566443723107,52.494187206477946,22.41891673574412,-1.0729263592412368,-15.693880834270962,3.7828498962298034,2.9963459855946386,-5.371644245074968,4.9467988172287125,5.6076044924111645,-2.5531131431889413,0.29910701646305926,0.1644684547209181,99.16804904106237,50.14973131374839,47.7894659681462,21.838015256895055,27.11702954256789,23.13439563152232,16.491620695159966,18.417557284166183,8.644786743797562,9.392265327893458,10.853328843602954,7.728539124397128,0.13962555574927243,-0.17893137749110663,0.16298044024829178,0.7590612858548086,0.1541362221249491,-0.07834397549781258,0.05876351579367454,0.31590519922519666,-0.01634573256507672,-0.13180110596595895,-0.07639199700945588,-0.18590747849984463,-0.4841405812386413,1.7760081156607597e-05,31.14015849441151,20.563174398057296,21.1379079433334,11.604761024075524,10.215278122906488,12.435125038441118,11.065091974118301,9.690769452184464,5.517141814102556,5.1723407663646155,5.816616296413874,4.997709442476247,0.03751351333828016,-1.586126550064922,-1.713361006349242,-0.5923063411817711,0.3313867182525797,0.6690455460392405,0.5696896188152505,0.12741944756991758,-0.017928099735238828,0.01036299371214889,0.15204953968216958,0.34219110408994696,0.13865582971592216,-0.0005545478935043018,24.470422527440398,15.894974799707821,18.45897857176442,10.410135378697717,9.62835244236655,10.033071729855196,11.89164461466142,10.852890931643392,7.133935931734375,4.95551823109286,6.419518965003684,6.8981699016425235,0.023860188132237642,one,/content/speechcommands/one/44715c1c_nohash_0.wav,testing,5.0,Kitchen.wav
422,-226.29179843546808,31.871658301361126,30.21519834331647,7.277737860659297,2.0560804875995053,8.656414638529682,7.296531936704456,2.2118131254313482,8.336371081683472,3.383223982511882,0.26005927271130114,8.69992412355707,0.05585024936590344,60.62422699804896,26.669669055899668,22.402789240641052,12.480056619746808,17.947536177800632,10.124659883919799,7.091302267524411,9.524501581724659,8.126749083867843,5.705442756771378,6.579225154348096,5.852541857883125,0.0297739275895448,-0.42347070386458363,-0.38992198671442346,-0.023249418888742556,-0.159028582971381,-0.056397088910348406,-0.053811777175388396,-0.22376715715150314,-0.2870145527893419,-0.19707231746622694,-0.14702337330065368,-0.2497687876132929,-0.34696175652840777,-0.0010153670464792559,29.08348057578498,15.259173130888177,11.562301891706504,7.856996933434084,8.465943601813969,7.443795389480019,5.212313112838495,4.098431972600392,4.435446371434283,4.903044366399624,3.7748438605973424,4.682807974476413,0.012017762024428011,-0.042731926619626395,0.1366730305867704,0.13245152775084154,0.3043100352312353,0.3086223048783412,0.02050736780195986,0.08766724134085849,0.03772181556740429,0.1408820673770509,-0.16065468573712766,0.13686737518794476,0.10728385434400749,0.00013715196400880813,24.227698973516453,14.926780467338578,9.426532972936977,7.551375961968055,7.831792607565622,7.667241834663885,5.573149010774953,3.7039385014147053,4.910958028175384,6.386114986990151,4.8414894490359215,5.646654649236435,0.008431478212549994,one,/content/speechcommands/one/50033893_nohash_1.wav,testing,5.0,Kitchen.wav
423,-270.49176223787003,58.4628814964707,35.6685531925217,18.31021851116943,9.674757913080258,6.091266165072218,9.657370068357633,4.316412950114784,5.638719512394303,6.820269711259424,13.091644861141548,16.289741384406817,0.06596965051721781,71.12654374212062,41.704318140498195,17.76587563001851,18.128080499924973,18.24613356265291,7.266596003588886,6.998168658426032,12.054826089646753,10.517634544382052,10.709538257652133,9.22639086549689,9.627355793234031,0.033094549043981986,0.8181380759221314,0.7938467105716728,0.33841412181965647,0.07235526318180152,-0.05363705293986816,-0.333638535122829,-0.8190876418145703,-0.8721248881977247,-0.7274323100197717,-0.48652515633700627,0.15348894499474602,0.40514260385914774,-0.0010821666688688339,24.904136829096686,14.526330365601645,11.744635161968086,11.519162054315595,10.995744119810805,5.912811772351627,3.737289181731852,5.187845123265928,5.2964530918330235,5.084062348015467,6.171422752838223,6.878253643844988,0.014873314940610192,-0.014590225800922478,0.18548795456916026,-0.14570437255906132,0.12355332759988057,0.23160342541405363,-0.11132933719888365,-0.1835652007219553,0.04578162177304274,0.10943192895131941,-0.14019113190245863,-0.21229120078199804,-0.12262855778233182,0.00023293153693278631,18.721576524219316,11.573912310601372,11.177989134530426,9.321402223779316,10.391008262525327,7.32023827733256,4.690155737082056,5.244454439178062,5.496389340018286,5.079342460131143,7.009155562096804,6.957380390901548,0.011907663604940846,one,/content/speechcommands/one/c22d3f18_nohash_4.wav,testing,5.0,Kitchen.wav
424,-317.74889841508445,-29.270147696707923,45.497166767365805,25.273696428819278,18.81307772025286,13.342785919431375,16.29706790006768,14.287584527662297,11.949178956395599,11.881862407810125,6.813357955382009,10.149155538383214,0.030809676740318537,7.261141028163597,6.840700386420797,4.3995311405422095,3.8974284074906356,4.118520388094728,3.8541257996896072,2.636574000658642,3.091821747245563,2.9693979135131703,2.1048327953507764,2.70965521211262,4.170992549648646,0.005187758557254503,0.01666957990489627,0.2191351885617833,0.10742431634157455,-0.021371778830479873,0.02062335423462682,0.02724279320819081,-0.010032061043110886,-0.15284993140336495,-0.0761083820866751,0.0468894561802214,-0.18371772698751093,-0.31718283684955545,-0.00015450371128897513,4.1301356568840815,3.8428651647236673,3.1363809179399658,3.825618822835358,3.999784363598853,3.2353144402464986,2.7911618413345147,2.693746489152552,2.3028920614176394,2.2028658407902753,2.9087063485959384,3.3118327899414544,0.0030770136278384197,-0.4418498786643037,-0.3225086418040834,-0.2717733573759849,-0.27017825733174505,-0.24866611962424365,-0.10989165371993366,-0.02291750766932606,0.03803234884637175,0.014881001895321303,-0.05893694029094446,0.08446240648873106,-0.07708787186763676,-0.0002485523000359535,4.498073478429677,4.135787753477089,4.35572852006474,5.305202475784902,5.198795467255242,3.9497533337081583,3.9680965552896836,3.8732710344523715,3.1036003859089525,3.2430756424064895,4.074737112743892,4.359467025196753,0.0025850436977640635,one,/content/speechcommands/one/91223b83_nohash_0.wav,testing,5.0,Kitchen.wav
425,-230.908721583867,45.8400153237655,39.120707903082724,18.37907618995598,3.655559178355313,-6.617270664823093,2.3912106124612005,-5.0266137581343875,-2.727565435111286,6.129980562310235,1.1634360837504478,1.5564359180328131,0.08446640177862719,84.24346884892748,56.082577615567274,24.139998656353868,15.777682475963857,24.927931544890075,24.107069090015,15.292312465484784,15.295893558213892,14.89614306595314,8.860343715219866,9.128774546765124,10.323358084942205,0.06654299978983073,0.40523497083602106,0.2627943673301556,-0.10000749717728018,-0.05185891623664593,0.042393794146408044,0.08350026903765133,0.2755128767422958,0.1548956362272753,-0.2630231449871792,0.0804136416586746,0.3774852681537029,0.07179835996836413,0.0006358010634299248,25.226589865436317,17.982514533362302,13.864731515674036,8.714804919159645,10.330883514908967,9.932010999584787,9.929913195706845,8.451381652246322,8.446341615126787,6.866313983407248,5.860312735482983,5.5658479855273155,0.02245223333846409,-0.2668823206614282,-0.1538042153387682,0.34885795595702973,0.1594795924261076,0.1718776549292303,0.12575662451614847,-0.17947496684160302,-0.016172278761994542,0.10771034306551001,0.13156877552721333,0.29009570420194414,0.16263833096949265,0.00027035698294639585,19.807088619120645,16.93077363749519,15.280226458729507,9.229357722204186,8.591462063406471,9.608778890679561,11.782907288165328,10.21100277749946,9.14506277973564,8.436343615009024,7.602245000438051,6.1651313423059335,0.01773550007946077,one,/content/speechcommands/one/5f814c23_nohash_0.wav,testing,5.0,Kitchen.wav
426,-284.69828723505225,28.36203872492677,24.38834992333487,18.370582538326587,12.835908534569787,8.112617862735124,8.911138614506458,7.1906951066078975,7.35809545802543,7.664955736286222,6.67990922339471,6.438059493155931,0.03617467897129245,65.71743322353997,46.178906538327055,24.231105679325616,20.986248152556666,18.577275030922316,12.044568019356472,10.619397181275225,8.034294014022406,5.586413679634243,5.288465821495327,5.773301068656983,8.355237314017089,0.013398845650388952,2.75268289203613,-0.7630062905573224,0.24853722789362545,0.27814293592891126,-0.20895567735287773,0.23900490558005563,-0.056058119224292394,0.2569020425073459,0.13741062835634674,0.2894381669846457,0.14692944397812574,0.2967632004503275,0.0001239214813516986,23.973486800214395,14.266815643900793,15.50159796611582,11.758299593286292,9.996222689558254,7.481544622638196,7.278016385254276,5.127831331078832,5.937981790442932,5.916550774953945,4.1901562357322355,3.878125575441659,0.005568439850132245,-0.40033612598191726,-0.2897470600873966,0.31462796879254223,0.07100614295951774,-0.017061792361276733,-0.33524927894605766,-0.041608005437048914,-0.056094476111951036,-0.062270912169756915,0.06929138874086543,0.04556777359919237,0.1194227970919635,-9.225942194461823e-05,14.97239957674218,9.719145557736343,12.800557642124394,9.57306462463392,8.76474262759347,7.920602385475419,7.874115565909709,6.559152882038683,8.264215310196306,8.390890660613872,5.758721719148856,3.9797948516212154,0.00342407111113241,one,/content/speechcommands/one/4845bb10_nohash_2.wav,testing,5.0,Kitchen.wav
427,-249.6098853241333,43.51612857888209,27.532560361106384,21.38695225877169,14.839470417835756,6.2934408407605495,13.860379511884728,5.839172503987176,2.5921183925049602,6.562245396987067,4.530848066546353,5.544675291287433,0.06249860252137296,84.12277175462091,50.80397791281266,27.428523631668877,14.788018509063491,18.87074602382353,15.322735753133504,8.531264221656112,12.623449883168767,12.093433597862452,7.319689785557566,6.2609554289262785,7.205367022449336,0.05269245873408415,0.516377609286174,0.28899659028289787,-0.4410102923342632,-0.017694887453023094,-0.07591943335623548,-0.32205805679824884,-0.06817020446308629,-0.0864094638720858,0.03520265363025992,-0.18489310795241468,-0.5367391727090497,-0.10373864138071182,0.0005008000880479813,25.36316050135306,14.613767383078393,16.965559304387828,9.472438456330249,9.218832576243289,8.319329373681155,7.264675173611658,7.379718799917871,5.967297412428833,5.558157853327784,5.370709430960408,5.364189583800278,0.016218546881919246,-0.37985842359809113,-0.1591075684720336,0.07833259542226484,0.1041764428255636,0.1620408160641631,0.19570339894580205,0.05318022914041046,-0.0804515714823335,0.20833770431315465,0.023428991073662135,-0.16057524844474594,-0.027562208654276905,-5.621494104464849e-05,15.346734665560149,12.445347561640954,13.759697813094402,8.028275469057705,7.120023006513581,8.863736488714117,8.772519203656133,8.64339226393838,7.643729513163675,6.752870220607557,7.536669922091591,5.832449393775326,0.009333440392944427,one,/content/speechcommands/one/653a48f5_nohash_3.wav,testing,5.0,Kitchen.wav
428,-287.3826905762969,10.925597273763195,66.14344700764461,31.478381299611048,19.041278253959984,7.995195089021125,9.312563638270014,6.5584935645219105,6.167024191129745,7.3774961915759665,5.819193565604979,8.031658266750666,0.03330966982024687,20.15483666573328,22.625545354317268,11.832669975338092,7.371767343875597,5.827565388715039,5.150764866077064,5.652288287715577,6.828030365144735,4.961987552804262,4.7866839839134325,4.811975622792283,4.190634420516858,0.0085342930817846,0.1666534441002319,0.10785294272516796,0.25780496654890356,0.18244839647198893,0.17821540901224894,0.08536436464434208,-0.01953758323704017,0.035343009497987105,-0.05147026943722537,0.005430500981811295,-0.27498593562216456,-0.19468312482625388,-0.00041689422841255483,7.1582375111158205,8.13030561611688,5.6445631832021865,5.228419681584244,4.002633611212982,3.8718721352826257,4.974957980344394,4.987389333971216,4.042668016267041,4.057255173012007,3.8921644770364083,3.164262096477973,0.004004832517143352,-0.501882329092216,-0.33064817158871235,-0.24076815530845977,-0.09727931258314157,-0.0025234905202215076,-0.09720317624893994,0.040798209671174986,0.21233911399242544,0.2804134153919003,0.12507512396538556,0.15600261272769622,-0.03738808139583586,-4.361532628536224e-05,4.939077171614139,5.755401704878465,5.381605588330793,5.420896593713658,4.379159797885928,4.340417423977743,5.886500024741454,5.891752872198422,4.986314155330921,4.844292814829634,4.163078638473616,3.90729206489209,0.004367186897476896,one,/content/speechcommands/one/6e916de8_nohash_0.wav,testing,5.0,Kitchen.wav
429,-243.58574167235932,20.062194198999414,41.88866737633644,15.776473537722422,13.425446844262662,5.603400743754325,9.107076408253446,7.149486805248865,9.332042934961635,11.123916793045183,5.565066114393801,8.490073663001581,0.0718789403908886,70.58625652971563,56.25926928927353,23.933692188231436,21.804564314390497,15.284346608460336,10.302813161084483,8.274316277974062,8.87270597876866,6.795610906709051,5.616572282346787,7.188447689947304,6.512170443431148,0.03989845674086379,-2.294997328484725,-1.931031814258629,0.6655234365702286,0.48398327722453893,0.27701910687359715,0.580679322761126,0.47967260214102736,0.41757008734259055,0.4554039858737233,0.012696582225842919,-0.06200122331175382,0.1970645417989171,-1.2083760192317347e-05,23.085483569911673,15.052149103740437,14.64221617256626,10.354215600230757,6.364642935241202,7.507220561008491,6.473591829802217,4.9846471013280915,4.694079447432863,3.9494529429113814,4.929445302056825,4.374438802248875,0.016559309524589214,0.19514015917152014,0.34884561952634835,-0.05076311462205349,-0.01137414464685366,0.152216913395104,-0.03311393837338592,-0.11796075889630113,-0.1437227040941864,0.16765623952273323,0.186845160774456,0.143071055786585,-0.12563754863125945,4.5639649033546445e-05,15.47569315702554,10.361395571453938,10.798192222992501,8.430622934822193,5.904777899792522,7.715926117872851,7.161582952696946,5.361692731032269,6.102255199353512,5.236406717726609,5.382229684990161,5.0670734890845255,0.012739677666126907,one,/content/speechcommands/one/b83c1acf_nohash_2.wav,testing,5.0,Kitchen.wav
430,-281.4892705172115,4.33588862704436,50.45950814132647,18.360406404011734,12.555078041787011,8.008981669858182,10.721087292868162,9.624219557115342,9.564459583346919,9.567608460942505,2.703890775867308,5.876900495426259,0.03884069592459127,38.081959525245324,34.89529938418086,13.161126884435154,15.559113317220081,15.579097549038535,9.993616019159289,10.634025358665172,9.671675725752177,8.061368255220799,5.690009498671193,4.66689407306107,5.142953610950889,0.011357247058788537,-0.6074110767977459,-0.19300994664232018,0.4759978046046999,0.4462082658104287,0.06526905652335586,-0.09313848303955095,-0.08781698111529154,-0.058254856718628116,-0.27646865346265764,-0.17472752579947926,-0.29282993974061183,-0.33528877529663326,0.00023657450031849646,13.753443680448793,13.221518344351814,8.373821992757815,7.883100089616673,7.096393248390146,5.732980594083234,7.025837930351536,5.8645977938331155,3.9511541308214397,4.03909348273632,4.236017652380522,4.354733367793156,0.0044143795143207635,-0.6519564436334444,-0.21014698959749972,0.2778266622767305,0.19823095313114347,0.07607495505019084,-0.0021215600839654828,-0.046261258228843555,-0.1502026196137523,-0.009414545803693474,0.1228397766114863,0.0852719796836404,-0.1607143541919162,-0.0001271907240152359,13.354795142438206,13.323002912281197,8.32185324343426,7.298823028410709,6.621985215592244,6.945170744157482,7.711656876340866,6.264812902493673,4.709173785431548,5.047292438012097,5.462679128719877,5.194215970707425,0.003029994831418989,one,/content/speechcommands/one/37fc5d97_nohash_0.wav,testing,5.0,Kitchen.wav
431,-215.58783738141165,38.9531594281202,9.636922327246088,25.81041947548058,3.5393861043660664,-2.7903789117667834,2.1691155761708716,10.921979306086925,6.692923156761138,-9.880925865871319,-1.823919051544445,1.0629717134662011,0.11098449031123891,104.72550533768477,46.181888159221344,29.632336328368876,16.094320744670192,29.28384260229624,15.348097630156914,9.948389414757186,11.131036286114766,8.28727954854073,10.77059719326879,8.546343222114302,7.773839368546777,0.09807110206333017,-0.05237454085406882,-0.7766456565396885,-0.12137390448971525,0.5550020127457499,-0.11269698788721447,-0.3068136705949935,-0.07957319811623248,0.2853168039839904,0.2712934388580421,0.2916840503530191,0.6161070796886359,0.6186925586859836,0.0010635861826519813,29.25867389135007,19.069206340014812,12.615261830307126,7.8097462922191925,11.680916045564047,8.380618170616918,6.906088745473855,5.602352816576195,5.155819557910863,5.605365476969027,5.774246002763915,4.725061248817782,0.03093303415536614,-0.5372601740770241,-0.2509263094661389,-0.013080721159883405,0.0043249817557523326,0.317854583482182,0.27838192280186497,0.13657438225308519,0.2703634856545541,0.08126268779644316,-0.060586072521622944,-0.05949169806268735,0.07882103474317399,0.0001399757961432139,16.505119987842253,16.87344892343045,10.67089490138044,8.064122731523293,10.047143645895426,8.161958817858743,8.275448697701323,7.604778723690628,6.744320110262998,6.901611013524454,6.221011035247073,5.944688068297667,0.020341710382162863,one,/content/speechcommands/one/692a88e6_nohash_3.wav,testing,5.0,Kitchen.wav
432,-234.83712554824882,21.668501286556133,40.38194980448097,13.98021091185001,4.036360563974378,5.612102064803128,12.037331656158809,4.379018921954044,6.025296611292299,5.066407249748149,0.054919078700635615,1.7091218997758864,0.07476072240388021,82.90905899615437,57.459705312537125,19.805100413911884,17.840499409130366,26.911298487878625,12.149084232502988,8.468142837909213,11.436263372223506,7.74454346450276,7.255006606891964,8.019385118204172,7.308429416580152,0.058596249079033186,0.4036966798351188,-0.2100332053199735,-0.17550211357025874,-0.07380655156355274,-0.11639038168198525,0.27086921333816477,0.34154061639929517,-0.24977113063992404,-0.31316480016282494,0.0459819255002301,0.18421495064291313,0.34490026141454194,0.00044475808258979553,22.21921131619884,17.67485153769216,11.43404700061333,7.291962936817316,10.173107178209062,6.421288058005911,5.570771379262618,4.313496455892862,5.365549825783353,4.878571968465382,4.634095240219374,5.129278565648529,0.018818191732163526,-0.3669886486382571,-0.05910259310395911,-0.08520426229206256,-0.10503637973020284,0.031222894772220636,0.14482018782455885,0.20753587474232843,-0.13649096045567885,0.07465160984391629,0.19890956142033492,0.2679731866039569,0.16697549527614106,-5.129848917325338e-05,14.465209592036931,15.21916242939337,9.741238138236833,7.663421008981737,8.467701880464784,7.855703248003807,6.2001797010097865,5.007365544965854,6.339489968725302,7.072400288218995,6.010908853195132,5.67518700452068,0.01240085160732372,one,/content/speechcommands/one/b49caed3_nohash_0.wav,testing,5.0,Kitchen.wav
433,-289.3276391716408,-12.743008872814322,36.95554095371151,18.50556956462382,18.27518117501313,15.858400328500174,12.416868217107902,6.695275127096939,12.363336115036791,9.14657342804763,2.3946813477091733,9.917002244778,0.032975429319776595,46.15852050523393,21.527272539945884,20.707439971894523,12.221174661955285,9.902640719798653,7.992818493512353,8.749036801913311,11.579788508288939,5.064708933544491,5.135334107411078,7.89766334551867,2.74662013034302,0.010449824819717585,0.3832496995731276,0.026374847178552676,-0.2433454355515534,-0.35540747906990977,-0.32051098071366924,-0.10533899332718269,0.037332879606235415,0.33967502174739767,0.1602803789415619,-0.08383586237131758,-0.0421680434759095,0.0638175239983697,8.727676205096706e-05,14.998100809717497,7.96553257727323,10.84415847026632,8.192439490543377,7.3547168038786275,7.212388676427175,6.115149098599704,4.798772996949516,4.051469211387131,4.274041868388916,4.3232120039138335,2.7327403470708806,0.004809373778609892,-0.2867156241927622,-0.20013331331038858,-0.13982344597858068,0.05384815005087672,-0.2253142824625827,-0.28859648061095666,-0.09532245637585011,0.09846471409850241,0.0011451523951321245,-0.16326342339927236,-0.1613087934525198,-0.0488854702556542,6.686840206384658e-05,12.324209986316706,8.334479500653254,8.592745293186859,8.651794910697543,7.857716139071321,8.115833443399122,7.21170248278005,4.4019434854945585,4.344938999173202,4.860652799528121,5.630955297330168,3.707923606320241,0.0039025088569391883,one,/content/speechcommands/one/6f689791_nohash_0.wav,testing,5.0,Kitchen.wav
434,-306.09967274094754,11.849738181394969,32.692965200585704,28.686519134712654,17.91846736366307,11.59250517978126,16.861039140651535,11.815900264424485,9.81007225320569,8.585066277060584,5.463542543137695,6.938766122878576,0.035063114075455815,58.36517515662821,33.9267167586272,10.233465656781178,6.676840201688707,13.166129585616599,12.421933793938095,5.136187460246399,7.823994121424857,8.937911761192048,3.4825380647494213,4.897592026856896,5.208406569441232,0.00983554706753859,0.25637531208706554,0.08852329969842145,-0.10208050743113697,-0.33564645498520573,-0.28060616259308124,0.003174384908787706,-0.10814340401397322,-0.09233634416667284,0.2504172892815585,-0.2743399922801689,-0.08435490580125342,0.17511409495382071,-0.00010243923433365361,27.09223903520223,15.880513695555164,8.79043043398627,5.942085652857237,8.686537639030119,8.63550250052749,6.568377503044578,6.657931647865709,5.9518843815085525,2.9271231215149625,4.670139931763821,3.1728788814354245,0.005167834366884618,-0.617272626128863,-0.022446266820233637,0.11285791364899775,-0.14182631164704654,-0.19781289933348406,-0.1421327843963241,-0.21647076362752107,0.17449492119656776,0.235840011842609,0.3187756394230836,0.27511740183152933,0.154856389143833,-4.51061874628067e-05,22.594793744375664,14.745859009150184,9.94528408094087,7.159732686022401,8.7127014383793,9.89474041526352,9.307246048567873,9.59928278212975,7.520243926768198,3.992659007815874,5.84867244398933,3.79043506067377,0.004044118390597682,one,/content/speechcommands/one/37dca74f_nohash_4.wav,testing,5.0,Kitchen.wav
435,-232.27173585346986,64.58293751970861,50.584673502894844,2.553120157798161,-0.40776571671134554,3.679106127478372,10.97676375498651,5.153402635862617,2.491047799485033,8.814906545296262,7.974611697446196,3.1849311232380715,0.08954838919453323,72.06905776075324,61.212946382671255,20.97449481508834,29.58496755773886,18.745048661287072,12.36200409956321,6.6664411451341765,9.699900093802619,10.537875455201709,5.202763520403664,6.25267417948,5.645307901196665,0.07212048809789164,-0.716396753555238,0.2110434751368129,-0.12262853343443336,0.11406329347528643,0.28671887254147377,-0.14144273531146942,-0.3545758470746198,-0.34729286027089434,-0.29481717956956,0.0898348056676903,-0.22521641835712275,-0.3356599964348343,6.632506847381592e-05,19.327774142111867,16.605286303279755,12.585991345017343,11.01810549673726,7.595174164836431,6.103769159552191,4.707898277459117,4.035797893668565,3.963861427996131,3.5789171782006424,4.569412467135977,4.493794907965591,0.022930248651379426,-0.5236898499131163,-0.07900798965076702,0.161818010234776,0.15743193045457,-0.0006130241422895051,-0.03025766554140737,0.0877383390929505,-0.017401467849880555,-0.07505595449662658,-0.12407350975726113,0.44665811889393886,0.527880624939275,-8.11215490102768e-05,12.493640602186272,11.859314708121493,10.604161276355962,8.313549533347857,6.774370169668911,6.047469836421291,5.734521855699542,4.431168283142089,4.968202620837603,4.8499568765766945,5.23799339566899,4.875530887668405,0.014704169633489085,one,/content/speechcommands/one/d0faf7e4_nohash_4.wav,testing,5.0,Kitchen.wav
436,-258.46038806198595,17.065227045501352,40.57479683561242,13.42172538933152,15.83223336257595,12.008869417047467,14.275793526445668,13.555047229667041,11.993443641698155,9.449379353269723,4.845883169151842,9.128739957110515,0.042347079142928123,58.7696296207784,49.14741029132407,15.061003783880013,22.97401271261874,22.64339184832575,10.88832248514082,7.196044990442784,7.256619531625916,4.892019423846055,5.3846592466681775,6.118813401705475,6.604651546756847,0.022228340627640876,-0.19309194818488654,0.3115843224890377,-0.0026103349920628574,0.0405094744127032,0.09296606641636193,0.12400042134456055,-0.02197539335093644,0.03874028142083769,0.27433125259486546,0.42991089105365043,0.10150454895887896,0.07086554711159763,0.0006814313631865286,18.108559451582238,15.756745172543212,9.377338471945558,9.343169388385556,9.991045756456968,6.9408080041646745,6.045539674893028,5.203422271352622,3.805983080867575,4.822584062137302,4.0105518487956235,4.160612730830284,0.008639756524050288,-0.28079649518205085,0.05533141665637871,0.22366022559592907,0.07743439970468267,0.0010198355026939036,0.04771754218641912,-0.02126524702636073,0.04353931314331057,0.15827960963873758,0.04478134518610049,0.030631389687992824,-0.038072217095278894,6.143680463234583e-05,14.816673234803565,13.43610178814529,9.03555735145941,7.799924782077636,8.411971342660202,8.048190036421838,7.9611452205620905,6.1561695497295865,4.963051063290583,6.05034478484273,4.876549285153355,5.3989568276385445,0.007258098451286493,one,/content/speechcommands/one/5ff3f9a1_nohash_0.wav,testing,5.0,Kitchen.wav
437,-188.61325923613288,58.239635251921754,33.67081917676947,2.0254676927364783,0.40268514898506624,3.6409782360054836,10.269429617101578,3.288340922361224,2.514291632198928,6.354567430051996,6.937249572311229,9.093230687878567,0.09624206379521638,60.15592875033199,49.34309029116982,21.433479162008755,25.498961058734896,19.547086640127453,14.32304068686913,9.341508479669228,5.011986144416014,7.530609402470517,5.825834885970851,6.498724783935509,6.116806960318549,0.08968536123978263,-1.287490672058855,-0.3430769687551331,0.29373937321634164,0.32137151606164266,0.22221048737914065,0.45864956311288,0.5690218428696207,0.4546926780054404,0.001041686697088717,-0.20263048176117593,-0.4342801125212659,-0.045493448695674614,0.00014441135910249527,22.975607911385552,17.113561967609062,14.332076939672447,11.168014501245164,8.426159529674825,7.4361084394983825,6.180282020862787,3.729248618119034,3.5945244688067777,4.5797578220368855,4.799050724339268,4.0220096255266675,0.03268495892964677,0.1390187545517089,-0.1563584869367882,-0.0941543417437605,-0.4131481675458633,0.05817887791386009,0.0756758205572708,0.07713210102496912,0.15715468363994672,0.23366585427666423,0.48879491126553026,0.22997202692359028,0.1943668463201573,-1.7145524422327676e-05,16.96213008716403,13.513218983122378,12.945448574089905,8.480288477287075,7.8131335783542974,7.538324690021227,6.551864012960045,4.670893788895685,3.7888370582891144,5.429430751560229,5.458309709555965,5.293211669688352,0.023320623501791777,one,/content/speechcommands/one/d0faf7e4_nohash_0.wav,testing,5.0,Kitchen.wav
438,-256.9351678213305,17.68473990446773,42.623534519261796,26.547962296510764,10.98856547320755,7.092125812135448,11.799811769119945,3.244812393343352,6.130591635406982,1.2427239911364056,2.753745278839024,9.146558438994433,0.05105503789823631,63.54345885060965,32.053858237572975,28.00293894821764,13.685610385145319,21.220459114112373,11.703369591547668,9.869423975669013,10.689290642344941,3.8604836317178903,5.311771465541493,4.973541362232613,8.193307374341176,0.02084347784922564,0.45900450465972703,0.5395869001476239,0.5425342558932268,0.32958104781629416,0.26977374223651457,-0.024112093128039032,-0.27359120336565496,0.02542242682105922,-0.06892999502020178,-0.31795670938611387,-0.2801048178756327,-0.3402105169961069,0.00045313000945108276,20.2900720766385,9.018637637684716,13.91982104994241,8.955115723929648,8.068222628494556,7.177518468412578,8.4841185424093,8.248164175184918,3.350513855559071,4.083211215037355,3.848340565524908,5.299036039075367,0.006834864989154208,-0.803543892513163,-0.5294691375016626,0.029787192098834306,0.1178203352808522,0.21535936393048416,0.27130371088645217,0.1541544655080893,0.15292394981615706,0.14015649435438765,-0.14202432129166156,-0.1634833954664746,-0.15718323362943562,-0.00040979931751887005,10.989778057890062,6.9200450566197285,9.433917377833236,8.86245198284502,5.155645113780826,7.024113516785522,8.746923572001217,9.358045223625007,4.080675379398198,5.787727298287615,4.9605756917033625,6.002876021537393,0.003578558369434266,one,/content/speechcommands/one/8494fba8_nohash_1.wav,testing,5.0,Kitchen.wav
439,-190.73253317210293,32.233811905940804,15.398837849814418,13.031801643423526,3.8128567303659735,9.686003515051265,9.46360176844001,-3.7103491480210247,5.53109684934068,3.9032316310487465,3.828164617990618,5.717524831617368,0.0724519802024588,81.27356446834763,37.30127690034517,31.11865116568049,13.095725376738855,23.61798736654582,11.304242768075921,6.665438841932651,14.93610913580404,6.277979514303967,5.681374702350007,7.479249877020333,9.281657203096962,0.06362754802554216,-1.4964565188705061,-0.9621636705048222,-0.2148017186035536,0.16615031973545397,0.1389187142356592,0.22712740124996855,0.15054232337785795,0.27740824418366067,0.1648461301993727,0.07365572304697708,0.17640230355818576,-0.05123127216676962,0.00016249343752861023,30.262539680578072,11.566492596645023,17.860629498622536,8.93406103816524,12.753045062263835,8.416800535992731,7.128125806878955,5.800856170443244,5.016821175681223,4.072311945407202,5.537556538281386,6.2676678100475485,0.025283121377682318,-0.45732240041144884,-0.17328987615475472,0.07167633361285498,0.1523179676361252,0.14079632596378078,0.12148510047279756,-0.06137877653192347,0.2009031355550923,0.0875852871496138,0.12600187135453003,0.3056110517641624,0.07562507570297239,-3.1051536401112877e-05,23.96009453388733,8.792642112591537,15.191517371758787,10.46377285091638,12.794235867123884,9.696172103068209,9.16973379418544,6.289772174431153,7.587014899781162,5.781566259517301,6.586608066341461,7.232928972479765,0.016103239396803217,one,/content/speechcommands/one/cd85758f_nohash_1.wav,testing,5.0,Kitchen.wav
440,-262.3951782526375,0.2504979585998871,20.7491898158613,18.447232406302334,15.098107583938887,9.861574944870863,11.498919521578433,6.733568771875337,7.790210537968853,4.340332440737952,2.6165476692093677,6.492172710586322,0.03208736510714516,40.90896559283268,26.50140292662185,15.928066987602246,19.43989348248969,14.969318006850138,8.37405647422426,7.0578192032656455,5.847491384212028,4.829862159214258,5.807689508345815,8.39249737391599,7.320304693407832,0.010175378819086646,-2.8011164463048215,-0.4332933510822503,0.8545727253082649,0.4471508501640194,0.7764072530650622,0.481985391844706,0.5480385946464025,0.35618085323547427,0.44124772435092674,0.14940108845313674,-0.15982148424989476,-0.4932737986411588,6.985832606592487e-05,16.68205729888357,8.827850827328199,10.663123214946376,9.877575275051559,8.483694386714253,6.844669304928849,5.606332434217924,4.415892717293935,4.224689805229368,4.469357460020697,3.8886787890546546,5.067675803804635,0.0038716433947561697,1.026576723735778,-0.14958178820376927,-0.4634585419852101,-0.15083014641576648,-0.32637875604705646,-0.13696000916856707,0.08003580925205078,0.11602834343620956,0.018227315362188357,-0.19168999675183213,-0.05867342600330542,0.22504263579939643,-3.8679316639900206e-05,12.433645426079678,8.135867409177607,9.050291150518314,8.188186167071862,7.889293526443866,7.53281038905664,6.093409554563653,5.410987107166991,5.399799421067158,6.207368212621945,5.0548945070471785,6.130326963170659,0.0027822611227116376,one,/content/speechcommands/one/022cd682_nohash_0.wav,testing,5.0,Kitchen.wav
441,-202.14479026097084,30.118904477514963,31.14121772127907,9.795065983870588,8.148414113793194,6.330435895106577,5.274038203623663,3.833669199962415,2.6133458075214118,9.129101271219731,4.513494988240113,-0.4617011696789891,0.03657328471308574,75.30438573221008,22.565500593652864,22.291456390539768,12.369164990059005,9.838263681469812,8.265918230687321,5.324472896774648,6.919516482663915,6.875687670973332,5.257323863392262,4.266260369078167,8.015049131621153,0.015499386354913597,-1.8420847763952037,-0.2930929489593359,0.46232018285344717,0.12514716196273834,0.6138202744249133,0.2196313129400615,-0.06721629896231328,-0.23297880070780072,-0.3091525206877446,-0.1423517857200907,0.05214288401118071,0.5610002529638388,-0.0011785732161614202,35.93185195236424,9.22663311348694,9.481022488327028,6.401372617493982,4.8707896987399915,4.829197459386942,4.035196365816372,4.653136510087154,5.670887104311245,3.5310265694099514,3.2266681686249217,4.183145174562153,0.0038688200392315098,-4.83777933562676,-0.49369242737541214,1.3178904498385982,0.3302927782555568,0.3089344242506596,0.08203862677056115,0.462943953931257,0.3328197953859308,0.13063589555352306,0.08977454923721494,0.08030356727453715,0.3965854655874292,2.761085828145345e-05,32.245772465306025,9.487822494831383,8.301729439334071,6.142229810155087,6.198814356130102,5.175959620886792,4.198658506982553,5.440023792588138,7.298381086866002,4.6430762139546555,4.3148824629789635,5.489597779133417,0.0036670696243982968,one,/content/speechcommands/one/f5496439_nohash_0.wav,testing,5.0,Kitchen.wav
442,-205.61493917771253,51.46341449001606,35.78316118037217,1.7585125283528869,1.9483968726614358,5.288550633354046,8.544758573892075,4.889491488358175,1.7625195294308345,6.263369708862112,9.567484027506284,9.143822348962088,0.09103272954234853,87.8353497581024,46.8025248333722,16.33407362343361,22.63929522000736,17.4447842900054,12.86881363922925,7.5265167453438835,4.854842547470164,8.463975209774862,8.875344479689383,9.568106437995391,6.861125171010298,0.10020901288440613,-3.3667398585205834,-0.9846882734837693,1.0897744204532538,0.379348153114287,0.009999035436111785,-0.08222728380357863,-0.09739194583158951,0.03070853978167793,0.3839275215768476,0.30808672387409153,0.10225705868980724,0.19356134058048047,-0.0008574848574015402,21.21343096341799,16.718541825343237,11.085745266131783,9.173974473391576,7.778091467212501,7.804740117557958,5.587601502313041,4.207661446526686,4.025077920655859,4.68577053329733,5.320022561310528,3.4891193295298697,0.0361719846250558,-0.1505555854290397,-0.17047850744143636,0.0797394694506913,0.03635674912861996,0.0884563334985942,0.07699917534808452,0.46065524915980044,0.21010542388266154,0.23960218168727743,0.17882577577405037,0.1826970282242351,0.10683305341608153,1.66860098640124e-05,16.279096053568814,15.06059523599928,11.044700502193411,7.212834049967483,6.9904986879290245,8.571595309411158,6.655391634689407,5.111605381291122,4.3570021067019535,5.57313014236593,5.231097349411263,4.378774674122116,0.020835207034980402,one,/content/speechcommands/one/d0faf7e4_nohash_2.wav,testing,5.0,Kitchen.wav
443,-256.7938671485858,33.16365837528146,23.543245410900095,30.243487520094746,5.512571964983016,10.8008037805522,10.09417669189153,8.123372452030004,12.217853934498184,6.216242994065352,3.66021318587452,7.103832651803833,0.08986033004475757,112.33159533347231,31.39018974094132,32.360627858300134,12.513457280009177,33.43162635384577,15.897772991111571,12.702295837289878,15.026628556725067,8.093901468153556,9.270595315399476,9.112680911136168,5.274735600416542,0.08772986428894744,0.2954424798305106,-0.6717319631158213,-0.6106049856726594,-0.7186589597978278,-0.342187220208381,-0.05647874078858221,0.12117948621485469,0.3096295857686046,0.11781024037642364,0.2791315959459338,0.20229991967594327,0.4389413943232936,-1.2763205074494885e-05,37.69673396984137,13.842345667675936,15.499645275558752,7.935431997456736,15.502545684325339,10.765067482582209,9.796765926626579,8.478561442580423,6.788069271334118,6.293479386631607,6.300418779258518,3.6726899947797538,0.0289138593447607,-0.6214738612817465,-1.1939228336115382,-0.6443033636631939,-0.21289697385447243,0.08195925024689205,0.08413087314307906,0.10292775869002023,0.31586745034040914,0.24111241027853983,0.27044339938136036,0.12464805221941636,0.1710145722605533,-0.0003455317268768946,30.54392421384206,12.249270173441682,12.688395358541669,8.805635933801717,13.28901179387795,10.194910793040393,10.688063648403357,8.887883462513471,8.281966384367017,7.3738013591227425,7.857686096685864,5.334518363903038,0.018667209471761502,one,/content/speechcommands/one/2796ac50_nohash_0.wav,testing,5.0,Kitchen.wav
444,-238.87396562783238,36.445777584075216,42.91399958364684,18.828432609913627,14.470060674181713,4.903392069097139,9.906213129688147,9.144194571750717,8.758104714677128,9.06338675173535,-1.1158165775906586,-1.7672355589965563,0.07008304639020935,79.12083559517842,47.634556261606534,36.88244152787786,26.117062684575743,22.748355512767827,14.322237193231327,12.856494939946634,14.709679607196563,11.669131061213548,8.533391435668452,7.927032504292819,8.29491351759135,0.048170809379367824,-0.7686402298637429,-0.31944728693246893,0.44326015718828576,0.6355824761445907,0.3714226684203793,0.42479703783647077,0.3308880311951433,-0.054806684845428014,0.39278922187155496,0.6971041621175158,0.639050488869774,0.08568592448487167,0.0003376041929568014,24.147593686575068,16.05075354356289,17.705807154944956,10.952996131202125,8.855189684154366,5.682804830235894,7.373257668854266,6.422399365615953,5.706469129749476,6.464693182184482,6.084143350251028,5.336346514578054,0.01644588593006653,-0.04387610381904779,0.2101884695861896,0.29603508266131207,0.10920525464346831,-0.04871679634515272,-0.02061462090725404,-0.12138465522493291,-0.106853542494218,0.1392791881829026,0.02590244665995917,0.20378135611066134,0.01761190755299354,0.00014201377828915914,15.058388094721717,13.79095289063791,13.609629098557875,10.145640804871498,7.069273834598695,6.0016858938561635,8.971954555433493,8.346305215156912,6.957719739371648,7.2450786579427335,6.418814978728316,6.473554758900395,0.009954293088304469,one,/content/speechcommands/one/b97c9f77_nohash_1.wav,testing,5.0,Kitchen.wav
445,-234.35565301979904,49.38979964933189,39.150757295109415,17.89933603038831,5.005134560166622,-0.17086603535453504,2.143930238805592,-3.2654787190647316,0.18991593351314306,11.054494809393464,8.092238072705822,6.781532510309157,0.07188379074796103,73.27778320148843,38.03037517304452,27.28906128992474,12.529463970446974,14.206590544831663,7.80362918865607,11.23793370985643,10.609623192313311,9.434752817636461,10.515640935293035,11.846106203860145,11.348592807373624,0.06608781222649582,0.644375602496512,0.7946556319963826,0.6845244394911328,0.5029597087441814,-0.25744084019168406,-0.6909792893305088,-0.7473573763331477,-0.500456408325527,0.11808434055221734,0.16081463501633356,0.23129543965295835,0.41663803867650573,-0.0004956350331344913,27.547063732593546,14.630940033452736,17.232232878821332,7.476033056757569,8.237726784113592,5.837277312194731,7.460936849182359,7.451300834764114,5.247343572601053,6.852381026899833,8.25144687399915,6.431621620263374,0.024879130208315857,-0.27303811644638026,0.1510392296287531,0.23538968869269492,-0.12406611864265855,-0.01064455584424054,-0.11414961255542824,-0.026068616823482004,0.03650624825450791,-8.039188737424633e-05,0.1419385302623778,0.1741267013556355,0.10105977411642257,-7.681772112846374e-05,19.619474589199367,11.862843977057786,14.495257647948778,7.209486302059759,7.826342550165707,7.135325008908662,7.283937834568932,7.9266193172752315,6.026357591311649,6.875072276479388,9.533139805299106,7.6117930592674945,0.015627199190635998,one,/content/speechcommands/one/e1469561_nohash_0.wav,testing,5.0,Kitchen.wav
446,-291.6165370259308,-6.472377464845403,39.07425366982362,15.208102372811222,17.20056568912815,11.783742384120718,11.202611222451836,8.208903711350654,11.392638802599906,11.345038150137004,5.095053816995497,10.100522955796139,0.037128702097106725,39.46222897071692,28.757104679959046,18.64353132679273,22.41216844865312,11.605254314340241,9.180315282184177,9.96790548188837,9.032215233143813,6.076153809772313,5.461381625209498,5.818810446483951,3.411416436041508,0.009717583411668161,0.7332372709871716,0.44418902293214463,-0.41175257986689745,-0.20960661369680084,0.44507222645097877,-0.5004487839919053,-0.200361920589844,-0.24335393229002436,0.14785594408612251,0.13755174170497847,0.12638696592593673,-0.16395421220744552,-0.00031904467651920935,13.934132532774198,9.447066591663711,11.108986711919302,9.228766682338355,5.757978081494431,7.4370332931092324,7.004270091931494,4.751074046406739,4.406255402622064,4.3959931042223745,4.290242751335372,3.3575403303451785,0.005558680065586108,0.448349421163986,0.18292427242024084,0.031611408344947974,0.11689905426061878,0.2517594220203219,-0.21476358416937494,-0.13385469221483765,-0.03129011081724116,0.07265828235086638,0.0540731073112808,0.06266837716126653,0.05896263887415755,7.528923451900482e-05,10.946293868321138,8.095236795135147,8.76733639819812,6.259439045031831,5.849206550325971,7.782001915378294,7.355918213748927,5.569409717709078,6.015289089727139,5.8340219294785545,5.765141417924172,4.553445797134817,0.004084945834065775,one,/content/speechcommands/one/81dc4a94_nohash_0.wav,testing,5.0,Kitchen.wav
447,-231.93481269455367,51.50600978826181,32.615436253414,10.287207343757403,14.2047057389398,5.625814075309096,10.182902457167483,10.94573505672428,10.145298054270683,8.208617561989492,1.2820667302592532,4.394948773177055,0.057441659504547715,81.52304896353668,46.26487840377048,30.0625279402543,20.88430081541513,19.822605603054487,10.668025421412427,7.199421624617344,8.408193272547454,6.350678564307289,5.703381639335656,6.6203016555975776,5.948281248234606,0.04088987535056744,5.904741071049282,2.528532643607926,-0.8509743710877125,0.20459729569199098,0.20954406853895416,0.11228787268589678,0.042010171695305985,-0.030187280394288345,-0.1960644755792175,-0.1837452650018686,0.15541920974005602,-0.05267723347379817,0.0033121292269037614,34.54558446798167,19.523229062441672,16.48305705511816,12.492861425573503,8.60021545326011,6.724932580741741,5.639738473641633,7.148955488740984,6.148007876991762,5.5063954012412895,5.460407632208716,5.425821494770996,0.01763334394562353,-0.9946015716142879,-0.5390720236807686,0.5602563558604671,-0.17322039297864347,-0.33667807650059556,-0.2230338592202577,-0.12606369084888416,0.0674631388369031,0.13716597645603965,0.007211605540965552,-0.1855537405669589,0.07232324191404264,-0.0011804521083831788,35.20200183420884,20.378452597992137,15.520964855804557,14.00461960813022,5.646737701499046,8.017400920084457,6.40596853129822,8.453051407077776,7.781947167306266,6.935944865353839,7.460249880633819,7.636786165256042,0.02187510748834534,one,/content/speechcommands/one/5ff3f9a1_nohash_1.wav,testing,5.0,Kitchen.wav
448,-269.1460870811078,22.757780563668916,24.40637977935821,12.869212141933865,5.5498817777633205,3.332379038909683,12.111623438565326,12.459724013037238,13.276499095517654,10.338597231665066,4.491574387681544,5.1710945130779296,0.03906396235106513,42.40077924673087,29.813112111236876,18.12517593009766,13.866732200627505,14.33411228683971,12.334119401559663,11.538874421892883,14.145928873252087,11.403612339744496,5.560745735428686,4.621315830907695,3.8511675156808183,0.011452247792728626,1.64556314443248,1.120651941043305,-0.1595434382527795,-0.5915425284212266,-0.2939935923222295,-0.37389784893308114,-0.28032820900136873,0.25417474469846646,0.5030642806438465,0.13808533820386423,-0.4669490191370345,-0.3832966542977404,-0.00043432955299654315,17.769974743570348,11.965906875834222,12.603672831112913,8.988975116258809,8.437570688740308,5.629140399232475,6.643631520977607,7.0156889565244445,6.3480557728882605,5.011762606590183,4.407923354510297,3.6740004434220093,0.005391438026289572,-0.3438218813736493,-0.476107679536182,-0.09625078406498418,0.35200383825551873,0.39522273858420187,0.37762812284183767,-0.16490931428397435,-0.23731558590482404,-0.08332557416269738,-0.016087629698747552,0.08247277350304799,0.3269371360599888,-0.00011793387432893118,15.224893691472769,11.752389853970957,11.587246262340386,8.330850532301843,7.154725220985002,5.312158601662097,6.669284095301921,7.3976870780102075,6.817974520501859,6.663661540856918,5.188942816311525,4.780452396884579,0.004252121039747262,one,/content/speechcommands/one/9dc1889e_nohash_0.wav,testing,5.0,Kitchen.wav
449,-230.59260346001423,20.12313470320128,32.248969527969365,14.822686065256173,-6.4332922497306875,-0.09110506967091347,0.8761971394102686,-3.203951232048706,7.326266421757193,11.309970298960454,6.095234593986623,3.4231181493507115,0.10912252578418702,101.46702103919408,50.854656593681014,31.74624585083047,18.355077455268496,35.220424618205314,15.958620778030642,15.341425804129969,16.657405988043845,7.324385573600509,7.212151960252357,5.577101746824355,8.904114394185267,0.1113671239793641,0.41496924723100626,0.4544858492715602,-0.2599755295117233,-0.28028399435430157,-0.11833992321628652,0.2482092197985065,0.007502790308895135,-0.08698957444205689,0.14115646963663375,0.03069519153641435,-0.243030655764722,0.18005275928655567,-0.0002749192738725293,32.0578270078472,18.29884351682753,18.158076590880057,8.079100803519966,13.146321524557232,8.76091634456594,9.23820757224181,7.820039943186943,4.053561462358636,6.58862865815655,4.9688023880577115,4.798347414375528,0.0325884053826854,-0.4465141841379174,-0.046593306209946776,0.22925263752605776,0.23580392487643445,0.13031476199945863,-0.007604954861979074,0.06373455767387544,0.2654392760786775,0.05736371840933619,-0.0990442607810234,-0.08876351873568315,0.11419805293312883,9.230729192495346e-05,24.207414144176152,16.410343792687815,16.036540695411823,8.760094711504568,12.443603254857436,10.171189231988334,11.467668291077324,8.853872646732217,6.107330763019244,8.409813984011123,6.057721170953145,5.858945171520996,0.024351496880593352,one,/content/speechcommands/one/9a69672b_nohash_1.wav,testing,5.0,Kitchen.wav
450,-247.82397670314555,67.2273364831782,19.320725640051098,6.621209461262151,8.752339640234055,19.02742166790886,6.5782299686132415,-0.4931027638559268,4.117674695616384,-0.9438141775149701,2.841927861831317,7.895515802181973,0.050840588038166365,63.55004548034478,17.006654763277353,32.258219828724286,10.121449225699,11.722301024836268,11.183522037458072,12.173687451923538,11.902464023287523,9.297773907075069,8.159856232295832,4.388859451832053,2.8840295845326143,0.024776609940873516,-0.4820348013152232,0.04634801427390153,0.2672262899562194,-0.299839358450202,-0.10447881680264108,0.05159587808051177,-0.3812537659338838,-0.20185125909303459,0.040224455001819134,0.22802547500296325,0.004873825973467688,-0.153420331238822,-0.0006052732853026226,24.08136029196317,8.177740336510197,17.109879211728938,6.703806333045073,7.555827098984646,9.327527759819228,5.369660087530588,6.4357152665980015,6.071429779339511,5.627080626322699,3.835544560601498,2.687835703697601,0.01142809547136648,-0.546920194453449,-0.49049099755085707,-0.15055719549475352,-0.029327888436350973,-0.07174106948891572,-0.15607457436756103,-0.09873327821584324,0.04086997584000884,-0.018139224314310524,0.11123743439194343,0.044935077848427145,-0.1220650971783224,-0.0001311173795589379,16.06416989090806,7.701755978985269,14.352787229481278,7.534757169033556,8.66162570097732,11.02763688287538,6.15484329348576,7.472350670815517,5.836437930034605,5.883747877726507,5.023450556333327,3.8775974947142755,0.008703260722244567,one,/content/speechcommands/one/8a325749_nohash_0.wav,testing,5.0,Kitchen.wav
451,-222.34355074046348,35.91916973031938,31.859147195019386,-1.0272130649188622,-1.1158433227349227,7.155589999496285,12.94246492327509,3.8273141120035543,5.34519877108343,2.6943388597442257,-7.416522851808809,1.0368553498992088,0.08542508880297343,74.11313307406284,43.89320720709866,32.823411421626396,27.46210627085996,22.742949292489293,8.88602274197009,13.180018964803713,6.5301649141473845,4.40233569488027,6.09776541605492,8.355517880032634,7.417599888487487,0.07496084483674438,-0.018499652967945552,-0.018858700902484246,0.12471810266311377,-0.008067361244897734,-0.04321661694207439,0.4199588259988485,0.07971837960972995,0.0891248718677023,0.1750977302041371,0.09832735153963378,-0.11191793361961813,0.13606903191447964,0.0008387277619196818,23.711073948362774,12.771000867990129,15.634988175753234,11.248786194136413,9.403034012030815,6.01056622022237,7.613553452850623,5.2352662223327,3.5444259863567726,4.928996215968957,3.7509144405230894,5.38205323852789,0.025844351540501114,-0.9691372637036102,-0.5660714737636967,0.1439008385795357,-0.23418398856348988,-0.08870999952590353,0.0546881107499317,0.17566074705979556,0.3217327378688729,0.2242927979165291,0.040659433243417135,0.0954651899957815,0.0328399689648283,9.095743298530578e-06,16.401702798929573,10.050039149232473,11.1436846726944,9.622743346020693,7.90401992127627,5.707013331973603,6.113665792045439,6.165163334491752,4.188064405500385,6.65448857365727,5.102975171359288,5.915837263830903,0.014285417919358601,one,/content/speechcommands/one/210f3aa9_nohash_1.wav,testing,5.0,Kitchen.wav
452,-245.33264889713706,6.3323953746495825,27.039686937932082,10.006735702425456,9.711224393071179,9.080220251312143,5.280822989823013,3.8328808637120937,9.45783079384346,9.796916531675969,3.0845843906706643,5.6754152210354345,0.07218543393537402,111.53417352694716,53.37509693502945,35.589053918993486,23.13121850173155,19.452651849248753,11.867796764873841,16.432553240205547,12.517146965219322,4.650991394555502,5.357552716881499,7.429368111710522,5.127757050383569,0.06948162100596358,0.010018144061850231,0.5629254503937683,0.4669230229460938,0.45036562552767917,0.010362629306936901,0.17235915687982845,0.06108387664614856,0.07565195330182063,0.16393894910402299,-0.2274667281278054,-0.3359572991008701,0.042261755418939645,0.0003028289685326238,34.39818930406392,20.045676673298797,19.267089725227606,10.165952338618833,8.370285204325915,8.57393874224388,8.109201048244072,4.5905107933450635,3.725204605447327,3.9108439418888072,4.013714600459093,2.976391723008584,0.025936278750419862,0.015663817276642553,0.1551550558254101,0.10011788203201917,0.23611567564591998,0.16625041786333364,0.3000741043161294,-0.1678888397242853,-0.03625523976580413,-0.09714154466904622,0.03593369241860464,0.00319337895149386,-0.06872318215200934,-1.1199712753295899e-05,20.22805844944362,19.60677825721725,17.271703585795922,9.373781504439782,7.926357935511752,10.833730090270622,9.819070608248033,4.910125457310069,4.649692565511258,4.467350117182569,4.960659641734747,4.281087663142573,0.016793789988852746,one,/content/speechcommands/one/b1f8326d_nohash_0.wav,testing,5.0,Kitchen.wav
453,-224.89509919727575,37.691855446322585,43.84436334308141,22.494648455717957,8.971024246297588,7.035935330095824,8.31101859755761,5.62232633170433,8.695877086169656,4.082020361291684,-3.554784585929859,-2.126823602751557,0.06525700894417241,94.84482062899511,33.51709815297296,38.40482278035074,17.000832864598344,22.91854182676884,10.533043702545099,7.550966297785338,7.6450706613021415,6.482440630249076,7.095061278959075,8.026792899228951,9.944309310921357,0.05144569657679525,-0.04228490996189477,0.3411784994936189,0.07544407276293395,-0.14200759516733427,-0.08589894048814868,-0.22248277441516354,0.3819616422755244,0.2889122668924037,-0.14385000669201428,-0.38214276212650683,-0.16806161098447223,0.37854218659285305,0.0008015136324590253,28.004022081543486,10.770768437387279,16.199474468725263,8.682363944787653,9.095763549782747,7.8922554928111905,5.439765146323582,5.33799357364212,5.139285082835982,4.173077879074749,4.741839143678285,4.871938048283673,0.016240412000112336,-0.25727549623938445,0.17698582163639548,0.33522243342447877,-0.07703909793732464,-0.07991408847494555,0.24114617710653252,0.21889343293223007,-0.013108053764104384,0.1428639805167606,0.2044564183312706,-0.02276192870905789,-0.11524772338292184,3.3658184111118314e-05,13.64022232680555,11.26780944658448,11.115400022570498,7.788133349532268,6.0942554593142,7.479653999495211,5.415344632966211,5.929036472976075,7.007198871169304,5.110938239635842,5.625561112636236,6.318863013865151,0.008770583053724058,one,/content/speechcommands/one/9b3ea809_nohash_0.wav,testing,5.0,Kitchen.wav
454,-276.6983260815538,39.31457027018215,40.370595581666834,28.762014747484724,12.92785177911147,9.808532552523515,11.676095855569177,5.1957061456167075,6.925865918788342,8.075464661253434,4.446310218807681,8.145303908257572,0.05936552694765851,69.23937418581494,60.896199159606546,25.14012844122084,14.057306441322618,22.923207801555268,15.297199692555111,10.73837876093804,11.694045527945377,7.338637004494685,4.329722319869109,6.218297854387646,5.672008211523558,0.04696910716521537,1.6211362854841824,-1.0634815475474277,-0.411894166648906,-0.05723223897313155,-0.3742713451963494,-0.11756699873235463,-0.19361166582622621,0.00957445552139575,0.09979102205963666,-0.2602996232115341,-0.39286735600252093,-0.09803482614769128,-0.0006285960515660624,25.920255542674628,17.610759185071675,15.208759109448561,9.558626176139752,12.229412873123941,7.855117995896125,8.948489295358252,6.1317873644322605,4.807380566040234,4.04295405764105,3.6606208073355644,4.063803470554367,0.013378348246506166,-0.8356457485008453,0.1791024136019723,0.12637173997304957,0.09609870336074428,0.17018531563906963,0.16736212793825272,-0.04693342605731541,-0.1455100324004796,0.4724534347022481,0.30953054517156114,-0.04443530229594668,-0.3188270257370983,-0.00023266381273667018,17.793719248371143,13.592924202947167,13.391553833372011,9.55194250567185,10.305304515101165,6.543945048837747,9.105138131050264,7.592628638596029,5.986839792912481,4.858371062608142,4.151619365822995,4.303303949701659,0.007894611341767185,one,/content/speechcommands/one/e41a903b_nohash_3.wav,testing,5.0,Kitchen.wav
455,-243.55123340493793,24.974794901537763,45.30836392434857,24.250608845510527,8.890276733743587,7.167201580722578,14.588618865252979,3.7784243006414377,5.795159327922258,8.729178078841741,3.6607754262995584,9.798976784929252,0.07612791238352656,88.81442601375245,51.56490026048855,28.436499659900473,16.91215468725586,25.7825187516157,14.351630195699395,9.076875360983417,11.88383652137043,10.60694394183635,8.244338600385408,7.845980148013468,6.492428387875131,0.06095677562705196,1.1303391295104173,1.0107691393762117,0.4178606509646027,0.19743758213786702,0.2997885360673924,0.357347965272918,0.04091545335793337,0.0551443617015187,-0.29180563802726617,-0.47784798008879387,-0.3206749970456506,-0.09325755710858669,0.0013241932517097843,29.33624808163135,15.34703731692885,17.341354508518087,9.9594288081584,12.04431634741601,6.93465940983062,7.153564878671015,5.911617036326649,5.139637154748755,5.813476747378758,5.1522615384465,4.645667188224836,0.021805308909314643,-0.7505169265023852,-0.45959215665040687,-0.057860340191472896,0.20485171176911443,-0.10480945014467895,-0.12859452033958682,0.10932336762748272,0.20658650165945147,0.03738896029417298,-0.19535282364199286,-0.13396469717126572,0.0741798464609317,-0.0004311395188172658,18.96994713972057,11.378632184906541,13.388651425983802,8.641553750356671,9.768891422040486,7.256934416147193,7.477079643644246,6.312849506255766,5.9079741228818605,7.183633217697788,7.157090417095509,5.428377511979027,0.012984836889659047,one,/content/speechcommands/one/653a48f5_nohash_0.wav,testing,5.0,Kitchen.wav
456,-281.6757333679246,-2.4784432706129174,28.162602457297496,9.634572965510351,15.65210296046802,18.647019908003738,15.078457613014733,9.55843250908746,16.683320784479815,7.809336304005066,-0.4744401835789911,9.99023402260515,0.04018432659006888,51.76408121219408,27.861357457912284,28.937531331460274,19.64914343943873,10.674832276692227,9.796476464048146,10.14242004423587,11.053616432679554,8.162124007172357,5.867482454789146,9.251348275299508,6.256516010035939,0.013223235186626396,0.872418872872034,0.1614311839752105,-0.4446806557977949,-0.2525350650005773,0.11648897675605709,0.25333801396091987,-0.040191876062988165,-0.24054429191175053,-0.06995726318646558,-0.22006333062973704,-0.23638254378935528,-0.298009047393068,-0.00013444746534029643,14.14853537864883,9.380354068330817,11.701775031056256,9.156714685216992,7.243470358056396,7.098473228440652,6.657830131195026,6.966160818936763,4.587481198035552,4.958509330281251,4.790472374556077,4.642713933472665,0.006174795075474224,-0.2534352683113462,0.015421885521676674,0.05786620127652093,0.07919285055330824,0.17458244246687532,0.14203784431820568,0.07788005279172534,0.013364654381192605,-0.026187552524041965,0.06387148217652452,0.07830243698349583,0.09806643863984371,-2.1910744494405285e-05,8.601166084414027,7.540118199119065,7.747415695654556,8.039529210492601,7.758230301934181,6.787647056480619,7.500727670081566,8.00909089191386,5.455679655425577,6.349272353706901,5.958740372913286,5.412557139370227,0.003988323337827389,one,/content/speechcommands/one/26b28ea7_nohash_0.wav,testing,5.0,Kitchen.wav
457,-186.1626751759139,15.78027996662584,32.371306364095794,0.5292983046353514,4.257295505268806,8.864432634298812,8.44797379512916,3.3229028467256994,6.426937402246548,-0.6483153545732736,-1.4333283346746362,0.38787187911024823,0.10563399450620636,125.23983757367435,33.12014767697044,24.63738569449724,23.72162564905829,19.629809703634972,9.418312818685873,8.375878547229332,7.7720282387952535,5.462596087825879,10.113708295204658,6.5853433542403845,5.711309754421847,0.10234039075498712,0.02449071540981335,0.5571995238839509,0.4681696455190659,0.168416768835,0.19743798085054523,0.21058799408054005,-0.06698228276299502,-0.058559489953262225,0.007017871910602343,-0.08265878749674067,0.1820271466000115,0.22478747129180746,0.0010518735094416525,32.66000318169263,14.38879283744754,15.350301809323012,9.743808373021283,8.4254603595427,4.523599430452521,6.727981394340702,4.832067342076747,4.57019333563898,4.938156916550191,4.208292471859541,4.384263847809823,0.02971345587048528,0.3159997142594797,-0.045601867559989656,-0.08045631977728872,-0.0485259515027875,0.07245272391105254,-0.12204880972904981,0.09680564470230024,0.2533570790649927,0.18768820442315323,0.33852346420727625,0.10591905339731864,-0.08545590383155771,-4.617000619570414e-05,18.228019562301004,10.814474254027726,15.250671861269355,9.811576069881415,9.339984279379077,5.796837846201667,8.698220453668123,6.020815297486002,6.018100788379264,5.9867540683437666,4.585268837634204,5.120309925265755,0.014901997514494074,one,/content/speechcommands/one/210f3aa9_nohash_0.wav,testing,5.0,Kitchen.wav
458,-254.6316336749348,9.609774846080283,44.38148377459835,21.506675691361927,0.31673073489394576,6.077723247645993,4.00390759365721,-0.6053801090720268,8.900914330692968,12.551149352317932,2.1464242575470376,-0.4030320238469194,0.06213053734973073,82.06912425370966,43.948916637032326,22.280742264810204,15.871629847506389,30.350775817652366,13.273210597386532,15.610841214591028,21.877780709617586,10.836329106057264,11.663865714322897,6.252450219907501,12.568898393534006,0.04676804410004299,0.36790130367447066,0.3315269584157472,0.30606163849429113,0.04148849848784139,-0.1765636505600482,-0.07079337693281458,0.07026967272705081,0.1917444267778451,-0.1578694135137835,0.10755551425853158,-0.03490872036168494,-0.0593367197848846,-0.00013837494677112949,23.987444779379864,13.004139055357525,13.811690947727897,8.750089050111416,11.161217398009686,7.497731510816271,7.063929010320476,9.376466509756566,8.14425056614134,8.235144777477135,4.55417623429409,5.178397470715001,0.01599708646757121,-0.4834459032037387,-0.19721997131849336,-0.04607915812777262,0.15312446909490968,0.05161617590831581,0.2325008854290579,0.1686724027396141,-0.037052452036999944,0.0905933595374408,0.09824124879946587,0.14104573362619074,0.21976596213973296,3.755725920200348e-05,12.918194024334394,9.631112946480322,11.946043763382642,8.926591549134047,8.839027017533125,8.230837641204468,7.098988926988399,9.162280948850617,9.199868206085009,8.367090307825407,5.766089415653269,5.5056199461248285,0.008010545667602972,one,/content/speechcommands/one/9a69672b_nohash_0.wav,testing,5.0,Kitchen.wav
459,-214.2387454363598,17.22281485419159,14.409557398308413,34.59696447392597,7.681239987438432,2.9438387105830937,13.095572847584373,-7.020242132038776,4.698393861633042,10.888567768152567,4.726614759024225,4.331476155780546,0.09160115912316306,69.77160418634188,27.440019402884097,25.007909853877564,12.913993941108782,22.423729927310436,12.482540935715589,12.516183367800274,19.933511363600456,7.646576374489876,11.54831900912937,9.046581876314203,7.7364696734175284,0.06320057574322457,-0.1366791935604719,0.2546852602400776,0.14939144986900282,-0.36152779132611623,0.2892425827459619,-0.4250366022185272,-0.44100255483118406,0.23483741075537676,0.05644645926373853,-0.2829304511657434,-0.24918502518864066,-0.38195415701819346,0.0004728451371192932,19.201335924124233,10.178896639599397,11.049814396679785,8.727393681232204,7.340019666709782,9.035119685921126,7.554454042765846,8.508743403323585,6.54345937555035,6.427117885596413,5.0620325947784,4.806526239083787,0.018006862668034824,0.6992276183487316,-0.39803685714961246,-0.6451905879007874,0.6803454040703142,0.17837698093261867,0.4723760956404306,0.2826299242133026,-0.3499970690612325,0.06615416397002408,0.15377607079248853,0.07321917652177404,-0.05271209448353121,-0.00012506345479652798,12.063685569321416,10.03549718606283,8.930887135826305,8.070517659483006,4.9667688462827,9.449012658611288,7.528827837905124,7.577027691906855,7.194566169231316,8.083414512937358,5.910771921956041,5.76580919563825,0.01099912677083472,one,/content/speechcommands/one/8625475c_nohash_0.wav,testing,5.0,Kitchen.wav
460,-289.71443686467455,23.344994663028395,46.02230479801782,28.741305296126676,17.490707404573374,9.12977680016383,13.972827594732834,7.060296423432283,7.894779697065758,9.191028288459213,1.436329456962746,6.552177852263265,0.053833319107070565,73.6710648054419,60.89164102190151,22.38590121770335,14.154967019772396,20.99177600594352,13.85668032707673,9.556699500013226,11.273903717694315,8.35088227130809,4.517539045512194,6.670614144729161,6.306752833363923,0.04419962011134458,0.576529967976105,0.30941063186308543,0.20072268420743525,0.16444260329721244,0.025734784842932817,-0.12148064954914488,-0.2499610067798033,-0.012080474511296095,-0.10252208512685847,-0.249852622705016,-0.11375071995534503,0.20231746167360515,0.00023141551402307327,25.88633720472849,19.02180647290842,15.057447568127438,9.864576493996793,12.169975225161242,8.704872359347073,9.110340981246539,6.347377674230819,4.507529237074752,3.9860919128067946,4.264895126925199,4.942110508206859,0.015300752114280008,0.005506449602633742,-0.11567005564388957,-0.09495524327893061,-0.09089137073752222,-0.20957268441608623,-0.08411701874439584,0.2429125343096467,0.023293679319173557,0.012939257406740385,0.10165315645841945,-0.05220594244812326,0.0026737027264642776,0.0001574297125140826,16.038543003283344,12.198398131806478,12.778027873465323,9.065034059431321,10.214783959730994,8.709525079333348,9.832171825300739,7.352906431486877,5.923456877587179,4.779125483926682,5.057559676197085,6.051955832700066,0.009729317044928259,one,/content/speechcommands/one/e41a903b_nohash_2.wav,testing,5.0,Kitchen.wav
461,-284.6737271068522,-3.2340254484050788,38.316196851352466,24.042570057973187,16.55364465257093,10.592084331180704,6.805830783571782,4.071098058742758,10.249586145888937,5.397053177275681,-0.5543622252302277,4.731099382157609,0.04871632455615327,50.871380254689356,30.412431204316643,23.625062754694707,13.695308314403048,9.59896146843084,7.340057660664226,12.175073862920966,10.015998821801722,8.94584312741999,7.688843051534145,9.095189879567522,7.987357543059507,0.010938625704520833,-0.12287657544206995,-0.12069972778248678,0.20498828422534604,0.24822641734193412,0.17458950796184322,0.1706977606003275,0.21399867555929555,0.33368313716520576,0.027485051462896405,-0.0189182016634669,-0.0015114658883656682,0.08336908924241336,0.0011573998077261832,17.872515219021775,10.956874937778608,14.275066520281253,8.776261230835681,6.729746045400589,7.014258601018295,6.0729509741892835,6.108536381606477,6.167970525115222,5.519472791928229,5.012542061610441,4.255396963352994,0.005474318346189781,-0.20077441022099266,-0.11713770168105893,0.20257704247642347,0.06185169006207989,-0.036332354073085445,-0.04989581192408089,0.12987265747173224,0.17102291473130682,0.061349984104418574,0.16842174040200797,0.06812174025384193,-0.12273249605103367,-0.00010943766683340073,12.287281899370303,10.375177997263666,12.37173080629702,10.306547891392116,8.035799362380695,9.250712169820249,7.433926272556656,7.70197999705984,7.05317402218388,6.4169312226864985,6.047782763760513,4.9869601415840945,0.0040970334756275555,one,/content/speechcommands/one/daf230ac_nohash_0.wav,testing,5.0,Kitchen.wav
462,-194.594020347004,31.502309478292872,32.93802383000215,10.3532054407926,7.934473775401689,2.9359009429212923,4.148567498151464,4.241351174196721,9.951284687421172,9.880576443202976,-0.44204219370473385,0.9142957124751747,0.08425188605906442,115.31580602490327,44.49315498859082,20.284533035187508,19.060342700757193,12.531674670470224,13.348879813589557,13.345571701263824,8.10548819315187,6.169659191429583,3.6894556071702653,5.647263051434087,7.898032695163214,0.06942104004467095,-12.081211292605657,-2.1168897933647886,1.2202391453480534,-0.39075299738016306,0.23544217153044777,-0.39912229160723794,-0.061546263965143726,0.3708784288167259,0.20780896335944354,0.09607244800666076,0.18278410154177288,0.23474613620558596,-0.006260328715847385,18.071749907836566,11.089885333035722,10.043584466143383,7.788522548685431,6.626766005682098,6.8103551174530725,6.443751507965141,4.2670734038200315,4.0427714709801865,3.518562638196985,4.01685194157952,3.0812018970508976,0.02287380534594831,0.274701520264648,-0.20136507674098306,0.010762612265091558,-0.1456937176242384,-0.17748215365426626,0.2626098829695657,0.07548290684539208,-0.10041833495393447,-0.053542543650399566,-0.14470706251325632,0.07124060093945997,0.04767516173377662,0.0001446010544896126,12.914143478553068,8.988008357879433,8.677384718473226,7.295822451787213,6.881249105377549,7.76487203637383,7.546557907869068,4.870314187419873,4.862657685180855,4.719068471447652,4.975665294348857,4.132769849480194,0.017116860158695266,one,/content/speechcommands/one/4620dc14_nohash_1.wav,testing,5.0,Kitchen.wav
463,-189.22541532198227,26.33973929213218,7.07718623723618,7.143737360895168,2.66683891692239,5.6338219736791855,15.34711814538188,9.0272003489607,2.407493287638215,-1.0198455430904234,9.858533250094913,17.863693873201044,0.04328116832766682,53.265292650911256,27.198591939906333,15.487808454630656,9.295500339963011,8.125749128379223,8.570074454555296,7.095789534581559,6.759903455160521,9.994188673979352,10.624385762089553,5.31270182324603,5.657782648784475,0.012256956973100976,-3.440476669496531,-0.2992599779305605,0.7726353540366082,-0.02365287318718644,0.6244499543035633,0.27595658718166266,-0.063724599483741,0.2233280358857048,0.04033685815795787,0.3104629810941169,0.3080503469996849,0.16517604774392777,7.29529607680536e-05,20.640964522943385,11.631450450473912,7.46336045511481,6.241960033702801,6.1510381577930975,5.7340911035773745,3.5842642218369107,5.046909711514133,6.530051033734392,7.296060604671918,5.351239783965298,3.9513727955043296,0.0052190949606368605,-0.297028997540149,-0.5394323184641334,0.056668677959178085,0.051883536000748735,-0.04217875969924589,0.004511688994844169,0.0026119229261528727,0.006236614217608534,-0.0033232981079691784,-0.0055614001899733975,0.20826910863025375,-0.004925514934738295,-9.243283420801163e-05,16.913689535718003,11.05983180459995,8.285137454099614,6.881603845945053,6.4978675046978465,5.854026102545186,3.8386995692827206,5.277822595134132,6.0904167977071255,8.424986991502763,6.918068489827477,5.022649001920585,0.0041177309890074835,one,/content/speechcommands/one/105a0eea_nohash_0.wav,testing,5.0,Kitchen.wav
464,-204.46612213673671,24.41021562192226,14.503726653558429,11.473817088957727,4.007620299804641,0.39793237181888563,10.685061654442608,5.76286648942843,7.772351733576693,3.7555761858972185,5.441337332821524,10.785244383832294,0.04888905573170632,51.988413959310876,28.950846732503134,24.769572695573295,16.28432206086679,17.839783812301608,12.625430588601853,8.41164192753867,7.867148360894926,5.968634735672073,5.552362419903397,4.666701470980998,8.10678562244197,0.012302442519251193,-1.9497906216165606,-1.0032052957090465,-0.621715507967594,-0.05034650382188084,0.0030905873860860083,0.6049976747146709,0.7932652816222577,0.23567415955912144,-0.0019932692300479128,0.01044501899087928,0.46921470237497254,0.6788957461738326,0.0004375202040518484,28.987827666739683,12.101272602152468,12.729929416243966,9.638853925753464,9.47256501509236,8.092662522612521,5.86131985640878,6.446904216656893,5.320147745571251,4.7669239174763804,3.9509445837147856,4.534739328146775,0.006103084295887338,0.745548839544864,0.3767500234943703,0.1564281740163568,-0.3268961428063991,0.050245759484000715,0.1658088718364023,0.05625772202551147,0.05392587878210152,0.06565889616352626,-0.022455782809092877,-0.33022771197293227,-0.18203498008112126,-0.00035558491945266726,25.747479518161267,10.306446006503775,12.176532452414548,9.364099469674953,7.9051516034160745,8.63380516117109,6.4902386461650625,7.3394420454935085,7.788165114262193,5.832485546210253,5.617781894449318,6.065828564884488,0.004931888672956578,one,/content/speechcommands/one/0f250098_nohash_0.wav,testing,5.0,Kitchen.wav
465,-303.84180017576483,-13.27988965708036,42.167498277711616,19.932810870583616,16.829537760949343,11.623228339712252,15.695153798277374,15.23727249058193,11.215075953749363,8.794489819383298,3.869424502356973,7.0264525476072945,0.03915485186735168,23.598284525409486,21.280028648297616,9.280158497159473,12.40940329702233,10.911325397431035,9.229333150732643,6.24934341675661,4.39544446641778,4.3625252245288255,6.184846104295241,7.25073973130629,6.494522171246618,0.011854454049209255,-0.6527189397765317,-0.20816108680470108,0.12674274940225805,0.24837626897129286,-0.01680969739960285,-0.0007352738449030207,0.13837171465436085,-0.010724120218979222,-0.07155952798095308,-0.1654307514353822,-0.08532774461592318,0.0435937056443519,0.001164523884654045,8.348323684967173,9.744085886849954,7.993995711285608,6.752860211201439,6.4722578030555455,7.639505652833463,5.476932651880911,4.023528728612834,3.45506898018765,4.165255603648948,5.530484659584485,4.3446926758493065,0.0058606981529241604,0.0031133354013983686,-0.020621862221572584,-0.10711695924049612,-0.006404000850645749,0.13073485296092865,-0.20447346991693938,-0.3178836628196237,-0.21098778013775826,-0.09345717633630415,-0.13383626019075448,-0.284252574520857,0.1293979561058105,-0.0002595933775107066,7.385008646672641,9.697349189423614,8.140772505326117,6.374943626044695,7.0524500877515806,9.167707816820704,7.0315736611745026,5.068134595058388,4.302132501249399,5.135722371713046,6.795842699142927,5.955639905716546,0.004890506429857734,one,/content/speechcommands/one/90b94017_nohash_0.wav,testing,5.0,Kitchen.wav
466,-328.5800061872789,2.9119898412142056,39.211120018329346,28.389574109320634,21.680033188541287,14.020846027381726,13.73114121820563,11.906439052359515,10.85545156651694,9.367197678838917,4.524458392926674,6.945829417519903,0.024429960059933364,24.827267212282713,21.070819493143965,8.912535534372417,5.374795184241112,7.88508098176946,8.84133241308365,7.9663003051338785,5.408734201070328,4.986328909468026,4.558481169979524,3.7389893246623656,5.227625702736027,0.004826309103367555,0.26005129031821733,-0.057756759539529585,0.14203647694060856,-0.24626842385929343,0.06727445657931069,-0.061884321485020474,-0.22473583015872559,0.08704140724361237,-0.0458359894307866,-0.04003988256766699,0.042480405116693376,-0.0873516372409255,-0.00016397550221412412,11.059919471839342,9.672721440361876,4.641352485271387,4.441004811887585,6.163386861645025,5.651153401160366,5.195590294409767,4.313742141336498,4.132901888016678,4.3965733486397,3.572388486654098,3.1678609356905314,0.0030704568325932036,-0.40592408690412374,-0.1635132192199063,0.29164271353950205,0.10260085481192847,0.058835012148487444,0.21809049303518252,0.10232323968179777,0.007305344175756959,-0.07395296653668139,0.2233023194990932,-0.0033360741361975125,-0.20051708758395154,0.0001494710644086202,8.508523704237517,7.78944314492452,4.5550770584804505,5.045817493372646,6.635499195143817,5.967254137004197,5.482048424581514,5.188461045452887,5.333226464758196,5.660251620355224,4.870453002714595,3.6197604880852308,0.0026566820433134826,one,/content/speechcommands/one/fce96bac_nohash_0.wav,testing,5.0,Kitchen.wav
467,-217.12581877944712,-10.673428518502671,19.083114788906858,8.106455731308762,11.05335975498993,13.14700511415202,15.333671126507367,7.089049651165327,5.222222285027445,6.579557068750606,3.4721700105363795,6.777712745059635,0.04507952247513458,36.36118350753067,26.385131013568117,18.687385190059487,28.9806286248333,10.202026027915158,11.376995610426277,10.531675778312058,5.7466771603804725,6.965903175702908,7.01353426768469,4.2190243003432455,4.3224110227862695,0.0221896131263339,0.03903845558504086,0.3474624624695112,0.2425525209239929,0.36309182188047656,0.04597380039958894,-0.09939229988443239,0.1026210673801922,0.23365399436440018,0.3017572896493967,0.09080710749981594,-0.06276672116878704,-0.188179839704729,-0.00022625502559446518,13.380465090863746,8.41208973577788,9.62857844130128,11.281666645749086,4.410155614260108,6.861003496363351,6.113028935707774,3.8995954451460766,4.6452054467297375,5.13167170732741,3.4931950939909155,3.9415891592513255,0.010959893806270231,-0.04984191443919315,0.08991160727132233,0.03340820200287512,0.1619222158415449,-0.16525848525176925,-0.1585291192616749,-0.14721816903522247,0.03513957522033048,0.24811049288593903,0.1364064221597158,0.12463810337129418,0.18250836516140906,0.00017426100869973501,9.460209969999186,5.775020295021333,7.878185942672334,7.5789463557064805,4.804795221108655,7.864912570026852,7.037136438501626,4.476230352397385,5.195625400772303,5.5668519176324684,4.250809896415563,5.052076948288217,0.010597163017894694,one,/content/speechcommands/one/28497c5b_nohash_0.wav,testing,5.0,Kitchen.wav
468,-247.9156583364492,12.456866792680852,30.759280554027903,13.547970638524014,12.86530687489375,14.5543575412513,12.022651991773163,0.9083969220503845,6.921178497311097,7.772244495651862,5.5889491112601455,5.652423674260708,0.0639151593495626,96.41730245503456,52.13305946777095,35.76347021490254,20.16883423795442,17.33878669848206,5.781497145563978,9.349879105204185,18.978906438492686,9.132104742956821,7.426734003961014,7.592304614270462,9.013838411485231,0.06740210042627584,0.7118136834473401,0.06287762403087373,-0.1552197949398198,-0.052479001867652066,0.06734241572159669,-0.08907361176163202,-0.1857235961718164,-0.2009991374464921,0.13525610455795486,0.27139883776728413,0.004859824228613544,0.16224849850154868,0.00019452234189356528,29.238331396425224,17.11789553846384,19.724645474079892,11.821133541760275,11.147017299179407,6.16632918591737,5.103445569240078,6.674133131786028,6.434972702093748,5.422058205623053,6.260202896114381,5.905558854645917,0.025642846868801486,-0.35136938665986767,-0.015962597950913704,0.16603082399643132,0.15844454412167847,0.15533254735016186,-0.0717826003007494,-0.02174417476427563,0.07468839558700005,0.055638942568480086,-0.002103708170316576,-0.03016641600318663,0.15699824220498607,2.5584610799948374e-05,15.978156399987826,13.488486425439746,16.712499569487846,13.314530971384462,13.368531986066852,8.614495507705707,6.2875363945863505,6.2055700671262395,7.887671438428306,6.635228780881651,8.363376465167182,7.448769752566481,0.01684762783639551,one,/content/speechcommands/one/cd85758f_nohash_3.wav,testing,5.0,Kitchen.wav
469,-209.06694339566312,67.6562868817756,30.771827014188442,23.23483718583598,16.1943443199234,9.264799765492063,1.807676275698506,-3.39590388794186,0.5717639135214486,5.795709415178557,-0.4283827432003864,1.5939689912743402,0.14139147286186926,119.9782203506108,39.704998047850054,31.492410922551684,18.569327922805545,14.238975050282818,10.514649611829402,12.917285955509028,7.183479688714367,8.061715040481443,6.355286886812459,9.065624908680245,10.732904858680543,0.16165594604626932,-0.031930620166459416,0.026682783877475226,0.05394294485795688,0.013906253320991898,-0.017933000630767696,-0.26758262241379727,-0.08288344188351998,-0.19212252107735217,-0.02216447047311281,-0.001982466489864357,-0.16346780511873335,-0.16553282358465451,-0.00037578670608420523,38.14167534915418,18.445296353248807,18.10314629648144,9.729565368835534,8.315858214290794,8.09503017868971,7.8288489249942215,5.629867445352685,5.358592154667143,5.850392263895384,7.527847173860426,7.7321730293196484,0.048525078238025016,-0.4277680907663248,-0.15061251935512618,0.1022270744441947,-0.09519096949801913,0.15773924291377342,-0.10828186081487896,-0.11024315026643366,0.03143525701247943,0.22956884608636421,0.03353785776744275,0.02511649514492328,0.11841114096787057,-0.00013734099144736925,26.471960488030515,19.647965246086844,20.722806416129043,10.567634447970255,10.147657332143014,8.767714988560018,8.984397602864139,7.02971194445325,6.485133697973078,7.4381445446811245,8.809099076422108,9.413872469647592,0.02783745933022457,one,/content/speechcommands/one/e1469561_nohash_1.wav,testing,5.0,Kitchen.wav
470,-248.0917573833781,16.762902247898175,39.41528603947617,25.994896401639593,18.132128629621747,9.044515797754821,7.186640738961154,1.6832880657046916,5.733026327048096,7.93598537965775,3.816123842944643,4.44219017186341,0.05239544535288587,73.35795039840667,44.20576350505645,25.40907995909733,14.919961529503754,15.209076176068555,11.81874153625642,10.722327703003943,12.139693080523454,8.446774869493193,6.084235658563384,6.894189369630466,7.779683116616318,0.021959140254205166,0.16328585642593996,0.18873106823037877,0.012670315286191952,-0.04428841256249049,0.07663668486556081,0.2544312736660593,0.17568785966847333,0.1894992996782687,-0.037321331120823704,-0.33475813541632743,-0.21920285627155714,0.09168271473177017,-0.00025636095914148517,25.143243685445547,12.699440942175752,14.215080253790548,8.636551652499332,8.082565981416746,7.368525405041425,7.563068696021379,6.823063177466398,4.902704670936093,4.7899565976606455,3.830590058250739,4.2009491016063505,0.008893126422465248,-0.35330951937141514,0.010015033007087245,0.2308989013470653,0.10036308314761086,0.031788034194013666,0.033824794779839,0.2184734559450621,0.19216315771528733,0.15266675465414908,0.1333604145197672,0.08034676730630551,0.04469427235362649,-0.00046435600767532985,19.247115003181516,8.805328388642247,11.832366985083702,7.102665237183164,6.51806084284294,6.99287264148948,8.885618089609444,7.050076660843976,5.948880523936506,6.608347730900655,4.465798144433583,5.412023364836548,0.0054375079913061754,one,/content/speechcommands/one/e71b4ce6_nohash_1.wav,testing,5.0,Kitchen.wav
471,-275.63900967981,45.48619599682115,24.19144665566897,12.529505517959084,16.407118388961734,12.97845313161172,12.370389541007304,15.130182401242775,12.15464656922777,8.64405952511608,9.295122476724583,10.598197092679126,0.07667092012707144,53.97389354222094,21.61996837733793,27.40787735855537,12.751677645028696,9.28190024109451,7.341392922205158,6.567008930106074,7.2420312823596555,6.381748545466309,5.784710304734937,3.7022196014610986,3.4793170632415116,0.01134317786393333,-2.494476839446761,-0.3668160859122361,-1.306468345467861,-0.4507723481886256,0.14459596446749884,0.17445251849614127,0.3753692303446492,0.5043494927483343,0.29052228544641856,0.40458337415074175,0.25849588736279516,0.0915468586964314,-0.0014238623121092396,11.805142837429342,6.709799380583736,12.64982967710141,7.415383729404263,7.509107268505965,5.970293091035335,4.148399389976634,5.801390721466382,4.393380817307485,3.2819938454030857,2.9028737306128822,2.708570471034905,0.007381072482813406,-0.07121053211722218,-0.01058644747078811,0.08435775664852348,0.3030124958585024,0.2700872941385774,0.31987408112937427,0.27928174151101753,0.22822152758170208,0.15698976187949157,-0.058538864338596855,-0.03545415670099903,-0.02800009911077209,-0.00024714296062787374,9.268613349523246,7.264488822739097,8.15636563358846,7.437092155138971,8.825510074655766,7.385947571660639,5.599370273752516,6.671247817356476,5.09129646984741,4.722664217544851,4.122779178235906,3.480488175756265,0.012493813570454192,one,/content/speechcommands/one/6205088b_nohash_1.wav,testing,5.0,Kitchen.wav
472,-224.23115494426844,29.629570705928337,27.544384995156094,2.79906449129781,2.2794808862709095,7.023168889839896,6.640726028529524,4.273104717752178,0.7006039064448978,0.6551503955016325,0.6776400266179745,3.9858099156681286,0.08915988588705659,89.27026514907412,42.53213401373055,37.110128073165605,22.786138405726525,15.310292359264551,8.249415598032858,12.575538795716536,7.949154815975862,12.720047522497884,10.442516813395187,8.106397512077663,9.601808723081678,0.08651003259339556,-0.40781887268236283,-0.218398047202586,0.4618641372460833,1.0373535424406435,0.7580975437211933,-0.0996568588581076,0.05288645441771277,0.09641210796247357,-0.15081928028981129,-0.0799800403794784,-0.6508735375668965,-0.7187621913131929,-0.00023429786726351706,24.920085518153062,13.905620452434944,14.237894962099157,8.815808768433598,6.503957798636822,4.32241640984463,7.505130496643616,4.513916126852862,7.965004564691396,8.858414206172647,6.927034276378606,5.355955594614745,0.026895475620212984,-0.12774554016185674,-0.10241965919988424,-0.08691622326789314,-0.2626537920511474,-0.047802887094248445,-0.07531714799219837,-0.04356688044611972,0.4339304350406143,0.009840771870946534,-0.29370681621390915,0.24019393626482632,0.23875816050720902,-7.789842784404755e-05,18.77846849608513,13.817261998105709,9.537358876640448,9.015024792125946,6.605075846589278,4.829610389838346,8.102083116403731,5.163425103273614,9.304045846753782,10.068890998397528,8.161508195002586,5.70013766893475,0.018860893776013764,one,/content/speechcommands/one/1b4c9b89_nohash_4.wav,testing,5.0,Kitchen.wav
473,-254.23041964223063,27.71094388315546,41.929711457704,18.891115914907317,12.759845381138033,5.806018079107984,10.765188754162306,10.134598726646965,9.868734425833495,7.268478623271866,3.430678789931216,9.491915170723214,0.0926124228280969,83.18572407338856,56.00202587282898,25.037851399209718,20.486386537490674,14.386988552239346,14.327382613557516,8.773474890600832,14.364539710560464,7.277423943035212,5.300559306772749,6.088660995652455,6.412030225832763,0.0723692762166474,0.026068596836100164,0.08618401018828635,-0.36923250616616204,-0.345128559925697,0.0704330538273001,-0.06774255575193537,0.008722968153633926,0.14237597838835067,-0.06922915278156476,0.05819900901876641,-0.021416652603426505,-0.07506268045847012,0.0001171007752418518,22.663636355051146,16.012454837281776,13.921972847984101,10.899448313489348,6.953016418460458,9.580882239632105,6.924812324374342,8.228443575956303,4.497452389451932,5.099572025972978,4.279587279346595,4.2326927816727835,0.023392294348761288,0.08596085454875606,0.5422021572029843,0.2557274748703508,0.4313149688995922,0.18925920653323633,0.2475396247549627,0.18752968673685758,0.1381207926534111,0.07947684945970744,-0.0010975711188557114,0.16198897301045265,0.1024212827233058,0.00026999351878960926,13.433584674307463,12.406126516608982,11.141936094406125,10.110957962603717,7.3197049265708705,10.09740603599986,8.252040182888193,7.923848511973268,5.245633367612523,7.508604482466638,5.505286489707561,4.984991363780167,0.013128706517365996,one,/content/speechcommands/one/b83c1acf_nohash_3.wav,testing,5.0,Kitchen.wav
474,-197.35360875574568,-3.498227458503467,19.14085980605674,12.126025921013268,11.117149006778533,5.960169827133918,10.368720057120752,5.823748535661148,3.554185358400031,3.7927403646041067,3.0805038181936606,5.26771666664351,0.06736200244631618,69.88104162295032,46.23079268644765,20.681844343806315,19.8897849122829,12.761075954095665,7.022264656999294,4.231995927650484,5.843815944924389,9.719953566518459,5.6622779750382515,6.6687592178631885,4.942870741886129,0.05771649949697134,-0.028592515674634365,-0.14469406164513793,0.22561368877048246,0.21505981616041553,0.053585602119261624,0.08002365177229434,0.04676761556555108,0.1797211308944014,0.38290384179535214,0.10866861752882176,-0.082556277642857,0.08394319944083069,0.0002760664830284734,24.936578701712346,17.84981221097207,12.566889059867673,9.507068811900236,7.582930588050361,3.4885709196270756,3.401407737055067,3.3682926201130154,4.496537204271912,4.262131697139493,5.208488401002923,4.534787815492124,0.024400262429794123,-0.10667105852155222,-0.004001634443783194,0.1835921855573113,-0.08033431379139498,-0.04871704395606772,0.10758242923360403,0.0686705923666357,0.22030715141161708,0.24268281769079428,-0.1247466401842372,-0.028676041384171003,-0.020118209813054937,-9.52892005443573e-05,18.931896718483387,16.146008561967033,11.955257999175418,10.901798251159157,8.577793548239676,3.5342707040359365,4.653735055626952,3.986262149523771,5.010839034899447,4.356666260829249,5.559033455249524,5.260864248261879,0.016236440538748398,one,/content/speechcommands/one/563aa4e6_nohash_0.wav,testing,5.0,Kitchen.wav
475,-252.9026182546396,40.20787308243108,26.030704954434885,15.908878972634533,5.889283041410381,9.45589997034826,6.19930605608709,7.419374033197071,6.369515600513361,3.556147959969005,-0.7668564591383813,1.5024935176373697,0.0856361563783139,75.11347940490376,45.37175574882632,27.171050129810805,23.947732838818244,20.312720758352974,8.716716873401767,10.876887810864345,9.505298539744478,7.079866875361811,10.3391560186527,7.430304105845635,8.273367378969775,0.07788236080898148,-0.9969777285412699,-0.3705202464915769,0.7219642113438013,0.8088473661129537,0.5951443678067241,-0.034376251955063115,-0.17712821369584406,0.33521819594697766,0.2822945682459822,-0.26768554860657623,-0.4100316202512695,-0.01008032195157023,0.0016892367312985083,32.36690703576427,18.575007735772576,17.546007539328794,12.623075702910876,8.143671424666612,7.754978381743584,6.915404490808316,5.182932270520335,4.850701150608576,5.706760366359687,4.135729326426865,4.848799634188268,0.026115045076931246,-0.9644540541370399,-0.014587914195108334,0.8407674472678222,0.26337405705984673,0.25058398406076116,0.3419547051561216,0.22339262529963058,0.14396422884988405,-0.04390130762298326,-0.044930906294847264,-0.11060821272916083,-0.19175167582648664,-0.00013314497967561087,29.596673289939716,19.8022283003642,18.31685858475861,13.645820979352537,8.193097110887058,8.935847701758744,8.31268287217613,6.185387295386852,5.210238313375446,6.865281350693998,4.853114774380028,5.4321083251130435,0.017400685698336027,one,/content/speechcommands/one/97f4c236_nohash_3.wav,testing,5.0,Kitchen.wav
476,-275.12591133825356,1.5676791042029525,26.481653880889446,25.81619659634059,17.445001582283645,9.622418967462025,14.656393589634403,9.930456024854262,9.564451439905989,8.90255290302898,7.151627137845177,6.978088102388986,0.040910039795562625,49.802975855326395,35.69844947798081,11.258586253805651,5.2328746351989395,11.602194468288792,9.862795523611807,4.987575207109631,6.644141293984879,8.794714915576483,4.260902682098335,5.628846881004236,5.448014686934667,0.014329061062053054,-0.8896878301612622,-0.26092880397234236,-0.05616732424322692,0.09921417315866891,0.018637978786661884,0.12743366817077614,-0.1544229143686315,0.18590555961432426,0.230967884591208,0.05832612976240029,0.3725455736178757,0.08425108601085864,5.225032087295286e-05,23.93701726772207,16.84048993606055,10.050607273929213,4.36220853765097,9.305157590012593,7.819902974183566,5.326502146974921,4.505254916586171,5.307513114449815,4.209997592389808,5.483118627142799,4.229833546429797,0.008111049549935525,-0.1320207780316802,-0.22796247169809286,-0.03049004871756722,0.15843244253043914,-0.13955134257320848,-0.07921720160537582,0.054953554938575226,0.21782037575981883,0.26362130224780517,0.007089330286878829,0.17103779022563756,0.13365643231789887,-0.00017032908896605174,18.134374173544572,14.174393188538556,11.282368682106208,5.148122961477585,9.94974774206219,8.613557020382094,7.495072706895073,5.752661139647497,6.06626757204989,6.074564679909952,7.925928306253159,5.680898537089274,0.006085643224207724,one,/content/speechcommands/one/37dca74f_nohash_2.wav,testing,5.0,Kitchen.wav
477,-268.18093855162925,51.430045962651235,28.410564520851032,20.98821255634452,14.16643653164989,7.707873404863498,8.694615178006439,6.788705444588723,13.657215826802851,12.114071101004182,4.62118629205301,6.448858202646063,0.07004033477278426,79.34798258195056,43.892846232043375,22.770302387710558,14.856431272943363,21.776295144931346,15.475855662282743,10.041181067307933,10.394777755858364,6.090575491251899,6.63975820328092,8.070759845756672,7.58597212357081,0.05233111761582787,-0.6029627996386008,-0.020609239781515624,0.20349364240004958,0.3667038796368337,0.047919569270263654,-0.27313414625492816,0.21190371242372227,0.2419220794224272,0.12778300879697738,-0.20160351470758495,-0.12542308604249233,0.4371711779120603,0.0010230478740507556,21.54203274070832,13.595904509386923,13.762859694713628,8.631278504251918,8.299125350816125,9.280683786867433,6.364984098973356,6.555786486500236,5.929646602499461,5.90137723973418,4.387164687310724,4.643291895687246,0.01628328885024868,-0.430931943578931,0.017572694237294652,0.5728035658215439,0.07131287460370608,-0.2258195296747278,-0.1708549437338308,0.1889632173769563,0.3153463383540291,0.0831707990382333,0.02856386746818469,0.07137977053206097,0.2372525337213208,9.21952227751414e-05,11.237526881856429,11.325338460731194,12.468560771753474,9.071849810345526,7.028009320745735,9.039230629329513,7.670030533198764,7.511802556934947,8.149561083203544,7.37822547309609,4.601590922993654,5.189840278262458,0.010698414002696936,one,/content/speechcommands/one/b83c1acf_nohash_1.wav,testing,5.0,Kitchen.wav
478,-308.6607127618154,38.724847097338056,38.12835196063991,18.452413736752682,13.1021921423571,9.6444492576288,12.544817353608423,8.344311187984635,6.721541199310906,7.665909573622963,5.362067932328069,6.532425871109034,0.04376886459067464,41.04034632403876,34.084624068675986,12.407545166270413,18.795141515558832,15.71998540270057,8.765458478929402,6.317105658917146,6.74026710513589,5.088062563407002,5.472673993631641,5.277691697225319,4.818614097412871,0.01190456995950074,0.13425748628087272,-0.12499117352591087,0.09176553677886454,0.45264005120010997,0.44264648861857364,0.0822481367628925,0.16046069137802904,0.1895940555687505,-0.027715430475546764,0.1402339347988287,0.047045518283411324,0.024861652455157694,0.000881999610893188,13.81083240714621,10.496077200271719,8.423884940534423,8.83075971425585,7.304738882412728,5.9977929051814485,5.153582984424978,5.20696565034086,4.459836820508292,5.272201386621248,4.7494827599057325,3.669006972966392,0.007486836541662601,-0.3883262482836718,-0.3109361413325108,0.18535205815767478,0.35451864636418556,0.3431015972223958,-0.032665876201957704,-0.029324214262120663,0.10229620585167727,0.012929045084230258,-0.11809364881992694,-0.06721136405681193,0.1824179192395488,-0.0002441696201761564,9.26574224053299,7.018463549475151,7.726010407960258,6.908293986943434,6.284825516128903,6.4294538902091185,5.423573380711797,5.634022792111967,6.039276625976851,6.575899504100268,6.3585935544710495,5.086905059316936,0.005826952807402261,one,/content/speechcommands/one/863880b7_nohash_1.wav,testing,5.0,Kitchen.wav
479,-140.17020532098073,25.147957905309184,13.495587857445175,-0.2246215141656247,1.3347282200252781,1.753827467027942,-2.194460229486018,-0.7759896941629281,5.9517587757834045,-2.496235272801637,1.7949655984766186,2.383805754794964,0.10354892967734486,79.2138960610656,45.150867954317874,27.747830758190478,14.850144686884772,16.466232865855574,12.345946453049065,10.607931127177846,6.2371097738908325,6.602493505866761,5.898895027315203,6.825724759729019,7.039013655993382,0.051118084648149334,2.3438328971652402,1.0107194337351328,1.0355389915480098,-0.029178593910421786,-0.0035341029820881525,1.0309087996198434,0.7647779029516502,0.2434554060691538,-0.262065990395574,-0.457388323816419,-0.48986299140425826,-0.4256443324083013,-0.00011935697928551704,35.32862913426268,16.713264763913525,16.031270097408445,8.558219294010833,8.882841246819744,8.29031340378142,7.013914860746718,4.08976329908349,5.100172643271454,4.4954807208071115,4.430097667328893,5.426347566695518,0.023846516859532083,-3.983340841921993,-0.2819375307375414,0.9396267490742309,0.18643336535874208,0.3695038121175236,0.19055376827459086,0.42659872738131277,0.3019381735314784,0.24344883459080807,0.41669900438647123,0.19748837820228735,0.19418965183148462,-0.0004103735089302063,22.598057590663117,17.354512506153394,15.899715425018247,8.188260865395005,8.143431736784978,9.08994788828761,7.842986539046045,5.014189742546767,6.026494374626323,5.202765092058832,5.5320126589450505,6.58386446045041,0.015641030036084327,one,/content/speechcommands/one/692a88e6_nohash_5.wav,testing,5.0,Kitchen.wav
480,-230.06088606348317,38.28925383485262,40.88966138810771,24.258485248970775,7.170576870365647,4.89369904695071,15.57913771171717,1.977869244258472,4.4925984149185165,12.40704734394017,5.235884450163766,8.324882887800275,0.09480815407005139,95.81405059794363,50.20823334775355,36.575042672610984,17.459934516853693,24.63370316561584,15.668905618784803,8.886535197503017,14.761957820443197,9.899533050796494,7.869564274224587,7.262801931203869,6.635694666766869,0.08151568310575233,-0.5031952847196416,-0.8952697416384096,-0.4717680829402066,0.30063264898971326,-0.22615640349217397,-0.11316837708576344,0.15604937577077796,0.12141705830708487,-0.4484320705596134,-0.47507115935861,0.20326045760879757,0.04337751438633214,-0.0006555095314979553,30.45774860208151,15.528216813190108,19.001492342633544,9.443623445528763,10.68374179839675,8.25040534323109,6.593381387102104,8.69465367619484,3.9185596897942587,5.673420838648506,4.793721901771153,4.782573315133824,0.02492584849728144,-0.31379263380836925,-0.8166195260652566,-0.8374110245435487,-0.23337140398469483,0.143089576599388,0.220748572897113,0.23025885679809974,-0.13831477924586147,-0.05695737340026102,-0.04331402794630841,0.20937479912739757,0.33631980167578945,-0.0002500814696153005,21.005720380570807,11.947030536773015,13.595521349480057,6.754524452010409,8.166017827518298,8.764851960983506,6.962835256329714,9.450947935571316,5.396929294526176,7.4190674341703104,6.2975859406782595,4.352146906357088,0.01542042578033995,one,/content/speechcommands/one/653a48f5_nohash_1.wav,testing,5.0,Kitchen.wav
481,-224.15673869245535,62.49774363615886,21.615699247695233,-1.3062063425997996,0.5400185896992161,-2.7185671836896153,-0.006423652617907449,5.030276481174005,7.406015868486104,3.8200669301769805,-1.2695295114524705,1.3379425920283283,0.04860931483563036,69.7423011925086,31.946276245856108,15.402495706801053,16.619898873624887,14.651913278689115,12.950015922180787,12.515215830741973,9.161735925257318,9.571242839565704,6.395163725866151,7.8746665567171545,5.170359832609914,0.015967175208583245,4.083798805703875,2.3432696626582334,-0.15077813767896792,-1.3290587259694266,-1.3868084386518205,-1.0719912901606004,-0.9754750536672696,-0.6551559792343972,-0.2432463473402949,-0.02886978058456911,-0.15735823084023018,-0.060987032942396525,9.174861254230623e-05,24.6685451392851,8.898338301043774,8.846602174098035,7.952996937155828,5.551878130441789,6.782081586249958,7.2379888359756634,5.790497448131624,5.610922813914732,3.888859965820964,4.311525747432805,4.075113288457536,0.008162207547559903,-0.21721182753370746,-0.17577045425823126,0.24587140796397897,0.16809608953607047,0.2492996477295037,0.3728664647790005,0.4455904659306561,0.44967885617041764,0.2432641257418507,-0.11671779373617047,-0.39446812907727224,-0.4335957662145526,-0.00029555583993593854,28.03988587497874,8.703581054037603,7.938930982573275,7.684262719704878,5.165422426715648,6.820043858659,7.730521705126341,7.19185931231269,5.983950665620732,4.926156022565002,4.891735122864154,5.227041037066243,0.008042442729759635,one,/content/speechcommands/one/aa48c94a_nohash_0.wav,testing,5.0,Kitchen.wav
482,-240.2023650704498,13.867549442303453,32.395104354559976,16.953407889788874,10.791637462890122,7.39831095476587,0.9001511898253631,0.9445178324433396,11.078760134138793,8.026958403340029,2.3922617392141543,7.384108601584875,0.09217685658950359,105.15263100054764,52.94364724336978,31.925367677162914,16.75752650154521,23.239784172327266,14.800614179884239,17.752888245575342,14.840480434112296,5.477031678710115,7.545449438390868,9.326484940436956,6.583803433180278,0.07798168384511721,2.356536350219742,1.6527489858208648,-0.035193300810653964,0.1820886489177212,0.5774759003829796,-0.04713424958570828,-0.45091288125843104,-0.5891822225290898,-0.2007120626438695,-0.4239891651457434,-0.5003315572007513,-0.19015291418717054,-8.614024808329921e-05,34.072033476229194,20.52863725449972,19.96727391659388,10.017211334975217,9.744530962526126,11.392231685956135,8.820700920657233,7.140936456097736,4.303869587298102,4.893307615322315,5.745527416637029,4.909967820491287,0.029070843550065766,0.8469857905817653,0.3814217153271778,-0.8774608744758768,-0.37986391086756643,0.06260859246482499,-0.2380183845046852,-0.3530758995877946,-0.19967925702642036,-0.17147503356914695,-0.01906027511613019,-0.013012384538976551,-0.019580775194350464,-1.2999152143796285e-05,20.311589201789115,18.435114623328953,19.989249463996362,11.635269203985729,8.657372902396574,13.726536737524789,11.16438506688073,9.590286599004465,5.451587088556771,4.7969001345983875,7.661367654267153,6.938823185966577,0.017903736887488465,one,/content/speechcommands/one/b1f8326d_nohash_1.wav,testing,5.0,Kitchen.wav
483,-286.8451925509572,2.4022630289973987,42.567395514965156,18.262859924148575,10.916318702597763,6.9395699184778215,10.758805056857138,5.65874513818833,6.360936225253926,9.942653238870896,6.846379088545855,8.139404934413111,0.03565664598136209,54.791246617861795,44.95596882044417,12.052995621507343,16.796633887571893,15.28645779636563,11.869965728877968,9.770529931051115,10.103619037900453,9.276196203885128,4.302023433833672,2.9106837960959764,5.1054075995112695,0.013743068460972365,0.15383595230141436,-0.005670841315851966,-0.2164354179865139,0.06155750383405681,0.3228983987678246,0.4270022791411477,0.1462390517853807,0.11774202554705428,-0.0006935911165653565,0.07074829003650811,0.017918149394232863,-0.07270234885495949,0.0010657352245142383,19.077333357628916,15.965064314151956,10.361429292302962,8.281030840372953,7.950953747477178,7.062178709766383,7.828374406832672,5.4841493737026665,4.547155319502286,2.9547925580812815,2.8277749803616006,3.784210752059731,0.006077129887465938,-0.25659014241763317,-0.3308610495870202,-0.008662053964045964,-0.07099974362179017,-0.11291734438002916,-0.0027239401791015064,0.0603371207869183,0.08682220212482245,0.12574938712111894,0.1505078291944012,0.4018560089004218,0.26965621909890125,-0.00014545970285932222,10.679401281100967,11.479575438163636,10.785536838914325,7.2015295695941175,7.43489206785803,7.744811011154304,9.825995966493425,7.309847723747201,6.367053100692069,3.6831488989750327,4.004399701811623,5.2494512131761875,0.004257141305722424,one,/content/speechcommands/one/5c8af87a_nohash_3.wav,testing,5.0,Kitchen.wav
484,-221.93585559497083,47.41122099216915,16.92515995803684,17.012592798939405,11.356915074101842,2.236438768695589,11.216494841773725,10.196225657027107,5.8916177581632985,9.42344328167315,8.85843162408417,5.191160527796579,0.07247147895395756,68.50798391270199,30.290050168284363,35.90723431323223,13.869552670684097,19.369215251826247,18.186740577835614,9.357119822994216,11.767013697355795,12.236486224731967,6.666440372780477,5.867401376598033,6.172213324122479,0.04110554866344252,0.3363855961222252,-0.528827877719061,-0.33873161596476653,-0.02830731058911257,-0.013223446444768309,0.29184216559190285,0.2612763424598465,0.03348463815140903,-0.09291845794904692,0.07152206893392492,-0.093497509265073,-0.15181988260239684,0.001008849342664083,23.747325774241258,11.555900454888612,15.422858182872897,8.66714203653099,10.34944142107297,8.509994719998543,6.768194072653795,7.901061583921176,5.547611505998356,5.891318413970808,4.710131678368509,3.8063439325048427,0.022160062322124686,-0.5478375286042052,-0.4066328894453896,-0.40200979224972416,-0.09706902982935751,-0.09256389500618287,-0.04524251762408172,-0.010583938789380541,-0.09681864308657018,-0.08180147511057392,-0.05053251281142432,-0.02510049756517597,0.20427895920162115,-0.0001195256823095782,16.822947333657783,9.27239961955716,11.511772139893141,8.64343005672133,10.36536196401586,8.831169480464574,7.526204397131445,8.706691147535379,6.839892236277786,7.88330987728572,5.925902063055189,4.9334863847359225,0.02266975559383989,one,/content/speechcommands/one/a2473d62_nohash_1.wav,testing,5.0,Kitchen.wav
485,-271.31215215723995,55.44791873730723,24.325882648933725,3.648973442951811,5.63540355845743,11.563236538264505,14.693095739101881,5.250360763444765,9.313796177324667,6.735890915583836,-0.3528134628223358,5.021042438101846,0.06746847207347552,65.26769945070137,44.84952618405883,25.873166512034455,23.032792046248662,20.499672165985263,9.065945526034612,10.620806195269154,9.352191426144906,5.096468840281746,6.269862992911484,6.448474007227515,6.661105728227956,0.04217551284896986,-0.0005414957532703456,0.2728133273320043,0.13323781616985483,0.005369246564307074,0.16198757080702617,0.09417173213626807,-0.13427546637597645,-0.18437047174329438,0.20495669895631566,0.2311874593737467,-0.10207681023518662,0.130316566331856,0.0009493099461341726,23.023774273233702,14.25229050162334,15.435555685817103,10.02176472873426,8.864734585506694,7.6298976926941915,7.8607193573614165,6.260031882921754,4.233372818654139,5.205219985872384,4.27120178611155,4.318783331451943,0.013962487677480094,-0.22691320596875034,0.0859597112464733,0.4149478420118025,0.3257295284308372,0.29773468964361843,0.137836793712113,0.22675088849427746,0.08897635365878045,0.17284916180750276,0.0837388083616838,0.13720925955016838,0.1537279844351112,0.0002206635129238878,19.86398123708491,11.431629723382509,14.939787415405913,8.500313282869229,7.284254011328664,9.329984479917373,8.55909625346993,7.433397999193214,6.381478370726124,6.409788518104564,5.726888572434352,5.496441920506104,0.008217820058522065,one,/content/speechcommands/one/210f3aa9_nohash_2.wav,testing,5.0,Kitchen.wav
486,-256.5473457406481,43.661364913384546,31.60130739117303,22.032246892329027,14.782182752039557,18.79362165942247,9.141374171390503,7.580286475084932,7.9702219891871104,-0.41104462927581303,0.6788188852996785,3.66830107138704,0.09183527500135824,93.43894466025407,47.97322233289081,26.884483093047773,21.674504010932836,26.07878705123437,9.639246600507144,11.936343706321967,6.456239112195948,7.955062208813976,7.315089482350547,5.397211248536347,7.8340906284479885,0.07697112553479386,-0.3058033686656633,0.31124492584876584,0.8263891404394932,0.6595100030150658,0.1038806617472743,-0.1463664179020881,-0.07502627762102054,0.3154231650589152,0.6849150015366721,0.5459857956086461,0.09936695912532202,-0.35997808806411186,0.0007727128123083423,28.914435130967338,18.602013643219934,15.299787834837657,9.722066893520218,10.3244259524695,8.540375509666013,6.835202275154511,4.828156251404391,5.59973809702571,3.6054467906893897,4.91006738597524,5.272858051680062,0.023624626709363012,-1.146903569060771,-0.9194724076648277,-0.1902334439539852,0.08182063293026556,0.10543017577670995,0.166997206358484,0.24488613009107862,0.240113757982444,0.20070881230152404,0.11992161189244407,0.13626350319821487,0.11048225725290158,-0.001221134637792905,13.982352875610472,15.403490471235488,13.384013772025861,8.769680533323967,8.52674286183783,9.705173637318328,8.504271540873459,6.782002837434913,5.828727539063253,3.808402435955603,6.446505208143079,7.248511166569295,0.013627790930316686,one,/content/speechcommands/one/9a7c1f83_nohash_1.wav,testing,5.0,Kitchen.wav
487,-281.4413080881671,1.3157266581856744,33.28093938891496,17.395922738587295,14.595917768149683,9.796762748280987,12.536458778512308,9.96000869592148,8.341003559398562,10.732612193909556,7.906940647551108,9.482523772848403,0.03914360114140436,51.56242823006439,35.5554141754907,15.398509854169173,19.723188274572472,19.058872370012462,11.767658702951895,7.883194568942708,7.842096240896515,8.027911056345257,5.3815951764824,3.7698888713250467,6.138733463471067,0.006435538442395049,-0.009709332468497861,0.39208121256547773,0.1287824403898733,0.05911004357078275,0.11443014090854874,-0.22265315488652168,-0.2620306596516371,-0.16643487973562396,-0.2575264551130114,-0.04317338501350197,0.3029200563425193,-0.15789454058751964,-0.00040666927253046344,16.76158731045088,11.103697535512241,9.516250741209182,9.942563119638061,9.286841453262678,5.964942651102344,5.357299886863483,5.9472776782286685,5.527585506757106,4.935778448503245,4.140677254919312,4.207111050638775,0.004253953132273567,-0.44073710384012277,-0.397126775182036,0.08754345091198784,0.15219558743899217,0.04999924325590991,0.15914281953142498,0.11535613341113594,-0.008516453500678593,0.0036698073214419167,0.07349312791404428,0.16621633731882154,-0.07673353263355367,0.00015130415558815003,11.120572447325252,8.748848971333418,8.14626664626108,7.728345416881342,7.884002142096377,6.232289730918825,6.051354742750738,6.352135216524876,6.379773991618808,6.574503235430535,5.5201430312556425,4.8727982421824,0.003660929593434753,one,/content/speechcommands/one/c518d1b1_nohash_1.wav,testing,5.0,Kitchen.wav
488,-234.17742245858597,37.51635379513893,23.578863051522266,24.040987206732904,-0.79527645763855,11.847758910758344,3.09448984499137,4.681281825231016,15.615687990534727,5.4517666092699635,4.684199865522666,-0.7376227005481373,0.08167630483512767,116.3541961833687,50.52206869899297,32.09620370323114,10.402244818798584,32.55258784417433,13.393052458834056,10.37631577178636,13.934992372408638,7.8451419632178645,10.137353049902314,6.465804259057446,11.426117163738557,0.07299983549315446,0.12198642090078467,-0.003745865444784957,-0.3384459282849551,-0.5166596653761799,-0.27083794998005756,0.4875915111363123,0.03164955886630528,-0.2241499415258963,0.039514605275906334,-0.2741519569719879,0.01155419273888372,0.1725626681832046,-0.000607763477150471,34.78515910746877,19.027612481213534,17.372050886364693,5.676687229639205,13.040870050187603,6.374409635325657,6.582505204039989,4.979253259068884,6.2044386406770995,6.736438090476242,5.557608819992103,6.072432511058539,0.02234662230731233,-0.5311851796245437,0.16431058145029526,-0.00911863323106843,0.06570514388288906,0.3690867885972609,-0.20846671155914479,0.08946983381047714,0.03102918808613057,-0.054666440470612206,0.09520539018792533,-0.06807412083898144,-0.09920043132092587,-0.00019262544810771942,19.757330824207006,17.586612819318766,14.266442453535904,6.291581462512686,10.658825676131737,7.714072199588897,7.434204696387689,5.240582746010937,7.056605492104301,7.074822645891706,6.952196411722904,7.677144368439179,0.014444408643511705,one,/content/speechcommands/one/94de6a6a_nohash_4.wav,testing,5.0,Kitchen.wav
489,-193.5208951481074,15.449467639214301,4.443895641880154,19.172878564183886,8.753846274441525,7.34054276381789,10.99943639596352,1.01335967942053,5.123525825547171,2.884582042864988,2.781873421008399,8.842604538038444,0.07583491096738726,90.88140864655813,46.10032977350768,36.93202737424822,20.038536184415985,22.391346683507948,11.83250096066403,7.941831844519318,14.854594534364388,9.557752421444759,7.702170255484821,6.163712189295352,7.238546894189249,0.07271832720456436,7.329032997756962,3.3629249998890067,-1.6274230259745677,0.32562722533788474,-0.24225961063943485,-0.012916183196105475,-0.5785650219146747,-1.5760634792456347,-0.7183032602227433,-0.3510328969136605,-0.3426838687300212,-0.7475639508611188,0.0022572085501686217,30.09612830035227,16.936519407727946,20.808186726642138,12.077426484383368,11.310362974638169,8.745934433360077,7.048543832217064,5.989681627049359,6.155023754516476,4.77267267364938,5.592268460036612,6.4279073563996665,0.025677282592598574,-1.2200826479871367,0.36697715141306375,0.8450197694173114,-0.48662574763261746,0.347365287556471,0.13210580460908272,0.06534696458227796,0.1623460657532716,-0.8068818380423884,0.11654990391407756,0.41962366064038104,-0.19169745436262978,-0.001461978629231453,24.765897023716164,17.838468162977737,20.423515245875677,13.750221417285456,12.431335008495383,10.169505183027422,8.551778919311555,7.980144784842336,6.939963414457967,7.0091232228111995,7.29667828645248,8.26360970223506,0.01602766544941382,one,/content/speechcommands/one/cd85758f_nohash_2.wav,testing,5.0,Kitchen.wav
490,-276.40643149995094,26.063747733242057,23.951621668599607,23.269985077341452,18.491823295894523,9.814893035850904,8.818068936104133,6.735579106324179,4.20023299974186,5.992256535067236,6.385250565565864,7.214851574049978,0.05751422216417268,97.122787975533,47.77926028042999,30.88057664134929,16.28320263620129,15.85273135319547,11.721802914197395,10.615962371102455,10.914375532725195,11.659504421431196,8.346544373330337,7.448465124385879,5.727037859074023,0.052543978301128356,0.17429026076941057,-0.17288897221141536,0.044621418486038525,0.224105334549897,-0.11661004704046649,-0.2720978853988409,-0.02017171017533246,0.05247985349423185,0.3527883487177276,0.13924355859864082,0.06691727368374652,0.03343060403342309,0.00025821663439273834,34.00890404171401,16.630119840203005,17.468924102057013,11.254381358963707,9.10536880696553,6.630240178037367,4.615206397506916,4.802212131289017,6.2009405814692,5.0119715003573235,5.9268646916941385,5.251722107306406,0.020150370797047602,-0.3959147786170779,-0.11604154487260511,0.040923844259125035,0.10913012446035199,0.24992925476395567,0.15430728037931202,0.17283971061646733,0.1677897269978818,0.11912282476915358,0.1059144760497455,0.09454358970518265,0.047137447897247435,-8.780440936485926e-05,22.749246409918836,13.208059454143404,17.11295794118869,14.313272759071241,9.263380386235536,7.689314797342139,5.631348108989232,6.07400487663157,6.859719175949256,5.422185799650375,6.997556462850765,6.514443170107839,0.014964231868462127,one,/content/speechcommands/one/563aa4e6_nohash_3.wav,testing,5.0,Kitchen.wav
491,-258.0268028656419,8.81993968188952,24.10928596202801,14.974675624967725,14.806194315281614,7.123909769530661,8.35846378755505,6.728638872829119,9.560185268617992,6.858350987437217,2.6425898548515576,5.1881343724985935,0.03404766559833661,51.34552655687544,41.18830572511154,17.4145718611653,25.1889498150836,18.76264405282532,9.502795347916408,7.42883543314673,8.825612957934137,4.335553316817034,5.766887502618726,8.307893932625557,8.338596191054096,0.012689534467088433,-0.34311040707012624,-0.28772804952954734,-0.17044363567162527,0.22842169008746768,0.0175569648722026,-0.03168656372273401,0.2881102760963054,0.23376814776995877,0.3557644897299799,0.11812799031826582,0.4082141835163023,0.08809139195507358,0.00025262208955903205,18.553697291380168,13.014949898292313,12.066255915688268,12.565289483045902,10.299404865531042,6.7424775819259635,5.187504538086299,5.339298930746697,3.869394552541079,4.58659854730136,4.312227206492553,4.357171048752298,0.0046712883493074875,-0.22954761308164393,0.08323108257611836,0.03785471757776999,0.14280372544618664,0.1808870072525835,-0.04819334175251466,-0.03591102574908997,0.22946581517527787,0.2654784562181045,0.24724719385928637,0.170236523232468,0.0027645488822447403,-3.054079910119375e-05,11.362515723105318,7.059823995861122,10.74141321775497,10.12387709134473,8.514337643264286,7.019232852784519,5.619228497117932,6.531928913440681,5.517136722356252,5.689052876408368,5.373181256305894,5.263248429677619,0.0030887241411791857,one,/content/speechcommands/one/d1a4fb3f_nohash_0.wav,testing,5.0,Kitchen.wav
492,-256.5995575911684,23.322142477756017,45.21736983804366,19.934262866299214,11.071508332658654,8.121037526110468,10.428130194219719,7.542440398246843,8.033984164229695,5.018732290891069,-0.05837454066804515,5.576783741948766,0.07377078058198094,67.96217121657935,51.06045785861733,21.486825592627895,16.385312410484666,12.220125237769018,11.468439915609848,10.32937874996643,12.548537151997735,7.266095501565007,9.146884746732244,10.091908240604456,5.6289475529668875,0.058029214588782504,1.2530961973129633,1.0155119647459094,0.09043924210642729,-0.2894250213108281,-0.43913766662185566,-0.08631932909240161,-0.14952016482848968,0.26085751321496553,0.1651887808901277,-0.06713993878291134,0.035624387430601014,0.0696562125146542,0.0004889256651363065,18.46650841267591,13.867529677412046,12.258751743459953,7.67136118759976,6.868439880638707,7.977934536095847,5.598235109505597,5.4195034419671835,6.034293297874572,5.916452279495649,4.7954248996906275,3.517258492341096,0.017126830647871415,-0.2484446229387667,0.1063378927597273,-0.0005673668399246879,-0.008984268370656778,-0.08130970619498588,-0.1966432807825916,-0.04412980457028691,0.06957839695882152,-0.10673341753527499,-0.08148508385626203,0.25151139651754834,0.15019116951807407,2.9745822151501972e-05,10.937469576778591,9.790045862652503,9.30298478480106,5.959848298627726,6.754085790782993,7.5846222098164535,5.970298560101465,4.92338114684316,7.420842199373519,6.255395472966786,5.514185916306746,5.0075172662611545,0.011195509082123651,one,/content/speechcommands/one/b83c1acf_nohash_4.wav,testing,5.0,Kitchen.wav
493,-246.09467950965876,20.97528846457911,43.5397003746364,19.999921867441543,12.596300166401598,0.06527555151536657,8.539708160858472,11.086333885490617,6.522796252840687,-0.3807356811798852,-4.162921411726288,1.9878131260377125,0.06639799661934376,58.63376182979355,44.484179304710885,23.162073125592304,26.662343495422622,21.015513411890403,12.352730836561161,6.132810515788155,7.091080811009863,8.24219668405228,10.574789940920308,9.946755440634046,7.648848454637864,0.04947584705299539,0.5718949658615669,-0.06864518456318125,-1.0976783356612283,-0.3875010883160414,-0.026255842545291976,-0.14971394657767012,0.21393524497610786,0.8934469452019177,0.4342249788761559,0.05724513134490744,0.11339760856541145,0.027919817995223955,0.0003714955021296778,20.125477928020622,18.192740036988777,12.36345972465733,10.916574540581232,10.074653213614367,8.020780673653618,5.999387346763608,4.050522328498718,5.356054448628738,5.141175676520466,7.529004017712021,6.630739931097517,0.014795261892868759,-0.8064023022212552,-0.4535828498358646,0.16300206343571777,-0.06722268784463209,0.22595341587388473,0.45894944899767093,0.13304029236673656,-0.0402704423895767,-0.1263030341618305,0.05807885274712061,-0.0406930483451875,-0.03507816881047446,-0.0005555700510740281,13.524173743464964,14.404892923087859,11.796318670400918,9.95008634785144,9.271670029449195,9.21685423365881,7.326121380431771,5.365070451718594,5.988113929870528,5.482283084423347,9.631322014340743,9.236693275687607,0.009540765733675377,one,/content/speechcommands/one/692a88e6_nohash_0.wav,testing,5.0,Kitchen.wav
494,-272.9635381599501,-1.6688680631223156,27.55260811532969,17.893861793109103,12.320180816349744,4.839651258083774,9.589546467330845,9.769963383524535,9.80987838606158,6.678844458501834,5.847985204618107,9.052884944906339,0.026900019991444424,20.463548726589508,18.98632413329869,6.859270517010455,10.637222141201873,10.997907908725018,7.012772202690257,5.999338400178688,5.436454967375445,4.670365310134626,5.3577517151592255,5.037773586687019,3.8928223351734466,0.007260880585609539,-0.032796781753714394,0.1439237967836836,0.1533207282298691,0.03701328520517551,-0.2146785359978448,-0.24762618635019498,-0.019139189655843762,0.15274263395152565,-0.07476827607225682,-0.04244711434913046,0.3132500477294554,-0.0033070725426960286,0.00039689765582161566,7.34171582795738,6.792969156116114,4.650675553086658,5.028001740052689,4.9614309595708805,4.899848141828532,4.524219359696474,3.8654451225366575,4.370173956755366,4.504866822307668,3.643028706585893,3.95166818430915,0.0035511579739111866,-0.04639185898137536,-0.10365456023159372,0.25234072834770843,0.4024566351720136,-0.03518838920735057,0.02153854878225898,0.13480560749646261,-0.17503316796202661,-0.22582740463655432,0.052455441496460094,-0.2606359594905514,-0.2813251091862378,3.5923408965269725e-05,7.4376376452334965,7.222950651532502,5.080626601168963,4.665839214561702,5.539133502313231,5.736643177217998,5.49663770751485,4.634004622338957,5.90720896650907,5.719237528904656,4.3494853006548135,5.260446763812048,0.002797482902967076,one,/content/speechcommands/one/135c6841_nohash_0.wav,testing,5.0,Kitchen.wav
495,-228.11195161906122,62.34445070470248,16.60087984136194,12.636722298320201,19.49738834748582,14.574920809375378,6.319760995961126,7.211021713781758,9.24808710849572,5.223630704472275,-1.1523036197978942,7.013143918862463,0.11732920008944348,116.77671534490048,50.57699386257637,29.57690096691781,17.342158619971027,19.83218956332141,12.262212236445281,13.229073658443717,7.935579077760111,8.79568822449507,13.388272497474471,13.632054365331431,11.378674760597871,0.13109829219088326,1.0396266233963307,0.9997777868420065,-0.4223460941400397,-1.2208697708034815,-1.1145360461435339,-0.06809034102139107,0.33937461306702016,0.39699885691692754,0.2929711651668183,0.5874880849507375,0.7418161363266516,0.10195215366755168,-6.441868120624173e-05,44.66289704267448,19.78334194266663,16.496904914212212,10.208623904567473,12.769523252841344,9.109925366562162,9.61945752271512,6.882796069144634,6.572771072507614,7.393999609179065,7.611974184528699,7.529170045373595,0.05016659971778785,-0.5430840864396994,-0.3850415905196409,-0.05055950999532956,0.04559860926831118,-0.20353102562096773,-0.046106743916237036,0.30618952718089976,0.326454038392264,0.22705939186585927,0.034715712296462795,0.026134541824691836,0.06442576408386322,5.750892062981923e-05,39.33440239910853,22.736732790869727,15.202256796300569,11.418812612934438,12.651492845331523,11.163284782182352,10.455453920124116,8.442993836901831,8.378919685520065,7.556978735445118,8.287982765493494,8.778527287471974,0.03760027869916768,one,/content/speechcommands/one/964e8cfd_nohash_4.wav,testing,5.0,Kitchen.wav
496,-254.97057699930878,34.81658187375011,54.35681736610778,4.9143895095433905,-6.233629836195153,-5.147233901374,4.497255341154956,8.721254946231738,14.113131303508595,12.003703184770128,3.862003812209995,2.6306430016493154,0.0975604098639451,67.03349698308607,60.80524963368424,21.846874790697786,23.73104709288758,22.424582824437966,14.531326986228155,11.113792946472081,8.438313813767067,8.801789869254184,9.927322442783865,7.539373085987289,8.07030507059859,0.10162720529877582,-0.6583851589359013,-0.38414910565986377,-0.31369471976034374,0.21562822917839883,0.48928657013809745,0.4808983067803022,-0.003459462110194591,-0.17435040233763222,-0.3814480575807399,-0.23368913610655828,-0.023926006381776905,0.22721289770508496,0.0010217174947742492,21.727345785857544,21.10044737563093,13.372604388180799,11.51543046687183,10.150884635443308,9.909739480684085,7.722146631324295,6.215295574495217,5.313827418330461,4.691055582632456,3.9299117466530875,4.768285597451159,0.032921273320412316,-0.5278381779781323,-0.12464324791709096,0.2237328924444512,0.11972284262367101,-0.11262996719204997,-0.23642831012470314,0.547840191397425,0.26568163074963463,-0.2819910823452743,-0.5050400237942899,-0.25450008774145366,0.0441168068046431,-6.51229793826739e-05,15.4120849939646,17.59512558733467,13.236943085370688,9.685187802847178,11.392466841741573,12.369714902060363,7.925625644826558,6.990815098720163,6.710055680125042,5.8090593644549715,4.422734109339345,6.323866822311898,0.019997802807701432,one,/content/speechcommands/one/5e3dde6b_nohash_1.wav,testing,5.0,Kitchen.wav
497,-250.22399432154396,22.57222842879763,51.76632462022583,22.54177942927761,13.31867331567465,12.291947005984063,15.952678417483927,9.172225235812196,9.517024992843119,11.579822023866944,5.19512517110269,8.911885325829848,0.04219795693643391,59.25985621923816,32.81942474881891,22.18039670091653,23.733878006968645,21.883034982272545,14.425884999136846,9.299129305156299,9.10583111302595,6.6002458038620615,5.589923586833542,4.516986391786927,4.3935495889552785,0.011447292350894702,-1.7390659549885021,-1.8153322501642821,-0.9496416863164593,-0.035621442308655694,0.0950999329289489,0.47839656329639463,0.6881710999103687,0.7303532199055741,0.4749837532548495,0.43442355435412233,0.46819264055337145,0.0633176292600027,-0.0007130331209590358,25.03825835918197,8.890518062524308,11.572442995781183,10.082919610095008,10.811215472667165,6.185735010832579,6.340103019781599,4.125096143062517,5.492722602783543,4.493790805820745,3.3891036317490344,3.5612741602625078,0.004550970848761467,-0.6781459755730642,-0.17551089197645867,-0.042349602018207595,0.30033870466543877,0.28266382579482063,0.2210840241045497,0.27432503272101627,0.056384158591797726,-0.08223254674025883,-0.08698257485275729,0.01443101594373791,-0.13045645883153908,7.629487663507462e-05,21.72448561799385,6.6801866872734506,10.392686035407568,8.220246918465932,10.091775434228191,6.78843788999519,6.872814068762922,4.587452836508564,7.215452476925243,6.229546207441947,4.696882715425787,4.43846220147081,0.004142398553385648,one,/content/speechcommands/one/a591c2ea_nohash_0.wav,testing,5.0,Kitchen.wav
498,-271.25186018391,4.444416763401183,49.04687584731444,34.769026028701134,25.310290747111267,8.389382440681114,7.8495337836103865,6.801209812505501,7.589474928315652,-0.8931848720172957,-3.569440589963671,5.424837354188048,0.05842403293354437,52.40750169536175,35.41909806553028,13.060278510467652,14.811251604407211,10.14676900540453,10.329586627230086,12.24702805261204,8.850437538059703,8.836347283504237,14.045364104831963,12.526526318842366,6.325051360492161,0.03278099384135617,0.5581437558271098,0.1998139815498349,0.08320049658941973,0.3461918761041269,0.060623621883125346,0.28432500931837995,0.2612470251977743,-0.042865553434963025,0.003119623850872338,0.041238872167667695,0.09715621412419922,0.09194617299097638,0.00047469475576954504,15.728842612371404,10.905561440676715,8.059437535724314,8.578237498782567,8.146991053600441,5.44542831098935,4.884262063385758,3.9982364180943257,4.530804297364537,6.119062371965808,5.48200198715438,4.378076749898821,0.00858122212803079,-0.25122984660013875,0.1384157475651596,0.14976160719536058,0.07152062873761504,-0.010992380965441365,0.07817122107470921,0.13668374162601507,0.18265482553729667,-0.011756093010506537,0.06471681063119149,-0.006949677255990079,0.053239164445621365,0.00015135562668244044,14.408877410603505,10.767606174695173,9.439651742831328,8.162613612375575,9.814899268858305,6.200302563272234,4.721244593819312,4.518852279166064,4.84192211048964,6.115768410800421,5.552929421116528,6.155599347405544,0.005202525930224483,two,/content/speechcommands/two/b49caed3_nohash_2.wav,testing,5.0,Kitchen.wav
499,-253.73374107374394,30.30782139701157,20.9528527360429,12.88221897237841,6.211163896255207,4.164669223180969,8.570305448431021,14.277241750678959,1.4249445437261192,-0.17089519451967916,5.752094500189581,2.5707767721498924,0.060146245697978884,48.67390403278324,26.592105037365474,7.8870631656041414,13.247811015261986,7.392209586576751,15.38698155708398,15.879367151126669,8.95099533503684,11.504937283497231,12.630466541803873,6.67635177327506,11.38212906730877,0.05240210530873712,-0.2606182767108606,-0.33873843329444564,0.15312056935438878,0.20572112202542062,0.2739307658413703,-0.08313285585408599,-0.24715936803656588,0.04377988631338953,0.06558370706892681,0.23944574426394793,-0.25896438626253954,0.17982743373303764,-0.0005053675342952051,18.61913333101477,9.908735162919367,4.819050498959829,6.524320325560404,6.268138708882686,7.861352836428205,6.281661418561348,5.418455913336064,5.983570956079764,6.031037012459395,4.379772551576641,3.806958046047671,0.01786579401519668,-0.29354092812852933,0.08996282238068795,-0.25234035110722636,-0.06938411581273908,0.030840236568796562,-0.008463780745615542,0.20626087535165485,-0.12781165692543214,0.05434516834670644,0.025609107929912334,-0.07076291602344563,-0.11021460934895459,-5.4333917796611785e-05,18.79440156234811,10.103205767272348,5.1957121388010945,6.146426336991426,8.561406048441084,7.944093189975549,6.506785297258806,6.033771356735931,6.654166213390859,6.33982627857168,5.110024277181921,3.635543079473364,0.013886424472777006,two,/content/speechcommands/two/692a88e6_nohash_1.wav,testing,5.0,Kitchen.wav
500,-226.67042724959134,15.639862982915055,22.495598404346467,17.805589090504277,9.09400288445491,4.127423252394376,7.614192048559367,4.700742384935797,1.357297466042424,3.9086863393946505,5.217608954634979,6.304402706668111,0.049994275614153594,74.51024872316962,27.898689082931362,16.64117368347815,20.035382976360978,16.021372061665105,8.82520302969878,6.348386304244677,8.68714745097394,13.670121085525023,11.194187821782615,6.994942701616552,7.890820254923459,0.014263668733045753,-0.3751419088627255,-0.556208104980677,-0.3687775249006967,-0.3935641483560213,-0.6003877426026301,-0.2238196138539713,-0.09548306803881862,-0.4237188445454388,-0.2147972150963786,-0.026585172242821184,0.34490028062364375,0.25420073617780903,-0.0008219522574255543,29.17695735373459,13.874722791679972,7.558476152299485,8.333290525870382,6.2706247845808765,3.977190813175695,3.7959209948377377,5.035471416281036,4.875930827001345,4.2347113536278576,3.445531520553788,3.461096522445476,0.0075159151033199825,-0.3155261076434594,-0.09157597702634336,-0.09408010079687798,-0.15023175305151734,-0.03208886406225228,-0.13159506650700548,-0.0861046965022138,-0.10209648417464849,0.10914492377834352,0.17149670999923786,-0.02255481403125496,0.10956836541384325,-0.00023746589819590252,25.84546889178525,10.712528343083138,7.1919874606275105,8.89363684668183,6.71882007283178,5.030386019946343,5.983990437181082,6.185517601945999,5.263816116075137,4.119060422209488,4.065989868684813,4.142614291863492,0.0066312226815124975,two,/content/speechcommands/two/5c8af87a_nohash_4.wav,testing,5.0,Kitchen.wav
501,-243.40268089320153,25.323518530910444,42.3255979853885,19.701910230153313,14.305654773905168,0.13468552749588647,5.171736250421608,7.313548095271701,3.850938731521675,2.3368217856845623,1.9779049070987638,4.8185070295778605,0.06984240765450522,77.7708800875427,51.29984026489058,21.16166470258088,13.173455727311058,10.910763718795845,15.023431704831859,16.787149935068364,11.607931162408192,12.929344216814906,10.661301057664504,6.692497227637786,6.359735342824314,0.0722426032333216,-0.27181638111218737,-0.48908998443838453,0.1445997368162207,0.26085110145527973,0.4516016230868415,0.4310924447322796,0.36255313762783486,0.05928017587088212,-0.23979137150462912,-0.07268127650353767,0.028559920112466736,-0.0043909177040946604,0.0002746720227503007,23.208953482022917,16.068446459369166,11.399482271252474,9.296436005613089,7.59782873834519,6.878887970914952,6.638129836794934,5.0660135883598505,6.216025753868784,4.870765458973833,4.203316973995067,4.646196387543786,0.023215387496324145,-0.9261030225650814,-0.8080274697230316,-0.0746103971765167,0.1715582441892714,-0.059535374108221004,0.1881502740072796,0.2854087678159182,-0.02370831470442957,-0.1861108138015064,-0.041528159603664544,-0.01886481365007667,0.14610451985444992,0.00014415203283230465,18.361053567182065,12.999096907029301,10.730519496872695,8.753864805151608,8.028301242657985,6.685009769295896,5.773803165968156,4.924205507553329,5.776223154499245,4.602397584219165,4.616055129386776,5.732305698773132,0.013236628575375982,two,/content/speechcommands/two/aef8dcf5_nohash_0.wav,testing,5.0,Kitchen.wav
502,-204.39317439730456,-9.545872331407406,34.492854594987946,21.83065009991573,10.194849872056977,9.534257464079708,3.8134514676364626,5.167440562237265,4.750616511857038,2.2508157237981545,2.25044705075485,2.3301762664702923,0.06604779267217964,36.816629409388845,32.75311252126661,12.002487614989521,9.782581700220845,8.174096556517387,8.300548234896182,13.988059297019179,13.19363627105117,10.943200111339232,9.485501905794425,7.920040832025005,7.625721034515936,0.0356217090086529,-0.9022140102505208,-0.979326563399956,-0.20466832616988945,0.37332552496877874,0.3543933619499592,-0.1200065003040325,-0.10851500835054086,-0.008375792622148066,0.09375446880929637,-0.13990750962709117,-0.45552110521364875,-0.09840563818816976,-0.0006474353853733309,12.573613821721143,14.579891626853605,6.086634643982615,6.821025571436969,6.735025746845251,7.273688572095478,6.60744304103748,6.521329359191929,4.997505137569019,4.568073398044199,5.379803686277481,4.905103479471727,0.013389581311487781,-0.2846491795234717,-0.045152041326814066,-0.002167302993994724,-0.04003626878062991,-0.09694840530680911,0.13423613600795417,0.23882109671529234,0.10329364561154,-0.025270493119295877,-0.12046344578728299,0.15157109165231936,-0.06573253160376853,-3.47524881362915e-05,10.165457165325801,14.14315741741894,6.740997962028306,7.78637567453558,8.339378703123474,8.264352146341169,7.3653130512988865,6.618988215631697,5.6144478799811885,5.355966670229169,6.495564030238558,6.825385745950878,0.009041583365959801,two,/content/speechcommands/two/a60a09cf_nohash_0.wav,testing,5.0,Kitchen.wav
503,-226.9094643809051,8.338258394269152,16.68390129299403,38.6919575782288,4.481438744800986,3.777738973747337,-17.294649994839002,6.418193031265864,7.1512667548009095,8.095408270346933,9.833816027494192,-0.23763815905136476,0.10632931475993246,123.88250167813543,28.404345029092564,29.764046564646627,22.085331373736775,19.274645249989828,18.09832989183019,36.213827469519224,14.893181832692449,6.020990774084203,6.111542584767153,6.5194313211106225,12.28653203309789,0.096804928384455,3.8373530148004007,2.091551174216166,0.11446371338794377,-0.34420693202483144,-0.8557723022119575,-0.08854140670185694,-0.43684045954336387,-0.23562280026965712,-0.03817918758647273,-0.1851890705049832,0.2343420956102521,-0.7824041880661293,0.0005833109420153403,36.796685044324285,16.6872863585007,12.566158540261293,8.951695875345136,8.374850357247116,13.198609989052215,12.94961684965409,9.486709069282346,3.3994338180977706,3.6460241982449597,5.723194107501461,4.915186975994581,0.02706644708557016,-1.7889213521843639,-0.586508219936432,0.9361502583017247,-0.025780750046231777,0.16414554390204358,0.5568051532000086,0.7062562635646152,0.5537547554163478,0.15052529705581738,-0.3296296133974303,-0.315882329409132,0.19251591480961458,-0.0015150117377440134,29.68214470648298,21.42277415779181,11.064613410718145,8.656029821901038,8.576254599527212,19.254218911306445,12.96804598523611,11.745717926414292,4.096684525851543,3.684999608421924,8.091435654286048,5.0655762247083445,0.01684337197338373,two,/content/speechcommands/two/9a69672b_nohash_3.wav,testing,5.0,Kitchen.wav
504,-303.88635760894715,32.67829356280647,32.714471638339575,27.159560677824395,28.13690385886766,14.776801514122873,7.81625509024239,4.874760161589311,8.911851960365865,5.430738473178962,1.8515386121375847,9.98664898897351,0.052700632193591446,42.73916007003649,30.73798566455051,12.35803246883248,11.4319057633823,15.756784061593313,5.688444894049678,15.301403113670489,15.51832061599233,10.452396544128138,7.865547341221074,10.356868088649033,4.874033772972548,0.019364522437857554,-0.136417559262866,-0.09748539772388917,-0.14618221393485353,0.11269652948400191,0.16225719999732197,0.37901482979008155,0.21950504144395594,-0.09852813854340471,-0.0252594559921913,0.13051097853802093,0.18905249327340398,0.22109291869397066,0.0006278311052630024,16.98520673081936,14.243977001119653,9.262827554419017,7.4366757166048885,7.37019274079982,4.85795551352082,7.9489321133519315,5.702776420054924,6.219085614417392,4.608418105493496,6.326463950472534,3.9147975652278415,0.010761928207616902,-0.27414484974582554,-0.013373623122794005,0.20171511458108687,0.21138017453468858,0.350318673387495,0.363796884200978,0.11717814689859883,0.10027369013043774,-0.09879722642729946,-0.13178980018072448,0.06787091887654235,0.018008152264591404,0.00010000492135683695,15.557781437712245,12.084776249024479,12.643323384315018,8.22450826400001,7.1050107370350375,6.304771917046059,7.6477583697987175,5.056101509729456,6.474503588410716,5.411677155895093,7.146652230749349,4.891440767323373,0.00885522266261105,two,/content/speechcommands/two/af8b2f2c_nohash_0.wav,testing,5.0,Kitchen.wav
505,-296.62278115861926,27.79231130422695,40.940422055720134,25.98678196638381,18.643646244419646,10.189050666165786,9.235175043723654,9.722490759752873,10.16402626433079,6.480823067250718,4.732699231452829,7.429063712299005,0.03814639552729204,49.242129084221915,35.613757741634956,9.35362171163105,9.429744789297507,9.88605873959027,8.736479545689983,12.963435752008962,12.70245725376035,10.45900799856044,5.911192479543566,6.705701172830602,5.092049147728595,0.008676695321263262,0.12539400535626277,-0.053885685483371464,0.09365545563530674,0.3213190915525443,-0.0633645055560976,-0.23278240821398222,-0.30653410971609735,-0.25189984033278645,-0.024447757611941685,0.060531759190208506,0.041681089509923136,-0.17869569176460845,0.0002288829174733931,14.549797380707483,11.332864153970096,6.570354280430168,5.298204831849034,6.98282635984285,4.505920660235126,5.938111499835253,4.87908166490837,5.505810918326849,3.6623519488038445,4.9179546792831745,3.2165611424755385,0.0049946361862688105,-0.3996706507244028,-0.19953959312635966,0.19393028682919844,0.35455693447032544,0.13178254920500834,-0.04973619249553683,0.12468162695523333,0.17487911932356712,0.2515769941411186,0.10985611225774677,-0.07746680474428784,-0.03174916322790778,9.973496198654175e-05,10.588274602693376,9.359070920666914,6.783589143368269,4.950823662861547,7.071979509205175,5.123870583818572,6.311596871039236,4.220393615972565,5.53825178353441,4.118573918231072,5.219879520541274,3.8086955359384884,0.003525705468397346,two,/content/speechcommands/two/0ea0e2f4_nohash_0.wav,testing,5.0,Kitchen.wav
506,-287.4914860792966,38.81620648927166,41.681519453123315,23.39096498684576,9.96470795853241,8.973959201502648,10.057476570115178,5.616702554234152,0.6104909499727031,-2.795154240472278,-6.899593155891699,-0.6481567321196556,0.045872751070419326,51.13531692100081,42.1332172448802,18.46430510480834,9.167550759537233,18.348896351246207,9.934782735440454,6.522373289441717,9.612576299791847,10.908544026855179,12.639243698360318,8.246212492965897,10.655165087903386,0.036354530054614566,0.8106493604512054,0.28525351784256225,0.31352661377961305,0.7832512382232617,0.15769139094589224,-0.08657904819145347,-0.28157850342118446,-0.7539897004597025,-0.43257799830301574,-0.18994204323299277,-0.1200556674783046,-0.2929088519551183,-4.027098897964724e-05,16.629063757049533,14.944688725776171,9.129574207071053,4.821326880237068,7.771897271098859,4.376150427767605,5.792947218238353,6.588087433251097,4.8287501987912576,5.240790099380125,3.849181885510205,5.6306750809081585,0.012536449820336188,0.5242393814524727,-0.7510180109593028,-0.7525821882252295,-0.11339509293812317,0.11551410013165017,0.2865999981428034,0.19434639098850487,0.2524077900081359,0.1406012959348987,-0.23102730846155223,-0.0002890479394639674,0.38692851813910584,-0.0001892896369099617,14.809680194904349,13.296959137250246,9.685384320852416,5.336250960655763,6.718833746742931,3.896643475421097,6.906173622762755,7.031803159324463,5.9026881905870905,5.366135688259886,5.294446130271578,6.177162982914695,0.009221478979180736,two,/content/speechcommands/two/a1533da4_nohash_0.wav,testing,5.0,Kitchen.wav
507,-149.18835217619255,62.649759075029635,-11.082183573068026,6.151803931468288,3.783431232064574,1.1049903934480727,8.067950858461332,6.7844817467032925,1.7469751741605137,6.215955414700875,4.018744783390164,1.5100043237051013,0.05997644457966089,40.12937764090061,17.106188482471808,11.01302525149447,14.163264361667503,5.71337837016344,10.929582759345623,6.989401727819441,7.733346306425161,7.188658907924106,6.404304195905997,4.559021502919538,5.402848433634529,0.022393645494609017,-4.287333676941176,0.6421634959982101,0.5720275849092108,-0.3011528856486954,0.3420873898400402,0.30874658120034365,0.1448675919300499,-0.2597143332629151,0.27971606376455466,0.1290276721630311,0.38380508687954085,0.8587372565509284,-0.0006696317465074601,17.952590430552586,11.8340166511291,6.172374097821107,6.944036943697656,4.079086499702758,6.556797548167078,3.808234197451217,4.476740740715957,3.457246089909619,4.208971419469606,3.9896040339587455,3.250780728817826,0.008923178593003246,-0.005778324855234255,-0.33329440778072483,-0.0037316577093292245,0.20036814922001892,0.22393021539473568,-0.021301837402788563,-0.07256798607681983,0.0028973201606639965,0.09058054336166622,0.34048003342991146,0.06952138427329543,-0.008999760715970062,3.478887180487315e-05,16.928239085883813,10.947750824351955,6.138493544266744,6.245541261540179,4.413274802431257,6.708961216241435,5.295625578117032,5.199419842615168,4.021143969864763,5.763444195472178,5.865474048829299,4.837165913157823,0.006092147391277096,two,/content/speechcommands/two/9e2ce5e3_nohash_0.wav,testing,5.0,Kitchen.wav
508,-231.6621788660151,43.076138780051814,51.60103401734973,12.291873612745867,4.843559152397207,2.0248403152821726,5.554213626828236,1.4865563486892093,-1.125067280322646,-5.4724041243421695,-2.333323577079169,2.1111717568746897,0.11284706660080701,52.25314305544437,39.2187579106418,17.825645525254696,15.002961764794259,14.326262163031739,10.56102514724504,13.816081203697776,15.673590018251684,10.652948071253858,12.659105288985225,14.522376766869531,12.85231186607364,0.11216841497591333,0.09319985004852989,0.8237924060670844,0.7090059899580161,0.30324576810308157,0.4492561561292502,0.4054550742540819,0.22689482992644533,0.0936433296293214,0.022677434625336675,-0.3022243541549881,-0.43202557614132037,-0.5746858967245914,-0.0005331348267293745,25.226926378254387,17.04979511667718,9.383438060552692,9.151503443067138,7.711633908436006,5.803473042980386,9.102034042418598,10.838482353046937,6.8794837717243675,5.589473252669758,6.5095889217148155,7.209998725444484,0.03918408840795357,-1.255754689774658,-0.5844128448611781,0.7085224405455665,0.7076214784304969,0.38061549915031573,0.3527046979560865,0.3940442239122985,0.05694238033272846,-0.07915783023597722,-0.04374993927123757,-0.002691768880441181,-0.20776667021487993,0.00012722834944725036,26.341754655708392,18.185426975774483,10.241309078278556,11.265279241510648,8.464032417010221,5.704660818097391,11.179743820946571,13.396117114325392,8.491085279933637,5.493453667896585,7.8315472705715345,9.210158451193358,0.0261221173568036,two,/content/speechcommands/two/9a7c1f83_nohash_0.wav,testing,5.0,Kitchen.wav
509,-254.15305880984872,18.80196235316008,20.41164889948417,34.77600777601528,22.62260210262275,10.045039398714046,2.9260295704396695,5.942751582012237,4.685706984300667,10.061085645737148,1.4021658926241327,-1.1573949087146178,0.05915057787206024,85.8549069324393,26.98869036201198,19.86436978133651,11.413959028010085,9.294019149159878,9.639926706247156,17.545657439938495,7.860284466251974,10.657887499877468,2.796030227168175,6.269296828375405,10.223680023441005,0.028745449533786934,-0.8729896072481474,-0.7986732651755332,0.34816077494381165,0.35499879902623355,0.3152546495826715,0.10897503703733513,-0.01765108010566278,-0.008498522055332206,-0.23038699191041562,-0.02032459303500656,0.018067976355416175,-0.10747611403984997,0.00029060064304259515,31.03635181562169,13.45893280211814,8.269317407684136,5.425776890935235,7.149131385896365,4.452676268617114,6.8323160323000245,4.5020686575866575,4.409301826564387,2.7228639409564646,3.215022610609251,3.501160108947473,0.008494659452414004,0.25013515022718025,0.3604839575871618,0.04847640093864835,-0.04734674589189432,0.001899930440062647,-0.00778634419047286,-0.10417449673558637,-0.008924497321626331,-0.1783317765957942,-0.14375006307627375,0.002714738758878177,0.033175650444284506,-2.07821528116862e-06,35.44035519595582,14.79202370392574,8.48639619418977,6.145669276070624,9.432033523997484,6.023097349549696,6.574918109246252,5.064024495065135,5.010762589185387,3.7064443299537895,4.250286229295867,4.077144732557632,0.0042441870476776595,two,/content/speechcommands/two/d5ca80c6_nohash_3.wav,testing,5.0,Kitchen.wav
510,-270.28376676107854,10.334598850645888,37.19325301181206,33.243747761922336,24.16618426709146,14.829711893371913,12.843259115873714,12.044701181488973,8.80058546617574,4.357167846044429,2.6366374806326887,5.87793299315153,0.03623954864451662,35.20552390265176,25.491379661093983,13.095570100806446,8.035379206575127,6.626644287038592,5.834851159276974,8.945889959173535,7.6614249751297265,8.109369260609757,7.917709029148942,5.638431793733781,8.012115135532959,0.008907734406647303,-1.5162412899301254,0.3284074761678452,0.3911079805967391,-0.010922075222952932,0.06150201622574881,-0.13131939082043556,0.055212959802918384,0.05661705995381688,0.18942220141378885,0.07704877996390762,0.12115580371190553,-0.29023884332034294,0.00016647907755067273,8.844851653396855,9.522981336194002,5.488091646603025,6.077903129797479,6.28259937490519,5.918449439203252,5.085681409150939,5.652046521154591,3.90272918757585,3.754852830953514,3.3777943497532363,3.8395459845857265,0.004626934472599213,-0.07392897746173711,-0.10058428737783434,0.29637605148995155,0.3537918972357962,0.04976382515366259,0.11387202775618827,-0.17036860658218,-0.14821198629125418,-0.34957395149075965,-0.059034853823691516,0.07921581277492369,-0.10864946743516676,9.767338633537293e-06,8.358355417907282,9.120130729660797,5.1037893613998,7.032159658088613,7.494597231034957,7.578780042738239,5.583871149160133,7.093003945539891,4.2310422092893285,4.459938803992711,4.830508941956343,5.118812647143989,0.004124106967539879,two,/content/speechcommands/two/43fc47a7_nohash_0.wav,testing,5.0,Kitchen.wav
511,-225.05536221620002,29.501708766574158,45.71717323432721,18.143869816722138,14.248042728161941,6.003808146291609,2.7482921903096837,1.6469403399951728,5.3944741000186625,4.307666143263789,-1.920512944122191,1.9862039504723352,0.05910467673675157,58.62073150265732,30.359674679393795,18.183648016780136,13.550249112046284,11.143958331339176,9.167855835374812,11.07675148928148,9.93370072939247,8.798076910846042,9.810813408674031,7.418256338065648,7.104652727820323,0.04799559931992656,0.9257220145545861,0.7355332624990334,0.13705249779935968,-0.00045321760637292177,-0.37028196730411084,-0.16789474288652625,-0.19870134993652055,-0.6032626539175568,-0.20685745225316027,0.036157612056948396,0.15856795003015983,0.49567504379508703,0.000991684024132067,28.114816637212463,17.265465858565147,11.068325736689633,10.82002152600556,6.307335426390589,7.161884371834462,6.373115491398622,6.703997201132516,5.9904428191829915,5.469426525394238,4.720748732177488,4.735905196252726,0.016785221066069757,-2.2738836233809554,-1.5485320941941625,0.6250586617766821,0.6023441326524402,-0.1674744785165926,-0.13366474321023206,0.6082897045801356,-0.024703052621443997,-0.4374621884570827,0.011271211276829026,0.38035013236877807,0.09874291197199273,7.194308564066887e-05,28.809930303377378,19.19385260844159,10.771792890685933,11.155203305028717,6.559855711768895,8.06823171059358,7.18351423364757,8.95291398469388,7.315038516633083,6.00278966543299,5.4450537400488095,6.121454762643511,0.011562720280973241,two,/content/speechcommands/two/4c841771_nohash_0.wav,testing,5.0,Kitchen.wav
512,-196.42352345520518,26.16379983808281,31.11719592818764,14.108789015455399,3.1838179169167233,14.820701515825093,-1.029466416319453,-0.7926802915249442,7.006985559003342,0.951821502412671,-1.0269492896393557,-0.2859658840996082,0.07842612091917545,99.7797330581728,46.24917847395312,19.36268062016743,18.73309129020519,20.003331476805034,7.2504320917749165,14.488315424690946,14.662565494194428,14.21930836904963,12.401972055646189,9.152748331035394,9.661757015312261,0.09446481029493296,1.3782783593697885,1.1580635981937444,-1.0211532507855565,-0.160898309701006,-0.03640728783441054,-0.2252537280845043,-0.35700196474744167,-0.8740869235943746,-0.04337750078690649,0.03254456251476002,0.15768542897350366,-0.3577640975040842,3.650327844004477e-05,44.99756504363507,18.881150774181787,15.12079531338003,6.124504885213581,12.113424780843811,6.904250052227213,8.49760664363988,7.197133056540063,6.13139917251511,5.666223830259974,5.057036667587576,5.007210438259743,0.035587608357171584,-0.20052358221649957,0.11408980815557583,0.12921759966538762,-0.06268401732951175,-0.06572727243211815,-0.43227824923296576,0.20608104619986609,0.024335135312482534,0.14758562217875013,0.03846185073998045,-0.039011832639926886,0.06673803457356595,-0.00019731515397628148,43.14448008394416,18.323391661580043,16.28316117952088,7.167806914586709,16.223203854798978,8.663073352546814,9.501616238549724,7.895675128926745,6.44160856135963,6.301954831538291,6.405799009628858,6.196859089686196,0.025828092326257473,two,/content/speechcommands/two/94de6a6a_nohash_0.wav,testing,5.0,Kitchen.wav
513,-158.0591181413867,41.58450190389988,19.262618880443345,-1.4552829007801402,-1.8953220519039977,-7.296737411529295,-5.590500559205002,-0.8006710160950161,1.1144169321732935,5.386286884991778,1.8228366151701156,0.5001866576888049,0.08779842880903743,93.33349827131408,30.59584078103516,13.556968945962035,16.9598290628091,9.099632964274658,9.811917033260706,11.067213548933566,9.814421300686426,12.813358225143851,8.690057009210632,7.942283446480923,6.488055488065974,0.05575657440662132,4.257221069197213,0.5178110542950158,0.3139602657509042,-0.06105559683194419,-0.4484765452805969,-0.020045724132093747,0.02515280230049514,-0.20532890930511002,-0.7113578356759463,-0.4308183835651965,0.16564618818448584,-0.6717011793785298,0.0011461563408374786,36.220507108516415,15.071152392998242,9.131072720058647,9.234204434606921,4.617694851838231,8.476014058339134,7.214357020754583,4.85875256815727,5.57257727183381,5.121236595723168,5.8853633374951135,3.749319790481429,0.01890925048214194,-1.2729368554232778,-0.1028668091704836,0.1151176000702467,0.2724845075117818,0.47240082526447164,0.06806017260505469,-0.10865243924581677,-0.19009557765418883,-0.2769187814177245,0.025505939431467648,0.06144451644987446,0.08247456736618514,-0.000327085858831803,35.66887911917209,15.480027070828775,9.341550283844452,11.079375289727029,5.206334200380639,9.704941392372978,9.003435241817675,5.7497829630615405,6.898538424881135,5.725530691784532,7.0420198685385715,4.595199119916146,0.013752286694073221,two,/content/speechcommands/two/1b4c9b89_nohash_1.wav,testing,5.0,Kitchen.wav
514,-292.84013611589523,-28.123277972747776,25.04094479188923,39.8960311492905,21.760033263679155,6.77884568599865,10.916437491555662,15.662853293641485,11.507441949067475,6.328314697817529,7.0846483572441485,10.001432320678104,0.028463337424909696,48.203918727760126,16.909608794823484,19.333876153071536,18.10272198818787,7.7284786167640895,10.478503732347729,10.284984689484386,6.1104447423702695,6.392640749536324,6.252806185111887,6.988401521933627,7.3050528675924635,0.00903557023681715,-0.1558131257874515,-0.1631346273832884,-0.14435275466891184,0.15992193429273352,0.06859906007198076,0.2283234033686892,-0.12347577440817266,-0.2431590962842987,0.034142507377545026,0.10959622033320456,-0.15455946081613386,-0.15894951845581456,3.972240994053502e-06,23.48932945576296,9.90981211526432,10.904546744752944,7.855865480954139,5.440770680684822,7.413865035112847,6.451865335252604,4.624266750713605,5.03589795729047,3.162894474368826,4.172805954037129,5.479597011075535,0.004607910621235414,-0.21326793003355912,-0.18769417246819367,0.06099635523264991,-0.03224086099762656,0.05166214552013208,-0.019508288068023502,-0.3118694249996434,0.17311768991619172,0.02099037941491435,-0.08894768177880635,0.050333602805339134,0.05611402382910035,0.00019323502977689107,24.173140375932284,8.452978212395262,12.509967008700995,7.74120901524502,5.853573011225834,8.862540911577257,6.771949768266821,5.745255753745179,6.860173357054548,3.548849871880636,4.612246043601948,7.281848023640851,0.0037871670962000173,two,/content/speechcommands/two/24ad3ebe_nohash_0.wav,testing,5.0,Kitchen.wav
515,-218.2001909342666,50.2340594164003,48.60576698145085,11.269443125582534,13.856153137481899,9.895367724798295,12.899214136801483,13.412004659967346,12.08566894330447,8.78652767715565,-1.9198394242571881,-2.290687320530285,0.058551975758746266,40.005232595364305,29.730601539567502,15.947062968624575,9.731519327490508,14.048363125002753,3.9497281097357098,9.787495678804131,8.446259172974326,6.862174759191396,5.852091034544116,5.667837835263993,4.9306077094840255,0.025998752210782274,-0.8326373066056678,-0.03848349648982486,0.4260516441656899,0.08340605805848342,-0.09846462998263703,-0.0126488881965425,0.27564269870739655,0.11830472170617727,0.026954369375569994,-0.38277805758327654,-0.3144999303166851,0.06061475709198406,0.00027823856761378626,16.55587727618008,16.026792998127753,8.527090475761426,7.231567003863681,7.379679852843983,3.9765145146821386,5.407940723300724,5.502380764505692,4.329426793042145,3.0926239859768234,4.299900299537881,4.714048702548217,0.009999066587819747,-0.030423618112518133,-0.04618709410011661,0.04941129563044259,0.1284081033864262,-0.283803001185255,-0.22896084193065938,-0.22625528936144032,-0.08997806335699998,-0.10179565137080253,0.1096460342466098,0.08123757221445513,0.04256973273247011,-0.0001421185831228892,15.202167405999196,13.921020727432905,8.789318855144934,7.646739575913883,6.595455293313323,5.489342186057478,6.575492989863885,6.0095383628884536,4.4140713298611365,3.5806113088725287,5.451043159081177,5.847914952525153,0.007265769557624389,two,/content/speechcommands/two/adebe223_nohash_0.wav,testing,5.0,Kitchen.wav
516,-240.20761405286828,-23.811849917774264,32.91334941534063,46.02152504104443,6.1350898352398024,5.286479423310214,-8.063810253493667,8.817725377536526,9.162659329822015,6.901087620225791,10.91288869229759,4.793593591500247,0.09771487640682608,105.89991931728693,30.640248001665736,20.221137896887715,30.471063924109032,22.616705529290318,22.81163633039168,33.203775584174295,8.025949095472958,7.847817415960548,11.08516432532183,5.144947535219364,10.899570091652194,0.08034957339417949,0.38844957691086834,0.22304098852107368,-0.06442830744667864,0.09698995644259385,0.11855623505202045,-0.08506669822620339,-0.16363374291602592,0.04170802894332467,-0.1419899494656329,-0.04971429279000083,-0.08513637522779599,-0.2343801371281936,0.0004238244746961901,31.513207562279693,20.620788121245376,11.126991883336482,12.54783030849359,8.481949655187863,13.13347836055962,11.95775488774841,6.752711473198117,6.440964798346514,7.298554816696549,4.911279857390524,5.759179249989719,0.02343511479954603,-0.4683004939969313,-0.0686059430610418,0.4000721668484007,0.49045602450680537,0.353618429699128,0.4030662196761295,0.24688668783664744,-0.2013663675742272,-0.01204671731110866,0.021408335124423326,0.009281074648966126,-0.008946149980945872,-2.824266751607259e-06,19.559035447021387,22.681250967791176,12.508529329290225,12.501077329233551,8.593824414002196,13.999398499472107,12.49568670537175,9.48987979378624,9.44587749454324,10.728508071956504,6.156352157627463,7.147175939269589,0.015425113254858035,two,/content/speechcommands/two/9a69672b_nohash_2.wav,testing,5.0,Kitchen.wav
517,-236.02646466589565,-8.747091113391273,33.39506883175745,39.970945526527075,9.909858270542374,4.932303484016288,10.102994064945808,8.982214263046435,5.108137454377794,4.877846170396989,4.528916574577654,5.906130954976472,0.042854912288021296,59.158396590933584,26.40530432893679,13.867802512299875,24.99211861731628,13.795530850169904,13.342804960611941,6.087864718097776,5.399758770581422,6.811332872510337,5.689381204966574,3.664625991875877,6.948896853849377,0.01477573370581828,0.13151453510825803,0.05532151502180239,0.06120630650353278,-0.1441700890615795,-0.2200113185312842,-0.23020632640431576,-0.08210327527244453,-0.015005173045275407,0.14303473431472177,0.15334852322271883,0.22718829499895643,0.2735046712447018,0.00019227899610996246,30.922591799223355,13.0019708572076,8.51635271151057,9.983760276583181,8.497130714839386,5.458343341484275,3.8424418239120524,4.522266373991875,4.763736410657735,3.8099827111031175,3.7022339078659177,4.340981693492636,0.00797704729460384,-0.11901512356734353,0.3649129593647415,0.16135292513470917,-0.02631226007819028,0.09540961627388658,0.14392472594613834,0.20227916227939616,0.22399590043484313,-0.020993862491226225,-0.11943059471591168,0.01402841292885683,-0.028002181094750198,-8.933941523234049e-05,33.40699427574872,11.700683595530078,11.180172990332647,10.056869590094387,8.87423047980423,5.4864135916899475,5.231671955738867,6.078221215378291,5.642063403104718,5.334842448552914,5.6085884060375255,5.456020261478557,0.009474962200470885,two,/content/speechcommands/two/8056e897_nohash_0.wav,testing,5.0,Kitchen.wav
518,-270.26363470135516,10.988275837105165,22.82761153610955,35.76610745288365,18.79071800034326,7.332392830061078,4.636363642443999,7.854892717436322,5.390887608073317,10.098254024586874,-0.6230685582079394,3.4066601911074468,0.039454465673770756,87.25402758520704,19.96241408136833,20.46242382188201,12.940287376806527,11.1785033256311,11.010612657914224,16.962751359311977,7.082060626171996,10.59516884691367,4.356087145520877,9.875249616668029,9.507862797156795,0.020972387114779577,-0.35939656975998174,0.0817929290440466,-0.14530580678345542,-0.09441830603132194,-0.057017153143765466,0.06933071712786468,-0.0020801420693941732,0.3144326058232423,0.3999297447731259,0.13422054408273296,-0.06739418350933074,-0.4249335339051911,0.00019193104197902063,27.766214688292948,8.645889070131402,9.41618972364532,4.351584454723374,6.154363373227589,4.340726881408842,6.553064871143398,3.9398446133922915,3.9689516560807845,3.6011288728751967,3.5977248939376736,4.68081719116187,0.007206070142512076,-0.3258655761734772,-0.314666725505392,0.08992542448017282,0.036685323214805145,0.04419965107885512,-0.14588325644798286,-0.00720608631025718,0.0028391733529777715,0.10320355366289723,0.18477088210523307,0.13521273928677088,0.13472890556828945,-2.080295234918594e-06,23.020053493898295,7.733274359957733,10.244848726555716,4.633424227982508,8.214399567932594,4.517679117742495,6.702429395394268,4.572055488829922,3.8451162370372,4.740828155689702,3.460545437622579,4.591193722301114,0.005737357186778678,two,/content/speechcommands/two/d5ca80c6_nohash_0.wav,testing,5.0,Kitchen.wav
519,-251.695623032337,50.797029938478275,18.051983816972506,21.89969489862759,16.317744018627465,6.3853381536938585,-0.6598332153426711,4.111910199327343,4.511150948703591,0.4545517080870825,-1.7056991231402303,4.593203454739916,0.03495896776439622,44.46379948983145,30.801593272250404,18.180956074031545,13.551029830254496,14.426321439352497,8.473103715395267,11.452769979463714,7.588845776041951,12.027357290614466,10.36208993026861,10.59472326525525,5.884821713167171,0.013820182514360874,2.4550904679103493,1.9133566154289043,0.20745994090804945,-0.10518176038347017,0.3884712021148715,0.44344930612967354,-0.09482877811401678,-0.6379651463968494,-0.4589871086172196,-0.08436263598394918,-0.2451753901837489,-0.1768252238579263,0.0010597537001294473,24.438803687372246,15.894627333804088,9.753424023444408,7.875640756666797,9.325972945005969,6.249734831968835,5.487646802437971,5.0139276491336915,5.116924343459596,4.438290580568089,4.860617958538785,4.676595437997933,0.0045088656931818495,-0.6817069928604401,-0.7923384215408208,-0.4709813666990429,-0.13875517430933806,0.3502767248159845,0.29452110088811256,0.037536006638943555,0.010694927380850554,0.2803564283398023,0.38673934281215605,0.12603382768793356,-0.05240034442723916,7.877368479967118e-05,27.912341361713594,14.368502956834078,9.608445858028402,9.112317427937091,7.9674016238125125,6.824717023170795,5.843814194127408,6.1025900147220264,6.57092884492304,4.521246294660909,5.084986379559812,5.468453017757954,0.0037780960102076736,two,/content/speechcommands/two/a4e8a997_nohash_0.wav,testing,5.0,Kitchen.wav
520,-333.063299887433,-2.6884729046906024,42.59749117709714,32.93203250633373,26.175057638138263,12.760298240706232,15.059532179032747,12.660311560150468,10.569879398494507,8.28478932317151,4.785196270926569,8.281931253411438,0.03011195600265637,18.615308440410658,13.814429843312942,6.452651744847983,10.17209240349188,8.796632536852522,6.119351760747223,5.162815613053529,3.790909781060799,3.7107660468787094,6.4537639773639635,5.086388616574396,3.122770522153211,0.009873491795754401,0.3399343598434825,0.02110610363862952,-0.2522150770395561,-0.07121399442597671,-0.13619655703333025,-0.046466576762407744,-0.18558589182173962,-0.23867018828760356,0.06783434050284234,0.1934538093607657,0.2212479138813105,-0.026517746388580885,-0.0001854610539251758,7.68919441422609,4.868379282634447,3.5307085407638272,4.707459229262037,4.163257125086534,4.759863492222257,3.7821883038454054,3.551976183128005,3.07612372564722,4.347667814896323,3.5770408637518925,2.761617226524297,0.004773282942055943,-0.2118817225766501,0.03199913058522631,0.09127374216554074,0.032636249585045365,-0.035864622029500144,-0.02372428582843226,0.12088633224772666,0.15300065467439103,0.06399385471982691,-0.0982587858381929,-0.12204307246275883,-0.14141582734347732,-0.00010661892592906952,9.287840990768828,4.770510388741125,4.179556514945077,4.695305847360734,4.0199193064061705,5.428650150083195,4.657675903834786,4.9430069637099,3.9158432696513574,4.460016344395372,4.030741699100412,3.2961442467175437,0.004217007788862274,two,/content/speechcommands/two/4c4d2526_nohash_0.wav,testing,5.0,Kitchen.wav
521,-225.55633274571778,67.50666103811267,36.15756693222335,12.804178285049002,3.778271720908935,-0.6298938991354777,0.7349471560053968,0.5485464285861124,-0.8828831381092394,-2.8268390372140377,-5.656189053467111,-2.277972478790485,0.10649487801128998,86.76739885607623,36.42517343392478,16.152273432134958,18.057172423706763,18.68366108184519,11.894275075030176,12.66071366120592,11.094020968212186,5.764020982103479,7.066214668358352,9.549124453519692,9.44185817470689,0.11454030346167059,-4.0039343757801005,-1.4009772774423837,0.8027385238875897,1.1782571178608798,0.885803651980632,0.3361780093894244,0.18224148262345552,0.11710739758561489,0.15211189245780393,-0.34220393988256403,-0.508729360570787,-0.40960773838302,-0.0004772004941778798,21.608801161700523,9.929811760708413,6.000981267386875,5.710241703328025,5.024760779357657,4.058664265593139,5.327507355617367,5.927369043778162,4.50893959889514,4.033548773978648,5.0500425635611945,5.501659526927742,0.037103462372511255,-0.05412418861337187,-0.044011378054993715,0.15227377613053097,-0.04113326353732738,-0.010922846909924407,0.056686705412392985,0.0193420631236967,0.08641317002763872,0.10139149944569414,0.17721516550999775,0.11860963633414053,0.06666394036892251,-0.00021136334786812463,21.160784383466787,9.106664218186616,7.115787222081104,7.787403275674037,5.858990819846822,4.238529049836536,5.7252057175821065,6.421625829153983,5.6313712678336385,4.446781019035289,5.414093275521557,6.0869397123963385,0.021804364708018713,two,/content/speechcommands/two/9a7c1f83_nohash_2.wav,testing,5.0,Kitchen.wav
522,-241.97703594625372,47.44904166954342,56.1299689905314,17.706847017319042,17.987512408207632,15.259876078102902,14.241657105615879,5.724302565012971,3.4038959326782043,3.3680291166693475,-0.9891236855445402,0.35222489711672034,0.05841280129970983,27.909367332570532,22.951717627660944,11.364680303860435,7.69437699594371,6.85636739892542,4.561838986297353,6.794828152166725,8.532603003929294,9.48594095365589,7.928586726223796,7.34022206522474,7.605613981172456,0.03269009297073027,0.4516413055558063,0.1129369272727838,0.28866557546280414,0.5280093283526989,0.22910255619559497,0.21257755881688767,-0.06803703531876097,0.0746006939731977,0.008401843776021772,-0.2317742724727076,-0.21340767483340106,-0.09465906935448468,0.00037249970820642285,7.958359312194251,9.104948915852736,6.791130326672408,4.519268654435448,4.23452494430176,3.918652236036275,3.949589060347377,3.561699593524785,4.481728790060891,4.342954343843351,4.574879050276526,4.941424952964964,0.008203918534599374,-0.5692628841218607,-0.3048992521898505,-0.19456973575392902,0.010300091010277098,0.1517155161260422,-0.1287591222538536,-0.06306444254796238,0.03352908821326205,0.07354919778463058,0.03296748833709392,-0.01256951177731634,-0.047747116527891126,-1.7400520543257397e-05,6.613313988392109,9.063585645638108,7.78012668828658,4.784355150309194,4.72722529733299,5.2156345767963845,5.236254157200188,3.9820465485772036,4.513690291232155,5.540894555000849,5.3678672797212705,6.070566799461305,0.00579967103851724,two,/content/speechcommands/two/f6af2457_nohash_1.wav,testing,5.0,Kitchen.wav
523,-227.4105348280603,60.5410129816329,13.485378404060832,5.158322134142863,7.2268130237695605,5.2631506338513905,-1.8210725051546341,4.55766186195955,4.742854231012733,3.1663241017216204,-1.0680157267678148,3.4661536513625277,0.03715422278037295,27.702283280222165,21.770464196517015,5.31631115419546,12.999561698924547,10.134425655543568,8.34714050638056,10.713139328689884,7.105432344846547,6.821790412708588,8.967507994359805,8.240347481090144,3.3891997060410315,0.012996592096840379,-0.33783166411423843,-0.1380063739939124,-0.2866229520487953,-0.21795266987175413,-0.10505555662561936,-0.09526037837053467,-0.17596295433157907,-0.3089067940289048,-0.2648716785885393,-0.4050595531758503,-0.06134180132398365,-0.010830712246916122,-0.0002275794263808958,9.209954191165023,11.525457981989902,5.054303864986837,5.959771692361904,7.077888515435794,6.4651080905986555,5.527231816743563,3.9770020599565026,2.960014515294847,4.238094969011132,4.292093624385754,3.114090707807759,0.005628373582694734,-0.26150235045245346,-0.21304371293192687,0.011557656848389187,0.08710242345429968,0.037731953545294176,-0.27539264122889756,-0.0756453093429261,0.026121655815198933,0.04560165735119783,-0.11033963784169902,0.04421957455655126,0.04226404841614035,-4.402485986550649e-06,7.519217895506687,11.235556907887277,6.689843200032168,4.9610528637206635,6.91480109261011,6.670023338473867,6.824514611984655,4.610356403635121,3.9551953592418077,4.369756604148715,4.485392164889006,4.231595552324962,0.0046219520324310235,two,/content/speechcommands/two/b737ee80_nohash_0.wav,testing,5.0,Kitchen.wav
524,-185.0564009393271,55.69624163204902,10.602390483077448,17.949765824369326,12.336057201967984,3.5416554419608346,-2.5798933278757072,4.84526896992394,2.311904409203124,3.847979393777499,1.6724974832634865,7.575968161140371,0.1658539002528414,125.63609450794434,46.878900162082736,26.366297475419447,11.956729901699246,13.090987954319893,7.464791175815406,16.652365052539206,8.169419021026284,14.577990213222858,13.16602881493588,12.879552110218393,8.027489497094729,0.19064535973890986,0.6522468347347646,0.6974506751363863,0.5402478089413346,0.3880135689226601,-0.06893383813377822,-0.13666170175838127,-0.31714232572714496,-0.15757311097285429,-0.06049131719077887,-0.03057878463233999,0.007849713481484232,-0.05472935589652401,0.0008269835624002642,54.15721750370609,20.934649305071545,12.271159484974998,9.733709387971254,9.568380698402505,4.599348107760496,7.244594088113421,6.292603975602355,7.82451242622188,6.1787643617283665,6.451065616567188,5.45763420287303,0.06102899337787937,-0.11217053389632951,-0.005003609745038536,-0.00482090594040514,0.11206980547027404,0.042146557956238694,-0.2439149576560243,-0.36277498045275014,-0.11856702403925537,0.17900255014883967,0.2573988701572431,0.14120808238885807,-0.14872132550843556,-0.00011845485617717107,55.489249250807475,20.904883797370488,13.344542447723814,11.888169088392168,12.640628326256861,4.894623780733511,7.693994468790087,7.780370981338785,9.292996466841963,6.874868232187172,6.960949282600462,6.394087332643344,0.035660337301790704,two,/content/speechcommands/two/964e8cfd_nohash_3.wav,testing,5.0,Kitchen.wav
525,-248.13578234518076,7.0858257990073525,52.22212542086574,29.99985975893302,13.283334360263035,11.430334618242497,17.140571433904906,8.523658950190079,5.076752223364382,3.5569158682225543,-0.10732077903737366,8.554229644636457,0.06756632076576352,64.71922427432527,37.90156190820289,9.414928265094,11.481148173787414,14.401298811949061,9.818411517988206,10.3588831111211,16.004526782507092,13.540706828098434,13.161043222608413,9.707639783708252,8.024085128237473,0.031176058044221463,0.7012508686076224,0.11000223318480995,-0.347659109869687,-0.02679209943427956,-0.01457293241902445,-0.4210769260034564,-0.008937335334598671,0.0070855356641821516,0.10532192740422797,-0.30731606532123246,-0.342602445871642,-0.5595387511987989,-0.0002922660881473172,22.89179958974829,13.722392983985753,6.7535888973059315,7.5198904876421615,7.0648012527146475,5.051249102631564,5.498227292692362,7.294078343625971,5.787435899067975,5.407719118043639,5.195273893021227,5.396708156132371,0.011509858661488539,-0.1099290101800932,0.011677645992617633,-0.03237180914265565,-0.0861128070099845,-0.03732022128291648,0.009417672377476254,-0.15448373720262024,-0.05852785984321732,0.1923372226800374,0.23646092969929053,0.08079492438300111,0.15401147494844372,7.011791070302328e-05,21.029875639962654,13.16273481118776,7.246987256254548,8.713605454704863,7.578376046527969,4.927796829591706,6.458243361753857,6.741708451324831,5.7339119965712575,5.984912323840592,6.59931767315492,6.019041438160029,0.008528493036521543,two,/content/speechcommands/two/af130f12_nohash_0.wav,testing,5.0,Kitchen.wav
526,-295.0538547370395,-7.359970113524625,43.90964430050056,30.561544471893477,18.911739788813478,11.423411409873122,7.284168961988144,10.828647455636233,7.0052321418399925,1.9771945474970898,4.048364837200211,4.2364175836127265,0.033668398624286056,41.651778886579486,21.02252508714562,15.351696146724112,16.46718156861309,8.17150264108005,8.561184003406844,10.848275655092618,7.282952505640829,9.04896615156635,11.573726312031003,7.2396454173278615,8.575477302599683,0.008909710342172483,-4.12333411364124,-0.393310475233472,1.4966976769963525,0.3503343357222918,0.8046287485073035,0.40496431512076353,1.1626064223253705,0.008944308329221672,0.274945838707531,0.5300952715981636,0.13778971273055535,0.6952464809622532,-0.0007075480515918424,7.852722032760966,7.6508450619580834,6.613174075756698,8.872558790748792,3.5554283560628575,6.564735254043049,3.2611342442297766,4.620873174493179,3.81067683943073,4.505404774515939,4.197280440178756,3.7132581147264374,0.0059369630414161535,0.42917598938688095,0.14896623157913697,-0.3072083006657703,0.09151417380106394,0.001938140673212511,-0.2558641175138396,-0.008232449447236393,-0.001184866858361507,0.07689065075668257,0.15430193812840604,-0.06886938720323897,-0.13138909978874674,-7.966843744119008e-05,8.308379833289928,8.001408904122876,5.178487596120568,8.168182812066565,3.990958872759266,6.843127727984577,3.4268387634603714,5.656385650465093,4.820484880351942,5.259814336217306,4.952933708928838,4.555664482756222,0.004925527403557673,two,/content/speechcommands/two/af405b69_nohash_0.wav,testing,5.0,Kitchen.wav
527,-195.63489844576117,22.46421923699269,33.38327554251802,25.429009140397564,10.671110803447213,7.847174064994919,-3.791353197381202,7.093742524387404,5.643612386697306,-2.0677718538894503,2.381353577737838,7.981004384404571,0.09805895328521728,97.7924884207315,45.59626056085506,18.070255476723613,17.44712534963462,12.669828687813535,12.17797045603865,19.33810671905872,13.520326805448226,11.401996808357998,18.902165564302308,9.62002828113102,5.534933629769799,0.06249917195857774,-1.0277977277969323,-1.1306366242525379,-0.5435161065940305,0.31723144373089546,0.5896570162085878,0.3011023980069685,-0.03524151599858768,0.16656426159350204,0.20592981292287296,0.16661908635485645,-0.2627102738866219,-0.07933224443808203,-0.0004537982555727164,37.19400427121973,18.950995732563825,11.0319050900862,10.075643873499834,9.107956744818878,8.469621215848061,8.31409564593031,7.710045788788105,7.870569495103109,7.194126570540336,6.216303635971821,4.917405417763252,0.018891281946379217,0.21459130148851904,0.38507092328473397,0.27184519553864034,-0.3099594500607342,-0.0465361299599726,-0.08618562233183308,-0.07582001802262164,-0.027117636707640776,0.02627440800276026,-0.20313639742971876,-0.11311951965792647,0.034746500592719484,-0.0003684626325317051,33.102090123127425,15.394924936100638,11.700950622543912,8.494261135324338,8.695867158529088,8.417047588292737,7.939327264094526,7.446943733404655,8.1577593098521,6.274471005525146,7.868815209961713,6.133554514428095,0.013232125074540304,two,/content/speechcommands/two/8fe52b97_nohash_1.wav,testing,5.0,Kitchen.wav
528,-248.81504178482854,12.271847497809224,36.75763638872919,14.520468956955934,10.773968284995423,2.9233703059297604,5.3972185146289275,2.6879191299621445,3.6135034190365403,-2.0809163116951073,6.372947939316543,9.415628200554256,0.04770300607196987,59.69014275124831,28.222507277188182,13.96921309157799,17.020416270364876,10.904186420490754,9.67952273183776,12.057649700230023,11.590935449267489,9.513440568273824,9.260592549302283,7.373900056442618,8.423800011935915,0.022498862141375274,-0.0809196796617489,-0.2179439404253827,0.23842537125164376,0.10002147733779547,0.1732857636969732,0.05523141483188778,0.38496126311615503,0.3190936307051349,0.3340467212943908,-0.20589870688212084,-0.14747295679716826,-0.24885995628885463,0.00021884668498269974,23.262239437625304,10.664514141897977,7.442128387808437,8.216639492954226,5.122326877150097,6.180076119006404,6.430102357328714,5.124625747032773,3.808650338469009,4.616589356671274,5.050964594127776,4.517169878662719,0.007747065285504757,-2.0906126943892542,-0.49825557987982994,0.2992558001773825,0.8234136297418663,0.0408418293630166,0.2180555225778072,0.3812054663236364,0.5699750914513303,0.0008847640427117239,0.11653294450800829,-0.1665554169281296,-0.3183090583363241,-0.00024294760078191757,17.558718838164445,10.603860155131574,8.7852524653446,5.7209240707019875,5.842402159690616,6.749002711347554,7.10076065886061,5.463119150558341,3.629931065096084,5.52369739481726,6.943219721062042,4.937467743187861,0.006745235106515522,two,/content/speechcommands/two/692a88e6_nohash_2.wav,testing,5.0,Kitchen.wav
529,-251.97378457554123,16.9873647475139,55.72699289626226,33.75074199008684,20.3398651709175,10.268070718428133,12.498651781811994,9.568384447368256,5.617742989739454,-0.55190106514122,-0.011709775647162357,7.885483333587919,0.054803531093057245,59.476805322322775,32.31381266637344,7.398969396869308,10.098276096406755,14.706632943709723,12.098623153811502,9.494118288714494,6.635797811244602,5.082720650374704,14.01022964484645,8.11226215211709,4.405967018712251,0.03581075324728502,-0.3558075804602276,-0.7129472333661119,-0.33238470631609623,-0.06197448150393802,-0.29033767639642283,-0.03163613330109367,0.009502959111606509,0.19125983452133272,-0.1327181588357626,0.01564706523975159,-0.11746276936674034,0.16591986313001492,0.000357420333931523,20.71159456189031,15.927055994961671,6.256033688759652,8.479558290563395,9.410180361234739,6.193848781890715,4.670393035858883,4.621386700331732,3.417686667609557,6.390738932670035,4.703746730872206,4.018151640351524,0.01639756718636209,-0.6970706681044571,-0.5056724819946444,-0.5285622297907229,-0.4606487539978454,-0.24940028895890323,-0.07950769509063692,-0.03381185446556992,0.09319010983027164,0.25849194955011023,0.007381686780916456,-0.15793837412738138,0.2087172390587769,4.9827247858047484e-05,15.302072750500729,15.878565236540975,8.023038966604904,9.457194249625152,11.037928962998373,6.67582660155622,5.426730676823495,6.01685875906696,4.727491009874101,6.7556151948205825,5.294286214714692,5.639151976767799,0.01345314464989289,two,/content/speechcommands/two/95ba4996_nohash_0.wav,testing,5.0,Kitchen.wav
530,-186.62811241187524,3.818405862359162,24.71717192364589,10.297257773489012,13.530378827748413,2.9303270180989367,-5.816909581758365,-3.4216667667310547,5.42526890291486,0.4517709570091274,3.3462825467966284,5.235388249221094,0.06592255365103483,101.20265600826339,35.081119042922346,18.996344255388287,22.64743589884321,14.015511114097372,9.9161251312917,10.244158542104365,8.509348805428937,8.735631973704207,9.124879769315175,8.669936349529294,5.5792197263092564,0.052915787266878116,3.597492284365363,1.729345662608431,-1.0884803667588676,-0.2361572594537714,0.6011132783031355,0.8921020510873275,0.45936854932200316,0.19358227437786032,-0.5991789784076625,-0.48284840378360533,-0.03185293007356464,-0.279625265668683,0.0005517397075891495,39.95482180398921,14.056857127592776,14.09664682063177,8.020921283067334,6.171355733658822,6.268896812233015,6.5681833547829145,4.66408142739626,4.868634738702778,4.034222385985773,4.278476241527644,3.5993707958918635,0.01987738646568082,-0.40879736381547216,-0.05388404792200916,0.01423049688096422,-0.15867845389812665,-0.1770312527166111,-0.030605151434171654,-0.10350792338507994,0.09542218928198236,0.2541056572585953,0.08155465457317587,0.014211373820904382,0.03134402429757257,-9.696825097004573e-05,36.34987864005807,16.47774350928427,17.92074943897817,7.185035356033099,7.246405970747028,8.907544328724669,7.436808703682588,4.713110087412347,5.922537492483247,4.5864040233696866,4.803102514772235,5.077771327097051,0.012792421469746221,two,/content/speechcommands/two/5c8af87a_nohash_2.wav,testing,5.0,Kitchen.wav
531,-277.98255676193133,13.506246848700098,31.456680592687547,25.75242932716108,9.748961121521111,1.672684978284964,3.400512899153961,6.410213197972775,4.063386630903454,1.5586975387468063,8.030350263391538,7.373464541934882,0.04426886743749492,43.37194370729181,24.444717550524995,9.587804990148607,14.836497537707645,13.33099694580666,14.847638945403544,15.037957614689613,10.435938087841693,9.094068980868297,8.814542000210135,6.447554173404318,3.098007306668444,0.031088765780135377,-0.5208208184789229,-0.235194601933639,0.13440300311378287,0.355934384988187,0.3998523238991343,0.3526187977227893,0.06942189393292454,-0.22379338298310186,-0.12730727861573832,-0.13886796127960074,0.5145861579214205,0.25848014378525686,0.00033297359703048584,14.611749864787502,10.639226914258709,6.446205628184786,7.184638767410461,5.653057744106532,5.837708853340221,5.399254806560351,4.989187658317662,4.712217897445456,5.540762853839121,5.3137472933565775,2.868016162467739,0.011736596054909693,-0.6052783201313597,-0.43327941681102783,-0.2013435291164252,0.38917293274330167,0.39740312501243685,0.3240161387428277,0.3196313054030046,0.13764101191432637,-0.015242209753569824,-0.1279604473946851,0.13753355948614063,0.21620079066818138,0.00011956002563238144,14.405874024379235,11.94717109146675,6.439229001618552,6.152677659487382,6.479253480613449,6.138097373817582,5.509284718588962,6.026494957939771,5.354406481231246,6.898321038376188,6.531381213579667,3.5894376986606593,0.008818131697262093,two,/content/speechcommands/two/587f3271_nohash_0.wav,testing,5.0,Kitchen.wav
532,-239.77869171704907,29.768441142578613,30.88313414160877,25.120133648266176,16.616518924909826,4.674300034787852,8.822237061700008,4.376498912605475,5.606709715999404,7.502392265643769,4.699833859782933,5.674103676812349,0.07362698658835143,85.74609487902259,47.21464462485012,22.041996616504203,17.45051216032419,11.972074074263508,11.773830299645663,12.012214845368744,16.506987298155305,12.7261092611172,7.9134304586341555,8.097148213569579,6.2976941239185,0.061149752269592135,0.184196478340999,0.3527138657408382,0.29324500002702975,0.10589186652405952,-0.1166588766803586,-0.17757428772343997,-0.007089044861364452,-0.1374836156299309,-0.23325230808555175,-0.3363927519327947,-0.2395046520946197,-0.2805712309003506,0.0011733810026799479,23.080650230902133,14.172259289100161,8.841626953300134,7.142497571060152,6.706951805676663,4.9795924833012775,5.325791072795845,6.906033581264411,4.963091474660426,3.975461816434924,5.00193563044894,4.36222306503351,0.019840852561220524,-0.23845654250437748,-0.04779686805181118,0.08132759028511813,0.05827915690053184,0.030413163887493214,-0.1059113583977625,0.08288630420628931,0.20949174297283749,0.03422082981312382,-0.09236841510548022,-0.04299300828115014,-0.3068952849250947,0.00023401429255803425,13.387869959248112,11.353682373376586,7.7747394164217,6.156086945025181,8.233737424047662,5.016204312299109,5.065978254909822,6.649965640588811,5.175313073737277,3.6998788523786503,5.226025108155637,5.454505386315816,0.010043289231472711,two,/content/speechcommands/two/68dd409e_nohash_0.wav,testing,5.0,Kitchen.wav
533,-200.97977231247134,4.073323911056429,4.50109273349875,15.187297098012685,14.78603725163417,16.395263858942137,1.5065403863764264,11.697270537086204,4.961190349224424,6.53811148512917,2.9112902409834773,0.29499431342288773,0.09651819407008588,122.41467475959773,43.90478955068232,32.39053176177597,25.262054976710164,16.60387871450542,15.003705376025009,17.24405859956012,11.561201683514442,13.013979496097974,9.472075372980557,5.780163694933851,10.123188573877373,0.07859736414207391,0.48064711056676124,0.294675054963093,-0.18097036441440548,-0.21139214460728725,0.10696216603498518,0.13828162861477367,-0.03537567656732487,-0.17265176956614195,-0.022544628896027454,0.10446022342707782,-0.09828226496539182,-0.11503219873224306,-0.00027063248618956537,42.45950152304793,18.571067498287817,13.506152797708435,12.513744145535993,9.556933193278368,8.347264558699434,9.065757178292438,6.774746572618436,5.926256996090342,5.154139759064218,5.3005918794831,6.4394006871983,0.02819844331340288,-0.563685725362033,-0.2517638729088603,0.2572769311972253,0.49514482333314486,0.047656008502120706,-0.4992871652428447,-0.2525906071128106,-0.06667540448419622,0.11555190989101802,0.07775211625757578,-0.40740700597229323,-0.22087230287608603,-0.0002275948723157247,38.481937417292066,19.636469172684127,16.667917781242128,11.083574983978147,9.475286741906324,8.944349044101134,10.5612121492684,7.392220575492563,6.318095922967469,5.547070378957798,7.091574822061635,8.343502910810045,0.025306751186768242,two,/content/speechcommands/two/4290ca61_nohash_0.wav,testing,5.0,Kitchen.wav
534,-138.09225485246688,30.81310860596228,29.18525974331482,25.134401225899953,6.0056558903295825,4.518811466185116,-8.290191107811275,3.8278240741286185,-1.9167862956277226,1.3882982552200627,0.8138824574048281,-0.23430618185694171,0.08992565540890944,103.1000253637834,24.86008447614606,18.58309423010808,12.770393154029458,11.235053573059112,9.665087080270057,15.13501931478737,8.487577935298487,12.362499170199039,12.965025302963621,7.425254380614832,9.233002838054928,0.048822591361099676,7.672637363664235,1.3893144700496427,-1.4083711304519455,-0.0684483402435684,-0.7089516011678404,-0.48257343567950745,0.10148832023465491,0.3922219698007788,-0.662160928655644,-0.37035703568373524,-0.1816087431889723,-1.3123526889229546,0.002260618946618504,35.97245683889507,15.858353614445097,7.610362600437517,9.133364503041374,9.956202336601493,6.738738858609505,9.893201648041519,6.227886756604831,8.520736780321846,5.308233383214228,3.6796019233936446,4.1744048772864,0.01704088394067708,-2.5076483708147217,0.4886727347711395,0.09097040724394692,-0.1486270321145288,0.08509027732988753,-0.26824792318238294,0.12002516457604336,0.6059773006883086,0.5968925492695667,0.6976591013820193,0.35300622786289226,-0.16664956022953994,-0.0016709086211288676,38.244596406524366,21.188048138576857,10.31486868847016,10.913292615268706,13.918795313040516,8.107906804010417,12.892921335901965,6.9600915266174415,9.307390376436581,4.425689247097042,4.018834151275564,5.826798836061317,0.010982485599168689,two,/content/speechcommands/two/8fe52b97_nohash_0.wav,testing,5.0,Kitchen.wav
535,-219.87335376367156,-5.908414890147052,25.489489815786108,37.728056286763604,1.7051925803354961,2.773331938451494,-13.490103737460112,6.24801045331906,3.526450859489553,5.406166971817342,14.403585908763695,1.0551795088917724,0.10774142370792106,106.55030577706763,34.33760394599524,24.824156459019726,28.618208609622798,16.215745246774315,18.619587618256283,33.7259648230417,15.86089839805433,7.611869609025927,10.70633232246268,5.255155277484684,16.19315062952775,0.09320500131965914,0.5222111283701126,0.27827607100260476,0.9034609426197481,0.9637754876970827,0.5179246800607223,-0.07310061099460745,-0.6037537163121102,-0.4439051049458412,-0.1244922652329516,-0.006467435793918723,-0.13146308066536389,-0.1935831621114673,0.00014030104202608908,33.31237402479926,19.72826923506636,13.076963585694928,10.442048992751754,7.191011380713351,11.874263210843033,9.719439301615356,7.580245332542706,5.998392516243896,4.725247256968503,4.566000471924545,5.67577989837897,0.025947223811721286,-1.5681644232355472,-1.3559327765796911,-0.02940017379142977,0.34457334116389665,0.23213539531653155,0.3207150602556757,0.5991136558991755,0.5631947372528459,0.1976414612013442,-0.21862480375353593,-0.17211228494631706,0.4433329738749275,-0.0004139487942059835,22.806693397423913,18.847293684805475,11.448884213623833,8.872035780761815,6.998129084336984,13.177882575125661,8.379234983523837,7.017798444932588,8.109297642106668,5.709602399022355,5.3955572025804495,5.735352093476306,0.015481144228715615,two,/content/speechcommands/two/9a69672b_nohash_4.wav,testing,5.0,Kitchen.wav
536,-291.4996598645249,-9.148120634341522,40.74791584965925,30.368967848628007,23.039897695709552,11.032261880264084,11.334018360503014,8.247582535757338,8.481238787238947,5.733915071447811,2.6328673976891963,5.311483963853149,0.021365621680160984,27.351268873921086,18.278590927687244,10.493109042648914,10.0393755526189,7.543299425049577,10.367113060579166,8.203106750274506,6.4386262331156745,7.804796437140372,8.45525178988704,6.3134067910165665,7.267808999111942,0.00565913522062679,-1.109099134799437,0.2803354925367748,0.9536600979448837,0.3747292730187913,0.0339453987116022,0.30816477164443973,0.26461250353993127,0.03875148472872752,0.13411973933595936,0.0007572938372003675,-0.19563929335687147,0.009894279239559487,-0.00011127862718797499,14.540961455401655,8.265691023877965,4.356503699629412,5.183897446043747,6.237704649902781,6.246824276233872,4.981805652268374,4.442661196962069,4.455953951003234,4.26803848874768,4.235471214726044,4.360168572568444,0.0025357168923865504,-0.48234226416994186,-0.7601445719259199,-0.31418332141620603,0.23993792433979547,-0.006066000979697251,-0.005334406111657171,-0.09155220499952611,-0.013664150967962268,-0.11666486709676485,-0.018302248455924954,0.07302812996332204,0.14303234918805696,-1.9704240063826243e-05,13.896434224980899,8.153021678234659,5.229802653724995,5.22859063665359,7.300278922882158,5.866237562144472,5.423232795001938,5.393627701829803,4.715838733858839,4.631588207988306,5.286402256125958,5.1618855910567705,0.002198397112356691,two,/content/speechcommands/two/62ff07ef_nohash_0.wav,testing,5.0,Kitchen.wav
537,-233.45621316974757,31.226196205203294,36.83995060917616,12.47240564868703,9.105979622898726,4.203345251515428,0.18543389758623552,-4.655279153838631,1.749202277732085,2.797977622884665,0.7369541995546905,1.4497104367365945,0.048434177006129175,47.657414099733884,22.52739283006795,9.566770144875198,12.546880498441931,12.14064550377776,15.023372077641676,12.993067829690965,9.166926062447576,7.022706866892601,9.58436559122289,5.907463198444906,4.074250508648218,0.03749373589433717,0.15697529675791871,0.24454549673313922,0.3486537704412914,0.00019967307671589228,-0.05474097415490652,0.2542963271281817,0.028823203187917115,-0.059540667739818046,-0.125348841399633,-0.187436931098263,-0.19841839618099666,0.26096207842673846,-0.00022448166724174252,16.862115510994048,9.665663595852093,7.754058788255817,8.016579023672342,6.670837842942039,9.423377653658804,6.706983881705158,4.989010950540978,5.150304094539947,5.24908057318078,3.2418825216301297,2.6815457347740868,0.016903101574723352,-0.14639754560072143,-0.0033852234712857883,0.3715213312326225,0.07770657046365663,-0.023898917112443446,-0.09892778705674106,-0.023061696421833266,0.027003142786258587,0.15333212977172653,0.24743779414972306,0.1695705786087973,0.10389084492461333,-0.00013438885410626728,9.578046277352529,8.29550009678589,8.125416552456192,7.437524703058428,7.335066023444252,9.445096315042344,6.40591287848325,5.776097033560252,6.82999914403333,6.23077956001613,3.9597518513281593,3.8239657181136666,0.017584610281783132,two,/content/speechcommands/two/af7a8296_nohash_1.wav,testing,5.0,Kitchen.wav
538,-218.06648068246204,36.26869649544404,39.21436686899627,28.031694509153354,14.096097270952797,13.34031419887495,9.62307303773115,6.5038283140018684,6.051037146590234,-7.245989145908567,-3.3656453169566136,5.851541451366041,0.06642643368104473,79.49425541735161,32.36567991463837,25.543687925654666,22.239058383132825,14.63093241194303,9.175590207797761,12.912246416236574,10.880516154629792,7.599586222954951,16.70285572006865,10.929235536228118,7.955580434175511,0.06775241266677881,-5.764978127216833,0.44319755253546383,1.1887769143762916,-0.952811321225332,1.5007644521239922,0.5308121935735232,0.3852802318899846,0.6655665388420989,0.23466722478266702,0.2804934144357691,0.4318823700425239,-0.1540016592864534,-0.0009691869058916646,14.99159795041301,13.062443962725037,11.083263933291825,8.652854336094354,8.38501603270076,5.734892514712907,6.938767404827952,5.792485156703997,6.224550580362461,6.9160283426274916,5.134063259204277,4.838668655136018,0.02461895933029232,-0.43408856287518677,-0.28738163422272545,0.15769901825865015,0.08239977172512229,-0.007674873171089243,0.27015906342801016,0.07239654557215248,-0.11179807169713865,-0.19687907582678152,-0.15872808739361458,-0.2485829264074442,0.08100117805837416,0.00015066315730412802,12.42551610277329,13.29327911261397,9.858906332866278,7.998247739933164,8.991989504226236,5.943698740896995,7.456748137993475,6.762526004162364,7.053080529912576,7.6664954692643095,6.268537184891441,4.956160391709055,0.017105348233163627,two,/content/speechcommands/two/caf9fceb_nohash_0.wav,testing,5.0,Kitchen.wav
539,-276.5268245521663,-16.550810811025094,37.047419641827865,22.44705200125691,14.58928683817003,14.194764115406088,12.641267305353201,5.627857934877495,7.581801504412824,8.626998130065946,3.0453146380457223,11.282264681472206,0.03911907132714987,53.82961945732544,32.649492247466405,5.624839998926205,7.750904562007319,10.239566381649684,5.261725604587873,10.895713385946653,14.07397896365909,11.895228700196249,5.556606260985848,8.71111847549747,6.366170330575918,0.012063269526553063,-0.614561269919413,0.14872962553448243,0.0075780341021273,-0.2011510412949986,0.1383630630762087,-0.22697658316973318,-0.06409292784469263,-0.013949173916320983,-0.3449714132606021,0.2589229469177308,-0.028202784437416868,-0.23908700932356078,-0.000337566519456525,18.614802416774015,16.5149945702462,4.072967117042504,5.056851705198623,5.4087463717554005,3.616118219910619,5.525850418702981,7.194902036833122,5.96790470666528,4.341639772475168,5.041269896550739,5.266469662624174,0.006996719663631837,-0.6769363523983297,-0.08174146698540218,-0.15312367429137197,0.12485033159954893,0.3462715675072373,-0.019048103162017712,-0.01812396437045957,-0.17456289172123546,-0.26953954619224435,0.1473880928617069,0.11374656116309012,-0.02933996459957117,-0.0002516089007258415,13.251148673324723,14.774162762239314,4.692387860439217,5.347316484485227,5.873018898546013,4.705151758737006,5.704267330392736,6.62471401156133,6.221227306033992,5.290075086830221,6.130843730322043,6.089039475797434,0.005830534011411242,two,/content/speechcommands/two/c518d1b1_nohash_0.wav,testing,5.0,Kitchen.wav
540,-191.13872969091213,58.035575527947586,27.809835024686826,1.5086159400021044,6.532515834114559,-1.102160913274004,6.7027799390242775,7.194546013497065,5.456829798156706,5.119717336343379,1.5619356145163017,-3.2448291255155683,0.11365976481465623,64.3148299330752,48.70978121164323,38.330109569984536,20.40803400302818,18.35718661871525,14.012818217778749,9.75718878392391,13.422836328740479,14.382736146733764,10.607238662179833,11.634236516926727,14.493622924812676,0.11436266851146434,4.1710935347395415,3.642674566586491,1.0220739556390772,0.25629456234871245,-0.09139000360326989,-0.6653551575479524,-0.7901275208270921,-0.23891439328206995,0.20750066969273656,0.0076293195492395495,-0.5762077205069054,-0.13060048431879198,0.0015824593964122956,35.501155648634025,21.421130764195826,11.155310856655644,9.540893864445202,8.560382034368361,8.401474264668703,7.417049957279222,6.742022060105489,6.141133571357718,5.3880484810128415,6.2824360260647945,7.277964203203134,0.0353815188276232,0.19175055417067882,0.3021935715799032,-0.0783533025979106,-0.4048792412151002,-0.335071389853152,0.09426528306446613,0.342577973092077,0.22564313607658235,-0.03741614117327904,-0.2903227198161743,0.057636429760236814,0.20313851915894066,-4.341130455334981e-05,34.13284692999492,21.28061560702085,10.637901208950074,10.880707853821779,8.115829845302386,11.941152260948968,9.877812987340059,7.699377879936684,6.695319047160708,5.7067042666195125,8.793125713002869,9.853879506877256,0.02451787670690349,two,/content/speechcommands/two/b97c9f77_nohash_0.wav,testing,5.0,Kitchen.wav
541,-200.82826606994786,-17.136465631109395,15.550715409035208,15.796221119760041,7.848562504115656,-0.008752714378967408,7.867103141457048,10.475488692379322,5.5650014419626785,4.285117902406174,5.146642709240638,7.8188052374013575,0.05547393553636291,35.367939590311465,22.094396369540185,11.623812457717154,13.309177701643573,6.8628781527716765,11.876818658035777,9.181001916913093,8.173239435230734,12.476813916358338,12.042174108402868,4.964193958712357,5.83736640976152,0.008593894763237846,1.589634116467637,2.629903717993,1.0933485839930714,0.1648502325281635,0.25236727703970474,-0.41405745934106486,-0.7766328563094391,-0.8556990968648579,-1.3548577628352982,-0.8426479597142353,-0.0656017106723332,-0.13132418906690985,-0.00020881582583699907,12.250202349314662,10.915437085643427,9.821559138217731,7.258150801694524,4.102284041752289,7.271407418290182,4.569975603323432,6.023287348764655,5.117028303511951,5.63403075067193,4.454306309063065,3.927306818032804,0.0059294179835212135,0.605501267450073,1.4098422456273347,1.2232056435758214,-0.09917774343434545,-0.16083800517800734,0.33868401587830926,0.06334659541718915,-0.8846083941377257,-0.8824470707660979,-0.3329685378343307,-0.1864589312762348,0.3724991387996811,-0.00037593767046928406,10.345205521248284,11.214677983844702,10.535688913518847,7.929757888676584,5.055861404343126,6.980999051040904,5.9019683780156145,6.460172958956929,4.794985067762178,6.0923368108613705,6.169546985818657,4.950037330611368,0.004734594875894621,two,/content/speechcommands/two/022cd682_nohash_1.wav,testing,5.0,Kitchen.wav
542,-230.61373415913198,15.32831136886032,39.130059146596,26.777921411712313,14.785973995094231,10.088487282160827,2.7726372320408537,5.912834442446401,6.050492261987986,0.227898311907129,-2.577590695431419,0.5735715145550083,0.06901983398711309,94.88037746573748,40.294345530689895,31.941848066529868,13.325470771793682,8.156199513926008,7.609353722830817,18.955228533977483,13.480868206414906,11.081174177455297,13.299908636108244,8.48992458991626,6.211849563273545,0.04779004993132793,-0.2549773745532042,0.11068046244025027,-0.04915129815606958,-0.15548677708097977,0.08958855930005478,0.2184042393986288,0.19865627857431986,-0.1978352701921085,-0.5605250606812388,-0.48836802888527475,-0.09517955756113303,-0.1949793841547147,-0.0007284860457143475,30.09401485214051,15.847240490320406,13.866549229821084,6.934965830969657,5.290167077973836,4.7852077696057105,8.669625485951636,6.6972049462066625,6.119876552678558,4.555640608883313,3.9029461023700227,4.026381496909023,0.016624380934301814,-0.29714653533634444,-0.3638989804672064,-0.06285663747452806,0.30153023315025973,0.24170218731592794,0.02592007930149191,-0.17562336344952909,-0.017833238395978293,-0.10426703719126694,-0.29633864983139613,0.03544179019539063,0.05841851181755023,1.1967991789182027e-05,26.097339473865308,13.882885268715894,11.164569036754699,5.618828208147775,6.299777504446627,6.05591217033909,11.32804162843648,7.272299496537114,6.774631142881982,5.101586985772502,5.009969332260109,5.45366152978791,0.010748122406556626,two,/content/speechcommands/two/9b3ea809_nohash_1.wav,testing,5.0,Kitchen.wav
543,-251.58518405502411,35.30790636482012,22.64038787967568,29.21899146005039,15.389349313898048,2.090919977700395,8.466219517978054,2.9145232425026766,-0.31259410322747727,1.5759042750414243,0.07154395081832077,3.288743363934339,0.06477969579282217,78.5739704222174,49.07939336709092,27.472437632068377,13.27926750331874,10.254276739140863,11.051644702450014,9.485935484850529,15.05838755709163,17.709795447859705,13.71165812611252,9.179770566126848,9.589056879723445,0.042851689393179224,0.23296989532058976,0.41430224152157613,0.06964252730573174,-0.09885691550161735,-0.19832781320727752,-0.2934009115749038,0.053756269279900286,-0.13585388126796896,-0.2525154277067484,-0.2224356549320191,-0.04278724687826229,-0.10966706959514085,-0.0013053444544634512,20.534657225024375,17.795891072942737,12.641414628531777,6.931569221524727,5.508792894339566,5.668966660303001,6.03687821493703,6.230785954562718,6.393060474334312,5.630217437597563,5.244361337651863,6.431613955254512,0.012532077854347642,-0.15711059784213527,0.046339651673338506,0.19578406872397014,0.6311490532516123,0.4167146951039498,-0.059758231258426164,0.03501932494450699,0.09370599547833175,0.21034295950406065,0.05167970564946997,-0.2518752405895318,-0.2705653422994259,-0.00010101388519008954,16.34882368353581,16.65858840345099,11.10300391284118,6.7501321615248155,5.797166714505374,7.426159791625599,8.010388851528333,6.149904670811298,5.010114706717966,5.280460861012968,5.42736208268275,7.266690115947022,0.0071712144808518735,two,/content/speechcommands/two/d9e9f554_nohash_1.wav,testing,5.0,Kitchen.wav
544,-329.6516400429702,1.8527687497939869,37.866538877955904,29.378346475169117,22.756057210285416,14.36353090353631,13.091371319272614,10.21430918701067,8.38185108697388,6.522549689040629,3.582655979822884,8.125470567972895,0.027418441139161587,12.025396627780863,13.361913419658523,6.882277084989311,7.3104451402678805,5.169623367773156,3.486615798832769,5.173495526537646,4.6161782061862295,6.2513822667785,8.62243085538612,7.680304661286802,6.857873991191119,0.0061512282145241145,-0.11420649496141132,0.018615271940405482,0.28684212843181617,0.35343668104248893,0.32095088022293017,0.039191322060472183,-0.0814707467009518,-0.025583980921838712,-0.06082840597815114,-0.16778464749180197,-0.1445976113845094,-0.21769655238407631,0.00032672676588258435,6.199242092321935,6.786761956592896,4.383446047829562,4.0350399905685155,3.1737374532809444,3.1780951779998348,3.3940340113180505,3.8341133494321733,3.435427634833682,3.600271624710169,3.8544539561466338,3.853135045903797,0.002830638808775168,-0.4004547914719562,-0.07139213864265628,0.24950808582620945,0.32385858694162833,0.28096610573835384,0.036370474217688374,-0.02982555451582331,0.296970280471484,0.2099073753491836,-0.09580355907909771,0.00013286011513147973,0.017169631838911254,-0.00020098121215899784,7.487097468566293,7.471392872733732,5.328914388154367,4.831852454478084,3.4691675556404573,4.174979537409662,4.081904612719392,5.156707930648509,4.250544445737003,4.259785469141194,4.884738655922861,4.744301191762737,0.002159642531342451,two,/content/speechcommands/two/3c165869_nohash_0.wav,testing,5.0,Kitchen.wav
545,-216.9208676997838,31.726527170838253,24.661122211148225,16.89252270816592,17.583419437604743,11.396278843746437,10.801765979560914,5.488051384490375,4.271157834119796,6.229246756207573,5.118730036270234,4.489731870732494,0.04157764290769895,69.83022166296446,22.847486283273575,13.22717547465925,7.973704863815494,5.275914312383333,4.213412998655742,4.725373116340681,4.62709554543291,4.859635608453868,3.722485645560723,4.009321468433987,4.7033303174074295,0.006841045187195364,3.416885492662264,1.4985837853708894,-1.008864966546981,-0.5349050099627292,-0.20378593304181375,0.010121529766118674,-0.42672005151868864,-0.3771642695412237,-0.47876487333665535,-0.1498627247339253,-0.0935194548055703,-0.13698570481784622,0.0003148210716658625,14.506663490105854,6.160490164904684,3.913122168786168,3.8015958589313312,3.120298441567197,3.0298748780094424,3.308758759406841,4.222574730470179,2.842439466259137,2.323881620653368,3.4096521333483425,2.7102370310125306,0.0038137967897960185,-0.3683667408228755,-0.42914136679396647,0.36243660386048226,0.5708081792121905,0.21750679347066385,-0.04798872690576766,-0.2577265122327055,-0.25615260979218796,-0.04368762699112476,0.28313861014828656,-0.2133771144882772,0.00039522410257340567,-0.00015370321593114307,12.742913793494893,6.673003186511842,5.0108664883878635,5.1550865816832765,3.770810790101062,3.946975844625034,3.92237476785573,5.15984911054554,3.604710203016809,2.7546606436824774,4.589586883678681,3.819377327563282,0.0033353105752174893,two,/content/speechcommands/two/3ff840aa_nohash_0.wav,testing,5.0,Kitchen.wav
546,-249.64999085481972,43.94171653132983,26.722139839346262,17.614745171155505,10.469944154262478,6.222906172200126,8.145430312414948,6.694365497834399,5.056294010763435,1.9795242480214759,5.557822145587892,5.385375688406187,0.07024674548301846,64.40555099343028,45.121061776505826,16.9224603563857,9.04534548934175,17.043755148269867,8.647172510049039,9.52365379110461,8.074412894376445,9.508375678603997,13.387612674983158,6.759296966550683,9.900270824944112,0.0641894979850696,0.9067121539058814,1.3781502788691111,0.6567500152092409,0.09829320909172402,-0.39858742898547783,-0.4716057992129528,-0.5097931416677118,-0.1577959599709386,-0.2678902686700462,-0.2522030438370104,0.06413495966054222,0.0638531746805583,0.0005036161070869815,30.249210283903196,18.304711945698706,10.386971188503809,5.749494083873768,9.920984934096197,5.595864736604319,6.268518116427067,5.97268519128006,5.685593800235821,6.318085115236898,4.126639450168992,4.987703648228757,0.023960808344925213,-0.3312145262906237,-0.16198266448264556,0.12786118103194724,0.22070434568096928,0.23768512120853239,0.12228278561796964,0.12815604661649213,0.3076735897354709,0.20621521236672333,-0.030607507913981872,0.017636448080090142,0.03423879257971496,-0.00016010235995054246,27.530537885426945,16.211368692877898,9.308658195100154,6.560466814848597,10.786864800952001,6.533390619095777,7.388879565779926,7.559104698823117,6.411438320134356,6.225866668546628,4.855691086994842,5.422001604089524,0.016073799814074214,two,/content/speechcommands/two/e1469561_nohash_2.wav,testing,5.0,Kitchen.wav
547,-197.72855546186565,46.003222320281324,33.976197981328966,21.19965206312284,18.149782560438343,7.024402076823972,5.176949006830777,6.1107195841883755,5.441894440250689,1.2016693295396057,-0.9207138348339632,4.021650248113302,0.1462072603753768,105.2938848581701,49.32268553818721,27.631790515253858,12.853527679301251,13.211634789158108,4.472930618675766,7.015853227660371,7.375843363985799,8.78904196283394,11.1507911408397,7.715480871324333,8.00626662462156,0.17393376438182093,0.18761832411984958,0.24450474481792384,0.461184164467164,0.45789302041395125,0.09988669271183964,-0.11349021070481265,-0.26038881485112764,-0.1642226452404846,-0.253860775384004,0.041895003787533996,-0.06794360769891747,-0.14913373779115563,0.00015726433165611759,38.23802933312814,19.248894567434895,10.898561579928336,6.406810642259156,8.74710784128742,4.05323250284072,5.112423052789512,6.2091731139975295,5.17414043817384,7.128505623287017,3.737343248329169,5.297053990294702,0.05966581661136675,-0.381024507783305,0.013540067769942135,0.27163013997754176,0.26515878641813023,0.21328072017264818,0.18785955579383393,-0.3126334561959267,-0.4443751848457186,-0.14673672468246404,-0.08739581253903918,0.12691420534522266,0.2118350758083786,-5.746992925802867e-05,35.21095149284295,18.324518403132238,12.053096513646253,6.977784187114494,11.14724559014081,5.5960065181510705,6.850727246934234,7.490037672068376,5.316781791068089,9.45317387603216,4.783075684827322,6.545928756878115,0.03450290611324187,two,/content/speechcommands/two/e1469561_nohash_4.wav,testing,5.0,Kitchen.wav
548,-272.28603843507176,8.319173465502702,42.61576346577515,36.29719662228001,26.780106515886224,10.817482559383144,12.032464462629507,8.877364872402504,7.171343606599606,4.947604211333193,0.05562596370530237,5.489622019595043,0.07026047440012917,76.86171659587427,46.61144963909378,17.769392313502557,16.022598219248653,12.475933041120674,10.066128335150614,11.625815172027723,10.61006362676497,8.105560109413084,7.007269276504509,11.00277294004345,7.203698369234237,0.059384331807008375,-0.09998204720230044,-0.1445943286942622,-0.15476193701319851,-0.47805092472091965,-0.17209707239028052,-0.019209652983918437,-0.16468702524728973,-0.017962944604689647,-0.0298258087862042,-0.05932691161703405,0.286010387696596,-0.07220091008562862,-0.0002388835193649415,25.130273795260997,17.22461654994103,12.533235374239242,8.239614713183455,9.798368323086928,7.4051656573781734,6.530193163528837,5.665964913751223,4.215576378118897,4.631655998829621,4.519601957818011,4.392934923641108,0.02105611103607052,-0.2669148744769037,0.14255822892145129,0.08251861213587605,0.10701603712635878,0.22612059149301492,0.04373943418187499,0.2892112499989796,0.38407661831797163,0.2636816799101799,0.16175502531218175,-0.11324170574198025,-0.019806747289946712,-0.0001817726840575536,16.178918417701027,15.44633284746964,11.0398169098123,8.92838841799853,11.408770058884821,9.001710393434612,7.69857025604873,7.085952053244272,5.044990672908348,5.826239631076556,4.946528632646162,5.663529657811896,0.014460501139161067,two,/content/speechcommands/two/e41a903b_nohash_0.wav,testing,5.0,Kitchen.wav
549,-252.1007459391746,6.127265497517348,42.66799057782718,37.22089658827238,14.364584694118745,11.29420900257045,12.570381416618092,3.3853781298799475,-2.8838878978947053,-6.08506490123672,2.6823131123113533,3.5005226922705868,0.04323652636958286,59.536663030888455,24.702443578662166,19.42995297777074,21.625941812795727,11.178208130267816,7.268606253129667,6.434387762507821,10.684400420246279,10.236135012023048,13.240545665640632,7.266500235925008,5.635515523388748,0.027369466583995992,-2.1421981457829986,-0.9122211097292569,0.6586595979822271,1.2021108380159868,0.4515809997685865,0.3333579190661019,0.5222751766663267,0.5084257157530475,0.3094128241170689,0.38924551632989,0.3344457642375695,0.29590399310409615,5.913063162757504e-05,21.107986560785772,10.658167356716913,9.651129197865249,11.85779478469677,6.2859171635511855,5.138485773883411,5.14091146314716,5.351863037879569,4.671273094543548,4.534106612300377,5.5008738546731655,4.6044421813612795,0.00887951775845212,0.08750519937462874,0.19319534267939703,0.3086809507658396,0.1063619797106656,0.28570120949349387,0.1810816414192617,0.16571720849415048,-0.06104276978210142,0.203284942536946,0.17167406648904518,0.07105198791643709,0.24267098671366655,-2.2979453206062318e-06,21.30149762909913,9.821051782467588,9.201753572689944,10.967862026736801,8.614269853186393,6.71371997835705,6.0064741212385675,6.193962164074066,5.352496329353285,4.559911629293402,7.096150851184535,6.14849550889807,0.006049198172830145,two,/content/speechcommands/two/8494fba8_nohash_0.wav,testing,5.0,Kitchen.wav
550,-303.7383559703677,-35.93623377431402,39.05732087382783,26.082302404524604,20.32264621089594,16.104485508241396,16.866012792167542,12.794937428793606,11.805825161664353,10.445082262188308,6.753316204365284,7.459934266714401,0.034507637174101546,8.911664315118863,4.589673089428018,4.5763485885065665,4.654388314943143,2.673340019521576,2.8209670380504734,2.7385381592099605,2.892936277281626,3.829233292183598,2.424953444370121,3.3914595804643817,4.817304840220639,0.012412531826868523,0.3990383867524546,0.12814619280746617,0.2809106839124419,0.05107344333630314,0.22111003950925245,0.3286315733486058,-0.021259118439487332,-0.07586637700741408,-0.18789410651541946,-0.1395156134109911,-0.1170117278189859,0.05664845754713885,0.000588542421258265,4.397333673392014,3.439050635465762,3.380908393279179,4.18829007585639,3.0479144435107477,3.099343291498103,2.6516147269560024,2.4724877839361334,3.4040595566525127,2.258174434370574,3.026608962495838,3.6219585862180166,0.005703365012775693,-0.3805164873005898,-0.24469480864833776,0.37876069695518405,0.46594831440654805,0.45147220391481646,0.29214612687329555,-0.13349291778654832,-0.1350395041792207,0.027629095953837564,0.10858515522230784,0.04404876165491031,-0.017787223417835386,-0.0001626229224105676,4.880001116269716,3.870540409289564,3.581302143107974,5.625889725826897,4.089327437524758,4.465045894386359,3.5499250581722506,3.4166626505733206,4.505843498029504,3.433077237598177,4.537583550332166,4.709488301360768,0.004177724180505968,two,/content/speechcommands/two/91223b83_nohash_1.wav,testing,5.0,Kitchen.wav
551,-276.8132661710297,18.715459170673,29.663086494421584,37.30568510558037,15.646748030965439,13.892888179855582,8.03393800436404,6.319278929185913,-1.0480380705840622,-3.0917972233124167,5.476019524005632,5.854313587628861,0.04457802354590967,50.08002281915956,23.82407188817681,17.368583858240644,20.39758713617953,9.13797967133626,7.75513940764694,7.780439235095091,9.000255576575164,9.135279540983198,18.66889998749361,5.086606653058697,6.25286277326708,0.020497700759328788,-0.1391913848633558,-0.0517740274741102,-0.17903037543951225,0.22184919945037954,0.017033735263766236,-0.25189958986594446,-0.24521151972751268,-0.3375392686225474,-0.383020654657146,-0.10401479748056439,0.1716628808066007,0.2501374778365544,-0.0005336405649300545,19.96785206017431,14.342421909866648,9.886761324826333,10.049238732700077,5.363696944842991,5.024295545593694,4.1027709299626025,6.574472776266471,6.59508780526753,7.56925797452594,4.750346193236524,4.194287152146992,0.008632940653361978,-0.35248599240737805,-0.3133610649308282,0.18548091706929856,0.09958447815807396,0.06752587239774487,0.3182706589205652,0.04812216419102929,0.19888080385475052,0.16182809349405552,0.02227274493370803,-0.06725037827634708,0.05716997767768669,-1.1548399925231934e-08,16.97460273707231,15.104704365601199,10.032735542694313,9.512556447386851,6.477191591386275,5.208850857570713,5.258840109864231,7.509411816615621,7.691030160900493,7.400024005527583,6.771094449729712,5.50698529397294,0.00542255501352993,two,/content/speechcommands/two/8494fba8_nohash_2.wav,testing,5.0,Kitchen.wav
552,-223.85617185618077,45.78120193605287,55.96160784490729,24.61358596089496,-6.630747603303005,-19.60333329137658,-2.8984766664331247,-0.004910384230499498,2.1978756250485914,6.645316332430877,-0.6303222101462576,-2.3745035255038145,0.06684119743295014,39.78801233605402,15.805203038697812,18.34170306274042,23.108596938565235,10.447008899309541,26.09411565997614,10.274856400786476,7.93809281773778,13.531457267570586,4.0972681952006225,5.036291438917009,6.255250929565529,0.06493864700381989,-0.17968279613848384,0.3068609981071739,0.012619112594685998,-0.10384327184432841,-0.16572906188850525,-0.3883191496251114,-0.20464502288744646,-0.004827186265371135,-0.1046753865211232,-0.2547419330877501,-0.03878143449235165,-0.12123727188949242,-0.0005184353719795904,16.899620337954172,10.940415646593072,13.11213433630435,9.554785288841005,7.373771054352019,12.76254062784482,7.985803497661638,6.13640550722099,5.602307965349265,4.127503963565421,3.5065723695659607,5.233547686619502,0.028413772228986695,-0.34045347420777244,-0.13623735430820408,0.061002723887064646,0.043895915930486376,-0.024260180302872195,-0.037121996474697085,0.2243707586245292,0.3540167689717711,0.3159312165446175,0.13290673095037622,0.07111745885275701,-0.059374651130025755,-6.406040241320927e-05,14.658777410370938,13.735270340424352,16.306725122410953,7.718754516353026,9.351436647827098,12.92899365523593,9.02757951614152,8.078020372139198,6.13163615250294,5.77578002378902,4.339300046736135,7.476100034890143,0.02054396407501485,two,/content/speechcommands/two/3df9a3d4_nohash_0.wav,testing,5.0,Kitchen.wav
553,-233.9742625426768,31.338241780504454,43.73451344764577,22.752777190170367,4.638729795496536,3.3660213787539197,11.12482601686883,7.333979565344685,7.341834236259663,6.078664216234953,2.792913373721555,2.150710005457304,0.09830578017863445,92.9204940698862,52.48989966754757,34.55394142691835,15.53590252346517,21.744091156567418,13.305304686864181,9.50932628521876,10.084436071122202,9.782422540104493,11.348052795249055,10.264738404657836,9.417099283233142,0.11206088769945383,-0.12881182522045126,-0.5365171028001446,0.12269954482547217,0.9343551202779985,0.543375273563732,0.15956687214450863,-0.08440788283593774,-0.3443004948419048,-0.16683289785845162,-0.09925438234714927,-0.3310880179069991,-0.2759763046725322,0.00020091557094166355,43.615506338395114,19.413760862912397,17.468462394349245,9.934318872920707,11.092251549454652,8.461476848452605,7.191934748831543,7.0524855867504215,5.985505262592182,5.608636204823578,5.830031500647873,5.090433202572025,0.0380809926130306,-0.0454362476236516,-0.04224966251898662,0.10820682701575705,0.10686233728375842,-0.05593182230344874,-0.04444325722277961,-0.2107240984608372,-0.1227119700372646,0.025703848052699266,-0.2439626513088108,-0.22726261403147213,-0.11652868094247068,-0.00035164812579751014,39.98453187641709,17.522266619201254,16.185897636489663,11.184905751907797,10.352112672839178,9.95473503253275,8.104794896489462,8.158213044499387,7.141084788306174,6.495050994127431,7.701859498040769,5.6720885659245655,0.023414376849210005,two,/content/speechcommands/two/c22d3f18_nohash_0.wav,testing,5.0,Kitchen.wav
554,-270.9972156192962,3.453939512981099,36.83525847964208,30.60816487323072,22.65364392327991,8.407921361217372,9.149127449587533,8.045790879123505,10.321512118986213,5.061856114484294,0.3466368169212801,3.619566746571458,0.03266720561077818,42.6903197971603,25.950647460967623,15.545561385148291,8.012798384121147,6.270300603855534,13.317646638029345,10.754438725804338,8.107815267478266,7.360224735995575,6.860795198233943,4.808459017037464,5.5442550089366724,0.006179502266856016,1.315981385820467,1.781051666613072,0.9486235687120378,0.23128024925012464,0.11943738222441422,-0.24936286767846044,-0.32237373906089045,-0.3816342930499654,-0.4933039856097296,-0.7471105415302176,-0.2881346631224672,0.18924370891539263,0.0003819746235685964,12.709558895325308,6.765739449782354,8.54484215054901,4.707469938222598,4.2862200262083245,6.839283051148331,4.7795762644519275,3.701515378202623,3.6370662472418056,3.0184126516496184,3.334968963582937,4.625294559179542,0.0038272281085540627,-0.8403707386368249,-0.12602768632432296,0.4875725062225141,0.1595333171439634,-0.203503923759445,-0.2089867816019688,0.04048129955862668,0.17712615094073983,0.08104874267656789,-0.12222663470356236,-0.05744157761306275,0.20919211863651627,-9.161060055096944e-05,12.48127791494637,7.80367510644153,8.56757412907243,4.971296571400877,4.607330330568944,7.785444591605733,5.240671653965734,4.112923926445775,4.964421660157539,4.016907979620444,4.609890045187872,5.75601012690262,0.0060801113638116406,two,/content/speechcommands/two/bed06fac_nohash_1.wav,testing,5.0,Kitchen.wav
555,-300.7375266165417,-6.888280587949357,46.407122409547334,25.872356624105485,20.587765569810117,11.564913053224547,10.640847440156374,7.984682278560822,10.06689044704195,9.075486986940849,2.2129704063113493,5.64768930436175,0.038571372686419636,54.31718894538373,36.167690582703955,7.802838363249529,9.606340378403244,7.243786964072878,7.647475347437262,13.442711824768898,7.05384110236474,5.609500294204222,4.32245540146004,8.66391564628544,7.80661678966553,0.03469445400038064,-7.374563808291108,-4.438337680003426,0.6542318655033905,1.1427034230795172,0.7939786001235339,0.828174545824024,1.059743812174484,0.5711564798499359,0.7238992521756697,0.5275545099003973,0.8700403744006591,0.732332239684847,-0.0036724311930517997,21.573626016188207,14.32539480996705,8.520336859327983,5.795681133428296,4.8443279318814385,3.6566047661377303,8.307720205173476,4.978073612886602,4.069036687869468,3.7289707862978774,4.890464307433714,5.518715388984532,0.013464645126794999,0.8060409419269529,-0.13736080951217886,-0.6724057698570668,-0.03519372670552627,-0.3570039833116193,-0.04652031598496388,0.41405285962326754,0.3966912517908038,0.22203937142271626,-0.10828041480512361,0.164581017667075,0.05145804151016063,0.00018661059439182282,16.24602389004085,13.58834046837908,11.854059444602457,8.003009865089668,5.676916762309152,5.388455437120882,11.466214051379934,6.871286806438631,5.025615973899919,5.116120429502061,5.5931041847175695,7.35999696226788,0.013101107646280773,two,/content/speechcommands/two/3f2b358d_nohash_0.wav,testing,5.0,Kitchen.wav
556,-243.75717820667228,13.592169751610621,50.29955520397481,31.340672581757765,13.499693981686265,1.45379342609146,-3.9436611294369595,-3.9734349001711324,0.9481974818416014,2.1268346144393373,-0.37234775796547637,6.2985242659576715,0.05425219872267917,52.1400834675981,29.93042419736449,13.424826990354694,16.303333374975896,8.256256419766052,13.175573999060868,17.12313703544306,16.86273359857074,9.961414082375185,7.73961070268441,8.83438859426162,5.104022167308472,0.03149656205024042,-0.2961464948656513,-0.40740924835377507,0.4429950580942582,1.005143293332473,0.3208803494553581,0.05836259142463899,-0.1341972301242651,-0.36964329952356983,-0.19404715833332634,-0.10145034157414204,-0.22629055306739682,-0.08129238738697488,0.00012435703988998166,17.719718440355336,12.242088965257482,7.40429430179372,7.9908004092157725,5.53837214152962,7.858101651583086,6.695428228816155,5.39701398900924,6.3940921623747355,5.69353599984245,5.953348282249302,3.395363761517701,0.01256338883593248,-0.8458364412658095,-0.3937521419674908,-0.22736838888659464,-0.05779259962676235,0.16103710795452386,0.16091558183377647,0.330860427494591,0.3886477398151234,0.2955996556278773,0.3583755025601391,0.10062252252145634,-0.018628011413760144,-0.00033004283905029296,16.35327080660491,10.357998192697195,8.875039849500387,6.552296963816453,6.318137224192329,7.5733623847870435,6.848490766837314,4.860354076003355,7.0902721844676195,6.793845749869922,5.850095562401732,4.605802031333346,0.011286355314220788,two,/content/speechcommands/two/b2e2773a_nohash_3.wav,testing,5.0,Kitchen.wav
557,-231.82178982697266,15.804139695776598,29.05671328851805,40.888067850917395,13.498488709486773,6.553624157446341,10.718415214607479,0.07397450252983279,6.855284352615095,-3.441507259967095,-8.297780558485048,6.517406220639141,0.07300903257869538,90.7355017268965,32.937299594124156,25.871989226737057,21.026868268897818,17.05333541282467,20.01276435422472,9.029818456563532,13.613089682716465,8.000979052768116,12.526550322242725,13.052262882211252,5.223814285525984,0.04337281236917115,1.8955131528249254,1.8554833789769087,0.42526576569228797,0.34164785346453785,0.3216011701635947,0.04032649510751742,-0.5453678707792758,-0.4002485701397517,-0.23458289427633408,-0.5661594742203613,-0.6963050654118733,-0.30894205265102026,0.0006092216819524765,31.33581022453276,12.975307988344568,14.771375922805303,13.778662753226023,9.036678903399906,10.57647663952948,6.008511723863112,6.782406552151683,6.2427599968942165,5.678465697391956,6.183512778274664,5.337644514277075,0.01777089875024743,-1.92680357322483,-1.0923216639623887,0.18861226842948903,-0.20587213844822116,-0.12634370367069564,0.11882175836274826,0.018325016053110904,0.3885847240647891,0.3700976824632021,0.3947933678684949,0.45181474688720336,0.06676056187956093,-0.0015156645523874384,20.584851850386016,14.533749692524916,16.024910078668142,14.025691042518966,10.933429340295092,11.32677988780267,8.490534541567444,7.0724157176381395,6.767269139806647,6.007887492301321,7.9371953054926685,7.753257974883342,0.01133622840798278,two,/content/speechcommands/two/64f1c742_nohash_0.wav,testing,5.0,Kitchen.wav
558,-252.35564463472835,24.784178509452925,47.9155546202083,16.496113972151523,9.295466742440578,5.96121966109863,11.542776500902113,3.5971231857183654,0.684818343183029,5.425103138049094,5.4465140040364215,8.21781996786725,0.06475494126789272,68.3864094800084,52.38544556435284,17.6175768407901,11.68215595114077,13.385221165878892,6.475631683083636,6.658620045328164,12.470202530502007,13.575462140788508,6.772154164004664,8.048391493843896,10.657097370568616,0.050221675733014254,0.5900802554955935,0.9704043359580247,1.2071359827320851,0.7692780028681244,0.07701383823980441,-0.42958925331364267,-0.29799781460088864,-0.3409824438731984,0.06110771063039017,0.10126545641889631,0.07018209353879855,-0.2450951288822647,-0.0002720591522032215,29.44845108985148,17.691377495048478,8.85058972584769,6.366640597713409,7.8385024868597695,4.1518547955043426,6.856648626570653,9.247704473468973,7.698187816050441,4.610746994191919,3.8058239523656265,3.7630989365738805,0.019481411518261767,-1.2467714360015298,-0.837438368526039,-0.07068332391652395,0.15976649622507327,0.33338441154294635,0.358861503108752,0.6441490504209477,0.7318463620652544,0.562835925184191,0.34603357202816976,-0.023280877697538453,0.06456158197297421,-0.00019294296701749165,26.91560799733646,16.30013899935823,9.625346467125157,7.048776477491848,8.53635974956945,5.257352791176386,9.148267534468182,11.570970278479145,7.88116760866848,5.030918412148028,5.08402737853645,4.28766051023865,0.01541260625343941,two,/content/speechcommands/two/c22d3f18_nohash_3.wav,testing,5.0,Kitchen.wav
559,-276.95129582089646,-1.625072450659799,45.972545401660895,28.453090755255694,23.265087373317748,11.314749634333133,9.768515475439086,8.17998329691129,5.66469307542495,3.2759592778346676,5.17398352402591,8.547758565287584,0.046786466788034886,30.683452739391523,29.07292441065385,10.57653348620087,8.301790962090728,8.003766046797201,12.830101837545312,14.226068776097787,10.82529227799736,11.093993730333057,12.224285863679253,8.854857540451668,5.969494038730456,0.013284698196199478,0.5770815135828116,-0.9844228366160445,-0.9405868700893194,-0.04339152058959428,-0.1944727544851055,0.2791901996277438,-0.13494125780939756,0.14486435847914875,-0.5491770516983842,-0.1654816332779407,0.7957888477317204,-0.12888671854995784,0.0012477414622422188,12.156933312298724,11.476159491794622,7.75495157811954,5.4582535282419995,5.63369182962516,7.096619149072166,6.7171559859755865,5.785426008626849,4.596207102616763,5.524605115103416,5.1197449199660126,2.7626488227193136,0.008146453069601087,0.08140701094350788,-0.7529865786891825,-0.3950201292490869,0.12975010142966922,0.19798428496378218,0.4040068786776903,0.3860180632033521,0.2572090546931007,-0.10521357767238343,0.08213347991799567,0.4258021769548029,0.09490388370767072,2.1683983504772186e-05,12.975846759985329,10.119173351123226,6.584691307105493,5.555344614818358,5.523924801635478,6.702813719290252,7.409779927152984,6.789307403219808,5.56545495909291,6.155196801480993,4.985676929938114,3.644258044060159,0.006584638641862624,two,/content/speechcommands/two/bb31b82b_nohash_0.wav,testing,5.0,Kitchen.wav
560,-236.77015915148064,79.78816552338282,43.10165694677174,23.13160632704568,5.359354251876545,-1.3150616604633896,2.7125134406756115,5.311186652611736,0.0528485476637478,-0.7836162332611365,-1.6445593820546214,-4.255932520948822,0.08901310130022466,68.85203460877426,43.83917182301301,24.341163693252707,12.828100542521987,20.822293272383366,9.192076335992004,9.818148060302502,7.608868633916633,13.262004340307355,10.308581985383727,8.56519017942236,11.353952141789842,0.07187004329689545,1.7959230125600132,2.5518818436053037,1.35475879582872,-0.3333561358836157,-0.4387431521276384,0.5344855130572809,0.8764320501517952,0.25888570399736927,-0.40656163337112056,-0.3346731721818237,-0.6420491250139316,-0.6062462064479215,0.0010530930613317797,30.742973152233926,15.864579924043591,12.45896247089761,9.188628593050089,10.018630588242184,6.413160918579625,7.22259551354783,5.313639460908693,7.520455214463542,5.215410401535089,4.682420300175768,4.387097241451717,0.02360967845366542,0.5007378539892244,0.5874234750004751,0.35158322810146314,-0.3407797654394759,-0.3855329170040926,-0.149239978750421,-0.06411939201865077,-0.09354712644178381,-0.12632564789624073,0.006626552256819451,-0.08463123891578021,0.2655236445916985,-1.2217524151007335e-05,27.096972240802458,14.9609400375027,12.36514223766977,12.041364965546787,11.48794672750233,8.137652170464076,7.819671143430188,6.228247151992196,7.7089596070476265,7.267195158494629,6.62376608659375,5.444879068998575,0.019243042594205857,two,/content/speechcommands/two/b97c9f77_nohash_4.wav,testing,5.0,Kitchen.wav
561,-252.84236197908558,24.865467856036403,16.899352731771334,15.565791405202544,14.379863823545483,9.833439169204478,9.013689696088772,4.898199225440561,3.970107648118196,8.16107439469683,2.5711168588788764,4.108392607148749,0.06256918737199157,66.73391071217273,33.964140509844796,16.729898809042346,12.388649759422615,9.140548425782473,10.109601472291642,9.936537546202116,13.37431708361051,14.56886006419965,7.651919700024222,9.989031484211655,7.610109787089109,0.03332584110476274,-0.16135872068926002,0.13260360152827064,0.12097064356502787,0.2984282579002925,0.1892083256367281,0.11350341284584585,-0.05136140428554954,0.44460193121874825,0.2417475144209514,0.21768620880096967,0.40501252820891354,-0.12068256887762573,0.0004176575570337234,22.597368833176372,15.046286589525794,12.187761667565248,8.99504998701812,7.937962605604358,6.574521839923937,5.294195922750802,6.094144971986907,6.144058158673099,4.901882026703968,5.7766835978053415,5.206824734430012,0.012529476418800112,-0.33458993301046197,-0.11332447341881365,-0.018922357855452886,-0.0005181782950292184,-0.05778383969167103,-0.04600630624532975,0.014076852767687302,-0.1495494729535589,0.13594971992893903,0.05366778842546716,0.04731587593535688,0.022804052800794523,2.0474692185719807e-05,16.956393360607052,14.647301793651922,11.75951475423185,9.062837608441832,9.083369994981874,7.734216604387982,5.735028427302355,5.608496115404293,5.915328767249962,6.488449275553251,6.737129562445879,6.401840267565761,0.010091225895317791,two,/content/speechcommands/two/7192fddc_nohash_1.wav,testing,5.0,Kitchen.wav
562,-236.8598911856525,21.692245926131655,42.66368761135793,20.956737625606827,16.028960820706455,4.797016007222121,-0.3053651951667521,-1.4818235404251308,3.4417710662473056,6.840804347005363,5.375747204342202,6.3953782019846255,0.039105155563447624,64.43263958974869,28.42667454338775,18.635797401768087,7.650916313819041,9.580596067673111,4.8736564934683315,13.126159253964255,11.750066392077448,8.328286338552873,7.096509397747607,8.498858827602959,6.713258741937219,0.011909317992812267,-2.494801022011673,-2.412567411429604,-0.49695039274764286,0.3052747078136968,0.47374204797613567,0.24290997696745412,0.555805907150269,0.7348980752190499,0.4110050015685235,-0.06520444371670502,0.005033314718478125,0.28633663476837856,-0.000286395451234233,22.458704072990603,9.463715264277875,10.262078045531483,5.484028275050793,6.646273441357098,3.4388746838400777,6.411219608344816,4.820200877952586,5.1472681218438705,4.737760109345722,4.797337777750025,3.3427278446914612,0.0059421655175662435,-0.2920999419843895,-0.17366592031248546,-0.14694480189229728,0.13839094261254486,0.06280925646167687,0.10253975104099684,0.056171624814125444,0.1675615446575576,0.04347657620939529,0.0586145093397865,-0.07100317398198376,-0.022024497906673327,2.7366789678732553e-05,21.2815674664284,8.542761678411722,12.446717455460483,6.45680396058239,7.252022094865838,4.073963223212143,5.967467229671775,4.456552899004796,7.432647914469388,5.76553643638525,5.265843571240388,4.587802846079249,0.004207239276804496,two,/content/speechcommands/two/5c8af87a_nohash_0.wav,testing,5.0,Kitchen.wav
563,-279.25516891807877,40.051086178409406,33.89224978292479,23.676513832064224,14.11465612410765,4.89709854018227,2.54803929192718,11.781437405952463,6.695013526119812,0.49555695623438933,5.15471584648353,4.053208929297657,0.07799005223205313,60.504223369431045,32.40671103844194,5.295250515504137,15.097808838553142,9.067461443269345,14.368551316245036,17.669527254165505,9.897283336874288,9.589495145563822,11.978219163325111,6.0013974299044675,7.168455258325878,0.04288840234991981,0.2607228530146222,0.4574639960705928,0.0798378694755647,-0.386350165327441,-0.03916220341948467,-0.0035166537943185647,0.3223657875870385,-0.03414689295043458,-0.08086231715867025,-0.034081522846879986,0.10075918232215902,0.2670740533280687,0.0005159343202267924,21.090477233393436,13.009837144894457,4.3639222955159385,7.858748489613916,5.728524704520132,6.343608816424372,6.582900922318166,4.062007065766904,4.54203465646848,5.434920520170621,5.392918768156549,3.295928492005097,0.015264408569640215,-0.8301561108281494,-0.5914295804450506,0.1645425510407577,0.39428249069170784,0.2859145489972676,0.18279940479859563,0.11432625578847648,-0.039787093501316664,0.12031558971675782,0.0752000289872004,0.1092751039117644,0.20420672963178915,0.00010691831509272258,22.086464654113907,14.288784352876027,5.323537589864253,7.080184964666057,7.153447317468148,7.785041025515626,7.577136693473048,4.179687573765597,4.999117198603522,6.22445243394531,6.3734176279484505,3.930951114342711,0.011611298788121798,two,/content/speechcommands/two/692a88e6_nohash_4.wav,testing,5.0,Kitchen.wav
564,-234.98635947181202,42.211172762752554,13.77206101768419,20.997720744595007,11.945122930644068,1.0827374666158809,2.376219568959188,13.302965008095505,11.522737787706628,10.870553413120529,9.940140152197902,7.536152040636776,0.04149954702006653,34.45921109333599,12.682058593404088,12.931671378825044,9.136620059245587,9.245897805434977,13.36757478330822,9.417370647447438,6.096911519864586,8.126028638792008,7.352785857586279,4.531454491842704,2.8822323175549798,0.012702746376776382,0.8322239778646815,0.42341656480124507,0.8230777748900178,0.6070692906957008,0.28968264338405436,-0.042328399018399604,-0.489372181709614,-0.19999808117833504,-0.11205724113778683,0.13370469619005793,-0.06241484344091234,-0.06480938841430803,-0.0008964611878318171,11.630161855009504,10.041651621118328,6.845406341072874,5.0005812952829425,5.32626775271453,7.7870650530468755,4.807558292057346,4.003918086001943,3.906635636831872,4.227889434906662,3.4899375948464644,2.809484449297818,0.005619718721156058,-0.980073475773087,0.38638584141247395,0.2712593650350673,0.23171106191264515,0.15489047619013102,-0.007984505084679287,0.04824470882875224,0.07642282622687765,0.2249980775884616,0.06378658555212127,0.16918929640465913,-0.1581465266320777,-1.2791156768798828e-05,10.51777868783185,12.69775588644793,7.125997483490992,6.9842714952878895,6.804087724005186,9.220357053351407,6.538262729438367,5.84434518686873,4.4056419995519125,4.64067926203957,4.614365147172769,4.135148742502625,0.00425809939344788,two,/content/speechcommands/two/ad6a46f1_nohash_1.wav,testing,5.0,Kitchen.wav
565,-285.88234708331834,5.71840546435496,50.438252527122174,24.353708169773206,17.53281453296581,9.127952215556032,7.363870849856408,5.541540347994414,8.748375570539077,7.458872499403675,3.8981876521020027,6.524729152755382,0.042934749682899565,44.807706859667036,40.38033760300287,9.542682768961889,7.489029151095205,9.096565870902804,7.822875276371783,13.785396762159065,13.084002350399988,9.740367219135276,7.122854278145917,7.044006937555256,5.259910285680645,0.012339280033681382,0.526657393374093,0.6685702833736182,0.17601179509127374,-0.1943712507573276,-0.3028693908158518,0.10020119688521882,0.20073884116629767,-0.018876305727362208,-0.054724217917819236,-0.13421467792456335,0.29582247406833395,0.268116378209554,-0.0001501471645409061,13.394807132905749,11.4654862008827,7.033978019944218,5.546988784182535,5.966621492658539,4.543323835402276,5.943205137472437,5.232443850397735,4.950956214775817,4.395506041825242,4.611561533735911,3.984042882280082,0.005291252891959696,-0.6887187573361094,-0.5823526978018178,0.08862866540690438,0.24856804302877683,0.19329448904110916,0.3741688993243674,0.009348078662128619,-0.1947422745170023,0.009697920533005682,0.12252948996585603,0.14640461051478856,0.10189545383740803,-5.7268887758255005e-05,10.611355090601904,10.626391068748527,7.940932122716206,6.776149339536501,6.166927361477412,4.957779573145073,6.525567788681254,5.42760223072,5.11852830954398,4.998273839985518,5.138377148688332,4.680021850592884,0.0036898237036071214,two,/content/speechcommands/two/0ea0e2f4_nohash_2.wav,testing,5.0,Kitchen.wav
566,-288.0819830210945,-1.267745518134805,53.57651960004941,25.38065001592498,16.92051870408101,8.69390640998265,7.538025723060304,4.76546127732148,6.724530450214139,4.106566788693494,0.34453442201613743,6.7094758692459155,0.04350464657181874,25.414650236703846,24.664409871501977,10.19823590518077,7.602158278926086,8.545105251042916,6.505424877164584,10.564990764854937,9.503331055056496,6.913296478953644,7.1988615452546805,7.535884673384342,6.153858684609871,0.013628311205543756,0.16770401088499584,0.17065930414066813,0.009897087969387675,0.05139422456576491,0.0003176823167264033,0.3019216049853777,0.43160316926598064,0.1568850995226528,0.08379184785718004,0.05500076927895237,0.31367609725985646,0.40956605474033164,0.0014590426318107112,9.954494370355915,10.846726801842744,7.43416527259593,4.874127772907558,5.30598836349076,4.517529344911762,5.233094065144275,5.101793923507679,3.9188862919199354,4.296477413423165,3.7685469410551065,3.8508257421244054,0.005443073335738396,-0.17487573953241434,0.00951047696587833,0.2715284573408939,0.0291334868842443,0.1452637180375856,0.29558168891464637,0.4286644732810169,0.45328725830554323,0.3332564868376589,0.2840219695416748,-0.09607748643490632,0.05667440198203035,1.0679600139458974e-05,10.002596726411854,10.476068914983111,9.818852979191677,5.807837109515795,5.785333365891623,4.717281766360338,5.1792558266164495,5.879996358274501,4.488523339414837,5.1427130993137,4.842334290717632,4.724253644872751,0.004143614647186899,two,/content/speechcommands/two/863880b7_nohash_0.wav,testing,5.0,Kitchen.wav
567,-232.4935583826172,47.47246742482291,41.3972164800032,28.48188281415927,16.865822085876015,8.731185309731,5.512886324594537,5.073099785215175,9.144097493435954,-0.9999299519554727,-1.7535844331939245,6.218958385363743,0.0698969085351564,59.37078587785663,36.843809670989785,13.86525658952431,12.697620103075245,11.38510083543222,8.620707728698727,15.63683712938391,11.69864219569722,7.262137217167333,11.892364687146335,9.49293863697089,7.411045934658804,0.042037457996334446,0.21756472990747508,0.2081202817684519,0.10587671460921243,0.031742186138110466,0.12491606721741604,0.2874894627217895,0.21592335494925888,-0.18012398637873356,-0.04596660591080696,0.07803964917244725,0.2825336874739047,0.04562171039304997,0.0008492522662685763,19.53602562061118,16.08156757570285,7.775278627576913,6.710422355200588,7.191865016302306,5.496056784352241,7.3605084968693255,5.651090026902609,5.4190102290578945,5.985917142479024,5.068991928585663,4.441367780386457,0.017352750683605495,-0.4001831932636511,-0.028143229008537555,0.11363150784029301,0.24998820889553025,0.038198828112506494,-0.003687135744908628,-0.2513871745707474,-0.010397715712465505,0.1542285360247801,-0.19633156516990066,-0.1369676673699077,-0.08626071173305844,-0.00019351231555143992,15.269484695955285,15.603081335965928,8.422112203641262,6.324741570629415,6.893813885816925,5.541563322243164,6.4990306216423575,5.7765630601174704,6.563899588416097,7.128093966702445,5.999981107669814,5.292524013607599,0.012705260088550078,two,/content/speechcommands/two/caf9fceb_nohash_1.wav,testing,5.0,Kitchen.wav
568,-174.94030760295814,65.03100442308681,31.886534016443168,8.79272935713062,3.351757412770249,7.842283820300585,12.252764045754208,2.83849936873135,3.422555707900374,1.983671042553096,-3.4960739007655084,-1.6214475123085983,0.08891436405247077,75.57371181567603,37.18695489907405,38.9667441812648,14.76615641396592,15.149162607447947,8.298037373387674,6.208209487105827,9.780467682619532,11.75841145559192,14.81855176990195,10.286506508183459,9.825693860656475,0.06891657854004725,-3.1520671758692704,-1.7612378651450247,0.8033249116472917,0.7339885808730382,0.32562091739499666,-0.040878661873407225,-0.016908896712261843,0.18392723913238185,0.4964008649562512,0.47413917594806954,0.4113790350164805,0.06917196821688738,-0.00031684603421918805,40.025957007849,19.729077835698156,13.585059961215784,7.24739558882262,7.15692907344554,5.522316458609418,4.193224319895637,6.138076560806481,6.6352482631736915,5.976704259554458,6.413036299517147,5.3546439399965715,0.025992026735306543,-1.1362445131749477,-0.904276598870879,-0.5307234458797457,0.0577757656101103,0.40143803601590416,0.41919521752519745,0.10978712238254568,0.008478801641637012,0.18210987787906915,0.40738921053039906,0.6062241661826763,0.6015563629102936,-0.0006618873526652654,39.88067086863847,18.142497970615384,13.340583819543832,6.9637360150188785,6.160421213502315,5.604624143001052,4.8851100016851206,7.748714389895849,6.989343756594546,5.350913162069163,6.299474706438296,4.517780007074431,0.018147849383574263,two,/content/speechcommands/two/c22d3f18_nohash_2.wav,testing,5.0,Kitchen.wav
569,-199.8292298194836,22.050367556202456,21.508201995973945,14.137537154807404,7.507853491233897,2.4560755135693024,3.5549633335053468,1.028915381786471,3.952448218203876,0.8929778468341149,1.2858430495965099,7.905456379779718,0.05806597962509841,61.06657417281924,28.90063458879347,12.429051155494264,10.290309915901991,7.42942241563399,8.039452376304759,11.866382551638836,14.139574659076132,8.419760987329482,9.904212573717542,7.941099401753147,6.65321403410521,0.041025028451354265,-5.701370580087866,-1.0823626735788563,0.994190929671264,1.2744125447015038,0.5454821758242311,0.574962477699273,0.6960246917930779,1.2291590189733739,-0.1533267255132229,-0.3094272512829715,0.1592694885250306,-0.040845373914632124,0.00040112856415010266,22.392132920077305,14.113887218864487,7.664792128859286,5.798933846414773,4.94249896577786,5.842836249152384,6.52757705262709,7.432491094288376,4.455191029117976,4.810269509852554,4.290966500994619,4.115566504087633,0.018938086847078366,0.4177329089099539,-0.2827748062266027,-0.017274028295814682,0.26289293449648327,0.1875111476986364,0.024361426172597702,-0.06472284570732185,-0.025650820524022323,0.2774590508771256,-0.011053370272177239,-0.04409286979503171,0.11126572156934882,-0.00016126583019892375,14.20300425151498,12.55127463078949,8.931337409400356,6.126373087757695,6.0930187522680415,6.777364273150866,6.222373153820025,6.803130763527401,5.029178311521281,6.113230364811396,4.903479129273669,5.458204789792656,0.014620420483980122,two,/content/speechcommands/two/840c366d_nohash_1.wav,testing,5.0,Kitchen.wav
570,-216.66764145141457,36.49901856069658,20.38017497552476,10.495617912551442,6.223988316473427,6.440240431659407,5.517399762562366,-1.3773590998403857,1.1876020271074708,2.795288562139455,-2.241257315666761,3.110869256266436,0.053989449081321556,62.35317033330197,48.60648339832303,17.325924103238044,20.169562890825333,7.550114431675796,9.59987337720216,7.239500979369291,12.319590655677422,13.484645058007647,8.303108879348317,11.22982296578663,8.069191320295591,0.031092108679748317,3.2678590727058414,3.0433985257104665,0.13010026604437286,-0.5972223443129729,-0.27637603374046615,-0.19180306283793266,-0.520003126187306,-0.8100713848363903,-0.3756875398107736,-0.4468307202429838,-0.40550058134000067,-0.24691717168619692,0.0008291494872035651,23.367153761951933,19.059001756492925,12.631404547115368,9.253060851400253,6.059909322007571,7.177069846031227,4.970378343016579,6.175429018316751,6.825469761866398,4.897823078937152,5.502383877123742,5.703784920201866,0.009947643514453375,-0.7910811777343117,-0.33920261658998185,0.24866853034093708,0.2366773822817335,0.05902284628572407,0.03837265466960411,0.19078297289862536,-0.11110783439883791,-0.16455646894233109,0.0020965151092053086,0.04698669090599372,-0.07342045732180714,-9.740017620580537e-05,21.93209190210453,22.92812550376836,11.682679895086315,9.125632119166754,7.143540185148789,8.121552932940887,6.341127500373602,6.153869094423203,7.0640338546994625,6.201991615940379,6.3915757342333315,8.215667467653192,0.0068946163206621055,two,/content/speechcommands/two/7192fddc_nohash_3.wav,testing,5.0,Kitchen.wav
571,-202.11705018051185,10.155606737055482,23.201206246113962,22.726778418987433,15.932365518425204,6.036476567434657,3.68163866440535,1.2873269907301945,1.341897360700682,3.431179730780142,5.363029396871028,9.89472885900094,0.060080202762037516,80.14433670535784,33.406095716430585,9.55998896791723,12.612701999647502,7.803213773465599,9.866200530759619,8.94000940135216,12.474593716406277,9.817889563097303,8.844999369303002,6.829820515097857,3.0612318018890345,0.05664291793133046,-2.598150921339578,-0.6121922153388408,0.5916378475982498,0.3346133373691775,0.46709419624682424,0.10394267548307708,0.1669416243804638,0.07318032645878224,0.6633673036318375,-0.11245186380371185,-0.19359213591799782,0.026323784834151327,8.379049118488066e-05,25.728518329023846,11.274681089241563,6.076596917413076,5.320141465298986,6.633843794068594,6.0895564111367415,4.8858642994356165,6.159207561583827,5.476534335549602,4.997592722183973,3.948255078940896,2.5316629361666982,0.018367072384136412,0.2180665482594229,0.07942721538370551,-0.18866323051988776,-0.015783279644332994,0.2237214077068837,0.37876318289501204,0.029707605041144388,0.04658630770831274,-0.26253581015189537,-0.17558657967018826,0.014529160356216052,-0.1517625172674671,6.038354088862737e-05,16.00413076375001,10.002134672565013,6.787057829167967,5.22027667152029,7.632861478077159,7.132705532002716,6.462699802892191,6.577499064009973,5.979373424846943,5.921518176087596,4.526020138078216,3.2495416682006453,0.011366814062136115,two,/content/speechcommands/two/6f2f57c1_nohash_0.wav,testing,5.0,Kitchen.wav
572,-243.1317396959323,28.957532947714565,15.714713808242703,40.94703122561538,15.708158925688583,7.232285568444572,-0.7915329240388829,1.954421741365506,8.475437826614744,9.4980885227332,-1.7978776003111125,4.799036191950327,0.08126137015642598,100.04289550879494,44.15979252205195,19.646128900663243,31.00786086578489,18.163554633804043,10.821016175114064,15.95844875312556,12.054767577401995,8.734483836382223,7.181545376979054,14.821512136919319,11.350325118194064,0.09378808942344857,0.4848628191152564,1.9020810062566882,0.09686499749944133,-0.6045717056816106,0.8974007285004376,-0.334088649897432,0.48199904452778547,-0.2695788931774277,-1.0554428632813855,-0.13955568326137205,0.02855431042623139,-0.29285452956080293,0.00015149764235942594,40.91745738035828,28.101233861461257,11.761393720671002,14.268641801737944,11.23982548075735,8.770796670717615,9.138800274375386,6.216661398211433,6.076750313566999,5.665187735090209,6.238958308841376,6.798644299878391,0.033303909820066875,-0.16982760891453572,-0.5835723193680518,-0.02959035525474884,-0.4085255298281865,-0.61518089496873,0.2239096738710834,0.38052347935972003,0.09999606893567291,0.007662276263809857,0.14658373458073562,0.47685964661754254,0.26262395007824185,-0.0007920644556482632,34.55234846855957,28.647504959318475,13.481216193060307,13.311385410269018,11.151084826675724,9.175394735829132,11.514445100496676,8.897504203536364,7.608934677393565,7.5788225038049735,6.265243270991413,7.646601551437617,0.02238196612948583,two,/content/speechcommands/two/e5e54cee_nohash_0.wav,testing,5.0,Kitchen.wav
573,-244.14316751628218,44.555585437368975,18.577398312892708,10.880273503333925,4.360580852147178,5.922439266528956,13.268435049141413,-0.4372547699536089,-1.892496741950043,-0.20331744859919332,-0.3236739580803747,4.367557719829945,0.07885297201573849,73.67959751093493,44.424872294018854,23.87562942762475,11.121533382714075,17.72889502684742,6.924446750119301,7.778001531374088,21.863461754841122,15.160961327151787,13.346512675389574,12.52047599575738,9.384092388719043,0.0744081458269282,0.26316079043399093,0.0648212940682936,-0.13841755348037196,0.15134402932124252,0.25501292109504575,0.09379044378979502,-0.036541213507087736,-0.1022376076104797,0.24414590126749655,0.1581053396558376,-0.01316144564838701,-0.08509734137358078,-0.00015226234832117633,30.100384955042195,15.592705810588518,12.727894477867125,8.554151457366006,10.660045974345065,5.142500161494936,6.946762384938861,12.160981544027006,7.209659605808086,4.778753053367045,5.599366991461335,4.998376134235666,0.030236827711576174,-0.17059336079432985,0.09417921494567609,0.17660850555930263,-0.033879615462928746,0.061492759078705994,-0.10405580035991774,0.06644429229615838,0.03231584495069377,0.04322517803445294,0.051841405369054114,-0.011352248334099624,-0.03935530713937745,-0.00012667663395404816,25.43498326115543,14.26764793451906,11.333376316030959,9.927927261557262,9.05033307651874,6.3105442265892036,8.93720236105007,13.842472618806688,7.518756428297475,5.1493616826760675,7.037180021141796,6.8856945056567085,0.02107081897591732,two,/content/speechcommands/two/cd85758f_nohash_0.wav,testing,5.0,Kitchen.wav
574,-250.7663926603156,11.028561521529086,37.651937260165845,20.823021275522777,11.224252795678982,12.305477486027229,13.296716619116118,5.412110293236208,-0.06440543187604897,4.49244487881554,-4.077877694180144,5.7265598873123364,0.053590257884934545,79.71411406927372,43.25753550684321,13.004673908561031,9.219371111870464,11.790516901760975,7.760502020256118,12.583303630975808,14.255527197392578,17.812229333203568,8.890396838976155,15.830455512960155,9.487493056309964,0.041540539076260485,-2.4099255848364356,-1.5763207923505334,0.24972595491266728,0.7252109325276103,0.7113462542862189,0.4495633185225378,0.3671764132771002,0.23000423823600608,0.14308943628594906,0.36961769513371084,0.1767823372306008,0.3013146708819078,-1.8507422458740974e-05,26.025291824319208,20.98087645383224,8.583529693184207,4.167014240172379,6.083840968169208,4.562862428826254,7.84047442386379,7.241329376611576,7.685212141926126,3.963315064814715,6.352536957700492,6.1549397728039645,0.015590756609289245,-0.23320471826655192,-0.28744269808510564,0.1759897261558571,0.08266162375951538,0.014936928936038167,0.0745392317864481,0.046387235341619794,-0.08220351691108801,-0.0733623246274009,-0.03603696138700997,-0.029007151869202805,-0.04647821399751203,9.320955723524094e-05,13.418036378783318,15.42550974167481,9.48830897056866,5.71898925532189,5.956130665440542,5.8543590788725295,6.579104116720196,6.37314435518306,6.4619800632686255,4.337201255622059,6.2788076398491235,6.6736917019724595,0.013408453768260524,two,/content/speechcommands/two/e71b4ce6_nohash_0.wav,testing,5.0,Kitchen.wav
575,-268.98306021669225,14.133114255807186,41.44036908818846,23.77512206113007,18.60400193481139,11.151062421587524,12.6184536272884,10.211560256630511,9.790030622488818,7.5371919308218,2.157743677556427,8.031032336048963,0.03687005944084376,43.83016126452521,32.93304493951777,11.581883242240206,15.466413003881604,12.27441335734083,8.823338903435893,8.08739088144015,7.9102922944633125,7.7988669633854855,6.945182576098411,4.117593796025342,5.450052690478174,0.012685834576646975,-1.2487137578901921,-1.0646557281194324,0.056970238714034435,0.03369101384691621,-0.007093707441654141,0.12769103570654108,0.06320302059640993,-0.1818332006911788,-0.24904476077742282,-0.12313962052657976,-0.07711854160929488,0.110340419360505,-0.0010203980510273287,26.892838483724034,18.078600382935967,8.93365600211673,8.157134940804797,7.716768690176436,5.2835792979425165,5.251499620631655,3.986666581796588,4.542597244190191,5.510937041969485,3.3777045620456,4.608918114968095,0.007123840125060883,-0.006826624133767231,0.1687497735266715,0.30813361382700166,0.11929538836413697,-0.04609314605607899,0.07316478794977327,0.22551344251387578,-0.03141371096203542,0.0584900623964927,-0.16861875987011843,-0.018819817447754073,0.16130567139224725,0.00015359297394752504,27.07888032758036,18.38044798662201,9.45630174997077,9.299146063497163,8.309955647093005,5.840323487565341,5.943317198030074,4.883602803526603,5.063593344263774,6.848238268369725,4.554904077944414,5.699346509928418,0.006153578873938223,two,/content/speechcommands/two/cfde27ba_nohash_0.wav,testing,5.0,Kitchen.wav
576,-315.9028160326532,21.198273888534295,31.090896542651457,35.50013807856065,28.95652700697707,13.725843581082295,7.715015112992258,2.7176636484894816,4.97921952737119,3.5840141881978687,3.965129494520185,10.780036789206129,0.04535391926765442,48.17590713095733,30.59991114109929,12.61798895711063,14.257676655644646,10.474295726436953,7.835630938441516,15.657881780582498,17.577649090244716,12.334169039645039,9.365988596118916,8.267338525013255,3.64528769801509,0.011699524497093014,0.024602225527332627,-0.22391538376140802,0.17847148819777156,0.38547631591314974,0.043999957823863775,-0.2331885962320228,-0.2578936368814717,0.030650908973555428,0.23880025257039966,-0.41178523020033575,-0.4650705712837543,-0.2224419094014018,7.062801910984901e-05,16.65556632896617,13.917482089721751,8.011427013948284,7.19565470087741,5.828596011425958,4.228868161899147,7.316457933851644,6.490392639396851,5.932533360120436,4.087198386774008,5.390679703059064,3.031052427871759,0.00856538354146996,-0.3588586633409894,-0.2017189875345762,0.027416841758955417,0.010710528109817001,0.1961280609428491,0.06169293027503393,-0.08014258836209921,0.08484931293314446,0.3027566173182639,0.07780516009031449,-0.18651380454167663,0.000978523578540269,-0.00036467214425404867,12.135082135699951,12.325376640103173,9.66396961012824,6.909167501191472,6.269999996711109,4.586368699551459,6.665451464535506,5.870471843112685,6.893760394803818,4.032887631151567,6.116091428872747,4.057334297900597,0.0068105494326903635,two,/content/speechcommands/two/5c8af87a_nohash_1.wav,testing,5.0,Kitchen.wav
577,-218.428597374816,22.30897329668667,46.83981212727754,21.658958302737954,7.403892273427534,5.097984817804205,1.1550189134988553,1.743303961128778,-2.245962166094197,1.2999416556599228,0.9559632706151449,4.655125382095508,0.0746184466406703,55.39547777360823,38.753879685991,12.97130411088739,16.84619995973527,7.441147628411736,12.261338546724389,11.873779644959995,11.378583812167006,11.19274108010198,10.081810600483655,8.28618470955755,8.087378237412727,0.056252861255143845,0.8138077570461981,0.13159644436164525,0.2762276333993088,0.07896783432185793,-0.26160208618377273,-0.2666795646693521,0.022681657892543505,-0.0609317952752791,-0.21914146229936396,-0.1286288629899694,-0.008775020191127515,-0.30767358211836643,-0.001314837785978471,20.200261913949515,17.164368096759183,8.86440224067528,10.098169737566247,5.813071585764171,6.87377385023386,5.756475585444113,7.092338712825354,5.937490173695885,6.593699488441991,5.481827175849922,4.517599430627092,0.016863428423060798,-0.31162070280667914,-0.2784074769493889,0.11236223378928815,0.05418641163601935,-0.18156269721685916,-0.034914308784885044,-0.18962703441704928,-0.04282709572305959,-0.028832793553231782,0.20367554432771523,0.01913611474140235,-0.02364524570377293,9.856497248013814e-08,20.95520926722521,13.458927283046132,10.005298769558637,9.5588939993241,6.759230376821017,6.928915041419711,6.519487123099208,8.322352688723566,6.7912158615274025,7.788050896828134,7.09911321914782,5.975651034077938,0.009625616621567629,two,/content/speechcommands/two/f428ca69_nohash_0.wav,testing,5.0,Kitchen.wav
578,-284.7416672503964,-7.711138110251605,41.7181536506388,29.384794672901176,17.502591293035714,7.513872602197129,3.666786420719469,4.075767386168736,5.140069657296827,4.213599341164126,7.941687582544432,9.978662430178023,0.05309602071065456,55.65751986816623,32.700748815613196,12.209395950713505,6.105296385553281,4.209807177547525,11.358042127256056,16.284600977068735,15.77965038443959,12.17390751183099,8.822559036342897,4.523445007921315,7.6933831906684125,0.016081401603438763,-1.3514177427968384,-0.5238439098754847,0.20185771517700693,-0.12705942275211157,0.3155704466801637,0.3004236351333034,0.5735737590037878,0.6355519984382884,0.4070167300474078,0.2245772426379267,-0.48211550062907516,-0.42337724693440404,0.00024039021903468716,17.203108716228677,12.704920878380088,9.582588389974301,4.543890362065226,2.5843571908460183,5.808305225142638,5.296292351135854,5.531117161246808,4.870713691629367,4.059735440799888,3.832223563723756,4.675214858453159,0.00926664657176851,-0.6387318555460202,0.08956945187732947,0.34835277883505417,-0.02177955550666084,0.10464719277627305,0.061329278198888205,0.17848868031655613,-0.2673550989643437,-0.1564700370676465,0.15158265463859824,0.11677000765960657,-0.18158715758192473,0.0002443477511405945,11.916664440992504,12.572141404691308,10.975203127546724,5.6856518271097904,3.724127673130449,7.135712739371971,4.794835882288983,5.27284174895173,6.0041236041327934,4.826970151325095,4.391764081333062,5.150169014603913,0.006994841219142926,two,/content/speechcommands/two/5b1db3ee_nohash_0.wav,testing,5.0,Kitchen.wav
579,-280.84155472821016,34.96048865597276,24.91039211478101,24.19199791364823,10.961904538091535,7.135468666991025,15.237846734429855,5.294593652896443,-2.753746578893619,6.59588410307216,8.417331543544847,6.029143808173341,0.085206376563292,89.77442508276826,46.63928953494691,18.80108948337714,9.081378133425059,19.87661453710775,11.489582615866555,8.358091851938617,13.09411229397569,22.000805709068246,8.742767156659573,6.502145083014683,7.220014835468743,0.07762343029750174,-0.47746237813754533,-0.25567067478160227,0.15820706938321671,0.05758173732765616,0.15510133810569768,0.08841214187756125,0.14061677516575613,0.09715886570598467,0.13185011498294252,0.27504737539025137,0.3037001051779323,-0.011823448100122551,0.0011724025131233276,34.649085515219845,19.239355096055544,8.84627924669815,6.11328548730075,8.236330391207586,5.956483141385467,8.490544295813717,7.405770465228317,7.907565160112715,3.845025754688081,5.59030093575482,4.8834006119001625,0.03151735912059395,-0.06473197750735077,0.0726277960367561,-0.03365409341769177,0.06882046854667785,0.18490774427725706,-0.010722626207407219,-0.018649319913665075,0.16826153666263816,0.11739186680401849,0.05191118544337433,0.1569567430444085,-0.000969014738757797,-0.0002223584180076917,30.28393495158658,20.37894463715554,9.454685132513456,7.579153721390659,7.554478303824886,7.763281446110093,11.638059093313451,10.014205675223735,6.379623263492988,3.8868495126733906,7.6781947868099065,6.547588771828181,0.02136956668647684,two,/content/speechcommands/two/563aa4e6_nohash_1.wav,testing,5.0,Kitchen.wav
580,-273.20648862022426,4.8771685580848185,52.71856779225085,27.693589354177327,20.54597732472748,10.509860071135236,10.863069007269356,7.8320427042542775,7.465504746853652,7.7932624763416385,2.755569857556554,5.994191674962542,0.04650964686879888,27.84904543104745,18.897022299990134,20.765901316161838,13.93446342161317,6.6546562004265555,4.024845694793989,4.168950653887247,6.222714473111983,8.461895506202731,11.97518829594195,11.124837129056486,6.072859693998828,0.015285303768505079,0.040336152302949534,-0.03393324956581614,-0.07957441085578226,-0.025824905291554536,0.14788123797815966,0.018806019386749324,0.17747132543571817,-0.002084487327269037,-0.08980104183087738,-0.18339639477673123,-0.030692961989013116,-0.33002101569272513,0.0010353368256361254,16.27306281235741,8.46235626014513,7.993802646271545,4.94482604319919,4.006853201124983,3.6061559699112182,3.8688195424627643,4.836510695227399,4.385808514190877,5.299980289640323,4.856420481419619,3.5063485482805974,0.005840941827622271,-0.23349472420035985,0.05973335876970367,0.2058229606849879,0.12429821848138634,-0.031792870569496576,-0.06717122028367319,0.04425279744442682,-0.06883287169927961,-0.07007726958771171,0.060001741531378334,0.23929302823727633,-0.05982835217247242,4.025201002756755e-05,14.918208360259962,7.558335088829257,8.120158013295473,5.174011116566727,5.216118053773858,4.804528501917652,5.140245268744698,6.259768438851671,4.796268487997322,5.304678390268159,5.1797387995894075,4.606316672157645,0.005473426061303132,two,/content/speechcommands/two/e9901cf0_nohash_1.wav,testing,5.0,Kitchen.wav
581,-233.51277212413555,35.00640531871345,41.16468776997049,3.728176593794596,-0.7909758220526372,-0.7604765500783994,6.5526695914615685,-0.7377599668707747,-1.3730683506198875,-4.213317780942296,1.5888846847143023,6.8079466721145465,0.07173935981700197,73.73966561925317,38.345717717505664,17.08964777356732,21.592427716688704,22.76640771730152,11.001727285339898,6.8144745078968585,12.217450799278273,8.787983970746023,11.750177268203341,8.423675176392251,9.702787425188152,0.05247977690234674,1.74864704244715,1.6323823348816862,0.2310048032396664,-0.48417404028822,-0.48736524285183463,-0.18199314476971756,-0.07487584913508248,-0.2282185782125382,-0.3943632491991246,-0.32839884026978733,0.11772644386679881,0.0811188001560288,-0.00012819408889739743,28.285867957064134,15.778871927599239,7.96206950683888,12.55504398332008,10.577552737778356,8.251569145354637,5.282499298604028,6.926646643933102,5.723874130629007,4.592041494554254,5.222386723592616,5.383186042481444,0.019132767571525204,-0.8720198617537552,-0.42225452226614796,0.4792613677633268,0.6571706496258671,0.3659114968985148,0.1419352449280681,0.14282236988213187,0.24836478647210622,0.19016732068433279,0.14208866084132749,0.04505114478863342,-0.16978775576114416,-3.73850887020429e-05,21.826230907329087,13.761939442389421,7.780052816065774,14.334620295385156,7.9957167226007755,9.594746576087113,6.781570772501759,7.2541757551852175,6.658431866442606,5.746191723527074,6.815100070187923,6.783531440508767,0.014899264348563925,two,/content/speechcommands/two/1b4c9b89_nohash_2.wav,testing,5.0,Kitchen.wav
582,-184.70140726997158,30.24408339184864,25.419602873658427,10.166546283039235,-0.06668997699402834,7.023268306846975,3.536790601576725,-2.3720349908922693,-1.5114769210335044,-4.6193318138223995,-5.480252638556992,-1.7386551469458489,0.1276314237038605,87.7873896528915,53.90979409394438,17.34021712792018,13.057614765984217,24.958824836633514,9.092203416974032,9.120636223886585,10.716778819169724,13.68217213744493,12.286305292359618,7.4830955253016205,9.97050224287677,0.12560859697684942,-0.5072818763470504,-0.5456737691472094,0.5794161260574873,0.7029992536468826,0.15328146396804895,0.17382288914996794,0.011247417772702146,-0.2783407228540557,0.017718039330245326,0.18596682289950284,0.15131157748222607,0.17569284302141533,-0.001638646327680157,38.795305967247344,19.020803808985953,11.182593307649498,6.879830553389612,11.617546853701112,6.277470402655205,6.796205751124539,5.458752328100653,7.038252029496857,5.94603223424374,4.409263190447116,4.977070202641466,0.04108544768030313,-2.4948025231516606,-1.5748350954689132,0.8474450877372818,0.6251075339405634,-0.20639172179846976,-0.1963919713771941,0.43523532513932567,0.45149559807607464,0.5029943915690006,0.5521115812317683,0.1879372039862757,0.48358696410674484,8.959285914897919e-05,32.49243850500581,13.700108782406723,13.14994697568987,8.444608660652998,14.26316811500176,8.033434559353442,7.176037509131564,6.362690489504427,7.466188400856367,6.421907348869979,4.550667982777665,5.172001210074629,0.02351055792532268,two,/content/speechcommands/two/94de6a6a_nohash_2.wav,testing,5.0,Kitchen.wav
583,-318.86054765698583,13.433179131378667,36.48928287074993,33.1405086392067,17.716312276974985,12.67303887551901,9.368448987693705,7.2604559201912355,8.62359793483079,5.3913568664881995,3.3386346896013803,4.702847445011742,0.03713448281184985,38.43091678187104,21.578779759373052,11.556207341429124,12.283809677546856,10.051641502781742,8.817267741022919,10.05762885260117,10.292080978150949,9.900035212599393,9.300583291780963,5.958468448552632,6.743595639535098,0.008078716013418225,0.23432330241541194,0.48231441831840144,0.23045364773000274,-0.14093125212894533,0.3708181096284393,0.24649065907953158,0.3431072066580249,0.20092888414194754,0.09846110100578094,0.11996150120300697,0.30362959003821005,0.14919011412083918,0.000754823163151741,13.366087271119222,10.403107136994434,7.679584949166977,7.747616789299145,7.890093607291855,6.621126597225824,4.569314363584252,5.297747803846461,6.780443121168844,5.813638144977826,3.960751340596766,3.753117629193645,0.004303284263774708,-0.3820803667693487,-0.0282049637537994,0.3087202775872259,0.3806482564638956,0.23960944173457074,0.25310213710453633,0.2359573174687922,-0.19112241600234983,-0.08671159889461211,0.027290431667498376,-0.0926769676883632,0.020232233083095703,0.0001882491633296013,10.409475763637367,10.282412250450149,7.130901222931557,6.499550760909689,8.929699294625351,7.736258149901225,5.2541629194697945,5.614538140651847,8.395603755193271,7.467059264164924,4.379949516641154,4.160528843810421,0.0039356211632105165,two,/content/speechcommands/two/fa446c16_nohash_0.wav,testing,5.0,Kitchen.wav
584,-192.68586821901062,-1.499280635366266,24.54471888624858,21.988645109146262,8.04530725042434,-3.718548878296102,1.8842025145191716,6.980160806687996,1.1057273210880103,-0.42506798740198526,2.2788515857899276,5.834857103952772,0.07663701352430508,58.08392920839719,30.478974545172633,14.248185540309798,8.837026816072536,11.470290685449129,18.662733510561797,15.159427784378384,9.695704472050465,9.719245254354902,8.364413471525314,4.003369712893501,5.58926888907832,0.054202623654583136,-0.20648461868210868,-0.30260885833944867,-0.2461307042857037,-0.02700286066034779,0.23473825807220045,0.23461582087800031,0.38006013475425876,0.3550714735035906,0.12240644063205817,-0.018656987279466644,0.13432011597221227,0.35539173205814834,-5.1065318046077606e-05,18.489021563589098,10.492783577127073,8.497503083575081,7.2419863682474945,6.336839984561326,7.3959408306167775,5.6104365461554275,4.248212283648891,5.824337476265231,5.599080720893188,4.364261743362035,3.807305132261441,0.017046199174560163,-1.5665380656829826,-0.8311878481391151,-0.22915772746757762,0.6444271947472615,1.020238194176352,0.4733750036588471,0.5471554964607245,-0.17099576691173055,0.33788662184798907,0.21718960044993355,-0.0020958586989228293,-0.11096112485163273,-0.00015996868411699932,13.927169306723382,10.72784434982,8.017171519550166,8.463382306887336,6.631393803268713,7.363724895108057,4.975715044344143,4.038869831366689,6.196014548420193,6.407747147297336,5.8919043801069195,4.713473037221832,0.01038521795389506,two,/content/speechcommands/two/ef2a3cfb_nohash_0.wav,testing,5.0,Kitchen.wav
585,-217.5191519612638,19.880165719315052,31.930321875991645,9.765239706276716,9.258251851102518,3.4931631489903285,-2.4119882847252123,2.3493034647727917,3.621429034107308,3.44105526383988,12.028008110394754,8.014698140202025,0.045169967343099415,52.9258448742233,37.92200231238979,20.95349529920593,20.5593281101187,7.115433623339548,17.389589826331164,11.863227292457823,8.936619544819312,9.002910192629443,5.976674716240755,8.70235965466488,5.412091681464487,0.02047003524091077,-6.3322718166574115,-0.6451983514604146,0.9226281843457093,0.9900270496244948,0.47466945452419573,-0.015094999056218583,0.7721288930803261,0.6014410310234042,0.5397082463097843,0.27394497978389104,-0.48177018840630104,0.19727266899299553,-0.00042044695827268786,17.400408871139124,20.684397941284505,7.663826277021105,10.21276091269557,5.290953899559889,10.01471393009866,6.314653111696696,6.215822783599136,4.9366336901717744,5.038415767149566,5.226131214366125,4.192420041251382,0.007335177025221876,-0.35458677325570703,-0.31330401056561163,0.14435617423871724,0.1641503156200199,-0.02273621349495052,-0.13102080844387504,-0.15723047971563234,0.00738729687588832,-0.08598034691610686,0.042772601569855725,-0.13374781326845112,-0.05405351563760388,0.00010060711453358332,19.894813367237795,19.206429761197217,8.110751540155823,9.685011884813331,6.252791786006578,9.42103497540774,7.908668170577332,7.43045922985126,6.480654492818584,7.27344216068409,5.678421504187033,5.101015508787459,0.005588118215444219,two,/content/speechcommands/two/b83c1acf_nohash_0.wav,testing,5.0,Kitchen.wav
586,-258.6179716508739,8.667922404747715,31.49639293098645,29.59890443408948,24.752807217272366,15.354102547583889,4.5173042923084825,-1.1764230827282989,1.0038579363009341,4.908368379621504,4.39037212688021,10.016583117108818,0.04255184182716954,34.755822416879134,22.869262432342374,16.821281994261707,9.198698594261769,13.420265978295827,9.151051453440155,12.822841322054604,15.5701399096655,15.494271763572273,10.515601151304514,11.759048810405643,6.518495480665944,0.013822929319366304,0.6635285144442453,0.23812791622197338,1.6157926614412486,0.8440006533025636,-0.05479931579405151,-0.6294751196620118,-0.036010588932956486,0.34615252546754466,0.09462100707609986,-0.0737864703438922,-0.26416922137093535,-0.19352396634992317,-0.0005974023292462031,12.733522264159088,10.783043272848214,8.756362560629846,6.1792112013552725,7.140683267326977,5.397380374905484,6.232552383104738,8.148941223782948,6.6600176369121415,4.549723336470725,6.380333047563715,5.651656933479416,0.006923057964262308,-0.051722158776779624,0.30092113633641343,0.14454758778852123,0.05212610987002303,0.06438084479675167,0.11964494281265742,-0.03389105639347068,-0.07476597658484876,0.05605334648046781,-0.027443453860712085,0.23423980035782352,0.03667086431337184,-1.0506474766237982e-05,13.03401429116617,10.726840785384981,9.924158392459072,6.829119976141652,6.858490039895254,5.19600873101043,6.563640983759916,9.811969100391327,5.767071308875159,4.961985925904274,6.241058935763977,6.482073598430505,0.005173146242005715,two,/content/speechcommands/two/af8b2f2c_nohash_1.wav,testing,5.0,Kitchen.wav
587,-198.39601729586022,32.20832396796851,26.29611509597339,23.043952965974412,19.413606539063615,9.792084030406729,2.4148307910445577,3.5813153978402115,1.1498633798326352,3.9021564557116366,1.72631468329771,5.226922630314391,0.08474553034951289,67.58659205096984,28.199931989583497,31.738230968435364,17.612942418364938,14.688356776384818,16.611966964150163,16.275072354598255,13.938486942776866,11.11779856976235,5.924311888679007,8.484186605671285,5.113070761279906,0.0876176812805133,0.9146650878070057,1.889195792230579,1.2630414089266901,1.5626770813759963,1.2513421421630135,0.9311074063997259,0.5725773387053369,-0.03849675125148027,0.5111106067406195,0.3578414298070011,-0.2116389767555676,-0.5218318660392971,0.00819534958841709,23.796734167339803,15.149334266819725,12.642668101603961,9.654030417753317,8.909062638864192,6.848513233262893,5.382175727628412,7.170360204799412,5.527327286210015,5.26178942687208,5.620808625340272,4.273691716305648,0.033257011594857645,-0.7022897491722233,0.10331220346544527,-0.2599663710741632,-0.337857547849857,0.00023688877930396756,0.0805199481662629,0.25099041968042596,0.2320774970255824,0.07637248627484156,0.09616710087279551,0.233542086984436,0.07031375420617245,-0.0017801013588905335,20.655725891076223,17.089417230899656,13.286468660602644,9.86402297578497,9.01036107888321,6.657208379026585,4.552354142993208,7.346631165423595,5.414353629723016,6.8192549136846,6.123411938255573,5.942322654952516,0.035890338459632284,two,/content/speechcommands/two/a2473d62_nohash_0.wav,testing,5.0,Kitchen.wav
588,-162.99286897025388,57.96911029738715,6.703858065575614,20.66972902558222,9.95617100030251,7.7158634737135205,-0.8498271600478536,-1.7185933375121043,1.1404854679845793,-1.2494519719579806,-0.7799382459544487,-0.5228567977623888,0.07749752845847979,80.15088615611536,23.05245610863045,15.788325996890084,15.569543634443061,20.413927048269876,14.28255343388858,13.188673029349754,7.24523739908731,10.358575372830936,13.146079223355521,4.343958013885224,5.220040485844247,0.04540082726053713,1.280308468509381,1.212473849510769,0.2645690299532446,-0.5913183581493522,-0.027083220289189202,0.18539481233250388,-0.010677708814022083,-0.3794505260345768,-0.6969136081040229,-0.4056396870393339,0.22051488188118978,0.04960886018367823,0.0006539255620971803,32.2425782856308,15.144839067768574,6.817982108472444,8.701064001428412,9.767602234152212,7.90854198246004,5.537347006012912,4.749634034981018,3.728872234852607,4.551035265178966,4.102038298804425,4.104653367103318,0.018940332677608543,-1.3917932332990204,-0.41522040462054194,0.4080023463726478,0.2825158077553372,0.5992187272887636,0.5621124656912282,0.29789370196214776,0.11199383998845229,0.08746213190438175,-0.0012995485495098731,0.07847866402223268,0.1789095279861737,-0.0008415165667732557,30.833401204602424,17.56271185249194,5.8485105754516455,8.841804081066941,11.646868682687513,7.09164924167652,6.1608569035047305,5.563600108156892,4.510374192619798,5.891929657343765,4.972967773270819,4.727098568752015,0.020081295936025752,two,/content/speechcommands/two/82b99576_nohash_0.wav,testing,5.0,Kitchen.wav
589,-258.273816409658,8.152555489272205,48.51164266968599,33.0583665429885,22.31644692093315,6.711187609812034,7.0124784716967445,5.689938767612933,7.004147750587241,-0.5813058519443326,-3.892612416277702,4.5207256036660635,0.06026324792765081,59.188518978751816,40.51424474275856,11.199312960569635,13.296361934434549,9.628867140792261,12.288925275488872,12.750580882751947,8.066025704592576,9.434082468708235,12.83019660193667,13.52904644356364,6.681426708294538,0.03845922177271722,-0.04074846270834182,0.2769288269353424,-0.40154181432470687,-0.34754026386947373,0.12025044036515636,-0.04822670025570306,-0.09801305537174408,0.14377016449843774,0.3138905944509272,0.3270639360347478,0.34946959106313463,0.05770190517231907,0.0005734642787325767,17.786738463457556,11.893551981324906,6.178912458005866,6.578941278671487,7.922745962278695,5.842622715805359,4.766117895200887,3.1019255641964683,5.51041312377746,5.27298758787717,4.9037082208918745,4.259960297560405,0.013583039265596671,-0.2872968759598545,-0.11485509696696675,0.1203078364092016,0.21898845512157242,0.08956552276745443,0.025399494587002577,-0.03484283041264919,-0.10506127748226662,0.12867209787363793,0.10731223015671253,0.20391519851712572,0.18163573519481968,4.311272253592809e-05,13.966095138673401,12.102785117634244,8.747660785637756,6.490509319589639,10.373540115984781,7.208650058356531,5.029860961506675,4.15440605128439,5.904895795006796,5.239794064333181,5.078847470867888,4.688967846606305,0.010790721366634637,two,/content/speechcommands/two/b49caed3_nohash_1.wav,testing,5.0,Kitchen.wav
590,-218.73887976679234,-1.7587079703666015,24.050268247984718,29.29205952502028,16.318850987779776,12.75289584920079,8.617539655898025,9.11144280200527,4.205605572202842,4.42730075824711,-1.553806288749906,5.687758721123151,0.10208324837731197,137.67828473845879,41.9056970036398,30.759740611910985,16.607352231572378,13.515847178752896,13.942107286833384,17.5586275028794,12.990893180497805,13.774274014108457,10.110288408292668,13.837729634993524,9.176094374899634,0.12022235679608607,-0.19546573093209058,-0.12240838598999296,0.08538237405377133,-0.010052059467459724,-0.15928602438223569,-0.011771232090139498,-0.28475392243807274,-0.20285073053668834,-0.058316980053230535,-0.0555567754113794,-0.006443660682520425,-0.060150817330765737,-8.807439477212967e-05,46.940099397497846,18.127827836383826,13.115155941204502,8.460135288861146,9.761286481946266,7.982457632317606,7.9036554186808585,6.8701047999899245,6.306142211776258,5.083620325728759,5.9009853852752485,5.438572848132934,0.0423907341793557,-0.050805263380576095,0.008086564518444679,0.021586213626564425,0.17821987389324304,-0.016011501444544152,0.035787235100096085,0.1148272399245182,0.0912486458953048,-0.14175312216600636,-0.0143883759538508,0.3854407820518592,0.0957695135007778,0.0001279239853223165,40.68550556430153,17.164210932256918,14.782811310433043,9.463274452932305,11.387124711146395,7.648495528334443,9.243782626543336,7.428724469465577,7.978133922914111,6.924285966708378,6.272259402905786,6.8723105808989,0.03868785827573907,two,/content/speechcommands/two/47d01978_nohash_0.wav,testing,5.0,Kitchen.wav
591,-202.7535316430903,15.951682689311474,33.70279180891812,16.0805499136606,9.517503802095618,4.314374779642803,9.808688933966295,5.409587359010905,1.906327197005521,0.2052348017558942,-0.9630029881451523,1.786455592652127,0.09044995153089985,58.2258231857073,46.48872997505703,15.144022618537866,10.537328480033345,14.651212050204787,7.632675950591119,5.867558139807402,7.2776833574695745,10.18614182097691,11.313403654333392,7.034814309080305,7.190688758884333,0.08030051794584372,0.0939832129350206,0.07505656904781255,0.052157569925838164,-0.1668898103410493,-0.32624310263983114,-0.0013974926808404254,0.09875605842752815,0.15124185576365026,0.06268246116031524,0.20683671045417754,0.010165218247265552,-0.20285731964475134,0.00020032436136276492,25.420356830644998,18.890170018762582,8.849325889591336,6.130175000811719,8.55202905931738,5.878083604217454,5.411803127683597,5.723805227550062,5.853160339928248,5.65442336203229,3.813715950213942,4.530844455951723,0.0326738710983281,-0.20294664924714237,-0.26841344685241825,-0.14679120829024334,0.2940467380012555,0.3054984151898727,0.11012906659027119,0.061249842053362404,0.13081635138431943,0.028369572855486396,0.1898994537863459,0.1344171413846262,0.40039784586203014,0.00011783378819624583,25.190900204662714,18.451628191654176,7.806278898920516,7.431715938634475,8.56828815398827,6.8001608575967545,7.552647747229784,7.233648333657335,6.132478921012964,5.980948669532512,4.706881194326375,5.457974815498523,0.025485189515062387,two,/content/speechcommands/two/e1469561_nohash_3.wav,testing,5.0,Kitchen.wav
592,-190.2540770308163,59.16903445925024,37.846416695998116,6.052773413175096,6.179200891634363,-2.6761258391150413,-5.5590222791249015,-4.0649116184649,-3.6065648729851705,6.321706562830145,8.118008331693812,2.116037739182076,0.06320111994864419,41.640646113698075,23.08154960170504,14.87720232405458,12.405008289723838,11.431179530199719,8.47776249162813,6.491376941496423,7.902404758538619,9.552133015727675,5.8766673689740845,5.511375488914782,4.885744418661144,0.027925777404445358,-2.143677966905069,-1.8781456975385282,0.05796224928727981,0.20371963609950808,-0.4225552420059527,-0.22341943495365774,0.23332270023890445,0.5632479220842498,0.5321475232599208,0.04007369682789295,0.02613800377791064,0.18847902819976256,-0.0010834651728791574,25.58976092532711,11.848815769443142,11.118048436128458,8.202120351649869,7.562506528693495,6.687360152752416,4.6200775314330675,4.815707819755577,5.0511588612866625,3.9436655006291526,3.67719839192981,4.24335921238579,0.009439182679863543,-0.5877349970577209,-0.2811162419028835,0.4425101625563881,0.20046396146599382,0.007431862463579423,0.1268189375715252,0.13669807863722971,-0.26011168494815723,-0.14847873094050482,-0.09323010877689514,0.2990272309696193,0.2471420392957218,-0.00010303755601247152,23.531796125628887,12.737626506321229,12.512916065603683,9.910999014556907,7.9097992574943765,8.329320737721199,5.193237808818374,5.838924146239496,6.127150084176874,5.262944238277154,4.464868013048986,5.016671322790484,0.006602581064662533,two,/content/speechcommands/two/1b4c9b89_nohash_3.wav,testing,5.0,Kitchen.wav
593,-320.69738000238283,12.087946744538769,33.23395172997143,27.201645960840203,20.88803773674224,9.40512217196091,10.021126612785817,9.73507460190245,10.612009415988592,8.889350270430617,5.395949612737868,8.137482524145325,0.02469528718821464,19.89653028184206,13.562672596590557,7.168262691149475,4.616305584968046,5.1586489027271325,5.655984331815449,5.282341534749655,5.427256401495688,3.9268892164357694,4.727360811987629,4.172099049478359,4.980056364020645,0.005771112487026035,1.3633816023874847,1.301732120144916,0.4909225432496304,-0.3097770605939536,-0.1365463353774802,-0.15772583304686283,-0.13051252424840645,-0.2111086748038175,-0.2823171039353435,-0.23579734760475457,-0.04434368336417963,0.25144320939916953,-0.00018112603574991227,9.77661517198495,7.207049418308143,4.551688455420523,3.3349232339327313,4.646557294027406,3.309277174681423,4.627863623243345,4.155294365843811,3.302336843612041,4.485179734126899,3.3568387320932387,3.392718218891164,0.002733516686890184,0.040521004375320975,0.171634291379398,-0.03192281669344657,0.003207806721659082,0.08780102932671142,0.15313701837791552,0.1509002409907718,0.0571887577446786,0.075354465381039,0.1341944151114825,0.04410649165269549,-0.007419494675138265,0.00010117740723593482,9.597735731289454,8.472489693321858,6.165947722907063,4.556861395195568,6.101617337103615,4.253009379917556,6.08396447455579,5.383248169011749,4.303132526895563,5.790096866253079,4.900647082337427,4.334246215845024,0.0034058127144201674,two,/content/speechcommands/two/3ff840aa_nohash_1.wav,testing,5.0,Kitchen.wav
594,-254.78606636505864,-3.711481372238672,18.23798633405341,52.35050044944459,12.950057338051987,8.606599376159684,8.997332253136126,10.644969912076078,9.484748913897855,6.445767139556299,4.219767432766085,4.8158214679574725,0.05026592017384246,77.49380809791032,23.314479005746932,18.82854546429061,25.83823348507838,17.101345821429923,14.405742922656,9.82086513258484,8.864358044150109,8.749861903010359,8.602755755497942,5.007790102436762,9.766008360155352,0.020741190320157622,-0.020310810845398552,0.1359816289554061,0.01835716033011525,0.07079258015628723,0.14915289958145886,-0.20483313522646127,-0.32698062797139504,-0.038806151109483614,0.0668240744803931,0.07943779394427436,0.12716173921898202,-0.04042583230522198,0.0003848586591982072,30.20639542037742,12.067408812143224,8.960381891971592,8.88874216169637,7.968444666844221,6.150327140100105,4.461965084342058,6.088051102940806,5.472321578472739,3.8282342975898733,3.631971164655322,5.117588634422112,0.00930972672131957,-3.3431584476585687,0.8441240501911569,1.0327310184972327,-0.952596200969655,0.9500965612937021,0.06399814314101213,-0.30232295769360307,-0.20549325434128965,-0.21192566238148042,-0.16242379862727083,0.20948014942152415,-0.08007621329786326,-0.0014307503898938498,23.98713706763467,11.021535361510935,10.891446976165003,7.526968884482459,6.682902551601509,6.44313354876603,5.350716395180986,6.477092982977347,6.132769119111042,3.454797035810921,4.8971204761876415,5.8435032249445875,0.006526741492030653,two,/content/speechcommands/two/8056e897_nohash_2.wav,testing,5.0,Kitchen.wav
595,-198.14793722413305,23.8639235292732,28.21314439880056,17.96516177249815,11.34267956349249,4.5152470653603975,2.7043200112602976,1.4772789229770282,3.396683324743297,11.819805477991956,4.626901181524769,0.2808018142125414,0.044445417064707726,77.88900249951573,25.581781471318404,19.77418182972834,12.647259168895047,10.730198818021425,12.299414003231291,8.691259838770266,8.426490630498753,7.722637198111691,9.396280155127299,8.74739363511477,9.270816316890958,0.010798861348359801,2.0463861750531778,1.7471376750057295,-0.32745219755991095,-0.676991687526523,-0.5518726497820386,-0.13572088512339522,-0.4624898291071592,-0.36834954629422073,-0.35114140431919855,-0.09355812700568732,-0.04581381004926227,-0.07229887752927984,-0.0007605074394133783,40.54342113926561,17.897169756735114,10.039990027585008,5.635254829358214,5.597825779087213,7.682552462388682,5.571814598188684,6.158472990282542,5.979816280403873,5.100836980375714,4.816417459666636,4.973514073042081,0.004634777376157563,-1.1052186028684792,-0.3212627579198645,0.2671617667202596,0.04051697579474952,-0.2070527484995957,-0.09682582982868553,0.4028234991717951,0.12369973009755043,-0.12639427553479296,-0.11756548892156289,-0.11913878275245207,-0.011293356500369533,-1.7950994273026784e-05,44.95760228116635,19.79007129079453,13.619245223528123,6.3832626844190115,7.329522842327092,8.369583911825107,6.295648723979409,7.668579940993032,7.66811165456995,5.79334943800531,5.696496089512131,6.0743951652602775,0.00482316459707775,two,/content/speechcommands/two/7add4c5f_nohash_2.wav,testing,5.0,Kitchen.wav
596,-279.9074246919615,34.19795696882558,30.104525582810968,28.99037839836833,22.764551540617298,12.430126205727678,9.644773742589074,7.859412521163205,7.128910851273842,5.830976577351877,3.2276873088866593,7.381117682759503,0.07091310416581109,68.42976576740843,41.92908573267289,17.8877707679214,18.055137323220187,17.276514558956112,10.712183145734786,9.41325810379729,8.158435637814568,9.204240248309407,8.445045246121085,11.129580753166533,8.429805184796798,0.05011660055993958,0.2094391701820545,-0.05926519224474752,-0.34029148684056976,-0.20557327514912713,-0.15553809001674423,-0.2770533102684421,0.008029110705133884,-0.27517236243854176,-0.1205054907260688,-0.17380799376438869,-0.14323527006239128,0.11804674360703704,-0.0004633192814165546,24.52779573065895,16.82648800915096,12.17936087853506,8.588184504904145,13.762893112149639,7.9077113593658455,5.353620708556508,4.881753239293446,4.487551633875238,4.642379231475844,5.833955454935513,4.401165704773147,0.019751398448190235,-0.3904302308625385,-0.08122279036258202,-0.05292868950961609,0.02925041444832305,0.3552311449874729,0.23226461445685587,0.14797033377804922,-0.033075213309834726,0.03167239088634594,0.12059972938276603,-0.2547194664106248,-0.0036701225446019357,-0.0001281037926673889,20.400332483471153,20.012614058885607,12.146168266919968,7.9692294369609105,14.681129199123868,9.714941400834146,6.622730722182823,6.206106164377457,5.757351080930702,5.6806225387084,7.345575359535664,5.689217879290656,0.0165649977878111,two,/content/speechcommands/two/e41a903b_nohash_1.wav,testing,5.0,Kitchen.wav
597,-210.72062519977132,7.7582256441749,13.83386498510584,21.495512441083825,10.590786969734758,2.8931703800324957,7.001759984654454,7.90342972200468,2.6910189845431667,6.265880723044651,2.8555581394165106,7.4952590987769465,0.05261878570308909,53.85268673698054,18.544318911690794,16.74516352620394,14.024357969518363,13.198317290462908,15.278458545941826,11.639218631377865,7.665680198567343,6.909778265091326,5.6543561858542475,8.896044221324885,6.640449577274774,0.030639399482053437,0.0661967818931021,-0.03700283918260785,-0.1747839206544854,-0.08816670322194656,-0.016648573307508647,0.13899700933576978,-0.12765787204697668,0.11958585284650616,0.312620855591046,0.2713344244259922,0.12689337858550787,-0.197986424794409,-0.000937067753364963,21.9090618556049,13.118270684679919,11.598968245183563,6.5929603136813055,7.2181330132314825,6.601198045719694,6.449574997569025,4.199359801334359,4.379040825230882,5.044781606061427,4.636554508364842,4.728669607489767,0.008782168003093059,0.08030662886305512,0.25468414652406096,0.002118685363789415,-0.012492858140997676,-0.0046242818533638545,0.02404962208906453,-0.08759365550678501,0.09748253842242365,0.013468208237228947,0.03193473513548379,0.1107502069898034,0.058128230897110486,1.0332589348157246e-05,19.228283528492458,14.946078817052888,11.557205091862684,5.580520183753212,7.131070559778406,6.798592864737707,7.687835191848619,4.370387676103639,5.739441777655548,6.368157350565417,4.85432813175744,5.536707796405669,0.006937752563224955,two,/content/speechcommands/two/50033893_nohash_0.wav,testing,5.0,Kitchen.wav
598,-224.66584889739406,14.663638716648434,29.566566939233798,14.105991368811768,7.041743893035783,0.4470414888261555,4.071075063441544,9.471470360497436,9.890229700240509,5.734177137654494,2.285123728391275,7.1535939736561795,0.047410203624636896,86.21264126525983,36.37354697395397,27.736998402489768,12.48296803085202,12.149300304252744,10.424471406310367,11.546797830575382,10.317895534031363,9.972979703938666,9.584004192219483,5.9174396406240675,4.764508968249689,0.023790174628205627,-0.07286895163281125,0.052599408202690746,0.16618278370060235,0.07244897551298285,0.18747169321057885,-0.11875046427829444,-0.14974648031303098,0.2557691299413925,0.21514283444031027,0.11575117180976253,0.07753926508903146,-0.11896842769823515,9.496379643678666e-05,29.879658804855286,13.52385648343741,8.747105213002873,5.196919702462457,4.107431964351879,5.822781154635382,5.675371588194153,5.265954945601691,6.655693185838385,6.045242617331608,3.47910542320333,3.850241227218631,0.011554571905346563,-0.3083606628665978,-0.1194392346089182,0.026533505924897165,0.06286645826414726,0.12955497521793105,0.3879890015911251,0.23502584886956818,0.11697861592389017,-0.1186715162970473,-0.16800596773742568,-0.1712890635617531,0.05639339970652502,-0.00029596378063333445,26.326510997359936,11.909896162338576,7.952347729046129,5.701392603856497,4.271479749675774,5.760731862246456,5.7010163195626715,5.756585464461625,7.783857167460467,6.391917059142453,3.997391176049747,5.460147865243507,0.009200919151115079,two,/content/speechcommands/two/7add4c5f_nohash_0.wav,testing,5.0,Kitchen.wav
599,-250.27944118679426,25.801845129822595,30.1274766649565,22.8227604236343,19.58449046025291,4.340941452181257,7.428562163160682,9.204110975205415,4.968078687989825,7.678673316755633,4.039929132492993,4.132182669302812,0.050788199121598154,92.71579053079162,48.60631678107448,23.487487505715134,12.995588586845326,12.686500613103373,8.223835973378188,8.493209790133443,7.065551367093286,10.870805328895901,7.609318291503407,8.184865786120152,6.138505201683989,0.04560633828398828,4.873690125120137,2.790866147085519,-0.7434654414587292,-0.6503566820084993,0.19226230699835317,0.32413626626474523,0.16870650181872623,0.05753686007921563,-0.06490028021103893,0.002747218441045916,0.013632730655507647,0.013635891776541585,0.0026605273446729106,23.4005785720377,13.54348830616318,11.511087968970914,6.769011427655453,9.158583596094713,4.932722745977073,5.906459924236217,6.600533688077477,5.530468735727506,4.105356905659503,4.972697389530149,4.799660912124162,0.01805712641684154,-1.0948449063423993,0.019302047728046525,0.4148380052774468,-0.025335901375390435,0.17525210084280557,0.19963604777870725,-0.06864703549953557,-0.24144977151523359,-0.16872375285607527,0.06962754610236134,0.13894140115483336,0.09023480674556895,-0.0002290071298678716,21.759976947060935,14.817038387120775,13.819644164953402,7.255876142929204,9.932984303315779,6.16889423163823,7.156096919593699,9.150438582901726,6.603071484647956,5.159303536563617,5.568884805743145,7.116091027589068,0.025347726315425156,two,/content/speechcommands/two/105a0eea_nohash_2.wav,testing,5.0,Kitchen.wav
600,-225.4328890664853,7.348186977519145,16.295445659765488,21.384571940382493,15.197048163777879,8.189654423471355,12.384911528568042,5.619996332331887,3.9353903797963445,0.46385797974530507,6.442391722548315,12.506255038200187,0.043574534996878356,49.86926560602118,17.72797550092757,21.722280173760076,18.78594833932931,11.499003444805993,9.625947369872462,10.462395652670157,8.520124066263296,7.642448226291254,8.178729743226206,7.28270516715514,10.960131826472264,0.009467739852061228,-0.5937256662207443,-0.7654371476550379,-0.7277996003670919,-0.18130244874649476,-0.02076621411030065,0.5475188532810266,0.5900325171029268,-0.11139811824906246,-0.5856950238316322,-0.33743566895521054,0.2857548545665654,0.46527576261632325,-0.0008717039900441323,25.48133936716799,8.85491691782994,10.1240390513741,6.817375856024475,5.411348110722595,6.674029599683041,5.449631879343673,5.04779085380785,4.578129901830548,4.747486782003691,3.5313603223810457,5.014941276342635,0.006144960639519777,-0.04091620222305513,0.19412438845299246,0.09367399533646488,0.010495871312959083,-0.032709948658677074,-0.13299033384989445,-0.17014186424504588,0.17889363399333813,0.08256870262575584,0.09838347669854527,0.15783336638775897,-0.05987398773373075,5.9773586690425874e-05,25.830592636923182,10.490252521974828,11.964591917496236,7.322448437122759,5.473172618745376,6.722503084655864,4.962805988706287,5.620562646950152,5.2523984414719855,5.509078992322125,4.062803344498848,5.32141867274616,0.00540701964296423,two,/content/speechcommands/two/62ff07ef_nohash_1.wav,testing,5.0,Kitchen.wav
601,-51.6016130763858,69.22227013586752,-8.802848957006855,9.396581514530672,-9.77841876042612,-0.9090947432208762,-8.334715639437094,-5.184140948215131,-8.229733590909403,-7.118280772916479,-2.788737980840324,-0.7029585245247553,0.44480620650574565,165.31232620875846,57.12151759405992,20.81339878647283,21.10268687453068,23.954658545955457,12.372985033203872,11.61356944527885,10.916752915322435,12.275389507680593,13.624486672540446,12.551286492337171,6.338075733291803,0.3359672429357789,0.37179849928953634,0.32709909552572564,0.13057534304969473,-0.07331323366164746,0.3238553507570278,0.4041435332148439,-0.3533298787221258,-0.716036686835526,-0.3290766161066101,0.1701094524173254,0.5263317314441817,0.008954525420143165,-0.00038155648977525775,51.508535648257734,16.522791047004702,9.560606263762152,10.20356416761663,13.971769035701248,6.640835242398919,6.14011009108276,6.809563655719618,5.41133030754728,8.510094309008071,5.194024019258709,4.23136958307571,0.07938348173223748,-0.9087094572043194,-0.5226548262301876,-0.048968385179989644,-0.11971846850242608,0.14133082682587778,0.3356734060233044,0.3800248601558691,0.25802560503068234,0.03308979483357435,-0.08753543104122613,-0.2588263363537538,-0.046430414945899064,-0.0005285975833733877,48.85547145960359,15.382302613659364,12.541037879364472,13.060077723190073,17.678913465122992,7.173417024826668,7.131873615624892,7.9590758970733715,6.795117843087367,11.738980347307384,5.78808222860951,5.3547805477295345,0.053805154719007035,two,/content/speechcommands/two/0487ba9b_nohash_0.wav,testing,5.0,Kitchen.wav
602,-319.41502933291065,0.7863179748922077,39.31711994129733,32.41865521234824,26.510012615875954,17.049796363888323,14.747115058476636,12.227780750280385,9.250338774811345,6.739723104281062,2.5279189669280218,7.3361119048769945,0.028068724441631086,22.43763916358405,19.106193760836117,7.332502025355184,8.602605430721418,10.158430160378476,3.4239822034435274,7.1373868375556855,6.519799946438337,7.025933898936784,7.9316081966686935,7.64796060429727,5.284563731611226,0.006837963431783385,0.30513967519079344,0.3982325518372498,0.34756757676437317,0.39468367495752205,0.07432264012474261,0.031773873693339026,0.3209369017233274,0.2764462456296827,0.1275452742979615,0.0989334591609212,0.14309917520588414,0.2327669737084945,0.0001583650176014219,10.478872471309163,9.17969169260946,5.348235888692449,5.389457093256524,6.968800222362104,3.2892362444810335,5.9213367226970535,4.9253356774386035,4.743128621417209,5.098818903094937,5.751950715388355,4.680259686077855,0.003883316269831877,-0.6417206701874155,-0.46856935649680326,0.15515755115841914,0.29308715839555816,-0.05218805080254264,0.16036285210660836,0.39435874205072874,0.08723525925514561,0.045460555283510444,-0.03334678302487359,-0.04463796985147397,-0.08904835352342338,-0.00010384074239819138,12.82281535868031,9.558772448871496,7.0534237332661665,5.6440017446872615,6.9239907057602395,4.282660908386229,7.195926572877011,6.071810101794032,4.9847495260405,6.070568499921602,7.907212952013331,6.787923004947462,0.00342741346118497,two,/content/speechcommands/two/d91a159e_nohash_1.wav,testing,5.0,Kitchen.wav
603,-257.88210161143536,10.027235665070645,50.08386995777149,24.77855675303865,9.916523839344075,-5.572861402320118,-0.4338858880980666,10.645788361232718,9.759567971565222,6.479118469594372,2.6775553018122116,3.088135059280157,0.08911861712113023,78.62846584979965,55.11865722773172,18.14788366685353,10.652639383703054,13.043182355126447,28.014376547876815,20.91962673512234,5.883141344720399,4.702053626294358,8.377329664282406,6.315132100476649,8.7512636794939,0.08996382637601748,0.2252981991306287,-0.21150491692646614,-0.17957075767017178,-0.12038544623547799,0.06433081488709251,-0.30977320536376646,-0.1816890951275349,-0.19756252004556477,0.31576920453354507,-0.007641621671655396,-0.16160258339581268,-0.0274480575141307,-0.0001007886903901254,22.91999729662998,16.651038408002346,9.530889290155676,7.2287677602385365,7.187390697206974,8.965014819204239,6.872855307830662,3.757066544821169,3.2798842259164265,3.970398543702057,3.8865418895717787,3.1529942835283324,0.03459178227181243,-0.15049259459161135,0.15222812878754238,0.1292889092605203,0.13187106462500123,0.13255995776370078,0.07045813257476077,0.17951656172180036,0.09197379460690179,0.1631809477920531,-0.015313171580947256,-0.16442204893039164,-0.05987831881229137,0.00018303953111171723,14.54222495063594,14.98028829997269,9.054537468360042,8.259663710136113,8.854179299350502,8.817812468100275,6.6460020710760395,5.249400699345603,3.426945309119252,4.164450301671512,5.395119496089993,3.7133294501997383,0.031703821455761005,two,/content/speechcommands/two/5e3dde6b_nohash_3.wav,testing,5.0,Kitchen.wav
604,-254.59027491866678,28.193133986524607,47.669260943652105,15.07600343651998,0.5678295162293426,5.65659133254299,6.393238079586774,5.075430242724329,7.039428934286584,1.9420284121446678,3.3045296384928413,3.5607067462181767,0.0694969940232113,78.6074015011244,64.64754718742543,29.698373094345992,13.359365305644285,25.21022714703538,13.896403042092754,13.488731701239047,10.458942600612149,8.01764429605071,12.3756366523181,9.71712392851921,10.567878082592056,0.05481849071994079,0.23672392774125411,0.43655086112897373,0.07836467559297244,0.19019925200382867,0.0030635707596198773,-0.23127061435559282,-0.1517650148032853,0.10849280759712927,-0.2756848456551331,-0.4238705560879475,-0.008196691062042672,0.08836236454050891,0.0005492763293366279,34.465323130049164,20.059841572316746,16.390253487864435,9.376557731190617,9.532950279208308,6.238636121644352,6.933105012078902,5.423345470275313,6.090184023828938,5.697700853680975,5.081072900893624,5.097609349301972,0.020577975354326258,-0.18459572385575598,-0.24271510777662655,-0.07158730995310816,-0.1889817002970125,-0.005253551136351339,-0.10499236681621028,0.08053958614912782,0.11468085142847666,-0.1676560773049681,-0.03301622690487774,0.05268877565489607,0.24303380197001398,-0.0002544060970346133,34.587456286656845,15.656687212488556,17.203838253904383,11.334421483910125,12.080228364513653,6.679345858632258,7.217492831395946,5.8323460524698945,7.611040463593464,6.122578368471478,6.169567312133122,5.34667773404647,0.016780313255595043,two,/content/speechcommands/two/94de6a6a_nohash_3.wav,testing,5.0,Kitchen.wav
605,-271.553044308013,35.4754910088914,29.46203166651106,25.077054124857792,15.671645959816457,8.087025500286721,6.118241794059997,1.95421603078684,1.4522022643446182,-0.778638278859531,3.514346509537516,6.50572077252777,0.07516939070774242,78.97423140266392,46.089634051078654,15.973534569571228,15.742514722890373,10.51573789256855,4.942553055793044,7.810141500856241,10.326632947721574,11.61411478098691,13.511211017618427,8.222701858209575,6.627068163362898,0.07861515032961602,0.0698420930391238,0.9061879291640353,0.14188345251671952,-0.27025885934919647,-0.2726766294796407,-0.42741590279076164,-0.22104234905832204,-0.011542093472497912,-0.2885110282769571,-0.21075156917704532,0.1669354506915025,0.174921874764059,-5.990188689001145e-05,38.87631252066807,16.265908138679848,9.199564923248994,12.036783364314333,6.161186593911547,4.135436635302831,6.293487980961219,6.300638616391047,6.804244764182112,6.389779404802819,6.495691866086148,3.9976982265879624,0.0276546447838375,-0.08333169414565683,0.03839405800733052,0.03754925052902512,0.022067476853321645,-0.08522539368874635,-0.15378119813028351,-0.20051071112752883,-0.13339875934220669,-0.010089092453574366,-0.05554395283348758,0.13862925809271243,0.3559101604285057,-0.00032229082038005196,41.125327634613754,13.874541221070809,10.075153539417377,13.369810402159532,6.512170251054414,5.723499702235614,6.810969636483681,7.510850716807545,8.728748032389294,6.6249722209105215,6.783964729337605,4.497567831915648,0.016554667969270437,two,/content/speechcommands/two/964e8cfd_nohash_1.wav,testing,5.0,Kitchen.wav
606,-227.90014514509406,11.986301122900949,16.75727173157606,29.148832716245863,22.237436862665497,3.5999384219015846,0.23491208022980137,4.246967674559059,2.724155112099859,6.406023020620123,0.5423558817007412,0.1854751435447538,0.04331364863901399,76.05021827915377,33.749710752002336,16.864765167905183,12.18385656782684,8.968357989833528,10.700869535769714,17.761113851808894,6.936129384700738,10.28210977038127,4.759044472107769,7.178540423855351,10.825805501201186,0.028397319711048797,-3.3626679113979976,-2.8434951555388785,-0.08291637575748341,1.077201142285815,0.8976880960938555,0.22075328442293093,-0.013491610795217098,0.2909324306144474,0.18977153449294526,0.04957578641293919,0.2756456086283395,0.44889572678622647,-0.0014515138802028472,26.192476411758538,16.272671612559368,8.586811657906301,7.345603041603489,6.3521608238452,4.731702845365538,8.139551765644343,3.699092528283034,5.601753142628878,3.54852382641932,3.3573893795791454,4.2264467234689835,0.010472260562336588,0.6576954147403692,0.5596556106072514,-0.07548106859284794,-0.2507925513371937,-0.320332555948742,-0.14448211441919082,0.019414562220219565,-0.1908280642163442,-0.37757252095191307,-0.01507915110218594,0.13566918711544512,0.04824870213740029,-3.25789675116539e-05,23.283650192642753,17.070290494001352,8.493570720907975,9.441666868647792,8.40211927987298,5.452695336250656,8.188393730808938,4.448990489513489,7.77762047465621,5.067150148882308,3.901373802873323,4.261298068349857,0.007383916525985097,two,/content/speechcommands/two/d5ca80c6_nohash_2.wav,testing,5.0,Kitchen.wav
607,-292.9276559905722,-21.632382814879374,44.84808589686847,32.48147520823111,21.131755004427,7.478241307358269,11.386129983743007,6.564611950935943,4.548464814658805,4.76207100499892,3.5863130825039193,8.27840645171036,0.04125120473327115,28.23966047097908,17.194562137051626,15.740153330710571,10.4015392120249,3.5698729632910173,9.590913098366089,6.916419512912163,7.9640574505769886,9.031166498834581,6.615572254449093,5.013864126071944,4.584076808874922,0.008545105127770123,-4.077437451746103,-0.8320217211321939,1.5724445861085985,0.013465868284114318,-0.3317538137819636,-0.28785866398078014,0.15340199130317433,0.4957037309747834,0.777810412473526,0.3749053377562198,0.2711260107188584,0.13576970620883974,-0.0003921074131804128,15.229467068970354,7.569823554522036,7.962199000832378,4.532171349773965,3.292618123736239,4.758332452980017,4.112577442029451,5.220536912516358,4.907817021956943,4.7786785313069755,4.069202031818749,3.6302624054779478,0.005195082319003521,1.2501338720318453,0.007648711358652408,-0.6479756044847104,0.06017999117291228,-0.2570013013872233,-0.031342053176175236,-0.04245340592901978,-0.11203513713916505,-0.30203078095362285,-0.18102302682940785,-0.2869131042017709,-0.12262261093487314,-0.0001713223134477933,14.26781528115729,8.451877220324619,8.637641906934629,4.055947288271847,4.791575970033726,5.515055488240054,5.168736142827631,6.455325021713111,5.45700267869132,5.98260807130816,5.480657253118709,4.5666364462409765,0.004363463052468287,two,/content/speechcommands/two/67961766_nohash_0.wav,testing,5.0,Kitchen.wav
608,-200.70592147964146,38.452192001621995,26.597309302385764,10.23840791429029,5.8496847455126675,3.8324964032791105,1.2649145528801538,5.836573394679074,8.770306285449484,1.5099610282846383,2.3584300040279573,8.732574832726277,0.04803929426189926,43.78003601381271,18.68526074441275,18.943619193479762,11.955744188856432,7.440640019665085,4.677005822930853,8.038368295178271,9.701576041783817,7.254783110450867,11.056769920893206,7.092097041605286,4.732805969845186,0.01007306775688642,-8.892837357746005,1.1520815810649712,4.141999733318336,1.5667926068126434,1.5650525800642427,0.12876478509219674,0.8930619815908557,-0.008914435960036304,-0.4234757712732536,-0.4698616934796352,-0.7162558444971008,-0.28342309747132033,0.0001946834518628962,24.88614956159322,14.135176496087992,10.270749764049944,7.447794985771363,4.330444701869136,4.781393209119295,5.735533796660927,5.497711339877434,4.398283893736489,6.704083078075464,4.5982873553733254,3.444893830737303,0.007707163856496787,-2.744248464007441,-3.043060771389464,0.06799699409251492,0.7573354208221763,-0.004799219238837638,-0.27636401179478964,0.7529678322934519,0.7690780682807714,0.6783790740310995,0.2571658306558091,0.07390350522984412,-0.2792773423120924,-0.00022851000539958477,22.082449070351313,10.822039519204269,11.943636800455105,8.096879101145275,6.500766120637279,6.062510484697422,4.876956701843164,4.963320497820478,4.747805233619877,6.770574043266175,6.470239759942862,4.568394588294066,0.007816080205071622,two,/content/speechcommands/two/5eb5fc74_nohash_1.wav,testing,5.0,Kitchen.wav
609,-252.6164139870405,46.57780330277816,49.372720116477424,25.708719167218426,10.501395760701762,2.4657851957460926,3.9682711879641817,1.8726020941188628,0.6998031118336958,-1.0745496822912437,0.4365348637754418,4.602610673754132,0.07824073400115594,69.6107090127771,49.29623895951357,30.18830141710164,19.623920973794068,18.222697822062717,8.189762532404112,6.808186797668255,7.209482974615293,8.303573878770845,8.720150315174175,7.198326428918203,7.665141890665636,0.08556194456604245,-1.7155157146788944,1.1745106717340241,1.1114360883720722,-1.405261794271809,-0.36222066332815156,-0.07379316376976562,-0.05499538145031634,-0.09176638096430483,-0.27600308736415624,0.14758465618750236,-0.09744492915793676,0.5265997330069903,-9.338659865240897e-05,41.798759319425976,20.63066018615442,19.21543647630024,14.321430927380051,10.484909309712759,6.472814896712382,4.789070162692556,5.276662304481567,4.34465227415431,5.620259550460611,3.843434699128991,4.876684294301042,0.03411165092332938,0.5199705583100278,-0.4166111449163193,-0.09364243363236563,0.42993119040072175,0.1407521723393688,0.00032228932285226127,-0.12969584622937086,-0.18592203687521744,-0.02547930901542032,-0.2875305119231028,0.00031099534352270936,-0.025750287353732866,-0.0002256385361154874,43.497043113514096,15.853561313934152,22.554576552491387,16.423374373857495,10.621741919400948,8.95948343634982,5.752655644450436,7.373279192455228,5.656308695493369,6.977595477328595,4.127246593058291,5.600986565651406,0.02338366530475615,two,/content/speechcommands/two/97f4c236_nohash_2.wav,testing,5.0,Kitchen.wav
610,-234.82382718160548,30.236510317568857,25.670236446133657,16.534913464037142,19.169419358192318,4.992767825696888,0.47747588156306076,2.0816209415762765,3.5836058168491958,0.28621399568041395,3.3455822440496545,10.219851760471661,0.09107983304420486,85.08437066044927,46.4409469375533,21.468132048073574,16.832137320186476,11.419709735379213,9.019621652270809,12.741270176845449,8.849659965661488,14.055620301290146,14.134608412456357,9.561551675387005,8.941110567881774,0.10115691289807263,-1.4407406873752273,-0.9423676154749441,0.6937569338178634,0.33011540678393314,-0.08240043537480607,0.09294608448964205,0.15741456404670454,-0.07391918360810826,-0.04810215306465377,-0.11919199882395667,-0.09451497409319719,-0.45869330851305967,-0.0003237466538144696,34.49905922300242,18.276602860026905,10.236205447190004,10.111626903713317,6.656842802890278,6.410268291416196,6.4566800446781425,5.1822050213326225,6.449169039188432,6.626684442259108,7.899820412158509,5.4086724169649685,0.03431946548249735,-0.31481433006692044,-0.16975570838549625,0.06925860029321076,-0.004643593455518768,-0.23786025764746496,-0.11688155952142261,0.2063451885116141,-0.05505634807177495,-0.01554920038778554,0.18131599486956665,0.21546033679794127,-0.12356275690803038,-8.68227332830429e-05,30.32075712051275,14.774300647336132,10.237757120283863,8.265002550807065,6.407561951948068,7.439190437715399,6.670549811857118,6.169758868936596,6.069087687167744,6.675171796668945,10.60423449104173,8.534785971877426,0.021656542353154784,two,/content/speechcommands/two/964e8cfd_nohash_2.wav,testing,5.0,Kitchen.wav
611,-203.72881275007308,33.92643680143085,14.283630556612506,11.563814095495983,9.714655284589083,5.784246986703251,8.10527185144581,8.338235959507799,9.606527611751888,10.16543949420577,9.246321433710758,10.220299957440268,0.035468432353809476,43.47441815401516,14.845270770653652,6.44854249438982,7.191021079218338,9.443640675200266,11.342600141664915,7.429115318121001,8.94572916332369,7.943783080169266,5.744701176816319,4.810826636267622,6.415702306528833,0.009265522000509669,0.9659161969725729,0.2179403559413034,0.1414587485316202,0.0379421470386842,-0.27965089790034225,-0.28738273686270965,-0.03797160273831644,-0.11289858365176561,-0.23209317231056442,-0.4522075576960933,-0.10136535132271139,0.17124999524050472,-0.0003721502519422962,16.98485562151601,9.790708903212629,4.7513335739604985,5.058440850080181,4.840530417762136,7.236569285864791,4.141383177313716,4.698732789065631,3.9497707953239005,3.40619694173108,3.590256383898084,4.5770385748944,0.004122214978404919,-0.8693680662234329,-0.13849259468514366,-0.06870666993688891,0.36702204954305717,-0.01949775576502395,-0.38868451624054273,-0.0013754884028041184,0.19439625264807023,0.10026404703786979,-0.11522214173408293,0.1214273453457982,-0.023606433832848772,-0.00011011511087417602,17.775992281024685,12.11238810282838,6.583623037258905,5.760258954795236,6.079278612484938,7.932769640607446,5.737088389207674,5.720685834700484,5.179345684592299,4.457698564194283,4.1593853374709635,5.721266667618872,0.004404140836951494,two,/content/speechcommands/two/ad6a46f1_nohash_0.wav,testing,5.0,Kitchen.wav
612,-256.62267020850317,49.999133640945786,39.25803557517578,25.106953385409142,20.22864079212959,8.593373692940762,6.861939106839795,1.728883857469621,2.659446037765761,5.52014382945452,3.9290213936861558,6.549364988871022,0.09449635387863964,67.08983266790258,46.47251885359742,15.684270008711712,10.530087906742962,10.619920705278776,9.776430320954699,15.366861562749328,16.515693044363584,11.565488422639257,7.20795599891352,9.056254434535216,5.68526148781144,0.09527952599157624,0.3985700156434181,0.3161563495275928,0.40698230913248,0.11041904369679034,-0.16665574393046909,0.2454737579392881,-0.05092715061227495,-0.19327521787215626,0.03458172654964728,0.5536868545113558,0.047342650971156475,0.052928630079426615,-0.0004797615110874176,20.34292014989529,14.37586743920535,8.372648494523093,6.507491101258062,6.107180999196131,5.130268250280503,6.011566542712137,5.2911090038325375,4.943583773347296,4.439719556892848,4.861860121274203,3.677780544144401,0.0382495508875212,0.1074931713221133,0.15894570859109672,0.16318190109193534,0.14716339476640325,0.34002466085956506,0.47521606308122166,0.2347478929600302,0.1545783371501109,0.05621412301534493,0.0038972630126567153,-0.17119598628689428,-0.05516890151230882,2.7953584988911948e-05,14.644182033746967,13.268672667483658,9.95503689305843,6.78532896640767,6.919335502582561,5.6411424117610345,7.094532074309909,4.485102510794126,4.827274850102993,5.329431533716753,4.953672893526202,5.192214661398107,0.030554901393576545,two,/content/speechcommands/two/d0faf7e4_nohash_3.wav,testing,5.0,Kitchen.wav
613,-312.411598011988,-17.80345323485968,46.442012995587234,31.12635810350984,24.03740078121864,14.878189152373096,15.523002169940897,13.428282821005178,12.182366649888856,10.79410055210511,7.624274395900617,10.82749725451268,0.03481228480814025,6.558045478437084,8.262210461736041,7.3786890337801525,5.3777788701118245,4.201142537872256,5.145181540181487,4.252000060392157,4.016637535718004,3.462997009848659,4.272658888178226,4.052555865695243,3.0484929786431434,0.008090357180799743,-0.019712497673211718,0.46149135125048857,0.5585606581154218,0.7890123377121115,0.22844403212166325,0.17229030291195851,0.07837568766553094,0.13931710206214526,-0.06147857114952172,-0.13873274439816363,-0.1076062937714491,-0.03878489246167018,-0.0006072536231048646,5.278535912677014,5.972300026497291,4.706893664755767,3.6656822550095196,3.8273589279974454,3.8894649934454835,3.195942751763306,3.1666149405612436,2.529486794466522,2.8014343990309274,3.38858411980323,3.2497059605762657,0.0032474406864476204,-0.023373094445387703,0.2295969334629244,-0.020496207615611675,-0.007313150891807159,0.07713622152247185,0.21956340955547257,0.17550515759755209,0.23470488135970288,0.04612132608658213,0.09726845682016082,0.263252792575401,-0.19097735832981316,-6.948970258235931e-05,6.102660403289881,6.853045052458719,5.217368482935678,4.981764728442636,5.373071062126143,4.573566905690479,4.756364080496069,4.6627694219922775,3.760931428601033,3.6329111394155302,4.04396925095274,4.668831097577255,0.002608839332437296,two,/content/speechcommands/two/3f2b358d_nohash_1.wav,testing,5.0,Kitchen.wav
614,-186.60582020682523,54.60931929387962,39.279232479117724,12.180904481092307,4.56854273513325,7.968156386858607,5.776251106374334,3.2419168941817498,0.5724428683556606,1.671912281509525,-0.030660040276128342,-0.4306673667064066,0.15081553388154134,82.15731998767627,57.51940408303885,33.46752635190946,22.131331584438346,12.0679040556028,13.037613538634382,8.695094775699546,6.382098577043565,6.478352077697061,9.826839455646144,10.161036956505434,10.444672535807502,0.13893066370487914,-2.1055075886085515,5.346444258698246,3.166779184927162,-2.6854620935964033,-0.6717750668539638,-1.5360837156200433,0.19366058134014671,0.021962281395268714,-0.21311114635469175,-0.7617546363047704,-0.7080285200047912,0.13472514414502693,-0.000617637389129208,51.68772961582606,22.48384875703929,16.496697155351633,12.957052649445533,5.812879730701475,5.863584947462327,6.784633896735551,5.392308279038476,4.231425492946698,5.308132030929084,4.714099130600624,5.346351921432321,0.04545728428796503,-0.3454964267076927,-1.0234721266982816,0.12401067284507476,0.5206111042020609,-0.3620093616008957,-0.043225656544319986,-0.03120411989729061,0.0205651401794588,-0.028150914189684555,-0.12908935546959496,-0.1255942331604472,0.2615092754209885,0.00018162988126277924,56.38059815545855,26.68140210367108,18.360747900502417,15.454189080874615,7.431594361960203,7.076450889774909,9.034195266860106,7.015551682120402,6.195496778649096,7.971343591837579,7.307732271716623,6.649063104421469,0.03727062454092125,two,/content/speechcommands/two/97f4c236_nohash_0.wav,testing,5.0,Kitchen.wav
615,-256.55957554956433,40.188002699612284,25.227237240956786,23.16425315438624,16.48010603546912,5.316888607126342,7.039970924117313,7.2539439579852845,4.655426925369477,11.204228014371733,3.5598760705137376,5.773754787795213,0.07033197515674176,94.20181129712597,43.3237244970432,24.021648493252385,11.890298583357454,7.109826431443688,12.13613291741267,11.752949919997356,13.215180058341472,17.270373194012993,7.954371757120466,7.1502847090720225,7.336028991491235,0.046096869408035604,0.016713483671556634,0.05181944475302996,0.16203654106468215,-0.026695474678796672,-0.16670575586052608,-0.4171968843447067,-0.26795470203981087,-0.28775139536908123,-0.22251316679701402,-0.26054023610998855,0.0736419533975236,0.08420327484147314,-9.771622717380524e-05,28.9689476382648,16.9503451796942,13.074741406764375,8.407754824148496,5.395783672638864,7.49018056209991,5.839195339960478,5.738755524094509,6.896619632299501,6.053536297724151,4.626585383410672,4.471913005659166,0.016060308592918272,0.036673456292005774,0.006285072020171072,0.05396275680895394,0.06252652858487502,0.36529546639798793,0.07950704489487594,-0.0870781315334451,0.11489124261680893,0.10217151705236284,-0.007570724099245476,0.28197991384263804,0.24368140197214086,-1.6788341875734e-05,23.141230174132467,14.728132084651692,10.994189418166837,8.677337278570931,6.3287117116640585,8.191782482760978,6.736429744697627,6.237378229774285,6.538792990153391,6.363907293831865,5.490248108632292,4.429646257410313,0.011119656889483917,two,/content/speechcommands/two/48a8a69d_nohash_0.wav,testing,5.0,Kitchen.wav
616,-279.4626558511376,21.25940989928143,25.451316393860512,24.52574079126088,16.45837496498077,8.242732016417701,16.838474914964088,8.581475128364321,-3.141185438850454,0.999741447521849,4.9993854119679195,6.121387560323205,0.07728757380391471,79.81056160810094,50.40008869954412,14.689975161494472,14.390559911914075,14.73363146217352,13.247020315232914,5.472154000758304,9.699900980021821,20.619643500477494,11.75947259471391,5.617229886776632,6.710378828282151,0.07460764577609796,0.008300796037474356,-0.17928352130919478,0.11442980192902867,0.3250447469155274,0.3999534721082388,0.02657289476946459,-0.10410288288291482,0.27962972985821544,0.059789512856056604,-0.34612750010030363,0.16925316102059193,0.6093668423175771,0.0007521685272935898,31.023331032135644,19.975167483059135,7.5411503152321755,11.08845047169942,7.375141794042382,6.5519808935710735,4.575262280025443,6.106202887555101,8.058847822957357,5.085623310471332,4.765036304935494,4.4038627492334745,0.03067033182066289,-0.3904326380552485,0.08780936631414017,0.18243013600758098,-0.1952485372906967,0.3819385262259238,0.2793259564897561,-0.3492031979452214,0.04565067542273417,0.37278529897783674,0.15313417322649486,-0.039899628881622934,0.25320215417667524,-0.0005183302176495393,26.04353861624585,19.767469683007317,8.360770901335224,14.17055874677535,8.291101223402379,7.526218813865162,5.8798483020610695,7.21479126606469,7.552066552147285,5.255344221908712,5.570639992126006,5.751370876291373,0.021996167636572382,two,/content/speechcommands/two/563aa4e6_nohash_4.wav,testing,5.0,Kitchen.wav
617,-268.8606855524942,45.123720125355376,31.781213096274268,33.64077035954903,24.329491300727714,8.283548947724,5.132245706201515,9.884261159506648,6.55653681570221,-0.07327202601259618,4.469065660144533,9.668490653464623,0.04647745911709287,32.77480546715235,24.861282865928082,13.326371729340122,14.2354871594927,10.757093451098012,11.470274156103706,11.649810260679317,9.696647564653956,8.544373510433344,8.796677407162754,6.2046140184408065,5.61585652295247,0.013625448622319406,0.28573061136329225,0.03134196273246779,-1.0388549267665794,-0.9338696525000826,-0.35976781656820206,-0.5254772663034385,-0.45036260233797437,-0.7529203806320585,-0.37708631572998225,0.6415253118391225,0.49337117748778897,0.5799677459277426,-0.0007890402561142331,20.161879638830218,12.88184408567097,8.521803446648674,7.291614133225143,7.442466679151451,6.171804514692714,5.914316255690647,5.534134300045566,5.741764022226873,5.74647180769806,4.555201183622884,4.264014145618044,0.009336097183429334,-0.8855473015208389,-1.2112244335709186,-0.5899903795541659,-0.5431671243942017,-0.46868718178853663,0.23693638237826464,0.49907587614188476,0.7698260190753548,0.9391777130626796,0.9872070540668941,0.7760840854046,0.35148401998789397,-8.563809096813202e-05,22.425647291729636,10.988427118167545,9.737757742114661,7.100802305074904,8.445690067314906,5.6027300461688965,6.238136533201276,6.752096582261571,7.297325830051361,6.077746580608222,4.97620496545072,5.270707379187116,0.008909018736510184,two,/content/speechcommands/two/9d171fee_nohash_2.wav,testing,5.0,Kitchen.wav
618,-240.68211747429723,10.772101765406385,19.539702150751253,14.561477218077588,13.639717112012752,11.44810521562292,12.299092631116112,2.8679098420774127,3.658323885549537,8.451405947818603,1.734678635940209,7.394278167343346,0.06637185887882004,70.08428976158187,26.226664467517242,17.20073907965011,15.503569353005833,10.665303662170794,10.55186066886916,8.806230196668512,12.638298425307186,13.804909568501982,7.623425305980168,12.929234183153111,7.27715454143051,0.05551191927044041,-0.11045420651521891,-0.2459686538448495,-0.08864699608483921,-0.09170803785918122,-0.05452782981567895,-0.1496984942101756,0.16231931198979554,-0.003253732542322273,-0.019347297919567772,0.04342325150198714,-0.03664259507388104,-0.15970382342588213,-0.0003899835909788425,26.400232927483955,14.282275590523415,12.093107930607589,8.38309895405107,9.00795910098936,7.603044640866142,6.275158652441265,5.49039228515004,5.596085974676662,5.964855488592879,6.405694416412307,4.404255234742701,0.026050405000558604,0.09767794269315573,0.2437570763912614,0.06508538529430823,-0.07590531531866734,0.05978630964363923,0.35583578186451303,0.23412229347567937,0.06278200246362509,0.20613887230990266,0.2893367312200555,0.0682740110205113,0.16439011652205554,0.00014214396476745607,17.382327940955744,15.319318812140976,12.183800436923908,7.5990131955573,10.542394921670473,9.20139111892482,6.074168463143697,5.340340812404301,4.948782729734116,6.9835182766606225,6.365019691214836,5.506910813301161,0.020585252935164184,two,/content/speechcommands/two/7192fddc_nohash_0.wav,testing,5.0,Kitchen.wav
619,-232.39642955901058,66.30460044372309,48.69044247644674,21.252926763316566,7.562631438646168,0.6972767933850468,6.33038737357507,4.0770771487522435,2.7821524680585457,3.83317062077629,-0.8678251517163199,-2.1715813710738727,0.11225980921881273,69.11974233689533,48.39920277190275,28.09488443019881,17.982126619157317,24.43952053890872,14.191253566171136,10.815189601790893,11.50168787932688,13.630150104183356,13.113872884846609,9.324019441897523,10.645370083015838,0.11884121748252037,-1.1508861816918963,-0.7098756349063209,1.4129960070936203,1.741127580451546,1.1031852339882458,1.1985750580327676,1.3889209178163033,0.6371789686479792,-0.3702148920914704,-0.8655647097720253,-0.5426287719563653,0.05037489671252544,0.001014028285299578,33.11216800338824,20.884998856294693,11.136546061389964,6.295623471357293,12.461703333371185,6.436740641246819,7.741275165081414,7.511633558366944,7.013042653875776,4.965464496938658,4.2519948548448205,5.544190007651748,0.03797798492261175,0.0017605210986872065,-0.0864123335549845,-0.14025966915006194,-0.13250199880215816,0.05386886497589304,-0.0612313042679388,-0.0644361876264961,0.010101663505520204,-0.28797232910708254,0.0535921122523695,0.10485306617545719,0.017138619810616137,-0.00020164915670951207,37.243791536184226,22.99699497380896,13.079620739362483,7.915722629684756,13.061594152370246,5.948415709788221,9.51087732787878,8.023826319597207,8.078717589613344,5.2561103499346515,5.955296322851796,7.842809593265399,0.025718935329236726,two,/content/speechcommands/two/b97c9f77_nohash_2.wav,testing,5.0,Kitchen.wav
620,-74.0745574629976,61.69021482779512,-4.542628092142144,9.613453723904819,-6.832770802443586,-1.157810726498723,-6.495882707286828,-1.1089005156740583,-9.047735592123361,-7.700239216344614,-4.409347829996607,1.4088495178789624,0.4031282592914067,184.38649006207615,56.66802690249644,20.52118968103603,19.21792189615069,22.697455664109988,11.596703011800228,13.371136824452153,9.264275836577491,13.31948184054031,12.988956499866818,12.83089349527147,8.10997807218821,0.35382621137785514,-12.4426393721593,-0.2632853025300314,0.926212671431974,-0.5091464071974842,2.6318819030032006,0.7850802927302953,1.4944824076553709,0.4448064849228365,1.0188089206952011,0.36428228789146705,-0.01695228957808561,0.09249239495664995,-0.01342211225100102,21.17324444409123,17.788392677056308,5.40482048592384,8.822140764834966,4.974446337539525,5.994544213363337,4.114943378868187,5.33531728963941,5.089608397673708,5.977351629283813,5.5455302858835696,5.454794198786553,0.06632551024103174,-0.6032668441110653,0.10720093595666744,-0.03851436348245147,0.048722587023863714,0.09265861327232312,0.3952741656046807,0.11221705595148723,-0.1519225539037978,0.4911965808618028,0.008709713862560668,0.0366570563689612,0.2704791744034015,-0.001248328387737274,12.248977670340912,17.080970831500327,5.8584277539153415,8.193778846590725,6.18536887541978,6.965036466822079,4.971511701746547,6.098068868775769,6.039440912874166,7.8751242515863105,5.600354410821064,6.023844640005408,0.03529421621828308,two,/content/speechcommands/two/0487ba9b_nohash_1.wav,testing,5.0,Kitchen.wav
621,-273.8268034973055,45.31586217021969,25.60807835904611,19.7190480260955,13.45563533937342,6.633850200143659,8.087217702147385,5.603157137137725,4.148128380634835,2.4525849524955725,6.368196866894597,7.166680569914484,0.06192496797302738,71.44865957176518,36.80946505713069,14.798999636721678,15.539574260933682,8.403580983034306,9.09071291191089,8.114983524905757,10.341590410148067,13.373342892045828,14.363301003133076,6.889142501566156,7.57881643385227,0.0654303588246319,1.998287798067574,0.6092858641457857,-0.5732521034525652,-0.30801023746180484,-0.6381002479090327,-0.40511516802349024,0.06275104357231913,-0.22694143341918258,-0.19851278674375278,0.03485821897037133,-0.08869953567285918,-0.7869210513095752,-0.0004925565313427679,36.46801511776181,15.576913112203568,10.35075714729838,10.950294613739608,6.054241793743326,7.203342425795678,5.255681673533098,5.990194155382355,6.271574877824664,5.8993282869104995,5.877684570031167,6.5160249168065585,0.024970333383194952,0.15855993266578708,-0.33802193892721644,0.044990172828129595,0.45033285507351967,0.30190769789832034,0.1699155843557537,-0.11922912033185203,-0.2882590855398668,0.04303106504603826,-0.13435868571469725,-0.18345535490973794,-0.5142259000758718,-0.00011763389532764753,34.58184810696812,12.925819926528764,10.48461438270884,11.51793997871748,7.415340181210603,7.817182648835069,5.592103150360045,6.076132651490774,5.237024129140006,5.442523208086087,6.883069602353572,7.388420595719094,0.017420311685650832,two,/content/speechcommands/two/964e8cfd_nohash_0.wav,testing,5.0,Kitchen.wav
622,-252.2917277809393,0.2621030944223671,30.523040455013053,26.19964942565114,21.381805427507842,6.19816790568559,3.3867087313367654,2.749433290145359,7.669241492006772,7.0801677305752015,1.670608967911352,5.809532041385373,0.03607296367408708,74.4680663079464,35.7537129323761,18.923917988249592,8.022806650774614,6.73561399290255,10.996268907820658,14.09975590272347,11.600929769170262,6.923382735192393,4.629268057814285,8.255565251869443,7.331582216428526,0.015637967775347834,-0.21154467038328192,-0.30656530630580586,-0.10927279638902533,-0.04141957984991014,-0.03493029139985614,-0.08673082368177723,0.05411417701130854,0.05243473977987981,-0.1400166802256946,0.03991526380142313,-0.015736904306455083,-0.15355277336970422,-0.000403806927704042,20.740739748234947,10.482752148784565,8.351374929900558,5.741009561705679,5.4906461028665925,4.598578137790452,5.540766351039689,6.281406151843804,5.406004722881086,3.0536603584958395,3.9137665188381714,3.8123313299162325,0.006144939084590971,0.158028362818078,0.11405006521420932,0.24139028677839297,0.2072946031860571,0.2935497599055981,0.07656197476648856,-0.049336775821879245,0.046908027825495885,-0.0745573209669758,0.07873711661041133,-0.06217628772478294,0.03230352166829717,-0.00017367489635944366,11.876761674629543,9.684751801732206,8.180165085446545,6.230796859071763,6.949413333497889,4.7517777656166835,5.977851942868954,7.701954585079345,6.252653507547323,4.344853923686562,4.00051143126385,4.833387385567465,0.004637078104778926,two,/content/speechcommands/two/84d1e469_nohash_0.wav,testing,5.0,Kitchen.wav
623,-252.01042268518626,30.413261043402706,46.70082188997305,22.771431829118626,11.721031567291128,5.621974119560048,5.967654978518032,-3.32718441596126,-3.369856271062276,-3.9465908470253064,-4.746533228614268,3.708695764086124,0.09339250717312098,65.1574477409069,45.91769079663164,17.5931594794147,13.713162685632499,17.254839058984825,11.481385026523018,10.118125039540006,18.220438021547764,12.038449474615568,11.525171608388197,12.089907517734385,15.35241429921905,0.10774437005497949,0.734364486593668,0.7036079909468071,-0.4466080403315822,-0.6717807764333544,0.39982824330648725,0.8912334545400254,0.5972515150580173,0.8033192952768039,0.3837442777296194,-0.051031460433724946,-0.15138281760813194,-0.1300677007762507,0.00031585895246075043,27.835382435443805,15.280364374970215,9.001349101297386,8.938940250681414,7.489838924020681,6.539831576513885,6.0408201536685215,10.56060840903007,4.84452036934336,5.212324853612861,7.539999710848835,7.192588044273548,0.03979565484814666,0.7101602689701962,0.6470970078741071,-0.10097359251166699,-0.4573966373377629,-0.21510125907189723,0.03692654589664759,-0.09182114974763582,-0.17425830146732507,0.11237791759088495,0.23739364147025835,0.3680304862858449,0.34943812291356646,-0.0006708391010761261,25.69973302629639,13.799858501281077,10.001340537039958,11.284095510701468,7.268316340339886,7.393370236388805,7.156817120796255,10.127418040118524,4.782276143969544,5.435939244191334,9.657707931501678,9.050521594623024,0.030313865802179086,two,/content/speechcommands/two/9a7c1f83_nohash_3.wav,testing,5.0,Kitchen.wav
624,-272.6400212104918,-5.590160485736849,28.37562989561377,29.89902323760946,20.76887262638248,8.172033882821758,8.139806988579245,8.211032717746248,7.813873791569398,4.098630486900146,4.091179309040406,6.146040371745222,0.029422816674923524,32.86098714402136,22.342367841307077,8.50104403685909,11.33606457898896,7.060772980513624,7.35097774486891,6.651038799655035,5.1112857326388035,7.9651921226085465,8.267845057098606,6.163426777337926,7.3861031394453205,0.011427367133937823,0.2417876143891047,0.5147833387462563,0.4035654405571179,0.35486675476855917,0.22044134115235514,0.04139804089891799,0.17335151089304127,0.34418264198069237,0.2964813546842112,0.3741143697619622,0.026683339008652752,0.11380860154436698,0.0015053972601890564,13.545165769674163,7.700039664078973,5.223799365828756,5.6439864868943825,6.278248668011049,4.4677918453625365,4.48305285613912,3.4385292880345357,4.189410449125623,4.224138669837919,3.8185652331078836,4.625316314307727,0.004528808326607255,-0.07854518442002055,0.19161406652090243,0.5144925420485469,0.29226050104303464,0.11702486848059633,0.10334713467444771,0.2078855221129993,0.04736376772928299,0.21898961144778545,-0.011149055141123654,-0.10414315375291541,-0.09202576166240402,0.00017823598658045132,13.667343369280504,5.887443981568154,5.8438254529130464,6.431683566199253,8.542975009281667,5.624106336826456,5.30266952564285,4.367012925359955,5.3139549267785195,4.931037038417984,4.582862149283053,5.873070490489059,0.0032182721092716285,two,/content/speechcommands/two/62ff07ef_nohash_2.wav,testing,5.0,Kitchen.wav
625,-185.13754849461668,35.72305408799612,24.190388036211218,6.519883450052605,6.944064910658934,6.2494549200588825,6.906793722177393,10.504591223081976,9.236192876195439,6.029025418956257,0.5658033986482904,2.304945670433322,0.05633015063358471,79.43978257670597,25.933385872417194,27.330928197274904,16.67542399702156,14.58821534390617,8.161522362569137,10.693233848225306,7.093876010718064,8.240340176846741,9.686629136928309,10.626409549385421,6.534464351228015,0.026741930379967898,-3.24000662716802,-1.2670441597846687,0.6519997486877255,0.3507047294305728,0.31095545820639725,-0.36302427136476445,0.14188646708544506,-0.003206694392489973,0.0488337175071067,-0.30509533170284625,-0.35316365277982276,-0.01312826124206434,0.00019376977316794858,35.53241442028735,14.858189363652475,10.824374375856852,7.629576075670645,7.433514891156357,5.337952689889415,6.90089970065843,3.7754490509995686,4.567839259958713,4.6088083413672845,5.887311231074255,4.462769180779558,0.015423427168279106,0.06528874890747147,-0.3059665331853631,-0.22524011095984153,0.0260086419216598,-0.03166387025727992,-0.0016778379340201136,-0.09363386009638303,0.10913204960224254,0.11320035566645359,-0.10406824977709857,-0.11093329629995037,-0.13949524499143304,-2.1703665455182395e-05,30.131880444666994,16.439063637011852,11.499877297545462,8.33358677774711,6.469956532131329,5.594363230505675,7.327731760004288,4.391366880246145,4.967902681435866,5.714729790270118,6.591710833204289,4.818259688330721,0.016601016986168404,two,/content/speechcommands/two/8ec6dab6_nohash_0.wav,testing,5.0,Kitchen.wav
626,-197.69237277632433,59.2445956263345,16.674842925434504,4.525221568850226,-0.17378965641003408,2.172640101124183,8.478578061989658,3.7778199461964213,-1.6055120974158137,1.3025628416042079,-0.28842321814354666,2.9421717305571,0.060744073474779725,83.43592401636667,34.12565469779153,35.7212030623106,13.739782482588828,14.712264245405278,9.230492507844104,8.423217843382194,7.543279468653589,9.344878536217985,10.079337796797533,8.089500105115798,7.851775080331167,0.013051454199038127,5.919103628740102,2.233182487639564,-1.8148704758184173,-1.0133162652802714,-0.844371772145036,-0.49114866720342626,-0.6969748775738538,-0.22350597337369857,-0.41750837553358233,-0.09311619022198594,-0.39182873152988856,-0.7700543288493721,1.4425525742192423e-05,38.16582643954932,15.834519260857602,13.529892987914781,8.501575108625811,5.75929874573325,7.989908071488354,6.277881158696518,5.833762454238803,6.301323796536017,5.913748857169221,4.868579490277006,4.9268618347800475,0.006648889816407913,-1.433845987730732,-0.2633223271562012,-0.0655126008637281,-0.3795026483145627,0.15620860756858207,0.022043877731580504,0.004559894215898419,0.27677576514342267,0.29581526760270516,0.40627167721454127,0.36919890388594323,0.35637829090890955,-7.347489396731059e-05,41.192908353357744,18.286003217589208,14.831658894313318,10.655363388994536,5.893629338649066,10.805788383680833,8.10451260587183,6.767492797812063,7.875407334414742,8.081134454451131,5.866591754512231,5.853355760060657,0.007454953012276341,two,/content/speechcommands/two/1b4c9b89_nohash_0.wav,testing,5.0,Kitchen.wav
627,-248.1582538573793,3.269719025028821,25.16764679537513,31.24077463956561,16.17553126696263,9.110769493768476,16.150167075774988,6.668619845469492,2.282738413036382,5.769052101126528,-1.5351830863681641,4.71251381794461,0.05419821245595813,91.0568626062777,39.95942109805308,32.32817748353132,19.943762246550953,11.293082337194923,14.176345185927547,6.731090053528647,14.89649730023238,13.01048407429185,9.40537049912091,12.084776426760957,9.338026650650955,0.043445256958036554,0.6995161622646197,0.37843747008328205,0.07009536152535721,-0.07585658106296685,0.03561637436007187,0.11662702601090749,0.009384237555981978,-0.0746384984085518,-0.1805825375167384,-0.1402089190440599,-0.11648026889951088,-0.10629111975970135,0.0010196373106971864,27.377984404040266,17.969507507201573,13.250859897179362,10.459063184141906,9.058078731469172,8.382899492319236,5.410174647702143,7.684385577886021,5.728880002411348,5.539202305308528,5.333246063939393,6.011813970237179,0.015177202636108765,-1.5417186182376932,-0.9854971745680938,-0.20157130274064083,0.018874639182567064,0.2786205279217407,0.5134325195452539,-0.033087245042233766,-0.30879917456106265,0.343265710276084,0.5902762504806053,0.4229385977193084,0.31057739200777557,0.00013144972423712414,21.272797589179884,16.633817923989493,14.44456115954394,9.186247547998327,10.609946570087201,7.841313755989639,6.979011729121697,7.762662297079872,6.111896026801289,6.794480776247464,6.047917694857233,7.870714679607667,0.012643334108102738,two,/content/speechcommands/two/3cbd76a3_nohash_0.wav,testing,5.0,Kitchen.wav
628,-259.88857134121434,4.147038055549402,47.15640752897284,25.736958272408152,17.51107804889741,15.11013837493385,9.493896493976681,9.430255306908672,7.107364263694692,5.893116647579055,2.8246460065784165,3.472404325792712,0.024167397525161505,20.82893237195568,6.839837041755727,8.748155083015202,7.726168495909934,7.699327489416197,3.469732971841618,6.432793668450758,4.731449754791664,5.211065909247418,5.699354164961976,7.121054257717488,5.396073989113213,0.008276817008748376,0.29242234523862787,-0.3623989507189463,-0.06254353992892081,0.43394789912653825,-0.1479673759442406,0.21544698010022775,0.1394787466500161,0.03248445632011988,0.2307519243325623,0.2715731627168972,0.4636157134667699,0.5605082572184366,0.0009375544445168587,8.94913038506486,5.569629809294021,3.7621807929215483,4.135532178416848,5.527754515306303,3.630954579825945,3.993727848305232,2.7139048151949594,3.2952015625731037,3.6887163414846764,4.644158374161788,3.1960943376007847,0.003685555446417516,-0.28823540296130923,-0.31960227129078034,-0.04446608550901464,0.2934399493522105,0.032167889840189666,-0.22945711567439375,0.14732965560436936,-0.027442738437528112,0.3441314702071093,0.022243759352838368,-0.19351682045063937,-0.12311645395249302,0.0001497774695356687,7.65824416573774,7.292068794070709,4.211182876953898,4.495315114978344,5.811151664902198,4.798955525471151,4.873688129042979,3.4058507235048334,3.4111908914254654,4.574455727261445,5.428224898648467,4.004363847067812,0.0029405851389281445,two,/content/speechcommands/two/a8e25ebb_nohash_0.wav,testing,5.0,Kitchen.wav
629,-237.87904245920367,38.84774851693227,37.01483999161459,19.25231914494772,16.634428990388724,9.57625325923749,4.822108831112882,4.723306506700325,3.4495124146482805,5.426573684675706,1.6207370632006743,5.9114748653477385,0.0586379804299213,83.70395281013403,33.69801037072365,27.064180424417824,10.371848715869548,5.434764753379394,10.157313835195064,12.255670789872555,11.73627105491992,11.147590702117142,9.045889153935752,7.3912062805613665,5.648573402935988,0.03869827298035398,-1.149661709234574,-0.8120021000149282,-0.3412020111768862,0.037937223704322065,-0.08556871016578214,0.1519023729928428,0.4911623264705358,0.03508864478866668,-0.05865060257309224,-0.30593003570506166,0.04341959041519609,-0.02126429718345023,0.00015081260954180072,40.24085547428775,21.49513783124263,18.38424534347077,7.566669385197866,4.9825768458503354,8.025289897021661,4.875705882825445,6.668423092459111,6.107813251463231,6.265156929936552,6.177727268177551,4.379718571002404,0.02028618477512446,-0.5286115682234329,-0.2728414428884313,-0.23585634386854437,-0.0459396703149789,0.03285268291435355,-0.08799098246447538,0.051201127604429846,0.059684667833728375,0.01711694290752662,-0.054155589123320316,0.13857195349963305,0.28890640764178405,-0.0001783018931746483,47.96881857806684,24.575865905900866,21.766559437553507,8.616910810002194,6.4836839706013665,9.114159031264673,5.600801189725527,9.288353356780206,5.511865375308081,7.094876307786182,7.2304437186651604,5.324926882789147,0.02370250435518064,two,/content/speechcommands/two/b2e2773a_nohash_0.wav,testing,5.0,Kitchen.wav
630,-183.42458667296714,39.319709484044374,30.84624309095087,9.713106875182213,16.52311845101488,6.957075637305904,-1.7093557138937516,-6.538110224478024,-0.7021736182017123,4.131131767592908,3.4753351680425264,1.7107359148928039,0.10303342004772276,97.79289459455636,49.314593733022384,34.45196767575828,18.608993326169372,18.558843900837708,8.360545183121316,13.698168999551257,14.779028749803118,11.389037686606464,6.166442163802933,9.211128617421492,6.536961330434876,0.08560567629267164,8.249984783667703,-1.3531371766882458,-0.9308394658997121,-1.254765612364018,-0.33550367586284396,-0.21272933350832585,-0.6099625712872879,-0.6240977019154037,-0.43447607680563455,-0.2613119990080241,0.18617872817065992,-0.1498536201836888,0.004478114627061352,36.30056288423781,18.430911529121413,13.668144424805408,8.665112698118872,9.311069017919243,5.07992890862022,6.658919273655005,7.239244609511993,6.016747643361408,4.507508209333546,6.21927167060598,4.6407884733658085,0.033835331696289196,-1.0161388608693087,-0.011514139288320754,0.02553499965311493,-0.18912752779617764,-0.043139459810465325,-0.054183844555623334,0.14008070655550828,0.07342080886227936,0.10433470863421253,0.1817037058094902,-0.054139725311744984,0.1349407116866218,-0.0002352029085159302,36.85565198333883,17.938321998486984,13.545294615398683,9.342417405449808,11.276347106153368,6.153144845426135,7.134418504534623,7.433117376970608,7.117151283725074,5.964154544988778,7.86814186482799,6.060151652292179,0.02459299536025588,two,/content/speechcommands/two/d0faf7e4_nohash_1.wav,testing,5.0,Kitchen.wav
631,-258.92209729493635,34.68320040621503,21.82621031579169,15.62398153816185,7.467937162841308,2.623322518304975,8.010735114375894,7.402381136339795,3.3837395265854178,-1.5713706674628922,2.3148325919353194,8.705415317771312,0.05782778706634417,29.24104290327549,19.57699039171969,11.390772995302326,16.93755919407507,11.96267000083557,13.068347056774867,11.456174570050196,11.154527328742752,9.079602122592307,9.208572357532427,4.925495625932595,6.419437264350779,0.0363305603182205,-0.6345993024316056,-1.0603933118159896,-0.15333344455803768,0.5708920960036324,0.5719960328725231,0.8092854228199212,0.33932553465800736,-0.022635883249650948,-0.25832702493325477,-0.01153049519225832,0.26306864500414284,0.41660562587238686,0.0006212668433304756,11.469050839847872,10.746135354103409,7.997077076520002,7.566908410691242,6.757214666678572,6.4545933460445335,5.5903705473751515,6.145952881998368,5.266207549295457,4.4663115110596,3.064890953651337,3.9809585315390246,0.012502045751139142,0.2525030102997268,0.07115575073419993,0.13503932462988205,-0.033134021220285644,0.08372506462610362,0.2680207768959125,0.07754607060600295,0.17747781436771876,0.10030357722313336,0.19591036159952477,0.20986621964721383,0.30443319112132783,1.4625613888104757e-05,10.732012182773778,13.154896642479846,10.252483686498145,7.354045255793385,6.547366280667823,6.217117990706055,7.087048879344284,8.245833074201178,6.286497884940732,5.094537469786208,4.234010385789413,4.321501442460132,0.008370448751336053,two,/content/speechcommands/two/f292725f_nohash_0.wav,testing,5.0,Kitchen.wav
632,-246.38010262762657,18.984452342126602,48.43640606724288,32.41333794483924,21.247705089281116,6.292435915337499,3.0094763551648946,3.4893127586969097,3.6373563348410936,-5.793774753336255,-7.2424812032291666,4.589064719448935,0.08447138068731874,66.61755562529038,46.18832015448045,14.787789159220393,14.322525495600692,9.208029282130925,10.398060805984803,13.649682247383128,9.937736107845645,9.729982696287564,14.25076857648049,12.738696603135136,5.779365616067679,0.06277091675800951,0.18286287483720703,0.5674578806958813,0.14665759782078494,-0.11697255427943623,-0.10277896608971955,-0.1897905973806197,-0.02906117615932703,-0.21392240968640042,-0.30820472908612634,0.014973567288250614,-0.27739134490429485,-0.19873809697919384,-7.204230754606186e-08,20.25275708394289,12.856308137433935,6.00780979989664,7.253655284059725,6.111885099995179,5.321781614174061,4.946469272794431,5.19825911775841,5.814167983354868,6.931310486004752,5.088728555821705,3.082702812148504,0.019065226796272528,-0.39150633288630277,-0.17466919457583455,-0.10121548342089995,0.045713197327559386,0.06950871871922017,0.028008450910859867,0.023044698737067146,-0.01828780115982509,0.06602012460808572,0.15149175922836908,0.19149389744991913,0.07232485901231407,4.5890547335147856e-05,17.973007878486428,13.51870197195683,7.385133928824721,6.36356481472332,6.780012850794334,5.725059146524449,5.269339808649066,6.8267982514230345,6.781023737631199,8.092496657411798,5.588306027916908,3.9086239820913304,0.012156965516690963,two,/content/speechcommands/two/b49caed3_nohash_3.wav,testing,5.0,Kitchen.wav
633,-293.22832335259216,-10.94945892974938,39.046675835170205,37.55492240145089,21.685425400022716,12.565423777564455,16.447187844138753,9.794829677247437,10.180337738457174,8.34321945444954,4.307539772739357,8.573513957386604,0.03694780624937266,61.78438372044479,27.78560959455081,10.516604496131185,18.941944609068358,8.736317654559738,6.752117352404509,5.22172092699202,12.241542579031307,7.025339577897871,5.6768085819693646,8.875003302710358,4.199956720963281,0.014013344012901266,0.06320599043606344,0.17298689927628563,0.00046537035682505236,0.2388649974209469,0.14068963330823048,0.05322030793913421,0.30967238438418415,0.27429438449657356,0.28504753262678373,0.11292721478651511,0.04474655612045138,0.1542715246939349,8.12655254717796e-05,26.71355583558462,11.251968411247347,8.148624885216119,9.467118008666606,7.908795936778649,4.908599866776285,3.4856684481039775,6.5801435909252985,4.7810921792138545,3.5781016558166443,5.392235462652153,4.106371570166302,0.007278497055550564,-0.10323242353955682,0.1016457603877047,0.003642018070376925,-0.06214008411695708,0.047232420377433235,0.03783109235516792,-0.04276203395824248,0.04606663795483617,-0.2130183519796695,-0.2662062800829075,0.14087215389893887,0.11233560857638573,-0.0002495644614100456,26.910926671711792,9.999947706874346,9.32047553136444,10.266726230266212,9.33546677996692,5.62928442313365,4.006157846365593,7.000927021322811,5.72223917434906,4.657952841229665,6.745176964691114,6.48428961919733,0.0058134752423902045,two,/content/speechcommands/two/37dca74f_nohash_3.wav,testing,5.0,Kitchen.wav
634,-311.693746273295,12.44955749187846,41.11625386727389,25.72424454987925,18.963513034753955,6.407349154065631,9.73705240424912,7.099439718104859,6.534201105006322,7.459910028368597,4.17536389545107,7.642537153761886,0.033046788445884184,39.95555180059545,30.543874978661787,8.477481719263947,6.203463113747669,4.383685864911876,13.879599665667415,12.637834015972146,10.896550061239632,8.693544106930641,7.831202832855441,8.176862668066212,5.232573976426439,0.01166993486648123,-0.19808554731818429,0.47209046460485926,0.06887845184507325,0.05692951669516653,-0.03976656737795115,-0.4286401609495444,-0.12689501431306602,0.13904369769638916,0.12698677689877305,-0.09236296867821911,-0.08605408448496563,0.01743496400860772,9.352223326762518e-05,18.91529136867967,13.622422489737172,7.766309686809198,4.707258994088367,2.9335790642043427,7.468989538282852,6.409345165859038,5.762813231402696,4.452057039552927,4.65950679133354,4.704286810377966,3.1883795579659946,0.005018681592484396,-0.1890978729862652,0.10759068900070624,0.1143088615869365,0.018463531939038238,-0.06064729963173172,0.07720171731898398,0.32678502924827413,-0.055554308709377546,0.011067926173713102,0.1789885582184459,0.21181968321314723,0.14394599850546044,-0.000223712931419241,15.385310274353271,12.744127891663275,9.226853398526265,5.883951793640948,3.774115379330685,7.032825948379429,6.863359998208829,6.455361191488,5.365986236995819,5.483134219872365,5.33380887679192,3.9413035984084823,0.004144243887200064,two,/content/speechcommands/two/7add4c5f_nohash_1.wav,testing,5.0,Kitchen.wav
635,-278.89669511326986,-5.043957033203643,25.388419509231245,25.617776171364696,16.31724001768412,10.159363172951563,12.014266480841325,11.461581913133537,9.402499894584388,6.213545835037804,4.522309617746767,7.977523248381861,0.05064583383500576,20.26788769471118,12.136222927781093,11.055043993742816,6.672320437319648,6.028968425226936,5.35600488898919,6.827358026211864,6.167106852638044,7.5057787077674964,7.862134087580897,5.684751831127132,4.632993264785212,0.004265584002293618,-1.923151607429162,0.45660987079878396,0.7882698535453943,0.318573335488321,0.24762509177960082,-0.42933124220029917,-0.07806874996532855,0.40708048142770364,0.26178330801091115,0.3794181506035131,0.04396197185441219,-0.3498830764716825,0.0002582800244131396,6.002507774259413,4.944229628039805,4.586292107970194,4.6561220911819055,4.099072469137956,3.0285511286387625,4.014899499650297,3.3410704919279146,3.8736247421197683,4.851566618402144,3.989328709553237,3.0279808782252378,0.00483049068399788,0.022568897744606412,-0.10283233758465479,-0.10007540783866388,-0.05044354639025836,0.09795602103492947,0.2229786134140945,0.02922393925862927,0.08006100165251807,0.11886372605556979,-0.07840537497439364,0.023821984829147064,-0.20866788233428238,-0.0004449542611837387,8.763762749653216,5.735771324936163,5.038397588772476,5.360713513599568,5.3269179977776835,3.1503115108921977,3.999508781070494,3.389526788018633,3.8412786406300024,5.615477378831191,4.5087448100437255,4.273411109399968,0.008351738550640447,two,/content/speechcommands/two/1cb788bc_nohash_0.wav,testing,5.0,Kitchen.wav
636,-300.40966016740026,-21.810595570735046,44.94567160450401,27.006493731411084,19.88035662259314,13.229782378901515,11.64421961095529,9.563325309240922,9.295063433240678,9.126856373762386,4.81279728631875,8.808767443883424,0.029351757011479802,17.562492206183794,14.641870412128677,5.936156185462063,5.849722813778067,7.284188157987022,3.9359345836057322,7.0393161410523994,7.164493689220269,7.404305253462919,7.116998438351871,6.966337327153453,6.0296758965935515,0.0052007777870598125,-0.1328717277400922,0.03893642861539007,-0.6226257770952253,-0.3703132724159444,-0.22331326774838337,0.03491361680040105,0.26857726773426666,0.27643586645857926,0.03894355285724484,-0.1508116450922938,0.024548330401810797,-0.018175616429031035,-0.0001270858427652946,9.704520524790054,8.702590494205799,5.05487312449092,5.2757791315913325,5.5682211594563205,2.9744742128001302,5.345477609183674,4.818156170047821,4.740373533183663,5.029199549347125,4.670820061543703,3.1339730953372453,0.002770154639503957,-0.3271933053918633,0.1931432308387474,0.41757292080668834,0.10239201232538576,0.20324168770007703,0.08363672900916512,0.02357582294092481,0.04224954858892744,0.08170939875222033,0.09426318370754366,0.13260789385537694,-0.06380868599445172,-0.0001006382703781128,7.557416438302593,7.972357021147291,6.917999935632398,7.074228247838696,6.43136782585528,4.529512122308266,5.726664629609668,4.849181653463965,5.435836817554,6.93556710235136,5.775827413210659,2.935871330925454,0.0031753244733401962,two,/content/speechcommands/two/d91a159e_nohash_0.wav,testing,5.0,Kitchen.wav
637,-253.2507036895739,34.516418730728105,35.88386249424035,18.55956512640922,6.211102173093926,-10.079831324430806,-3.023718775013076,11.832498487978496,12.785111422529443,6.189402912580916,3.840434948876294,3.9390945896230662,0.06997539539588615,54.07276693079488,40.977209547705115,18.71046316023101,9.590541436540645,10.305313627612877,21.426264815936033,18.269603617610592,6.806634276885722,5.2837617685703195,11.125687435018056,8.699102435328278,9.08647405105553,0.07679405136647383,-0.0692366353019008,-0.1220562721969017,-0.2841550079034256,0.14238765127214573,0.5127841039657756,0.28502352510140266,0.22169175398141097,0.0644697461272977,-0.11248580437601402,-0.17537813216979498,-0.12447662554798261,-0.07314303331012723,5.8186510878224526e-05,16.42271991386826,14.326415503767773,10.819590569025062,6.157900730473815,6.6908257424057975,8.428795439884052,7.7992874431129975,5.101494022457879,3.3884572702552127,4.986791889182016,3.909482860405276,3.98508835063943,0.028653301512887672,-0.2538760049209221,-0.09324398300663526,0.2240585466461751,0.2846705847675785,0.26851245566046844,0.23905704653044216,0.17196514550329464,0.20841833825101866,-0.1012296553251059,-0.008958998180969324,-0.1354150103011032,-0.11007606920044462,-0.00018871941914161045,10.907531485736673,14.436662777443335,9.715471666697232,6.3416335933894805,7.287974055411547,7.7936472637488245,7.43516381375581,6.145209784436549,4.324905266035356,5.185044616199647,5.219000052264797,4.897375623863706,0.025766037986092873,two,/content/speechcommands/two/5e3dde6b_nohash_0.wav,testing,5.0,Kitchen.wav
638,-229.66799948562658,54.28579820239109,54.966666692097164,21.40972906798183,8.561733007354764,-2.3907703296327028,0.46919087350329214,-3.067946316892805,-3.243532218307555,4.003820903675148,2.14502729030803,0.43222718677238237,0.12427186884451658,72.95885502378579,51.307922483998084,24.355655873283506,13.952463962148446,20.892665348732315,12.227055468714383,11.944421431084363,18.391643961424897,17.971212906813687,9.56525514473448,11.033077387893476,13.341990768136293,0.11503572531917877,-1.8731026982732775,-1.186648215617212,0.5911116213703878,1.176326383729498,0.25382260831404474,-0.23676679121357241,0.6559813931932262,1.0926594910222507,1.0010534312591823,0.672047047568379,-0.44840324682167576,-0.6777885355290366,-0.00088501829774149,35.05652162210954,20.86462194534583,13.304398994753335,7.770970605342309,10.705534117502964,7.028505337148558,9.112312878337004,10.065572798881972,8.476320209719308,4.46193626680983,5.440860955419134,5.214625916135213,0.04072089363828541,0.19442125992584353,0.17897514205120643,-0.39031356435439857,-0.5506341804613845,-0.09434535325519787,-0.06462721642520274,-0.02708207324803708,-0.20283336593633355,0.1181148605963679,0.3006770603562928,0.38890788885975786,0.08473643031152338,-0.0004788740227619807,31.680651811028138,18.812048227257954,13.728823674303772,8.042817926936486,9.519092037334191,7.223480315430327,11.332816437579645,11.001289554301328,7.890923418164899,4.452186648890016,6.459172969745733,5.74884598491854,0.031546678659284434,two,/content/speechcommands/two/b97c9f77_nohash_3.wav,testing,5.0,Kitchen.wav
639,-172.77286814578315,95.4426924202073,24.302611821356912,5.346917654490909,8.797570537009312,0.4671848316952135,-4.507993501806646,-2.324838317013526,-0.9812820102407847,0.7959437443099839,-3.619769258146701,-0.38615256767349176,0.1483270835597068,76.45086292768788,44.286069299824014,33.726512794961124,16.66118156085539,15.720356705158663,6.923547241087319,6.755651628601459,5.382724074525521,7.127776537528595,7.1765300742308025,5.559042948639863,7.976897298520743,0.1376063426300589,2.793025192097266,4.611459406903922,1.592806943654295,-1.5768684164938955,-1.418733852673053,0.028153865500609984,0.47921184488579094,-0.39333274577934135,-0.7017267226904049,-0.4526150012017777,-0.47390593069423115,-0.43690744930332553,0.0010424684132299116,49.76344945511237,12.989930190674256,15.843545261671775,10.26233515711069,8.853786157012888,6.667412719856322,4.848755072057328,5.36638095410853,4.392097636116621,4.20462098392717,4.315454748513229,4.752248864546401,0.0475164942002219,-2.4335456329320055,-0.38614240729962385,1.180281201013971,-0.10895796671337558,-0.08489162654378145,0.04801185289361222,-0.058844236036185354,-0.02717912086815207,-0.13910151504021118,-0.13309828338551774,0.25278790771030846,0.34641551398701814,0.0002994260440270106,53.806621237843295,16.605513841705225,13.86085682496111,12.06797715504287,10.089533462383635,8.518116405251956,5.565728259867668,7.493754349329083,5.672053446738999,5.142139871726088,6.212203143162786,5.2386364569158665,0.03525909708063416,two,/content/speechcommands/two/97f4c236_nohash_1.wav,testing,5.0,Kitchen.wav
640,-241.21184528444644,32.130175078041795,46.3143897715513,16.082175384377923,5.88922876925127,6.772831453127923,9.922787585344816,4.916345674456321,4.790055657438557,7.7829946957239216,1.0588629214010006,2.0727753565007303,0.07529627915937454,74.46495207462348,49.59300549059852,23.84037562078286,11.85463199035869,16.970614778294774,10.291939419189902,8.81957670953648,9.139840898948403,12.000475528466993,11.372086171639769,11.291884300726405,14.754645009314682,0.0705317735442388,-0.021192915564160242,0.09475754555394976,-0.0455505448910395,-0.25009879644666594,0.07089646658226705,0.17485354666948744,-0.35174286229262314,-0.4514823651660854,-0.16967850512686725,0.10427886088155705,-0.18406782213672362,-0.02978511567447438,-3.006285236727807e-05,35.856447446025314,19.984775367785556,13.3601060855788,7.369030473450888,10.24814559194086,6.495909975779365,8.595881360441744,6.020918679763346,5.849202332846212,5.745310117371023,6.162298749162924,6.0759211079292195,0.025268965196705895,-0.46591018144880725,0.0004583217324170441,0.17390540803281904,0.07535579268649512,0.08252183174628774,0.12605563517013754,0.1892031040571135,0.07676691907046447,-0.020721686176829922,0.10484672438228504,-0.08171728760607762,-0.4298875887129513,0.00012638221184412639,32.34779322333638,17.501133012553264,12.266686772090416,7.139342043719835,12.28992601053704,6.126325616960369,10.376628975334151,5.672594884196768,5.88321128766447,7.075754287521581,9.11821841870334,6.037290679768616,0.018761993193329222,two,/content/speechcommands/two/c22d3f18_nohash_1.wav,testing,5.0,Kitchen.wav
641,-262.9899483919959,23.68539894967585,44.43249951223388,40.60785847260769,21.686112724354597,5.089614306691288,6.0079279560523196,2.2656248636074814,7.34114364416636,-4.809664118303719,-8.660967956318498,2.555181555111238,0.0878126077586785,70.74321160412619,41.58296180070131,12.075227454932733,19.579243803660155,9.556509657519861,13.208491975114955,12.831494604906199,11.078610606937067,10.971679796583766,15.155212181385638,12.203995444592795,9.628793157646303,0.06974239543211835,0.311798459758886,-0.1613242475428661,-0.22432077639642614,-0.18353121434146435,0.0352671210599058,-0.14919130211175188,-0.25084325878289804,-0.2400626288424029,-0.08924186456586009,-0.028235600312492587,-0.03491290739831567,-0.030367934338128077,-0.0005342124570761957,19.69868917270631,12.126235158421427,7.839561399530815,9.37436022812437,8.445045529850914,5.389512609752247,4.22276760188774,4.154715505544366,5.793268891600167,6.973126619359926,4.882025773161214,5.412198986378906,0.01828664542137434,-0.1497105610278671,0.04777750589640751,-0.0065419168824756,-0.10611224311480688,-0.0031355073067593033,0.007287755323022734,-0.03745896687541128,0.02978321423136272,0.4758632888758206,0.34461928029979333,0.23409589161609212,-0.015385073322412745,9.670586635669072e-05,14.39345517213092,11.185821987897222,11.40860298661359,9.250161213335778,10.758576430206183,5.296355915104367,4.196417111694133,5.163082442565963,6.0257357016100155,7.473793712699777,5.9506388225920634,7.2645498019541055,0.011465723794769803,two,/content/speechcommands/two/b49caed3_nohash_4.wav,testing,5.0,Kitchen.wav
642,-263.95745489247474,-5.69568265269682,32.30625446581257,25.43152946084095,19.619571785356584,10.358313508971795,10.820513222805012,3.289562827598205,1.6098215425815563,6.429449085994049,1.8501396293357841,5.344654729949766,0.05574651394272223,85.08909252734553,48.18261735573106,23.945701214941526,8.820936703652531,6.061919011153085,12.97272721543457,11.829664294438075,15.397383205798558,15.42418280336526,7.658247872157191,8.015066854616602,9.211390027544002,0.03988253222102502,0.3195723869805148,0.6623805655782601,0.011939554829982425,-0.02948867397062812,-0.20768319581866357,-0.03249592797731388,-0.13016714330756088,-0.06954502513908095,0.08341280914414897,0.03312405905713978,-0.34729648219908066,-0.039212261288683506,-0.0003123525530099869,27.286325166393787,16.442163037911406,14.620571815967857,7.189760593534975,5.7484294660584805,6.03277653553971,6.324381362349534,6.2023838493391095,7.205695103559956,4.436325747722111,5.156068768999368,5.552921263470991,0.01695569474827239,-0.2080106307499136,-0.417995007053311,-0.19657233787131645,0.03354365074702776,-0.004695508627083633,0.34363291717764183,0.17232107357481616,0.22284818296448522,0.2957306401506926,0.22552200858974963,-0.043440846440260604,-0.0412115039046354,-0.00010744053870439529,16.937533515539982,12.70195239247643,16.09088757855322,9.036882218377707,8.590481531463608,6.790088016784394,7.520962964686456,6.319970939475461,7.932065080154655,5.530093040297762,6.056075373569889,7.352585407974413,0.012388949493443137,two,/content/speechcommands/two/d9e9f554_nohash_2.wav,testing,5.0,Kitchen.wav
643,-166.22114249282203,64.30777959620953,9.835802615300315,15.215341201153116,24.407996764076714,3.2226237865451868,-7.690607465110302,1.5087258363036504,5.784040686584321,0.09221644447554153,-4.011941553089542,5.86006500331967,0.12010371673386544,75.11085132399604,54.30069126368335,17.67040924280842,19.083734476242423,15.406402325890127,9.402503569404889,7.8842221945172515,5.979600678210059,8.909884477760519,5.340291673890566,6.591646195299971,9.631498355054989,0.1206768193263439,4.945389662651878,3.7512370915282665,-0.4244036802350415,-1.6064476986129153,-1.103547935730058,-0.8090616651596144,0.3664025806256331,0.18431568587363467,-0.5168351829419088,0.31377628922778783,0.5238308139860809,-0.4018269007366005,0.0034805014128646544,45.60926658834062,16.743549762583413,12.020506721283725,10.865561156497128,7.071561836832678,5.817319917027942,5.539710811924276,5.004624856991305,4.576720464894023,4.048328281811057,4.963750723412851,5.971234189918672,0.04589287928403211,0.4971682078720614,0.0957806051772342,-0.403123363691096,0.02038079539180237,-0.14781300009749362,-0.2715256894002112,-0.03266044188242866,0.16042526155038736,0.05071225205973599,0.07522714895828846,0.1501323976295972,-0.07326061090346372,0.0005341369658708572,52.64091244556326,18.869248048857656,13.369151895323077,14.658440767763794,7.789943078043244,6.804957499938214,7.196975250047415,7.192225741984623,6.158427604670163,5.5820332111290725,7.156708201411319,6.897188003085725,0.032749185920971084,two,/content/speechcommands/two/97f4c236_nohash_4.wav,testing,5.0,Kitchen.wav
644,-275.4224767634607,-9.566666511678722,31.287818021564096,23.572604479654018,19.93903113916947,6.019477635750564,10.643716464626412,10.765667269247796,5.189617849095295,6.603040682214042,9.575006988379496,9.03915240730742,0.03522798934136517,43.43135115141563,28.889959715122327,13.973255239799974,11.838652521283082,10.569464242842928,14.023309713703252,10.693084298635734,7.2472141860942,10.193091891464945,7.853220529692785,7.272361718567631,5.2859820047108315,0.012189234305066944,0.2705612465849167,-0.12851678441669048,-0.09619613641865819,-0.10169244744664943,-0.05201554864171157,0.07512535750098741,-0.32866166833502025,-0.3430341145930881,0.08686587899168888,-0.03549537078209139,-0.03795108812096348,0.001300639050249657,-0.001328188595512221,17.649317292492782,10.011701479726394,8.36701262064804,6.6039931799013685,6.5255582569216815,7.471471991263967,5.898110340834236,5.279000878315594,5.784751011980916,5.056108687280958,4.637604434305327,4.153581405061518,0.006118122270817082,-0.4703229180066027,-0.3002932773352453,-0.22317985175681235,0.18068833690350036,0.39233358420433334,0.35216968795832165,0.09673515209069115,-0.13774372278219266,0.024715682912886075,-0.13703039358631736,-0.014839873048216982,0.10122433939262963,0.00011552531893054644,16.887498139769676,9.54917156001128,8.195315803377245,6.90005104592689,6.820048384452189,7.666909416838072,7.432118152499814,6.369235956339304,5.96575697967435,6.506176000428753,5.783203716552976,5.284878924330832,0.005506946949095496,two,/content/speechcommands/two/b11a05d2_nohash_0.wav,testing,5.0,Kitchen.wav
645,-239.72032196851316,41.804130239946176,56.19672063155223,36.00284451014758,28.08750809079564,8.267487104792671,3.3893179919877983,6.729706971636095,1.7490892819624244,-1.0123634679909306,-0.920900035108358,7.31631362571383,0.03721468223051892,15.63708925197066,18.45244731757828,7.278820119910762,6.709334979008473,8.440853770069923,8.951088031898788,9.946574142717838,6.833761871342725,6.58512939631945,6.868399855363933,4.638380307825592,4.654503796402782,0.005714235941266618,-3.1268872456055723,-2.522458007315596,-0.34164352471793374,0.5238467395487035,0.7498309309092889,0.6514342905042546,-0.22097000167360406,-0.35419912808777404,-0.449452284002352,0.1479644994472996,-0.31417495525663464,-0.2812390080136899,-2.4771865676431096e-05,12.547968883133661,12.561273676184985,6.625463577156877,4.334878425299042,6.80266275898026,5.685694045545129,7.75333462797715,4.446254904280297,5.712258836668302,4.817659692393827,3.135725213264354,3.5742083580417088,0.003316239185874566,-0.6878895127239719,-0.7850021381873076,-0.2571490270039356,0.07332673980860949,0.0915389181198567,-0.12245989531445045,0.5538316631465949,0.11135407991654711,-0.5856265856276575,0.4038214376673223,0.5449374094028963,-0.0875627338183404,-0.0001395009458065033,14.263586947797172,12.458117799743972,8.259217257355521,6.231981767640018,7.835404265639932,5.8829396273584935,10.253087168420587,6.17977423296498,7.616893801910646,4.929719025812952,3.8169105524042912,4.505597954106798,0.0038290321727459183,two,/content/speechcommands/two/9d171fee_nohash_0.wav,testing,5.0,Kitchen.wav
646,-177.6522423265662,31.15761615444315,53.58740441681522,35.99878736356921,22.989835731904776,10.380055188896073,10.250215947166499,9.718758815959738,4.366305519963819,6.130179672555807,-1.0762054125519596,1.603141468784743,0.11169583676382899,47.997540255578784,31.421963105020485,6.788647253771232,12.698231935190478,11.788234724795256,14.354293652275615,10.779337380095068,9.963051370105696,11.524897839898694,8.43443618564442,5.859059437107165,5.961842693595802,0.059783331163607775,0.6218201372966015,0.7236843248346426,0.10264742971427203,-0.4726820803321075,-0.4651641759083812,-0.440746968453506,-0.43258216504574876,0.10461255016708688,0.13382392389877482,-0.05400559485583452,-0.056514229151400516,-0.1346833363336454,-0.00011911795985314154,15.150011539994095,11.370862114590189,6.56914382231006,7.904781365911866,5.5894583466992405,7.589080001657808,5.756692939776887,5.761687542786704,6.010107684114589,5.386555031707339,3.08478670020969,3.3823092501212644,0.020380248941017663,-0.42769610694638704,-0.3671097085883262,-0.3133041452940496,-0.21711804172289106,-0.32188517296890923,-0.291176256211847,-0.42170470690897444,-0.262647261645928,-0.04312543332077568,-0.0029648182836703304,0.04077815914099133,-0.12017154589042754,-0.00015193099776903787,13.6499930465196,11.604951360314804,8.468772419506518,8.940169595413344,5.770029524051258,6.940181971973396,5.463076450264173,6.142420564200724,6.827581940579344,6.698095897921578,4.363489797222538,4.082649667084446,0.014670562278253176,two,/content/speechcommands/two/6021f08b_nohash_0.wav,testing,5.0,Kitchen.wav
647,-245.19954603936227,22.665786169293572,35.21515093776428,24.06430319995849,11.523484159751488,3.2565671352565375,6.122959539382553,4.232075038861549,2.1335042930062467,2.1622809830696443,2.88951957270603,5.5926164515820895,0.03796811689707366,24.05104656795236,17.473498324269084,4.801734077547414,11.008379789935123,8.132010577879091,10.241205954950907,7.661993236821247,6.992124223119936,8.328308359972318,9.518782651510588,7.549679922755218,5.646298002183696,0.006233537692203897,0.543083587485688,0.86822899829265,0.27836560990327,0.0645431708761572,0.12757336154212104,-0.06593244293571632,-0.12880549096209515,-0.14236877087309144,-0.23227111279506948,-0.5970850378613013,-0.27819642204546535,-0.40108949539442146,0.0008468631477583022,9.263457129157018,10.37405158413987,5.921519693806513,5.218007533370225,5.771368642845192,5.607664735303141,5.2301519882097045,4.916125792776449,4.171738564366353,5.553118325324406,4.022191022065127,3.071395117213405,0.0035453570841504894,-0.8251668763377509,-0.7812414817893962,-0.40490194729555784,-0.5399395879270508,-0.05034330691028428,-0.30132611084353245,-0.15441535247322397,0.31844470003740316,0.3791269645506459,0.39062590276686765,0.37664221454275676,0.22307034213099977,-0.00015317648649215698,8.66946201014704,11.694329791511178,8.561884768502122,6.099506423387414,6.43633995407182,5.788204627521703,6.62991804875142,6.697639958376542,5.091759876053905,6.739378585442613,4.357782113327991,4.441402974923844,0.003876091907033037,two,/content/speechcommands/two/2fa39636_nohash_0.wav,testing,5.0,Kitchen.wav
648,-285.5087858521555,-5.917340624445659,38.79150992414643,33.46616061312046,22.161450986865255,11.78388094660897,15.737840017299046,9.552637683553423,10.5835147578196,7.161655220858135,2.768168235182976,7.451297728309386,0.039060162845999,76.31657151028837,36.33392586317174,13.408447079136277,21.10424830530944,11.367844949315483,10.890070018641065,6.907292663056474,10.033595679604918,7.047348628365105,8.098383584708055,8.316227048627907,5.339596077464871,0.024933911815413105,-0.18238410940123304,-0.04718681882498666,-0.37575032069864656,-0.3330098820646637,-0.2131691484679881,-0.5712604366699129,-0.46896839153199055,-0.31189584323972236,-0.06739382045324542,-0.18226213148626702,-0.09963373417021666,-0.1409740177514364,-0.00031022589293218427,34.74146407656157,14.678277015016677,7.050862327283862,13.752510728646433,10.215460369046465,7.1608210515625945,6.015632771342305,5.8082365631849555,3.982098549469598,4.273160777396025,6.866144160731226,3.7953441323951127,0.0124389051642296,-0.22177616094132305,-0.0328155306038705,0.0327451450266801,-0.027241960753403186,-0.04522772903374547,-0.025503294747570966,-0.0867922547861049,0.09962027091762309,-0.07161848476445615,-0.2228094735185407,-0.1499622320329241,-0.1694945079056872,-0.00019631447891394299,35.8437430245195,13.62261004259136,8.732217033607498,14.706574672797974,12.089322287965635,7.971259034861712,7.352350031843373,6.698293443763518,4.928722935087863,5.052515810502446,8.85644508652104,5.02183726940565,0.01188173047949464,two,/content/speechcommands/two/37dca74f_nohash_0.wav,testing,5.0,Kitchen.wav
649,-267.4227648003826,36.28410595460275,20.379349629171912,21.292037701234484,12.301683962228164,6.985365603445464,6.25234464563486,7.004228595336078,6.32894709060521,3.220265168907191,4.291213659511132,5.240466664215968,0.06103741069091484,59.72098133285835,29.122436316068345,11.713593277610931,18.507841063753006,8.160131235646269,13.07420324276555,15.99583893871097,13.104580863177082,6.217830965267472,9.584351969876026,9.334220841070364,8.139721713089115,0.05713497423375075,-0.07722333097437821,0.17911969525575952,0.10851645450272868,0.1995485546511135,0.4559626787884145,-0.08435401019999987,-0.10438472888739539,0.26677090650053353,0.4360671553413338,0.28813677226546697,-0.12140141064871336,0.15054669919985994,0.0007932893931865692,21.57761338720277,13.76288396427336,9.21914759350241,9.57174522530168,4.620911429058809,7.3387454641839724,6.441486802181049,7.458577991739266,5.52017426209618,5.703288366973496,6.177296164219344,4.272823563668308,0.027476815596478573,-0.43078751590091807,0.017884132416668426,0.2796108146385345,0.17307460844841135,0.2037512275924375,0.16958113672642985,-0.03096111298934865,-0.01845736600786155,0.37915836006053927,-0.17414360026404907,0.08062884712661908,0.1364992219531395,1.4161008099714915e-05,14.054822835101042,13.675758828399344,10.02188227863848,8.94128418955629,5.952613455665469,8.37715180233746,5.115969897780185,7.600185608212255,6.483332619042233,5.491154883319125,7.4782866346868095,5.248533239793697,0.024426280136055488,two,/content/speechcommands/two/840c366d_nohash_0.wav,testing,5.0,Kitchen.wav
650,-270.27079882262126,9.909706178915501,48.42005438696621,31.941177141575828,25.308108155709448,12.530816622712685,13.333790476981012,8.74805334737729,7.525236644165423,7.2424959133151905,0.9272063239284773,4.4485405294824885,0.06685153470607474,66.03552721549943,45.04072386369333,14.497737493161623,15.050908653369023,14.735751618785425,10.227966227212875,10.40884740355847,7.62390954681309,9.315537472373446,9.068522580507375,8.606544266248099,8.260283044294374,0.048643482358519646,-1.9158809823109535,-1.5623208437143263,-0.04527778421862993,0.29226302314169694,0.11878182411491534,0.09353359699672767,-0.06319324748849346,0.1333669900902492,0.13294307007165898,-0.23684874859314703,-0.1876401623990457,0.03815000660041549,0.0005560449414676236,18.794520568964472,14.808378010907054,10.253458134887909,8.761425705084376,10.505094066843796,7.1287588926310015,6.571691231697633,3.7203580705864625,4.5617712998747715,4.574116917069977,4.759168416303747,3.920594478908927,0.01863622214435138,-0.27230807505883753,0.08462927933496936,0.16274561285897715,-0.0007299881900877381,0.16959174400291463,0.18493266009738155,-0.021087716220894847,-0.07025567470613296,-0.10885409125668927,0.07536619030295964,-0.10928524615152597,0.14009945427689724,1.99423482020696e-05,15.266010314888188,14.417680946104554,9.010148884127808,8.940919740288727,12.086667801110089,7.993223420395701,7.61382277925624,5.041757213355564,5.313933685591815,5.285882433882083,5.9265408327461975,5.067387768999647,0.013474217310788237,two,/content/speechcommands/two/e41a903b_nohash_4.wav,testing,5.0,Kitchen.wav
651,-285.4919788994538,-9.213482010616723,33.248911840228466,30.707776109449213,24.998424970855773,10.483910322067448,13.224674424551937,10.683838771129011,12.347298385861878,8.551752148603713,3.585561930105123,9.464078676284156,0.04121490599936806,53.9785002033736,26.855498851831946,15.754613857822807,17.512959389828698,14.591583224392378,8.58795661486598,7.976567406282844,6.8817055846811,5.769519964846666,6.084306120276745,9.823708046237158,6.38217684170754,0.014877853254921941,-0.8208926711869436,-0.6371431865003837,-0.2472021062367843,-0.11827903090987238,0.08999693760054514,-0.02395015139583608,-0.20667984767912215,-0.1541915602349028,-0.15770059688303095,-0.24147082236630188,-0.4328064791853026,-0.13599420266013326,-0.0014390035442286922,21.482364688129337,10.007633676680715,10.396470611241728,9.10355480098349,12.364089770805672,7.0856409801122275,8.274970183176677,3.9512973325329686,4.650566319321454,3.9039159886765256,5.615040632413655,3.359229914580252,0.00807432683456855,-0.46038695541525765,-0.07700940010672727,0.416212181209107,0.29520261377261114,0.13138455765810958,0.0832485321130445,0.2346127509360517,-0.05646406439427561,0.08339329499060627,0.019304699630739584,0.05348307379022724,0.12255622858515765,-0.000130107036481301,22.696570263005604,8.785461128823558,12.950175054782905,9.496700283921976,15.244188087609917,9.148771266626394,10.535840007076605,4.316498562641941,6.353860857331527,4.4103297877533745,7.107720632734432,3.762306708453732,0.006554383733290492,two,/content/speechcommands/two/37dca74f_nohash_1.wav,testing,5.0,Kitchen.wav
652,-308.09235871392013,-1.6514927056742394,32.24085313529772,37.66350350500102,24.861559957696503,18.43365387567867,10.385716022489817,7.6258744483173615,10.053433364149672,3.0774245680865855,1.6616275863123908,5.8308422938366204,0.02873396425275132,53.00472372523567,19.471773854127903,13.312684831252,19.02140035157617,11.53163374321338,4.951388572126925,11.741234589967137,9.553167186749013,7.1792085800691465,11.052604415171661,6.302230763780691,5.611172596156144,0.015128288863109613,-0.28327125905332745,0.14303723715682057,0.04491556253895781,-0.0016711774873778911,-0.2872932578957919,-0.26875992729612536,0.12136456009028283,0.18777792857324704,0.03604857111600369,0.018192325557092468,0.23440774021240476,0.06935395998605384,0.00011268306163049513,22.567642974107482,10.654632425794762,7.686459901862095,9.198774374732071,8.715804160208538,4.156553563348549,6.089077908208706,5.4906170093581,4.795735722419704,5.010315272799754,4.255490914149881,3.4693453236782767,0.006411815560373513,-0.5553466876154877,0.0012727562145020243,-0.03993126367373498,0.0794114278878439,0.1584812982498305,0.09985907299831129,0.04818706642186914,-0.05393573447876214,-0.14254294174655027,0.12903269110006305,0.2474907994520681,0.0016066619987072706,-0.0001171440506974856,22.12283779142171,11.327605072101695,8.32113226873517,10.372570697847475,9.659768290622974,5.203103143845243,7.618903418360182,6.5703243939576925,6.133226119070255,6.15519019395236,5.146590815732836,5.235340536320793,0.005967496997483452,two,/content/speechcommands/two/fce96bac_nohash_1.wav,testing,5.0,Kitchen.wav
653,-255.4262975616876,28.14409013471937,21.65648548505457,24.02760752936188,10.3061285693224,16.816348057655514,8.673445830372247,-4.2324625845935575,3.8976689489641725,6.101854977734968,1.7121767906038627,5.606278216418612,0.07703718834090978,77.33380984104546,43.78849995272289,28.8241675693306,13.597683402640259,18.487281681390712,13.241857096845317,9.090983343976914,23.520782273369747,10.882231989775024,18.170286140225297,9.318869523675103,8.929580030800675,0.05025784184272725,0.6936151151054409,1.01498978779397,-0.10055813415815561,0.38174296653798845,-0.045470056818903835,-0.006010361516837419,-0.2478700995224026,-0.6352569412213173,-0.5915973209847105,-0.4038976348700266,-0.3211147548985426,-0.022706261432450477,-0.00020758879761542044,37.19251236005357,13.036745994879892,12.88942611943266,11.47035440852366,10.06143704654643,5.854757486361983,7.392029458737581,12.159877455302956,5.110652182165441,6.6430275513465755,5.865862329762884,6.516890616302576,0.019515385318775846,-0.4604863979169863,-0.3155446692389229,-0.2200212540677479,-0.13490395726565266,0.21289119704655743,0.15528101423842486,0.3512456800339934,0.32510762839733887,0.2372296570367766,0.08535302226145626,-0.06555551813257471,-0.03471039701109794,0.00015176484982172648,41.63568594277243,13.278141110286573,10.119675900031046,13.660535876236425,8.983482421699227,5.518455822908843,9.442987827220433,15.36301549056394,5.19325061404799,7.363120904529344,9.08135751795268,7.600574079985912,0.014156937135097782,two,/content/speechcommands/two/cd85758f_nohash_4.wav,testing,5.0,Kitchen.wav
654,-255.08884157357312,41.671920879307024,38.23398327314882,22.871126113511302,9.742927147463867,-10.652499426659478,-1.1995838398200471,11.285556737147868,11.436439828931295,8.759562736790137,7.6929862803614775,2.3369939970322595,0.06909750556224026,62.70848451811664,39.24188323846746,15.461207658711459,14.30308092120067,10.746434218891272,23.37242745788062,17.802185226618263,7.482889145078566,8.547001718620727,9.731051567641286,5.652985856178185,8.235218990017751,0.06241669167799636,1.2434571303217672,1.3684362029808093,-0.5012468218137341,-1.1312904731453837,-0.8417493768968439,-0.7508137978483972,-0.6128144106056904,-0.24322965620815185,-0.03826502130862193,0.02488158347572121,0.0646286890122723,0.15543842185423207,-0.001320054454188193,20.004373632265544,14.297460973693116,9.628496038094866,8.546060564611578,5.532158570917776,9.25635540468315,7.632145205518726,4.692102768260679,5.154251094262492,5.121136445461753,4.131130915078088,4.794772718533294,0.022696099763558776,-0.3050837486227598,0.2549143290565528,0.2727752873558644,0.10804968767130933,0.04893007345555976,-0.5138355880861207,-0.1987762115105314,-0.048954929486239314,0.26386592145976706,0.29434268365369093,0.14073779088280702,0.07585546445863521,8.480306714773179e-05,13.192022201170243,11.91925382098015,9.324920523720207,9.071453856408944,5.689322512403419,8.078580780028423,7.4417338887886055,6.137247692548868,6.444193064431322,5.235852588380554,5.47165845857621,5.692162175683798,0.018496584530240362,two,/content/speechcommands/two/5e3dde6b_nohash_4.wav,testing,5.0,Kitchen.wav
655,-247.35197975173185,-2.1963973718171204,30.46723887895007,31.48755427075876,14.739468686404473,4.6339943577087706,9.041013635396894,7.2987910387335155,6.975694726935753,3.791173709592215,3.358498008494002,6.779962154828201,0.04157723649404943,73.03184752389473,25.955598167164855,25.111583817895237,20.88456229909293,12.28717193103958,5.307472026120774,7.682583015831357,8.9809970929818,8.160405511389172,10.940238226748162,10.355902844222317,4.033871797652993,0.019809093663078356,-0.48097495230780946,-0.4012715071267291,-0.2952362652726302,0.1438802802069471,0.1590625937372947,0.48788601929083275,0.4208110042844134,0.13053426579331862,0.10861038618284154,0.01034650822139926,0.08455657439952476,-0.10043257782860582,-9.98508786001513e-05,24.808940902835737,15.998639648963202,13.311874805726914,12.549428421359707,8.636637271553376,3.7782013034899884,4.906621743515441,6.210086539173974,5.943248909005994,4.310183299326399,6.776228671644048,3.903375923600922,0.008447903949705467,-0.44029117587985334,-0.28315854851922256,0.025503915319177395,0.3031393562868279,0.15673724600005232,-0.03767718990638749,0.08837694813385041,0.14579931320840214,0.3586097844948353,0.3559175389156477,0.27150122189226794,0.014619283828384008,3.180677692095439e-05,21.01119312304367,14.551930547804695,14.48792760851747,12.491230834030297,9.12549423366694,4.970953003845264,5.40464381662852,6.472180697647037,6.928128868937022,4.068934284982996,7.284170068923328,5.805150615001026,0.00940468924733227,two,/content/speechcommands/two/ca48dc76_nohash_0.wav,testing,5.0,Kitchen.wav
656,-268.98410830863884,2.5335747004188756,44.27775834421657,33.95399171345533,18.07723057857921,8.076333101473384,7.25780363001277,5.774612477672562,9.890223049408135,4.174657809775692,0.04240654753028872,3.2022525642220043,0.037254665105137974,44.95429583081885,22.23690693931824,16.47692099777467,11.268097425467934,7.779154720590933,11.084894479102443,13.196990060113503,6.716748606669891,7.384359477126752,6.611621932819231,6.896054827821466,6.081258169022242,0.006511281088023215,-0.20638963813605604,0.0873676689594261,0.07917615129219513,0.2961009521794892,-0.017693951471283383,-0.24923388612416922,-0.2086994854239253,-0.027502849835900598,0.007810610533783882,0.11975407363188552,-0.1585737028367703,-0.32942933619657305,-0.00038824350603165167,14.581221092136559,9.896152240762428,9.132648157678833,5.617705279793584,4.6289648032524875,6.016129033313565,6.099132881184322,4.117865345594787,5.015478182846643,3.169651896053993,4.1973278428254295,4.319097999960018,0.004743331616017855,-0.2826601074297116,-0.19455964822429433,0.07940986355323965,0.2566645126367592,0.03769425728626743,0.024182594048611266,-0.17175495443477262,-0.2806881002030919,-0.1517692468736496,0.09078392550376621,0.05157927438349354,-0.04278881221694775,0.0002661881347497304,15.047784688298705,9.987692623803447,10.549344558453486,6.184596786261506,4.928089517806421,8.176154746385622,6.598146228708989,4.47814003812675,5.913865963765871,3.614140323693871,5.437880178696183,5.455349456842725,0.0076749283105499505,two,/content/speechcommands/two/bed06fac_nohash_0.wav,testing,5.0,Kitchen.wav
657,-223.51735156247787,-20.41738439407414,31.672666813748236,32.16937128168482,17.127888804513024,6.950224176336303,6.746603164844274,7.513010087538696,3.8851740737668465,-0.6078323928929094,-0.6231884395271332,0.5365142979637242,0.043536040757317096,31.677147542152284,22.10953423970206,11.965438958664771,16.092899157999955,6.86919184119812,8.598140551569777,10.289410846415851,7.954626381511839,10.486504135116318,11.652356821886741,9.878560221140201,6.94469215197701,0.012344268817957721,-1.0131045813328032,0.1267338211955872,-0.5417494289329119,-0.2476314669909257,0.44473945740611476,0.1467323161706739,1.1072851021095205,-0.11837613972903537,0.07580782845313146,0.2501986905505003,-0.2466567337614926,0.22719550608850855,0.00015173011249111545,9.028982258384348,10.524651462016564,6.846018544676333,5.586460867445302,3.7340942486509596,5.684228424032439,4.193465705805415,5.181449143273667,5.1350897650854215,4.685019602423515,4.6843322943573975,3.695364265301336,0.006449370143612529,0.08594776398420076,0.40677349840710303,0.2604593082386264,0.1275299771329621,0.14054167592696895,-0.2801229133329866,-0.18523375004807943,0.04162697133789983,0.027555155120069764,0.06605002442202626,0.09724591255083319,-0.13144879430449585,2.6865055163701377e-05,7.46021141186859,11.198310694599211,8.380504940876337,4.341158477158119,4.278268760793089,5.81968171286702,4.713446866730793,6.362366763067789,5.414049782312067,5.1796984870293015,5.533623159272825,4.750369149165371,0.004735161817254833,two,/content/speechcommands/two/af405b69_nohash_1.wav,testing,5.0,Kitchen.wav
658,-152.24429018093866,21.804459499506308,13.52763827809614,18.30785312530392,4.531585137607534,-5.644301918448594,-4.804646051917829,-1.1020017243973077,-0.39621402737370137,2.867297011830542,-2.953051719443887,8.167336375450404,0.10738063504686579,59.43424124772057,28.4446140979854,25.29844322689873,17.036171630728337,9.818635391843907,14.330443602253425,14.481422480285735,10.942217123640905,7.686175506228116,8.836898789226009,9.256062935523335,11.143924783623815,0.08841658132975673,-2.9501007977873335,-0.29855955666312906,1.304133417060858,0.1890009613999096,-0.2900885350097851,-0.2944338452958369,-0.25243190145601685,-0.6697300014392792,-0.08559498224951773,-0.09917570878616953,0.6509785898578201,0.8121179371993956,0.0006665452834098569,35.369840021754435,16.604186545941324,11.400497256767848,9.011314406314076,6.079611526579433,7.1303561273886205,6.440141793803948,6.378340248195676,4.018938622431829,4.975332881933601,6.148667691643222,7.394897148335464,0.027055241217871638,0.8373936694664991,-0.4222830066173407,-0.4361953915978051,0.061511333978119906,0.30239698186488456,0.39561690430483093,-0.003370092752104566,0.057298239874976294,0.0025927810268850495,0.2751602186785348,-0.012879161835670002,-0.14555309208266903,-0.0008697775502999624,34.42162717224772,19.75128200611426,7.948600174141087,7.515264951929337,7.217693786698561,8.223751957432308,6.9981250015340395,6.941841776281313,4.654843253037512,5.8655483237193256,9.100987518406976,11.037473665320809,0.017910380708222286,two,/content/speechcommands/two/44260689_nohash_0.wav,testing,5.0,Kitchen.wav
659,-266.0716533185097,26.15937273071024,34.90933465190814,23.554304339166354,17.17311536928178,8.973483430350417,9.733870281484503,3.3560950147185924,3.213583066475917,3.0288804619588254,2.368374026481337,7.655934410719707,0.05582270695595071,104.9751303413241,37.321799373238754,9.429613380761875,17.890497338094733,13.117933881130883,9.30591229971434,7.297744111248396,8.968687218013994,7.7718623173013635,8.08051472975728,7.359665329362607,5.7772642867394515,0.034980065537781616,6.901541465175576,3.552754624333171,-0.2448368037142384,-0.9705172006339075,-0.8307161318459683,-0.8084925690701743,-0.7243131171204441,-1.0028378123873947,-0.873286129387956,-0.33038493556828424,-0.13113105062663924,-0.11249952207258218,0.0013838332266576828,37.35872218818693,13.396668044923366,4.939293725320615,6.614904434247149,6.181992580235858,3.336066845438779,3.9867183854077766,4.496011294980549,5.0214494074445994,4.047498647204098,4.732335707709206,3.938630500376708,0.018082165539684714,-1.5512380180958016,0.05602943455018542,0.1322180215753427,0.44328378684353875,0.09886968898545347,-0.02190489283332866,-0.06997708547218232,-0.05031943596867545,-0.13591542667813364,0.15707709894725902,0.06420962054289153,0.21077697605251242,0.0001629664252201716,35.59656842436274,15.262159728518558,6.347494022506185,7.8886932429951795,7.331864183648997,4.134941238722332,5.851971060193596,6.261377463765646,7.431123169049846,4.821961182640497,5.754578712128852,4.766564559472933,0.020350060878183255,two,/content/speechcommands/two/3c165869_nohash_1.wav,testing,5.0,Kitchen.wav
660,-185.64794676772195,26.031459623635428,17.801845406782583,15.480584287235004,10.197942472981126,4.5211179364376335,7.514705785368842,-0.7592436263977355,-0.6088440460413275,3.586650775004738,-0.01810590899203943,7.80095106919825,0.06414788713057835,54.888857741027174,25.23152895273662,17.062176151861703,12.678597172376213,7.404683372920292,5.8611530280539235,5.420281500314357,11.318800475383162,12.622641500243521,7.958454135706449,10.81069587303389,6.221751033954008,0.05135070128662558,-0.0028926023565881784,0.29481418362546125,0.08189198947310986,0.46437644732709793,0.4526138435810908,0.11337265729378757,0.05167034462461999,-0.09429012758646958,-0.13557710918656846,-0.1290054940434991,-0.04890222743115357,-0.0018430220950771575,-0.0009985622018575668,21.408641644377084,15.09949318756298,9.69391055831449,7.542553294763961,6.648017022807454,5.724530115852029,4.119761503251292,6.661494608775283,6.357167450937377,6.572431752541553,6.699209670242121,4.475795202688246,0.02157461279548897,-0.5766702636590275,0.07064622521963372,0.15181941593163742,0.06343411240698288,0.037174953580036744,0.19916911370807072,0.17055025376222693,0.5223818542952654,0.2452261523241581,0.04811626414097546,-0.20889838676836603,-0.35910872337356303,0.00015072442591190338,19.309013916798527,16.46074676140937,8.61987971700961,7.874058634205877,8.024659790793336,7.695611985849251,4.954608123553929,7.4952537898107785,6.637916659609782,6.889148226333146,7.571082362811453,6.119530268238446,0.015142943208803229,two,/content/speechcommands/two/7192fddc_nohash_2.wav,testing,5.0,Kitchen.wav
661,-266.2860962986755,32.206695417489854,18.030341303683592,26.856633997045478,25.46192145474644,12.64565648086152,4.188871227245489,3.8529181949284226,5.66772246309143,8.11772456025943,3.269327340118847,6.534155427739504,0.04252743232063949,72.18403161958916,32.7665957575411,18.340805703744287,8.856969866843805,6.6166504140841536,8.874524618300006,14.527312744695715,13.80613102142805,5.529246689325535,4.025846089100835,6.108368518733208,6.3988839626449145,0.0193437622789628,-0.04529433540540507,-0.09180405840052255,0.21834605133304857,0.07325441800561426,0.16079976220512557,0.1165039290167594,0.01258077047738539,-0.09324481851572462,0.03738625057623719,-0.222310436493358,-0.332243955409914,-0.4703351401636383,-0.0005969655129217333,21.04434061394352,11.57722396286876,8.501687725898561,6.003234845738433,5.4086611602802295,3.945933043981873,5.583141883698096,4.922646273002069,3.759333597127962,4.137269860648296,3.6560872270524665,2.881758547223788,0.008991260991400376,-0.12007933754658211,0.0082322976028534,-0.09113334299702629,0.029670668882230564,0.17671623073009937,0.27361774800111555,0.025728486752076427,0.15318213547901668,-0.046875265828346065,0.1599622985120396,0.31038642325425647,0.004951619100696651,-3.889724612236023e-05,15.528243255958873,9.762763003903647,8.296277395643543,6.814855474101087,6.748184660239922,3.442631965990176,5.50539508753685,4.827607587590536,4.758733555846083,4.9830855203006506,4.681760547381975,3.7086980296261007,0.006372595961958355,two,/content/speechcommands/two/84d1e469_nohash_1.wav,testing,5.0,Kitchen.wav
662,-213.66171343706898,45.95281630698121,29.534165923434028,2.0586499437257273,8.786257837072629,3.475732104568153,1.5547140290485333,5.072094168851873,7.404535277622923,1.4963054188470182,-5.636713590377771,2.4208986261643486,0.036815957198369095,21.43188905861893,18.822246112493907,7.823567582715879,11.132475493685904,10.77599224363261,7.109164949980348,9.895781634235853,6.6207334172092045,7.031789475099323,6.4270534063919325,8.357331409737943,4.753374454858506,0.011662304406116967,0.2608898257683876,0.12855058497325977,0.1372217617744509,-0.09237955504872598,-0.034225361010289425,0.24477064141523183,0.5820859145553653,0.20875736185557267,-0.21665960147946733,-0.03508935233640804,0.1121899457368404,0.18805500792882754,0.000850100868514606,8.114282962788836,7.356113453627228,5.0949544223310115,4.502456709983943,6.333135071397466,5.3256375046307,5.252878245884396,3.1336201438805733,3.8499164442851037,3.369253585540093,4.600103766880844,4.170833412128803,0.004855365012849514,-0.2290031340912414,-0.3164703429411071,0.025466067380456404,0.20228224769068504,0.067977625894918,-0.00285162134914372,-0.10808804440359492,-0.184491710830212,-0.24208265546563687,-0.22648148059789536,-0.0900499854315488,-0.15983610233462398,4.322702685991923e-05,8.139742244722395,7.465284778945702,6.075047265296032,4.633222587832454,6.471750600716315,6.2094956573609394,5.592095161722519,3.6963980461952177,5.174772696308727,4.3271862376005465,4.552081115959787,4.904749562007345,0.0053536121508908525,two,/content/speechcommands/two/b737ee80_nohash_1.wav,testing,5.0,Kitchen.wav
663,-167.6630901975837,71.42065585999944,-3.839942065086363,-31.092927924997102,10.699639708993864,12.451710135904044,3.764181330300115,2.784808739098688,-2.7197442858230643,1.4682427492714387,-1.3141328973119348,2.1054861348720175,0.05256284837378189,38.567137586217015,24.064350553996043,8.004951393432847,7.986385123906578,6.758059964653303,14.35013650440585,10.8159905388248,6.959762579729296,9.197017073569482,7.645469383314434,5.053662690938626,3.860205737126131,0.03320769366642861,-0.09608155609368124,0.06941984035673722,0.33506620055284314,0.41377594094789155,0.028080521111080614,0.10882715518066907,0.047051334041980676,-0.0656129615374691,-0.03404491435861616,-0.159531169002427,-0.1398024861985973,0.10262540827368216,-0.00019237687510828818,14.680529237070282,9.485657494349889,6.275201556613002,6.1545633563949185,4.948015507716317,8.187973209452325,4.70636107893375,4.236391500523353,4.898402978482555,4.729708588453909,3.38203463110342,3.549546211904205,0.012416567292247301,-0.36037384327175254,0.022306496917114536,0.08896029650832661,0.01775980642871128,-0.03586281321934551,-0.21474814003936485,-0.08998528742873332,0.1283927011355484,0.10968893588809407,0.042033453977559386,0.10535356508016824,0.022969545293093082,0.00010563756028811136,10.229439329122416,8.772006329126379,8.434748359430639,7.043083902639884,5.881931438861079,8.404305809597881,4.337834573798155,5.128150455975351,6.097256380944878,5.474708781612559,4.218672199080065,4.748329567764159,0.010543061523351218,two,/content/speechcommands/two/0c40e715_nohash_0.wav,testing,5.0,Kitchen.wav
664,-191.93732019581446,-6.11960621426439,33.371674662043574,32.89477921283639,11.798969452066515,-7.113498165627209,0.15074874804517446,-3.9136621782892824,1.9766941858962719,2.688741103905469,-5.743213954301043,5.747458220060513,0.07563470565946773,66.18875979972684,43.61543453190666,13.456927478937578,19.302989112510613,8.194020386816018,18.81769249191827,11.434889446816735,16.722135636558033,11.045100042481081,7.966931432348194,11.218519180608675,8.452697763681282,0.052407793288633986,0.7500550434087156,0.7082173133543436,0.15095524708578428,0.23156294012079054,-0.00655827440342919,-0.6709358960511432,-0.5721531375180683,-0.7283983349830646,-0.6548369780882249,-0.501619308434405,-0.5046738752027464,-0.32330706659440944,-0.0013013504926235446,19.98239213733419,17.591117150131378,8.796500807702477,9.269208500919264,6.418387706512794,7.823087982473028,4.932535915338549,5.552033914786726,5.779440774605543,4.345257602544035,3.4323460433276693,5.169021276008985,0.017292714698850454,-1.1887801509544695,-1.0696004243850037,-0.4160097809580495,0.14359487394132486,0.47385487437587415,0.6602815338119844,0.35883894761266055,0.04528797941950972,0.0015362955038289291,-0.08781439906450442,0.07385856373522721,0.12643076771012868,-0.0004460261513789495,18.539416121167513,16.141624209672464,8.645872335268058,8.041864980724469,7.017226700106162,8.226018717998548,6.551742503328903,6.089680365083964,6.392208875304956,4.564952723374647,3.5088699431818537,6.11797479606986,0.014125346586148257,two,/content/speechcommands/two/1093c8e7_nohash_0.wav,testing,5.0,Kitchen.wav
665,-258.8063013822277,23.468669182586424,48.110812400017494,24.63648788056581,10.889144849441054,-10.43909654623265,-5.058695897220387,10.42756304085097,9.384487415362857,8.435358870164093,5.017650379432203,3.409655401664899,0.05611518444493413,65.52285911512374,43.67514203709679,13.276417669471565,15.853565011789229,13.685860495714255,25.154986252112383,18.003995296449304,10.339833244503673,5.268650403856671,7.070791008725302,4.842101667802822,8.018772563295164,0.04616892438788976,2.364293544972722,0.9458620479962797,-0.6346080192446584,-0.8710656681383685,-0.243683732483677,-0.018272554273155595,-0.1726723110100741,-0.6326070593924108,-0.03591566053858993,-0.010454070031505511,-0.3239041616165111,0.1499215673121611,0.00040537875986868335,24.482346189697687,14.309776961463578,7.424117238502191,10.963587445039131,7.125003323207457,8.483891935054963,6.9691645452823066,6.723368482357152,4.5438649815154415,5.37779108467032,3.770069578190031,5.015980328407186,0.014984913296972121,0.9329200858455418,0.4196633184962316,-0.04536346226893286,-0.25123745025370614,0.2039339482686178,0.007318521042925881,0.04641952341404002,-0.31346465554722075,-0.1309349941393858,0.061387168085025375,0.15871179726425844,0.06102084706108008,-0.00014091326544682186,21.559355127885702,12.21215507454747,7.748484507561342,11.212423186519981,8.851900203212113,7.7792941954869335,6.697758238042358,7.2359325683823315,6.146483698574935,7.4929881225192245,5.195011631971117,7.179850369514713,0.011107756697704448,two,/content/speechcommands/two/5e3dde6b_nohash_2.wav,testing,5.0,Kitchen.wav
666,-233.9440646133719,29.951411665679494,30.859739440684415,11.778060649992677,11.06490133121013,8.5702268941615,6.176412128082582,3.3095274775508634,0.2911808894595903,5.316411579959631,7.6844914589985605,9.08030150086708,0.037136456929147243,44.18098728213513,16.207528274042655,20.29884380401158,17.07680364285622,7.021088830319564,11.735088856654478,15.820146375263676,11.035657174233227,5.479503391449585,5.662009181800829,5.140852789086456,4.101317480934018,0.01586818605172037,-1.0846330258800176,0.13195584682706427,0.7081881026346079,0.3801789325199566,0.1470773847255732,0.32213262010422805,-0.17873140140430524,-0.17175474517171466,-0.016309858730513393,0.2798076975989268,0.3495501214357328,0.10655567046599931,0.00010050502755949574,15.842175379090893,9.991513002499538,10.56353465602505,10.986766283383986,6.165927719700769,7.887383729217797,7.967960122439554,5.358432308976671,4.178190605704069,5.417269461717975,4.066347254639746,3.6262853396651424,0.0054093557166214265,0.088420887377679,-0.22780925012780304,-0.08228482934118529,0.04121321960310554,-0.0670279878697048,-0.009290698131114954,0.15864552394190182,-0.016050697926249195,0.08535408758773191,0.1508019652644311,0.08761966540892606,0.09005872856223054,7.224765916665395e-05,11.877553533798693,9.90884271793739,9.523799698004758,9.360035165710832,6.986401787627786,10.004258562649474,8.362883070410552,5.871346977272185,5.194129942975925,6.536593130443785,5.280130157979525,4.813518447304321,0.004348055751503727,two,/content/speechcommands/two/8a325749_nohash_1.wav,testing,5.0,Kitchen.wav
667,-224.67742548131378,33.369930522416716,43.7809501080162,18.19663058865336,10.780478716926481,6.339010133615384,3.529451403431974,-2.4216380913564595,3.8303818156538796,6.0113044091291545,5.096064771143533,4.060597811459815,0.07252871210221201,47.414703969321366,22.9943563439708,7.437442049602714,13.093159933301434,13.999476008890758,16.109481484983057,11.879402685087683,11.136405125063753,8.298546365122426,8.889783229536262,6.880515174406609,4.1961266606015135,0.04138273474358133,0.2626248624443956,-0.20480502489428248,-0.276513582002102,0.08718970699427096,0.15896276637895207,-0.27812041432182294,-0.07421587990718606,-0.1671851834699733,0.17138484071408963,0.16282121481724882,0.18940765730682724,-0.29477275345112375,-0.00032786628411662195,15.878069025033978,9.73818591326736,5.39916733864019,7.395192941616552,6.114616257738364,8.233674789410182,5.9307106467375394,5.708083515905957,5.601192171749872,4.013034842216384,4.226119054448954,3.580893251814421,0.014588112674435324,-0.28653599126911616,-0.18039566138435462,0.02870435990686152,0.19907346105866044,0.11758364701064601,-0.10853208007816267,-0.18219932843974265,0.03126626372120609,0.09649081868649567,-0.09311002707738095,-0.1464698602258928,0.09890347862584661,2.262877921263377e-05,11.16044843064897,9.99295480021877,5.654915168200803,7.419692805619515,6.314380440243966,8.101103854605045,6.557395593788767,6.30381778948803,7.207991350654737,4.38764960139856,5.393283031348509,4.818503821898548,0.009808468889786929,two,/content/speechcommands/two/af7a8296_nohash_2.wav,testing,5.0,Kitchen.wav
668,-245.37732991578093,23.51512451405086,46.72331035512485,20.190636175968805,-2.3866900248340683,6.620430185208635,10.318490050507457,7.720402149463071,7.167188949602158,-0.6804256197617315,4.258945450086621,3.2600170334305987,0.05945702566532418,81.77212394337687,55.1435613307081,29.29790665256432,14.165007467606449,27.845734866234157,10.322115335059749,12.089266249874491,10.663139561790214,6.614008556465757,11.50881165931483,6.246074974917139,11.100889879741722,0.04978393343672117,1.2950418655638563,0.5827989783629207,-0.5779796603939814,-0.9827809035366525,-0.7884610782051548,-0.07039719707648368,0.3760665395514053,0.21451718946103965,-0.2935279233948588,-0.27876106362216607,-0.31694258124765795,-0.35001528020245254,2.626741244908302e-05,31.959385250105136,18.2012018959376,14.982084807816028,8.604760636975106,10.819599308999967,6.38063981814814,6.38055709625061,4.720145897731842,3.518912555918597,6.276043270576882,5.895243955361957,4.821247472456644,0.016792624939641173,-0.9146099371759652,-0.432140257367463,-0.4330302279785042,-0.45457720524025247,0.12512942267424731,0.32536666904995726,0.44704640527853995,0.04428565589628673,-0.016967465109658696,0.011751694821886597,0.059332004679946294,0.09972450904801594,-0.00034976213549574217,34.12896180208517,17.979636955303253,13.775339046923834,9.586334881581813,12.449232112877212,7.381044937610017,6.362013682003403,5.681897285920443,3.4216639444279315,8.315810952199747,8.33784271250123,5.917390099033616,0.00975949048513233,two,/content/speechcommands/two/94de6a6a_nohash_1.wav,testing,5.0,Kitchen.wav
669,-263.0287852033043,29.329127215417518,23.700292594241642,17.081117732041847,6.71418961209768,0.03423688389893631,5.532755806312808,4.644029907247015,1.4601976186385117,1.3722967714257672,3.490587141028466,6.754545149743227,0.03961894987151027,56.854779986520896,37.08535834563568,11.894530911382926,7.099917305587008,13.407526362839835,15.548416987732363,13.260981183448457,10.68523557753165,10.14999500364816,7.475519291781067,5.33122270354989,5.865417159102522,0.028455587710275107,0.077693385008331,-0.1379590806524992,0.32504924175217165,0.4979863780345604,0.8391657432723332,0.29429382389830316,0.07893462812862781,-0.3001767027062942,-0.3833971774264547,-0.14041577010312556,0.3066792573838745,0.49482205245333527,0.0005458436545825773,15.574509644449414,10.488240246279835,6.602362769555828,5.78114343201269,6.077360804854339,6.7903371120875375,5.662573015324358,4.671323615472334,3.7874750989040953,3.9205483079461967,3.6557516132480687,3.787955701894034,0.010301902561879038,-0.1758930040554958,-0.06319623664849337,0.05583986906507121,0.34214399547702434,0.24376512738372955,-0.06922815493000258,0.24864425153918515,0.26492273257842885,-0.0533927062251126,-0.2755775552317319,-0.10650937069850036,0.005378509479662785,0.00012282834698756535,11.732236111393773,9.045769152391356,7.309061891732964,6.598888068148583,6.627715941256056,6.95752032979523,6.125597316645257,5.212789407056472,4.954255070746912,5.613227572281693,5.267437915669502,5.099954329726381,0.00644201109113544,two,/content/speechcommands/two/42beb5eb_nohash_0.wav,testing,5.0,Kitchen.wav
670,-276.75399647123226,10.689326176524366,39.657400774713054,30.218448847844343,17.253792740486176,3.8394169906340547,4.617429592570909,3.6015442388449963,4.909934046348909,3.0974466288916123,1.6707130291404695,4.850191143836399,0.03168014538823627,34.56155718452196,21.480668404210128,10.831103276017084,15.943354883001131,8.988481458017851,11.15030172703742,8.65824565417406,7.9369689488225506,9.307266648624507,9.39237219436666,10.451734204580296,5.994945610666652,0.00995782029283692,-0.9117140395442147,-1.0337002746127648,0.06773702233102089,0.4287178925259505,0.4472301211771648,0.6365462983110576,0.16511844438875597,-0.09770951676406081,-0.0022068638786950394,0.1287019417446185,0.12077168062699754,0.34386157233829034,2.9282404049750298e-05,13.852425466180383,10.964070235475381,6.043071187503498,6.870181998034967,4.402646391958544,6.142100884324171,4.64479138972303,3.4573772637142204,5.222098601914194,4.687754524758851,5.671383028241286,4.34714805817759,0.005602910310304575,-0.24684881085254914,-0.38153316777123847,-0.21030394829167964,0.2579028578979682,0.18434023173307115,-0.08074984500067016,-0.09282993550625497,-0.14992055892954587,0.11370182479886749,0.333557118547054,0.20945513576102695,-0.09395325558534724,-0.00021458733826875686,10.076903105462181,10.193086985311608,8.287771585508604,7.003808733120757,5.337639063932738,5.205990848111774,5.310637533012571,4.064920620509959,5.6688602247572195,5.322391975496708,6.4687982244155915,6.028494563757252,0.003940525069143077,two,/content/speechcommands/two/6b889021_nohash_1.wav,testing,5.0,Kitchen.wav
671,-291.79951124775096,1.593167678344109,52.653941599028855,27.765849793467396,20.26129230239505,11.56241021876126,10.908249358968046,9.396962346576363,7.612341057938949,6.422436146106774,1.5445213235743165,5.805772144837513,0.041807003784924746,20.855662314271534,19.499341724408445,8.5332575159269,7.382582059026583,6.611058058779168,3.5358374699733317,4.525085384588885,5.457973294539869,6.934187150548347,9.595627144754884,9.518599946496506,6.63817607165448,0.013558650189854199,-0.012123538871373013,0.41010710373955445,0.44345353463543025,0.4284093196137729,0.06409220139587325,0.2199406060543938,0.34744942121248407,0.2008262757814751,0.05041350427492303,-0.2035037011514671,-0.16141723130111746,0.02012896484027138,0.0007361202470717892,9.272710364828042,8.638713442624859,4.47393407991708,5.303010314900112,4.522866855160074,3.5637727005548947,3.305655286854852,3.400744759967099,4.4666672223624175,4.692643935759313,4.365919269848355,3.879072504031352,0.0078095362958106465,0.06633036262169298,0.17924174533597992,0.16341760654133328,0.02318715264016878,0.09626563629242604,0.01904211037810833,-0.04523176455511398,0.0317591538732616,-0.12082224057702824,-0.034165353209642764,0.07546365257079683,0.1170842272295312,-9.930115193128586e-05,8.318971683019342,7.823357999973253,4.907990751514156,6.804730349806877,5.64997074792424,5.074481925222701,4.3921206281924,4.201501301380257,5.666250897002347,4.895696208800926,4.2923085728592385,4.820249899656667,0.006107618505836584,two,/content/speechcommands/two/e9901cf0_nohash_0.wav,testing,5.0,Kitchen.wav
672,-263.60557976370785,52.562586072510875,25.312413493369817,20.47387763576964,13.642856194764867,2.903914638276642,4.7372126977943205,7.27100299069462,6.8893317290422225,3.2702679188417845,0.2663189596017693,6.303164257375846,0.037708025600295514,45.31119478093865,29.053282593065717,16.5530204792971,7.17607130267574,11.939405261990954,6.177522064383049,8.371441167451549,7.262176182101788,7.844654548068574,8.357062997669676,12.362964994607621,10.26841450397307,0.018288067680899703,1.063942629690429,0.567474182828575,0.07358355605062768,0.08291112204557678,-0.11258389959246042,-0.051512819982282826,-0.03754575880770241,-0.28740696563119494,-0.39840197217316636,-0.2291164796989983,-0.04486467493119951,-0.21855218383248248,-3.6967317423512856e-05,19.206766301797465,14.834017548577487,10.1179624208128,5.6568078290542,8.792014439987998,4.562065613225413,5.377273484520396,5.284024785053533,4.960838399939531,4.986019207353722,5.527973599948146,6.696349850857267,0.007645793558653697,-0.540219847005711,-0.15010320640573874,-0.2141955817375168,-0.2388196863910742,0.4500324886650219,0.23116830917826897,-0.05689053864064668,0.04651940795719156,0.16132808627903703,0.1314604505180418,0.13522278053309342,0.1248958563786946,-0.0002720622966686885,20.702448777817025,13.986176880130131,10.569781565267483,6.690399720480873,8.410479508896739,5.673248266723804,5.958313953867214,5.459139203922001,4.581796233320092,6.245449878870905,5.908755952119268,7.288919658090121,0.005285133242426365,two,/content/speechcommands/two/8ec6dab6_nohash_1.wav,testing,5.0,Kitchen.wav
673,-232.3455755490425,27.86263000935606,35.05906692621489,13.451813950931376,11.283836327859344,3.0322412723488323,9.255016222805603,4.818289959323848,-0.9766706898909812,2.280410845354838,3.089334232804986,4.299627021127451,0.08152025565505028,91.09938262551951,51.21840673631673,18.259977608115626,12.814835455528502,14.016860924070098,9.504320496184611,6.608515124195327,11.149399827732124,21.394522710910273,11.808410410971645,5.8427534464399375,7.5767652961226455,0.07320268159016195,0.06079631419735994,0.2556206068156906,0.33069957312932724,0.2219181249139729,0.2750572663432055,0.022967255636460276,-0.10748153950515252,-0.13267304320318954,-0.22257469875206629,-0.07486020919303021,-0.03873256868542834,-0.008893880260084261,-5.196431471455482e-05,42.46597351975293,20.19524350497042,12.166928994170133,7.806643363345889,7.655563820305289,5.217506687627928,4.021568849817857,5.379819387445452,7.787988744703775,5.7086187031353,4.708203526978403,4.618817217654209,0.031328731452082405,0.12520768432225207,0.003999661292549206,0.235705738823239,0.48728826333419223,0.36737424989391204,0.08897114335128364,-0.021333763078696263,0.020564161820946107,0.10666293617380855,0.1536530633410816,0.1955545981696653,0.12986860088351795,-9.954373041788737e-05,30.984344932731386,15.992217620160499,14.531410432733832,8.104370246653785,6.515012948928486,5.608785933040792,4.363460469828546,6.56194917562984,5.0709601322821864,5.717927547139708,6.198427715740676,5.580425886080647,0.020484351097926717,two,/content/speechcommands/two/563aa4e6_nohash_2.wav,testing,5.0,Kitchen.wav
674,-135.47626241699618,52.06956432919406,14.994964378095904,-2.8523064373039584,-10.148768779954256,2.328395162403318,1.1372889486365754,-10.245784513864542,-9.995970262496225,2.374539453605867,2.0610089677253396,3.4953241478199844,0.19931694451952353,95.80584428372335,66.31860678110425,39.454726565231994,30.057138331230725,23.030913880928644,19.609288347999858,13.302068266460758,21.459513149478965,18.771049568060953,13.661226629824728,8.260360466789713,15.643773608965299,0.12902546798125755,0.6506812433441529,0.8501587206643345,0.1203922610054507,-0.15839299423342643,0.08955361280024643,0.29690184776431244,0.06085743096846102,-0.44598317989559993,-0.8303160820826149,-0.3791587073930976,0.003076435611431134,0.1603484107756087,0.0012467016255663288,35.677611623041216,21.31240193946758,14.961903077567122,15.708580517199842,11.760194665657444,9.357837920083172,8.227297206969954,10.601913314199724,8.983028356195186,7.302898394717161,7.107124051483884,8.446901009588158,0.03619703422692975,-2.2062862294289283,-1.6194002768141225,0.24079552388414574,0.9391343256032211,0.5107362154223847,0.19965517480582332,0.5474754579936997,0.699469608474844,0.4429705453824705,-0.12481869904758416,-0.08026054326593177,0.26927098709509373,-0.0005232668792208036,34.31015583753985,17.371287643341145,14.897938178411216,17.23233705728715,10.422225472402722,9.188054843572765,10.45906590876179,10.520931824965434,8.304425555744588,7.681854879353493,8.760288435636944,9.330169047046184,0.03543115280515647,two,/content/speechcommands/two/44715c1c_nohash_0.wav,testing,5.0,Kitchen.wav
675,-334.79115269919157,10.867216653500222,33.02814308127428,29.881131088783032,25.16692928727023,15.783576981270738,13.568007561874673,11.306487846455443,11.972602728492866,10.513846133499493,4.402066995688024,6.2068066561262025,0.03490931916167028,14.833142854196916,9.908253103262318,11.622557002594052,9.666357954184862,4.152123115208655,3.17255188338338,5.6708598749446635,4.320111325876445,4.872973251669654,5.410578950597149,6.40273143710617,5.611428663727403,0.009544675592616274,0.4100536189263853,-0.0723065722805951,-0.6259277929568826,-0.44717897642943055,0.1703805676069623,-0.034028273925801066,-0.489389749189978,0.03594614721036708,0.3321636587421087,0.21932115681354183,-0.057359402387909424,-0.2569441830357246,-1.8938534682796848e-05,8.287227402364694,5.72767629427616,5.219135619411823,4.460771487568023,3.474069151697735,2.713459239207203,4.546409200899015,2.9410715448472478,3.3063847679784044,3.5331881869464734,3.3324427530930816,2.8000056136854634,0.005491982737018708,-0.6400686742411626,0.17349105053108593,0.37330418259682835,0.2648250061779427,0.06648742193391328,0.062154664887834464,0.5266786603036911,0.06306412156393204,-0.16232763056970695,0.004087855836672875,0.16185734434323776,0.10136917342249928,1.5867004791895548e-05,7.1649669232794615,6.019073388370951,5.5228484007184795,4.341203379690886,4.486617968461484,4.032536683456184,5.357511793744836,3.499464284513218,4.093697657517085,4.3172706994811865,3.9134001055627206,3.326823101187721,0.004808217840419136,two,/content/speechcommands/two/3ff840aa_nohash_2.wav,testing,5.0,Kitchen.wav
676,-240.71326375982153,28.37668533269609,19.62680123012119,16.348245386534064,13.900505064137779,5.120288406626521,2.549747409672952,8.348834980914813,0.824509107490403,6.578316741419451,4.608451105671166,6.680138066306065,0.04766158008715138,63.16055008245265,22.853526302740683,21.247049869528226,13.009367871023692,12.749958579648235,14.889803719212704,12.202608350920501,10.76587359849292,13.289413553872663,6.428418044172539,6.980581728611685,5.396731901832348,0.03122289967691627,-0.3782118429274694,-0.17745781895519225,0.28263102697693243,0.31796965127505555,0.1776339160679416,0.22329884159994862,-0.03395979723708871,0.019831479757960315,0.058672942280419645,0.14498122125194635,-0.086880649042329,0.09007361839140585,-0.0003433789937726913,22.70832707420035,13.609569997538866,11.719026553757358,7.998869404561989,8.241177607533599,8.094672807845852,5.868680770009632,6.991149577636519,6.063700337406747,5.127662454733148,4.470375470321797,4.200725553924346,0.009448386761034712,-0.6872425745305331,-0.5614013683705147,0.14071559334788547,0.20679779094120634,-0.06946078987134818,-0.09639104015487494,0.06972445467485813,0.10795910214469948,-0.1271420054655637,-0.10546798427379826,0.13062276313151108,0.12152809910195632,0.00019091305633385977,22.286141866204574,13.905902042003657,11.671116916755892,9.281790359467854,8.458968583438901,8.89929253078247,7.197726956979598,7.223411970560331,6.133724930750219,6.405186361982831,4.126936839577927,5.79427529542601,0.0069606087077201464,two,/content/speechcommands/two/50033893_nohash_1.wav,testing,5.0,Kitchen.wav
677,-290.07378778496627,32.84627403443761,40.99746630762752,23.19510762792908,17.992393429314667,5.471333122155209,9.107403246336673,8.916536109420306,6.7395208198475,3.311252935697709,0.6722159830529537,7.94968461300314,0.05281628301599994,61.4246467483411,48.39800522664624,20.3105916468124,8.709985020256724,15.404985574587952,8.949840445756596,7.382859142223504,8.968262180073257,11.901723380903643,8.368570497714309,9.199497882712956,12.972584883246146,0.03526573291493168,-0.06227436099128307,-0.17532103566521492,0.10033148093520958,-0.3835078062428927,-0.37693548224597184,0.2991222007600888,0.3897283889565219,-0.3276269091321325,-0.1836689803507943,-0.2005025353519547,-0.2739904472045751,-0.5823304351412372,-0.0003934185351094892,30.505778042139703,20.487972337181727,10.56285282394881,5.1291560895931605,7.920906365289347,5.36683325834899,6.225154963480239,6.6971622293813144,7.067810967308456,4.3204563600001595,4.342284091142983,6.56494067738058,0.014560793630843524,-0.29178297605973474,-0.3052030681433827,-0.22842827640383695,0.2037350740002463,0.3514538379314487,0.07161298816709086,-0.246871049145413,-0.09268232899118006,0.14807877444086442,-0.20807008768149515,0.018444411193454954,0.1719034965401449,-0.00015564790616432825,30.570025592864916,20.442492319482692,8.938326854276289,5.6126742440312665,8.343799159961861,6.572438577373557,8.543339604055364,8.37084322114161,9.05447466191436,4.2818433794031465,4.1855220478789095,9.358874204624296,0.011927014811520725,two,/content/speechcommands/two/c22d3f18_nohash_4.wav,testing,5.0,Kitchen.wav
678,-282.7160192714803,-12.837440900208684,43.3419298350839,32.5916700424458,25.302599111677466,15.524152206100892,10.019918099016433,6.928871603332352,5.053929589594528,3.730768361547959,1.6028233786430917,7.081129368926118,0.04877539607696235,49.24253083162116,34.598688224211216,10.97552478293561,10.587304436676355,10.595986469958673,7.977739198350499,11.224538441999124,9.488424867693654,10.276813828769452,10.668659992657805,11.43370840745363,7.538149169650297,0.01445225747133107,0.08542010169084381,-0.007230214331727554,0.03420362064811331,-0.19738414707853105,-0.1827967277158384,-0.09586132248405159,0.02614120299527885,0.07369453966190632,-0.04919299852832975,-0.16212454437066043,-0.2392868134236466,-0.0059419255756730256,0.001014446178751607,16.122778465654836,14.0702498182677,7.256607896361727,6.048505515941238,6.877803345036096,6.302179323174544,6.0814775112596875,4.8226324720462905,5.036512244645697,4.595780148990113,6.603031088946642,4.233921162747268,0.006630363825365637,-0.665841893898418,-0.4776621261652179,-0.41484492673075857,-0.30231705851972435,0.02988172366187101,-0.1386180693315576,-0.19732058795772905,0.10136451260002784,0.01659586578270827,-0.04622564872245979,0.15800342401624898,0.28059982909193143,-4.0986016392707826e-05,9.818401629164894,13.040194774883993,7.405144447745495,5.6917926522012054,6.808649264647063,6.740243025073129,6.091762038993661,5.268344840038674,5.5072024482382025,5.278654748038037,7.631631078294394,4.939565585389016,0.004879997305535527,two,/content/speechcommands/two/105a0eea_nohash_1.wav,testing,5.0,Kitchen.wav
679,-234.37852981097558,0.06547865028935473,5.49033937577632,7.262452954976846,9.752256087648938,10.471250479254318,20.644455349451334,11.908488736120631,5.149826118781875,2.0230851086339734,11.261554951612816,19.137282864291333,0.04077348380815238,47.46736289506987,12.222735416258601,17.006591058806976,12.13144803100046,10.43544491917207,9.943059942824997,7.5903543542512235,6.176984212464593,6.688556828362621,6.401819312672931,4.7448130562564845,6.729838023202197,0.010267448483219066,1.3895072672528321,0.47553000971617393,-1.131503987069372,-1.2769608904105136,-0.8560767795567457,0.12481970579488869,0.41322153232398007,-0.009229183437985436,-0.4240634339690302,-0.115567900973053,0.09556326507153266,-0.05816472902041903,-0.0009869061891109713,26.18107016324287,7.306806607348644,8.695700927029854,5.724028582432802,5.15935770452132,6.297459165998966,3.3864605341937857,3.707594707617174,3.8083732644636634,4.653220610294268,3.699411689190858,4.285807938830178,0.0066480049682656585,-0.5985672132404868,0.0635659089203242,0.09477325271185043,-0.12295922059674412,0.16838895935215792,-0.027521285660751477,-0.15242930544752997,0.05347326818811429,0.08975093358114279,0.04378983481155041,-0.05209121550003708,0.02627600406558533,9.834865729014079e-05,25.64452026949025,8.392549910219298,11.200462903363006,7.206814285687582,5.357976360011118,6.843020177783769,3.646869518875539,4.17375311062656,4.362127438751968,5.384747012790354,5.3747740713279475,4.737894258496684,0.006043473139090873,two,/content/speechcommands/two/91223b83_nohash_0.wav,testing,5.0,Kitchen.wav
680,-260.93576897404233,2.4098350530702515,27.890438972989585,19.256131566918476,17.775051889044985,10.073702579097805,4.7303937312140425,6.121805114781947,10.26583379810491,0.21921936301823153,3.8635588650960546,9.679060663535317,0.039522692328318954,62.32633818543885,22.97573788903593,8.671993391266428,21.81492188838583,9.927489278552498,8.19189248359107,10.338333716612652,10.163002532137112,6.340677066420009,11.425870728411883,9.917364582702353,6.695327348795698,0.008301688674672871,-3.104686143915312,-1.282605743722573,0.7821820565304761,1.4919810942658185,0.6904833929623848,-0.011431024436506064,0.5249509547322649,0.377447328715067,0.2871696931385996,0.21165426646999247,-0.045883483674365656,0.00012270771514564667,0.0005603126220164761,21.842199591269456,11.676087517466316,6.2798959860967845,7.37733813120545,6.73280204275321,5.500550295195089,4.801607567722893,4.361725800829758,4.100889474042092,4.526845292968566,4.568793200496265,5.234282270057245,0.002680092019539549,-0.20678268468859073,-0.08185039501583476,0.08272904574389711,-0.09503815934227362,-0.10819165286248396,0.0034420349005804597,0.1894679647680965,0.09695207286223753,-0.06459835601113575,0.058986862715407214,0.25373149110357907,-0.10839237871545186,6.029965976874034e-05,16.997727886103252,10.93178504207663,7.288744596866718,7.278246344892368,7.167592118411706,6.0643727687978854,5.393645377423156,4.7420686978073725,5.26837268089499,4.4509032627076035,5.161007985222226,6.15415790147257,0.002263400281210955,two,/content/speechcommands/two/6b889021_nohash_0.wav,testing,5.0,Kitchen.wav
681,-203.68840490150802,15.881963647021863,31.370152781838918,21.473852249197936,8.234158941286873,-0.8433180907403555,-3.3144953070006946,-1.718026493902333,0.8400505774373457,0.24592061428807988,-9.275779926640137,7.918223953994899,0.11229887936497107,103.83143294175815,73.64006429371737,20.89180208496998,18.117366103596098,14.178370458481737,16.54716127039416,20.483328537254906,19.64701141678827,16.261100289675785,16.883774403292776,14.252599045589765,10.284270396894623,0.10961344606022123,0.935075757939697,0.7226496596822365,-0.16036332717455254,-0.6329731368380022,-0.2288601672324065,0.09572131527055149,-0.0544272057368571,-0.3392379897889165,-0.1801482737984101,-0.6169983232633235,-0.0552262309856816,-0.168070783074354,-0.0005383161046812611,28.18661991185937,23.098401811124432,13.264319462157202,11.548229230217391,7.861318146312155,5.9509415000761425,7.9913266519836,8.265076892328933,6.914204963577088,6.62611843344641,6.055272793244597,6.278035328988803,0.03524403358778747,0.07979789640524095,0.2690460259204599,0.26619993251073265,0.111355643751367,0.2584420981160093,0.03347714858078457,-0.2896698015940607,-0.1543810791434298,-0.04388193253099259,-0.07944719524784848,-0.07908429810255758,0.059275758071298,7.264117399851481e-05,19.343529335322454,16.403759020362475,17.348003814895538,14.906246152672635,8.752377913629754,7.095329235154725,8.601501987487543,8.259345865949342,9.197393229086112,7.212098977137852,7.029987667291642,6.446873664711302,0.02232587640304017,two,/content/speechcommands/two/5f814c23_nohash_0.wav,testing,5.0,Kitchen.wav
682,-185.46055736732072,42.57467670300578,39.93224046894485,15.901050235222044,8.707869042969975,8.745545460287046,3.290190686289369,-2.501786177142451,0.9183366861932859,5.359515891758267,-0.519691398319069,1.6205055356571605,0.08216794923646376,66.14132767273075,32.78302773025233,18.35832510922717,12.54021784629765,11.03572367549158,6.614515348831028,11.642508119310069,16.148698382625188,12.916805177863118,11.646025994952353,10.05054693807909,8.747068241635631,0.06548774409416905,-0.18120283498415707,1.249512827957687,-1.5103096100772093,-0.9984690675850112,0.31407384526744564,-0.2419523281209213,0.5256817684541315,0.9169039712719741,0.4684276960599874,0.1086467687588998,0.2091449049563696,-0.6250770375780794,-0.001065398416211528,33.63282580097829,17.74232015889109,10.514127618180883,6.8214453055763755,8.03585013265528,6.2027849883011985,5.0029940658547805,5.9501054935594695,5.578178759609144,6.380104392502495,5.366008546938951,5.070712677120457,0.021609016058691977,-0.8268536928493381,-0.17805989133256972,0.15309586837596928,-0.4056817650516384,-0.4067650501436277,-0.2049421664602301,-0.21593767103898368,-0.20951857797838536,0.10027749386102673,0.5005977497101656,0.5121292838288157,0.34842684524429063,-0.001844095935424169,35.471978570170535,17.871667077664,10.761371936998902,7.56266246982388,8.802495408930232,8.375339924763137,5.656804314903148,6.475185618450279,6.246707021204339,6.621067086836134,5.546414819702772,6.084357184261037,0.013899469585615339,two,/content/speechcommands/two/80c45ed6_nohash_0.wav,testing,5.0,Kitchen.wav
683,-280.90562334762456,-9.37818043475236,40.679977324181834,32.283224313711514,21.40148921753623,5.146506848632027,5.5823520011557095,6.441243813871005,6.1677629763571,10.325159686421873,3.356809389398665,4.443656513251957,0.03219625120982528,49.84285016436861,24.64443899895087,12.02777053935615,6.27754238194979,5.5541685916180015,12.066906124722188,13.720604810343472,8.210429314292927,10.038774682833182,5.026951328511814,7.079223371589999,9.983866350786124,0.008537126750164839,0.3083375942319655,0.9039376462153483,0.9497822705021746,0.5132849878510951,0.16928023626249902,0.11140380096578878,-0.22499820840818974,-0.7382481695246116,-0.4118998771023192,-0.7457838003551784,-0.38844219503360444,-0.6353617964214912,-0.0006367230126934667,15.822054585264626,9.310491213004784,6.507974986250935,2.8628944304655497,4.142535562752345,5.170810930093821,6.044998685468529,2.736317349457726,3.842787974507435,3.184340318845041,2.8187610950249327,3.9783608476428505,0.005314139504436067,-0.6582106415988638,-0.42112412153535933,0.03194926481681506,0.08907286183761336,0.2692143516725113,0.3255726386618182,0.20163437354555044,0.08968890860298702,-0.04490412330583782,-0.09343369166037334,0.10658395475276684,0.3606449817769943,5.798538525899251e-06,10.036436685368534,9.368242677060554,6.4976561423784585,4.170728374469473,5.173204569729783,5.2759572698875825,6.572324763211362,4.028277806460688,4.5215249418860335,4.230162416212451,3.6056771459318306,4.607964659948701,0.0037373519902256756,two,/content/speechcommands/two/d5ca80c6_nohash_1.wav,testing,5.0,Kitchen.wav
684,-239.97300114984193,35.002362190306634,21.900785679655435,25.62393184811348,11.59025253542821,2.139519864803654,-3.572691590187798,5.356334101889582,0.3739616579573863,8.5850980425388,6.760621832856588,2.427330695542777,0.06906134251039475,73.01839715206393,45.338865839123905,21.115450063475414,19.288327742594838,11.48567685698268,15.929552442224178,14.786901062853358,11.925955336154725,15.861896581257854,11.32765381290651,10.51530687068908,12.941738059064587,0.05645551794768845,0.566352532069778,0.05213593720473532,-0.917695735689224,-0.6256294021224631,-0.07590358610007834,0.3887698888624447,0.30988673743089684,0.27553566395275175,-0.023778833875025135,0.19735399232465445,-0.14901847442723515,-0.41708307798578537,-0.0003069418091927805,36.20418765089072,21.00136110165675,13.86406483354154,9.341638849110963,7.799179372726852,8.93661765686146,9.943437283387217,8.420667679386407,6.0744541511900545,5.611906580082475,5.731670706502532,6.167634455449193,0.017615907555279857,-1.0636558772840998,-0.1265563605453855,0.20827008331564625,0.1618064055842412,0.3414205193828452,0.2271817019499212,0.30448337458984603,0.12723780556515354,0.02181182768157542,0.08441801085552024,-0.08710879626188224,-0.0061390639065741935,-7.982676227887471e-05,33.56194275217101,19.26122552799178,15.774008696551714,8.533512571438813,7.965868172834793,8.6738088386037,11.975116224564273,9.87605615622043,6.84077135883733,6.0346952046065025,8.268814238130773,6.41338911238096,0.01601507802555777,two,/content/speechcommands/two/b83c1acf_nohash_2.wav,testing,5.0,Kitchen.wav
685,-230.8091437881247,37.41655258377051,37.78609696279595,16.838664007654046,8.820697168735784,2.608107153024902,1.4043651716618277,-2.934474607641273,1.2540464136101448,5.449302604556719,3.655915165724353,1.939061926185955,0.05854076793184504,51.25189982967604,21.21158511672722,8.049833768801408,13.393846151947542,13.956148942502676,20.64918659600815,12.653730793078145,7.690871519616815,5.916453254748398,7.258132953341706,5.537296647931681,5.136801190814265,0.03875501731698198,0.06292074377457142,-0.25865953619742044,0.25260337577014863,0.26380389151616157,-0.03853668403205628,0.07476447084465296,0.13860245457175793,0.03703344808944474,0.10089480242037904,0.17538267177352446,0.3259580038447352,0.06198100350260451,0.0005421482266918306,17.683261753830237,9.062884369229165,5.50324734297648,6.625431354214567,6.6533570142890595,9.690322035229125,5.193605370921845,4.27667953733502,3.0656901079992243,3.8188936642708806,4.554925267497008,3.894952917259676,0.017635319018965562,-0.5984603142436943,-0.062185354660545165,0.2510792805668511,-0.03618187155165824,0.09106314518737536,-0.09872138261246868,0.18892241004984728,-0.021833484405778782,0.07919744720287812,0.20242999822862348,0.20854471793076268,0.016506192451202186,0.0002790136883656184,11.044660213021654,7.264697022742735,5.704490099958522,6.305601121175144,6.334175904045378,8.37099272178314,3.9507487456061097,4.839652603853777,3.911118704810797,4.53329485462381,5.532409271475995,5.092926714278147,0.018191046068349426,two,/content/speechcommands/two/af7a8296_nohash_0.wav,testing,5.0,Kitchen.wav
686,-300.32893451519476,32.32029664510955,37.20190927017106,27.012637941682403,20.853273196921574,11.35042997230888,6.047802824860365,4.417526710666095,7.865593121892109,7.324706900855407,3.9971882607330893,8.590532281345773,0.03946138507333295,49.040720690715624,38.07001615702958,7.861679892345058,5.4770322196055625,6.585166240991971,9.006842454779946,13.080629420649965,13.466223956931845,11.085774355846393,6.103879790789473,7.514780745466931,7.350793964124695,0.01106446215402859,2.8464846940458304,3.356576423176894,1.0389118959037038,-0.6023075958655634,-0.717179096667717,-0.31811019433234894,-0.5022527356294411,-1.091327337038079,-1.223367283127868,-0.20622116961227607,0.1415860118119725,0.07845876448086031,-0.0004798828491142818,12.52539816110049,10.675782181153396,7.452957671768761,4.325136490382322,5.0964899401825585,5.318681844051199,4.936594529316689,4.008262034919825,4.09565845640159,4.2050165323587,4.9100880268713585,4.7703175128965665,0.0062308921992316624,-1.1926866885689476,-0.4050789533919162,0.9117247838459471,0.3046621671439741,-0.4772900991240816,0.029177008661985648,0.33861065761988807,0.4077007428552865,0.11343489743427015,-0.419996159401777,-0.2505851319459974,0.2600741977513977,-5.061000033661171e-05,9.606639492407597,10.614054384239372,7.782852428638789,5.945003053560118,5.034629326012699,5.541068808837377,4.849000945459656,4.944944920681402,5.3044167733692005,4.879261840372079,5.357095590187444,4.7517887764596525,0.005028530859670815,two,/content/speechcommands/two/0ea0e2f4_nohash_1.wav,testing,5.0,Kitchen.wav
687,-222.59198576090444,15.909349506739693,37.356010549254236,31.382065463745523,30.099790807901176,8.708137612023902,4.123694141728936,10.255687358451002,6.368040543623455,1.142169680412486,2.5385517634553314,9.144101278207161,0.04320631556860779,48.51825212739653,21.454235549085226,9.261533863964312,15.961122963189291,13.495458073222812,14.245697546063317,14.491409076314042,7.616727452784247,6.074365843631537,10.710441293405514,7.1639944158932805,5.923919944360609,0.022624985113953847,1.8401447600846565,0.9148832639203196,0.7105282159626062,0.6601909879004905,0.3942697969394677,0.5781533054247737,0.05809232019057153,-0.11791776258137278,-0.2655123186579147,-0.31279324012748694,-0.2208497462382441,-0.17607959858233133,0.0008747757158496163,17.332826495027557,11.325969727069953,7.812233357067493,9.615952880501045,9.243664017264125,7.508741388944571,7.530208161022402,5.004769723828792,3.923655968352074,4.415847632198434,3.260233446003452,4.6272617937586755,0.0072545813276404065,-0.7212385195354776,-0.12495601997830501,0.6820475710819675,0.3930832013539436,0.2535395970747871,-0.022570050311751612,0.4489931442153421,0.1675747622267586,0.04647019516129468,0.21176619449873865,0.14377494232935714,0.054969875066478865,-0.0004899149671906517,17.562889173169882,11.69249398018285,9.320256122463583,9.46112452519139,9.326569859256391,6.516450241148511,8.356387577268789,5.81063911332996,5.512937203824103,4.589939785471193,3.5030573108622725,5.857875225460036,0.004450676312943562,two,/content/speechcommands/two/9d171fee_nohash_1.wav,testing,5.0,Kitchen.wav
688,-209.23419940160085,45.96773013093837,35.866649360750564,12.993240376883996,9.707827813143993,-1.0985728887961015,2.672038723199622,8.784951848144352,0.8845736842058716,-1.2354188147720824,3.582616887255487,2.956965326535035,0.07682774442946538,73.65250652556526,44.07238563240964,20.626705687556765,17.39063367585882,11.72044473029605,14.429294927337098,13.979828771122524,9.833061472100576,9.247760031154511,10.984497107045492,8.337867303276447,7.271592498365967,0.050468185708363374,-0.13104711526179175,-0.24530950211835117,-0.12703261246828665,-0.23630188038590114,0.13323852518270268,0.36575211892575704,-0.0018978674084149105,0.09886096207389616,0.11424134230252136,-0.20978512050213943,-0.49502453849833833,-0.2624221212127381,-0.0002385120718709884,39.83612740029,23.2262877647728,12.69797138268666,10.517538336003469,8.239844299271384,7.947302598684771,5.948420709588951,6.924997374384781,5.002356128021735,6.062936733998145,5.826946780535144,4.245834106228294,0.0234171658126065,-0.25466020209908985,-0.10274973150912245,0.25496394969428665,0.38019409511240276,0.2535722629779768,-0.08670181133062502,-0.33209400044382986,-0.09229992314075623,0.029267820953370105,0.22170026040189794,-0.16058308738625057,-0.16336704540799749,-1.8100254237651825e-05,39.28852918509871,22.634028886219625,13.522944678561096,11.897484642916767,10.2200854052839,8.29565479464587,5.9950142135058515,8.971025272187472,5.6153583089387995,7.339202628575232,7.766292345708299,5.101029952690825,0.01998405758374941,two,/content/speechcommands/two/692a88e6_nohash_3.wav,testing,5.0,Kitchen.wav
689,-202.76070521557904,16.894523505312254,34.54590543450035,24.113087335369258,12.399009917216052,2.6429914702583486,6.330962026064318,6.95809178184623,7.915457824173117,-1.9298399560031552,-7.586161533221828,-1.046253807236606,0.08537659485591576,44.11107394900284,33.831654424258,17.381940980371468,18.065240299070823,7.976853848273166,7.758010880160859,13.59078910784617,11.819773847519254,11.089988109642592,12.788505202781892,12.701582733672613,7.5674926719141915,0.0633132968802443,0.31134303483327225,0.44934847583048715,-0.10400305718868481,-0.25208112824739437,-0.07782528142388286,-0.06373515996342123,0.0381879983554893,0.10819695684605755,0.34011452271913634,0.20662606975106115,-0.016322809167576453,-0.2145651133636096,0.0005298626398847949,15.625834404067477,12.300436436003286,7.597722008453381,8.124663917186906,7.057873997364974,5.224311349531237,6.397375652717664,4.768703392830051,6.250880434714287,6.244434455965245,5.189598585359304,3.923152631199395,0.01809945928363594,-0.23923023570937593,0.09292188899868374,0.12395969057998064,0.277049683831833,0.051955394617193264,-0.14116857740679836,-0.008432752058339096,0.06733075945563964,0.013087359973114351,0.24976595782519975,0.3121884539353078,-0.05200290301461912,-2.7932847539583843e-05,12.437394954678043,12.893528488347117,9.760926032031506,8.277327254070574,8.976978547676056,6.2526696661430385,6.434878223651134,5.841951557663605,7.4045956383404885,6.259360223898015,4.852203897698916,5.192457200676054,0.013401983487202555,two,/content/speechcommands/two/b49caed3_nohash_0.wav,testing,5.0,Kitchen.wav
690,-294.2571136334467,-23.613124771740544,37.500903212032256,27.923003818739204,20.380253955142308,12.846890080424835,14.07745436437999,11.165636402824317,9.843503053033722,9.740145331388263,5.9671502786573045,7.78173379863672,0.04193852166645229,37.414628382897284,17.16238626335931,12.240739892226259,11.745685999766055,5.9181512649192625,7.273604687532356,7.812263193213,5.3142825516563885,5.262316513629349,4.465026963740247,4.244330783468354,8.289378612492047,0.01296782089135633,-0.49835097911504855,0.08147695623965982,0.13418006053699208,-0.08423023428693627,-0.0437746638182619,0.2521008711877187,0.1534129215989304,0.018473083940612065,-0.15630444144062483,-0.1111439882328274,-0.2826927962664381,-0.13303340456395504,2.3136696507853847e-05,14.403774419523211,9.928471305080922,9.435739027043068,8.423276661562694,5.612052034554627,6.664822517456679,4.2954163318825,4.581372926347351,5.194014176881685,3.478762130756901,3.786906836308999,4.308388149604785,0.0073911863691912385,-0.27202221879571575,0.13159930394075173,0.2109039893475431,0.03544362314572685,0.013764481378964117,0.4452158205315185,0.20169676369767864,0.12248120593087469,0.045174598068381935,0.020060388314057796,-0.024174574023289885,-0.04332045041220134,7.989145815372467e-05,10.395370563884592,11.30392177389081,9.518409424270907,8.276606104145968,7.3547052685737455,8.247566296478388,5.287187802998458,6.158286106190464,6.796359937526121,4.496818911446825,5.372257305210416,4.343459006492859,0.006175077898260142,two,/content/speechcommands/two/6f689791_nohash_0.wav,testing,5.0,Kitchen.wav
691,-273.61149029387855,-4.987299979283692,36.45561977436169,35.353200319176075,21.000301750460633,13.622100989163982,13.776234056758321,7.858670801307532,10.941505557188515,6.5084130004747065,2.4587671147227677,8.797030700328838,0.04154562554322183,66.60479813374779,30.387904833045294,15.49752359798952,21.8193938526656,13.63295733103938,8.016113321597633,7.375749051901628,10.384713816093228,6.352951265448676,8.319689490522348,10.136952054547741,7.0722235019184305,0.02102001088223747,-0.38444029330822427,0.21434800512037563,0.09152230157011518,-0.17762669012166585,0.07612100568706233,-0.20693876879588027,0.0874290323369178,0.17705507654384045,-0.22157096871963428,-0.5072448439787006,-0.1129024183490261,0.16797064187344024,-0.0004321815025421881,33.32220594618653,10.96607356380497,10.030485913536335,12.065190399025825,11.57906845507283,7.333320265196584,6.193306798199817,5.866336462403743,5.205244763499951,3.303150522538902,6.923308150983737,5.173959218278724,0.010808869776631131,-0.28835143717490863,0.3129654771762961,0.13387056400165692,0.1279445579733314,-0.05133776232421017,0.27287042118994814,0.3221120407544521,0.25549508964350676,0.20604512360374597,0.00276899319393545,0.18469095038349023,0.05596703905375087,7.775146514177322e-05,36.967422870201915,9.54032184509097,13.422867344673783,12.132609336492413,13.412215136335197,9.22571114318076,7.353355333366439,6.649667234238594,6.625365696901654,4.611720673765176,8.498514925464466,6.2435515448194145,0.011062064890873335,two,/content/speechcommands/two/37dca74f_nohash_4.wav,testing,5.0,Kitchen.wav
692,-272.7682334034898,-6.8521288829397635,34.58762159626526,25.428391591797798,20.962122740697563,10.16622830687922,13.11229774155181,9.907127545196776,5.648619970792633,6.633898927052575,4.684089269444434,6.281605391947297,0.05450572428526357,63.0481114246623,45.178727635391546,17.232165389791,9.75371123835327,8.085838350851038,10.49847263624913,9.333729653624914,12.080529316276989,15.183107354496837,10.271062000365676,11.63420132348839,9.77315099567265,0.03107242231054335,0.12522227846402934,0.28980294774565124,0.3450924975909668,0.023260816422044337,0.25623330758008117,0.5604795686463581,0.29467592046856983,0.18845961143224813,-0.06492032143524437,-0.288795995461867,0.2231610143363338,0.033410797757786825,-0.00011623975250028795,23.14280303762668,18.010934432132906,13.009840966143566,8.086443175742152,7.255890895646304,5.32842647837389,5.497029202545962,6.347744478701529,6.914615428884645,4.252389000586429,6.498709313982324,5.3362195659185625,0.01478468095820113,0.04199772856853959,0.033253014990648685,0.027172820796877536,0.06478684155223143,-0.020369776794563896,0.0020343279740365245,0.1061851733831535,-0.03696616868226161,0.1967320423972022,-0.25956837264137606,-0.3775127874235564,-0.055463730050397154,2.5920259455839794e-05,16.785209399266652,14.960138719085604,13.616678845216809,8.761495205738354,8.340544971692502,5.750635507586758,6.525966157593274,7.214329777477028,7.242918193205479,4.841731863485791,6.5514518913801725,6.363931904513404,0.011916964331693702,two,/content/speechcommands/two/d9e9f554_nohash_0.wav,testing,5.0,Kitchen.wav
693,-273.53874956290446,46.45626155593415,41.60230344228388,18.003366117557107,14.578032489160847,13.928904807543427,15.317476535163753,8.409063462704783,6.614875402801675,1.910666880021455,-0.4955418591565889,3.11128459751358,0.07032057052128948,60.453529990301405,50.563915431206695,14.90668981394082,9.048144157333903,8.287043077116042,7.815981301189686,9.52213189381374,11.633824410392513,14.96029690883939,11.549803613788631,5.2781921478153135,4.895744124410236,0.09023622983995472,1.1299798032175128,-0.17694872250784713,-0.7798775458268905,-0.3000675674330715,-0.19218884169283085,0.106173466160446,0.3480536095077164,-0.03125843568396876,0.012612563951859309,-0.13197015678091015,-0.12842961508737144,-0.15076445067350233,-0.0005721468178014602,18.217264897284682,14.45193039354326,7.842499562216253,6.6114515952470745,7.079432322130296,5.072316185457618,4.311314130708148,4.668096705259928,4.399780936420239,4.05391765935957,4.095215862696026,4.110571700225882,0.035697352601073117,-0.37219482723189684,-0.19159220834265991,-0.07531298558591336,-0.3420247093406028,-0.11478538648891347,-0.05355400633704678,-0.02146737415170635,0.07870446450193475,0.2664947297279098,0.05304416395296592,-0.0629245478992871,-0.04415766160584478,1.3726856559515e-05,11.648561674537563,9.271776537102339,9.327893646526555,7.200637606238645,7.946998627733707,5.2061906519372085,4.324115288938325,5.121318890082823,3.9059317703293712,4.594793394694551,4.846357169029228,5.11334740191159,0.023511615774216472,two,/content/speechcommands/two/d0faf7e4_nohash_4.wav,testing,5.0,Kitchen.wav
694,-240.87127366493112,19.914921161970412,31.160290078869487,13.149223408650386,6.389090074404628,6.880840902789404,7.295580511924791,7.153597128621305,2.9378573725313144,-1.0309624588204833,2.1651483954540915,6.622557211040503,0.05154983763350174,68.90024004670035,33.939617464040715,16.02655404809879,13.738704885328504,10.343965454922953,11.482941876928553,12.278978751735668,8.93433592505537,7.405799243582274,11.633333570966016,6.592863016017079,5.51998845803214,0.05253623105717938,0.3454348078296499,0.34447870981154166,-0.04118668189234051,-0.18186187248989488,0.28907364654414774,-0.13395744829426673,-0.4732894245078763,-0.12689568431895024,-0.20952719094686575,-0.07431317654755075,-0.13780187826440582,0.21958717893841392,0.00012856619732995187,23.809333349879232,13.718859099006337,9.124348882708196,7.331630884778706,5.649194487795798,6.734956689570841,6.724142869669496,6.477664977444805,4.54315897437354,4.9355537275360115,4.793363045699093,4.4802564340658275,0.023728145995463263,-0.4265406871007144,-0.16545469886504965,0.14050400079536682,0.04180280349689465,-0.004809868422556788,-0.15700147345543675,-0.0037266604977124937,0.14916834970121012,0.04466469086873507,-0.07808940987272678,-0.0038834721998500872,0.059242188242529505,-3.671863426764806e-05,13.91625955288299,11.563245497662152,9.253806112798557,7.469844252624,5.683055660098124,7.654034418048627,7.213506770787699,7.178573702003647,5.6222784737199785,4.446138818940601,6.984986310676617,6.247903559109531,0.02105454877574865,two,/content/speechcommands/two/840c366d_nohash_2.wav,testing,5.0,Kitchen.wav
695,-212.7274470585412,60.80274155500447,33.9614650332753,17.358216645952748,24.692585270251584,7.39889547633077,2.526744852947658,0.609733964489839,3.208245577809489,1.4081344718887072,0.8027914479622449,5.228152785824067,0.0847895705664996,56.473523838947415,38.74743712777191,23.094298650074123,13.979484811847104,14.529592974879677,9.36203060020656,12.069999991989778,9.533249653874275,7.413213031727606,9.832442124076325,8.783722632905496,5.786171605285612,0.08407617316189415,-4.997077383375377,-2.137285183661943,1.98715734390081,0.530744856839786,-0.17143852275028204,0.4510203331430568,0.3575472075807066,0.45868805651760103,0.3431268646108831,0.033870723844716524,-0.3049714967173421,-0.4882813743929625,-0.0005704190942548937,22.441631251692346,14.088138965789156,11.379170491434518,8.412368017892188,8.473038487148488,4.8749003414737295,4.725370663680557,4.90884948753839,4.532297152660679,5.144725956053623,5.22304121085032,4.533814762777742,0.031468553065854644,-0.5333371548153897,-0.40858055953649264,0.023181335070256517,0.014572872096092364,-0.037223106486050025,0.15407201174768612,0.281953854617413,0.2186096236361062,0.12639087468426194,0.16756987723653438,0.0837484721092454,-0.07212064732679219,-0.000405252476533254,19.537283523262552,12.891348884875516,12.848912954679102,8.376026964562422,10.43462748108417,5.985379614290758,4.662522793956391,6.456007588484043,5.216113344952922,6.499098402729883,6.153055278337952,6.188018590960766,0.02392800036333703,two,/content/speechcommands/two/d0faf7e4_nohash_0.wav,testing,5.0,Kitchen.wav
696,-242.45764697606467,6.568681643935298,27.131410102271786,37.60662575882488,15.05800464964087,10.878359652119336,12.330086274738754,4.817839537502688,-0.08107483060318066,-3.8925465680059426,1.8235397508129365,2.04780554715179,0.04488235805183649,50.26068349682095,23.278898366881016,13.44427156116945,17.73432443566345,8.805806167795385,9.107248558648081,5.098246169940465,9.569824651410343,10.119042319811086,12.115354009584783,6.461693635424437,7.924847907937313,0.02115643123578528,0.036673175931061834,0.18097207006017793,-0.05729642494373896,-0.06764317405450752,0.37918963931884164,-0.08085441136706345,0.08247183794743865,0.07515149493085747,-0.1119982698622216,-0.17247498391195926,-0.23382468484383934,-0.19521617791804802,9.736430741125537e-05,12.962290998589602,10.944506308682715,8.144621241321587,8.667069287127505,5.035777562939939,5.81856683940185,4.0087328827282045,5.096404414032549,5.422200118481727,4.979468357754528,3.395360072770831,5.296080312124679,0.00724035093131532,-0.1343474857826133,0.10346142987245853,-0.10525627996613238,-0.03468206593500488,0.08619473571552778,-0.03583113256128551,-0.29857350474617766,-0.13046827355235008,0.15135845752731295,0.15529166306586822,0.07042838746986918,0.09107320294939841,1.7061767478783926e-05,9.602135826863883,11.666970474240829,8.077225201847668,8.773800774776417,5.786953245158149,6.677938310279877,5.230553779462437,5.796964180891695,7.48781171752912,5.262685935075217,4.508560689761031,6.639815030020543,0.004798999412989352,two,/content/speechcommands/two/8494fba8_nohash_1.wav,testing,5.0,Kitchen.wav
697,-245.44257396371333,27.524534890232076,42.67776884318074,13.956047561050667,13.316842548987982,9.321436980024167,11.999950921454406,0.9497144879090254,1.583440340902685,1.9071836285114756,1.207411562441108,2.8541068689091444,0.05845413141651079,78.56864693052562,49.27480832781777,21.759024851181497,15.04578051872249,13.008444791402082,7.920286294521178,6.749624034820213,17.97314383751016,11.952230948927646,9.875596164125868,7.422499674011346,8.89832271310434,0.04489996804877352,-5.533101472274306,-4.3081484549565925,0.5898547838233479,0.8120195001084464,-0.022746557289171652,0.06587991923711659,0.26421512391680807,0.010443213184930836,0.18665422924653127,0.41031203383769466,0.2462771166157226,0.18111136427122895,-0.0009987849982515458,31.45342583860746,11.641389263421797,14.710847885543373,10.154527822753316,8.781160109684981,4.771083372741605,6.946374242047236,10.96758560275853,5.6162560954910825,4.510316119696418,3.891309163351028,4.288900537799578,0.018606225493456103,0.06496225252083908,-0.15927291620409686,-0.14800041184407178,0.2435434424272311,0.04242352011718247,0.14086409238896175,0.008451804697458105,-0.18615238203220646,0.0662036516189862,-0.11039654574135384,-0.02734262866920488,0.095225014875209,7.309621820847193e-05,34.45276472986116,10.563643223799422,14.231217847485878,10.88179282956724,10.2629418113323,5.180919794280479,9.825907742014554,13.375349529608318,7.222960125856028,5.0236226869488325,5.247880801171894,5.529435611920268,0.017766604555514102,two,/content/speechcommands/two/cd85758f_nohash_1.wav,testing,5.0,Kitchen.wav
698,-291.68855746001975,6.743086540923384,23.756640681444644,27.042700088948283,14.622998015557304,9.767111103566524,9.400703289211702,11.336973626779248,3.472318548308008,3.7866140449322048,5.966510771775851,9.028271789044354,0.033721996849635616,60.01018803718365,24.78500934046553,21.077324806659504,11.87667019264117,7.188260729037853,13.719226128009282,7.846353834565345,7.664777570095979,12.0366239703651,13.075275188489128,5.277701205652876,4.907334059694298,0.01413537380671154,-3.3182018077805453,0.6632040604621998,1.6932824287042163,0.025764884097495475,0.765580848610333,0.404866116764193,0.37787506670851245,0.17630808777937085,0.2234140545495062,-0.27311920093384273,-0.4723927338409393,-0.596570307775406,0.00026513167446659455,24.263698742728362,13.418715242203248,12.391378683475427,7.136082634275219,4.255215910177494,8.713334346115237,4.848050237948169,4.417880710475123,5.695463916666975,6.184717038887353,4.547867120293651,3.612156766969598,0.0051467035664287016,1.0924169719187689,-0.3471718787040689,-0.3355497376241793,0.3131538084789883,0.04774481241094684,0.06778384004104906,-0.04998103661173439,-2.9046265892832914e-05,0.05507327702282663,0.24066854378652178,0.10572134264988746,0.2451801842393657,0.00013176252444585163,17.88186813761123,13.396189540744516,11.743501850048364,6.014787729147024,4.625211826887844,8.45894018286536,6.389926903274989,4.8007979445328255,5.1819199254486605,6.210935932935432,6.598921350014076,5.198638866881704,0.003909497297391166,two,/content/speechcommands/two/022cd682_nohash_0.wav,testing,5.0,Kitchen.wav
699,-198.49238641232955,15.14781046206946,18.639586062973834,21.02032977397859,5.544644448186842,-2.455015043122451,-0.36645551913605745,-0.001427074037442022,-0.2176668806075206,5.538624358154566,-4.472046051380567,9.029901983004471,0.06039867308572866,76.31158591373911,50.126636786584804,21.159792316554313,9.666784084975898,12.975919852119736,11.45148535356519,15.159165288827419,13.231382159857613,13.050453376136645,12.637728378824624,16.046041771441516,8.61247946937532,0.04967370680841086,-5.521568651810839,-0.5198739431632045,1.5349978163245748,0.6372930218796081,0.8832729804683696,0.3881165902375671,0.2836982116013531,0.40909339470749573,0.10968908538411652,-0.13791251910691485,-0.1450256575202732,-0.45498735480962604,-0.0011077124264932449,26.09865900814115,19.74611091078015,9.36029445301211,6.4052559292527524,7.327532513500373,5.150627167549716,4.916866090802162,6.7998202257763225,4.632003158823526,5.530004725823563,5.95109883085539,4.672189439556486,0.020518762075171816,0.7418348057769397,0.14872792187123676,-0.05525633324339469,0.009627902621046047,0.12764564110738613,0.29996899570959806,0.1777544530313035,0.07703853648586137,0.0010695666789462877,0.26624299853250594,0.07554565032730617,-0.15865997505659113,0.00012986318518718083,17.31376287289049,14.75799763406861,7.973308987178065,7.575775962352607,7.2484942533679515,5.87923736358177,4.47766530072251,7.037605489283407,3.9062632645823423,5.633983590236831,6.159989388211457,5.742989983645809,0.017388766987319546,two,/content/speechcommands/two/5f814c23_nohash_1.wav,testing,5.0,Kitchen.wav
700,-250.4934848610706,36.67013086795188,52.926367867670514,18.75076327590331,17.366347715015092,12.084356802068768,9.156009953629047,1.2113785606758423,3.4813820543695826,9.702232333724037,9.101396299235951,5.914106912772422,0.07527088868664578,56.2724881571941,44.612278334289115,11.345106927841535,9.558478280620397,8.236916338514176,7.972021144589092,11.904536711049076,16.501405749868166,15.829964162482804,9.614042149382039,5.899989752286007,8.83794296648418,0.07397160278555734,0.12129520658638446,0.2510355832696625,0.0959126867142719,-0.08082823966047945,-0.3635596097518685,-0.4154187393897366,-0.41929854657095617,-0.24062231726894948,0.07000926381266048,0.08061561997943026,0.18915673935489166,0.1581435159009153,-0.0009200970732396649,16.869215282064797,13.441957741815456,7.875679671282815,7.712756775033685,7.634587113930352,6.135450030715863,5.37931465989674,6.1495162790272175,5.075935718025759,4.184563804765705,4.194701414089615,5.1555360561921075,0.029646662423071093,0.05045277629504881,0.12131928269596222,0.25265177483254725,0.15457128960509378,-0.08415565847920602,-0.0724319142007352,-0.011501117572404596,0.16290343069400948,0.33391531388616874,0.1497430716007616,0.03415254130476327,-0.1690609978295233,0.00014062424500783284,14.878023445708019,11.62092976824982,9.082034857213113,9.584372205651325,9.670008675586047,7.954344145935174,5.548197795437399,6.867063287814228,4.869040008015864,5.009597329907874,5.498274967533734,6.446093787475996,0.020558293351843455,two,/content/speechcommands/two/d0faf7e4_nohash_2.wav,testing,5.0,Kitchen.wav
701,-229.7331383310766,24.37797386679287,18.8824588840976,39.42921272101039,8.608285759099484,6.928233692053151,8.840180352091537,3.02576280163776,11.199666894098907,3.3947252593932973,2.4150528862362806,7.891231451617272,0.07668323296820745,100.15025396841916,33.50770846577088,37.31593626995904,20.156223998276364,19.719244166179024,13.455624954821085,10.77712619546315,16.171164793484202,5.462584429464317,10.911659943634424,7.504641078821369,8.097902111791425,0.053367306503633055,0.4710237676865924,0.15855016329395072,-0.01836480202462282,-0.11471662923507454,-0.15198203376625682,0.08085586328865067,-0.17041888712340197,0.03038755997811878,-0.11859915702554422,-0.015361759860791007,-0.09424543273819429,0.01475209931130613,0.0007273358923773612,36.762423608460985,15.96127502102373,17.010542773640623,9.317291851817492,12.363012350307878,7.852422081578249,5.793184566206996,8.374861091341565,4.657728510840351,4.519771280450513,3.9941602230305855,4.681070270090535,0.01686791975625035,-0.34395356209598776,-0.15594099007564247,0.18962942499990068,-0.23019754414782045,0.01869612247862295,0.3690777639729073,0.10874612178979058,-0.04197268090125726,-0.12357904286295147,0.0769951799886833,0.15654726924714618,-0.21964011088090926,0.00037409551441669464,36.87282966004131,16.56485395605678,14.307718590343024,8.10041080199595,15.18120000819346,8.713746801376614,7.3886490172866095,9.973276667778515,6.277561298816404,4.812906168085805,5.4765475402873705,5.248258047134866,0.01196438310891881,two,/content/speechcommands/two/2796ac50_nohash_0.wav,testing,5.0,Kitchen.wav
702,-107.2345594217611,124.93461840133163,22.341434875739242,26.550800274483414,20.22169090466527,-3.3475467225316295,2.400373735901275,2.13659389319254,-2.634079122547426,-1.556137747982564,-6.99484179966446,-0.6887202525483398,0.2639794200658798,70.25427308965489,36.708616373483665,26.603164686865885,32.1607367957114,19.377009537452853,15.868142536454997,11.311448264051881,9.200306296850822,8.645872523741897,10.075593924716758,13.123092174156858,10.143758444735951,0.1403996690092556,0.18470263674573295,0.8651486514730984,1.42580399772401,1.4665682955984083,0.7763472089308788,0.3708557375215368,0.6532832719344804,0.49944808508900457,-0.17294994811732944,-0.3207188359059798,-0.3005433638728496,0.009541977128609202,0.0033599395425088943,40.63688480259162,14.301040267339689,18.23678893341496,17.584866082022923,13.058730557378581,8.621600537258052,9.424460100300264,8.959728307257054,6.665698024221125,6.217129359577915,9.40415267821893,6.039425408724454,0.05782280308608221,-0.8224328977652485,-0.5408936257757238,0.4842191872528081,0.17986922128919042,0.0626326589077891,0.05242373285717606,-0.49393300682346675,-0.4801757391974094,0.054551112559456674,0.15558466143280408,0.0625123193321393,-0.1946641922153334,0.0004811952511469523,40.114590164636915,14.403281858057507,22.97107191526112,19.229246418234066,16.88114750167429,9.418912350447657,12.143004649012084,10.56619179834397,8.390989606834854,6.897359618062865,11.180587453703234,7.645745955457053,0.046424635876934635,two,/content/speechcommands/two/b97c9f77_nohash_1.wav,testing,5.0,Kitchen.wav
703,-244.3378681655939,29.364042709058463,34.85996763504866,15.299319724814827,5.290846901794484,4.925303793520488,7.925982341624909,7.049336911995493,5.60716741371861,5.857976968714999,3.8534193209632193,1.767547559914118,0.07485595572507009,76.69862941385412,50.830385875848584,17.22243164540659,12.519701594896478,20.070489859097073,11.170684697293247,7.869442713714729,9.503776365087502,11.452889743948834,15.436445665256361,6.978462197696611,9.108937158596417,0.08473027509678452,1.901123103988515,1.07294789744795,-0.4065414346914465,-0.4497645984225285,-0.6375158551817007,-0.5479422773584487,-0.3773644528080988,-0.17194161666147917,0.011959082469009136,0.08342622949143244,-0.024118275489506517,-0.10595740832435038,-0.0002864305410654314,35.58871259960446,20.65777067464235,9.793588429078824,6.3515504613648845,9.823708855196111,5.94895046927145,5.530282733366756,7.216308922481043,6.022162252035003,6.809869454045841,3.6717092428910743,5.022018306777671,0.03308608453140123,-0.9539339171837866,-0.15091221758103485,0.071170978658499,0.15088901918091888,0.13076544556073946,0.022491839031147324,0.020560261158061442,0.2231469143729882,0.08920287145569131,0.023484288290399332,-0.018975330961551833,0.05994626302840122,-0.0001250607892870903,32.275354902482405,19.945178677873656,9.844996319300886,5.758692570206874,8.788191941460932,5.793668194273279,7.407213451838388,8.188848599821561,6.99701000385547,7.274643755214031,4.1160413060903265,5.469239122939758,0.025094610135705454,two,/content/speechcommands/two/e1469561_nohash_0.wav,testing,5.0,Kitchen.wav
704,-248.74423807010155,5.296552861536313,34.61522243055366,18.93550849324069,19.639443623410266,11.203415378332203,9.526318211814022,6.192621099429844,3.0546999888234136,2.4376763788740057,0.9817535021557061,6.033201665393751,0.040288015792611986,51.727050688755114,44.82577287909027,20.055310432733723,9.227853974757064,12.613500665348006,7.401304019157073,12.490905864775986,9.773746187170046,9.544849638478409,11.005075695750277,11.038580476518437,7.299516262414958,0.012600179045083116,1.8312112072937101,2.091686706738785,1.3026913491377288,-0.07780981420655578,-0.2516111528141999,0.24171734037578838,0.129051946124562,-0.3557230079076942,-0.5478876407350945,-0.6922704499770621,-0.9440988544865901,-0.5465319908045475,0.0012577351543211167,15.123318131313656,9.972226832580654,8.028729341795412,5.99453137732076,7.766216935275272,4.811455811356266,4.650730265925738,4.7405141742302765,4.134293862410351,3.467562199218841,4.303745226457486,4.597198529240768,0.003849490365594366,-0.5591958761275502,-0.20682990733266624,0.21197283837259942,-0.05407017615999597,-0.009718479532399254,0.3123674526103862,0.22540896519205145,-0.12367246046525443,-0.14897306063687357,0.06014025694684584,0.09486853942484814,0.27690941960791804,0.00022501411537329357,15.840347563168898,9.792160462824802,9.515245577303439,7.7146413511466765,7.881706167676337,5.442133332681083,4.6582892756335745,5.104068827764659,4.403540312376475,4.786106358546339,4.75450771557485,5.549302750954487,0.0034618526868585293,two,/content/speechcommands/two/a4e8a997_nohash_1.wav,testing,5.0,Kitchen.wav
705,-183.15495275194127,30.797595798552894,29.555140324438145,13.720675300078957,8.175534251218401,3.8997813281188654,4.769806478403461,2.9656790591124076,-1.0864874946407592,4.564495840281851,-1.7047057112442516,-4.780817657161707,0.05584946790566811,76.08082118575894,23.591880084226343,24.433456539666825,13.844143642645927,12.311390864368551,6.956701704885528,6.417822639732226,7.47885541321751,9.589689710751976,9.583437244204053,8.297581524469754,7.117643432070836,0.027367416588851404,3.685092122203342,2.84287017320723,-0.8359345366414596,-2.1719861528633406,-0.8466487482540649,-0.705639196689104,-0.8089381704551615,-0.6386901506337157,-0.269404579884728,-0.00939490589979343,0.21486514164253065,0.01566028890253655,0.0004080380499362946,39.65307977587962,11.392105771699116,11.977085964343617,7.750198062164346,8.276794967339232,4.518060120324491,4.337012917950998,4.376711605120939,6.125778314600203,6.169634038025416,4.581403513253135,5.305133177199792,0.012898470208353666,-0.27211992194980655,-0.2782110493603165,-0.004591976353684135,0.05347719158733444,-0.15698670412466717,0.038887842899934334,0.08186373949321683,-0.3986990752033905,-0.35799617898454333,0.1973811945388774,0.22681349444441898,0.33210358445234955,-0.00014444246577719846,41.98678216967045,14.655587903170833,12.262752686496246,8.25770031773996,9.955118301537835,5.83615118900574,5.090195841883715,5.040903249536545,7.392851375242605,7.776197758451218,5.402237346795652,7.039162256300583,0.009191839453344801,two,/content/speechcommands/two/9dc1889e_nohash_0.wav,testing,5.0,Kitchen.wav
706,-202.59307776671994,11.005383179091973,21.901860732438756,24.06683755378851,-0.5913228185002621,8.923962416609172,-3.507969101793038,3.295966784401273,4.615252625589184,-1.4114254830744821,3.8319246440360586,4.661986073744496,0.08474091981770471,108.29299650572085,55.623519150272124,20.123947570084276,33.69395935034052,25.23005584832301,14.251174854230355,23.839125693244483,13.124541223509215,7.232194620118429,12.054428333233453,4.916938975774363,9.917347682126243,0.0780364144642815,3.0811593857696455,2.38441257235172,-0.1912716726440546,-1.1681604806237564,-0.7158498471500473,-0.04303183263941678,-0.1552461162737431,-0.5994143282578138,-0.4846251792039422,-0.37159360153809257,-0.17286714357241112,-0.6267533167106457,0.0003086193014056452,36.43237480754092,29.318899439392617,11.075384718469461,16.083284925026554,12.08187638849507,8.889750904220932,8.491962499177186,5.730101763945315,4.421812664662177,5.975978801186965,3.7677916284217847,5.864386452479843,0.02587215603485311,-1.3495393251060255,-0.5815439382060937,0.2380266375775772,-0.1187510455009044,-0.18862197366890993,-0.24240479543375668,0.08759656092807351,0.06081674424878671,0.12393152295298661,0.10659470843166119,-0.07471965212440236,0.465759505766777,-0.0003258155348400275,34.70511502944527,27.753742817738473,11.642175860727177,17.252825636853238,13.876212279435586,9.025703631415467,9.608371509867759,5.4707074667882205,5.672389162049465,6.639846371547625,4.578464866331203,7.826309132912184,0.022542580844303054,two,/content/speechcommands/two/9a69672b_nohash_1.wav,testing,5.0,Kitchen.wav
707,-278.1104878719698,7.457208424639845,48.20007701579781,32.4972493637314,12.21022151176858,4.120281689357159,-2.6218157674579246,3.1574156580807324,6.239362931433801,6.435017819623071,2.632191248727548,7.841729300203673,0.0670998013811186,53.2159534497633,38.24413206865414,13.699828679242229,17.11866494264869,9.600409607229969,18.752307764101623,21.00176267248817,13.776678143004013,9.779054371409082,6.202964269415572,9.185714426728167,4.815609382211193,0.048695165007214755,-1.0562472745265836,-0.8187973922518459,-0.13503957464731048,0.15031138186058063,0.24123846254384457,-0.1832071793059538,-0.10424704634642978,-0.09859952777335568,-0.22015963275616005,-0.4386417846675557,0.2051836914679072,-0.19089728101745462,-0.0011508426659049527,16.93475572516693,16.977399681991873,8.748167350268305,6.9598958329815845,6.2901144574194685,9.409162468415998,7.498819139015331,5.774706489603221,6.960663041896001,4.319305152001277,5.488010250709676,3.5695963822607,0.013901241566008063,-0.07935657144457954,0.06137756874801757,0.15368108168395256,-0.03667059838608407,0.005142080935090476,0.08510199174944458,0.04430356344827722,0.08847445047476832,-0.0348162780763755,-0.0039790321651511935,0.16788270249089543,0.21490786102063855,2.8404562423626583e-05,13.303739385820005,14.829948040352827,8.727719179569148,5.550164436734209,7.302238925552208,8.25629047915854,8.477831167046562,5.3514128485050145,6.987309322725822,5.5073249851757105,5.690298980391729,4.327922810934735,0.009002133835953085,two,/content/speechcommands/two/b2e2773a_nohash_1.wav,testing,5.0,Kitchen.wav
708,-250.57158786759766,-5.825706585449457,29.154549930821506,30.18826435596,20.732080146863474,10.600565565990035,12.6250410155051,3.2847115384951584,2.6082547875894786,8.309110825242586,2.1474582545940533,6.4648583311449,0.0638370523811318,89.97346863743768,38.10933847850109,29.465497416759778,15.898455342114536,11.069189972348484,13.259971579414964,8.451026866081522,14.977500312168068,14.976647572091194,9.744356085722037,12.902515690757365,9.920170913191507,0.04695446458294566,2.1835742558595035,1.5831168853134003,0.12221755434628397,-0.28625216034635037,-0.1305042161199912,-0.39359245609783583,-0.016922856399865106,-0.14792650696294063,-0.7557788452462987,-0.7054929339935159,-0.5290402882379406,-0.5118611929469532,-2.3575800080453197e-05,27.585033619321052,15.631732111364363,13.145033864192067,9.611530363038003,8.136097603990606,7.771374919361705,4.409416360074445,6.384563410342466,5.35121617178309,5.001618880796415,4.9950078441318055,4.575931566320332,0.02166324660090776,-1.707027439961173,-1.0936121344426288,0.7307320050545291,0.7103167520319918,-0.20514949494769066,-0.2205023979858708,0.00045767235393618934,0.32221606797193153,0.6724943036321247,0.4686802212952082,-0.1410283191079694,-0.15853901545954968,-0.0003557082265615463,21.40200755796824,13.680026854013693,12.451278001016462,8.20859176848564,9.259061624853071,7.767571288004912,5.071367806576319,5.511661894917483,5.896962850972736,6.577371877596221,5.307207396395353,5.875282664209912,0.016992284049846727,two,/content/speechcommands/two/3cbd76a3_nohash_1.wav,testing,5.0,Kitchen.wav
709,-231.3969366215722,23.503709997560815,36.28020585015353,12.961585427194677,11.57843860365056,9.709300884225286,2.9128038614299974,1.9199012906250688,-3.046529713789444,3.1538173229677464,7.792426577004079,9.113952132615367,0.04175491153728217,45.79203647989621,20.13016069760945,15.580020888922741,16.039209386141447,7.479537377563289,12.238877892138477,18.299134078210713,11.306998592671494,8.861957345086605,5.731913133175021,3.5522287613977452,6.05516040233361,0.019475596223600043,-0.22979348941546798,0.3756541009252056,0.2240386019164778,0.03115565737547112,-0.07986457501351234,0.06305302004921971,0.10861135262738408,0.16189758618133138,0.09026620922462876,0.014190895924955576,-0.20206079592653717,-0.0707968804676677,0.0005231595207606592,15.249081396378829,9.971848619958346,9.140265950271766,9.27631074708353,6.65524096515009,7.467148593373858,8.6400477111692,5.082498060403911,3.978251836745656,4.064589159783461,3.4955392442205504,3.3382408046242493,0.005822339307866332,-0.5487880142305964,-0.2559799558296554,0.10420905653090327,0.1895673289574674,0.0669217593808775,0.13176403153612928,0.13588138934917954,0.11708709455997787,0.06389175280895149,-0.05364955259929172,0.022298504988508435,-0.08858984775745513,4.4248998165130615e-05,10.595820520740054,9.742058706905574,10.250720587110079,8.362611458231648,7.324034486333718,8.03886061852629,8.72112950750248,5.353207195111813,4.956060421199464,4.605566971688613,4.992806037362397,3.9446361032213444,0.004948171603532488,two,/content/speechcommands/two/8a325749_nohash_0.wav,testing,5.0,Kitchen.wav
710,-306.4922871118058,10.00407133338058,31.75351958786111,39.86562985386737,24.652515022171546,9.574563364345217,7.775867104901614,8.724057022792746,7.829842420499075,5.7289298317901265,0.8540020243516393,5.445699049270186,0.03630384983262047,50.750700060428585,28.59543419367784,12.66173894320936,18.02999163558358,8.692190538936183,11.660344762136436,10.532986230624315,9.543744353363696,11.717680610682276,11.331541493611592,8.89278701631331,6.154153460956101,0.00786870980571347,-3.652810463298092,1.3417228947038513,0.8269986616902579,-1.0055309124496987,0.3150455608418086,-0.09587202166666968,-0.08417365170937809,-0.6514597174518577,-0.6005251618698264,0.3720886040210475,0.39919572257240526,-0.27052640850446524,-0.00047544924722563837,8.768160199538828,13.230834262056522,8.325201806415292,6.024562549487508,5.979053691963847,5.601319766601818,4.827295427641779,4.958765149036848,6.379879886550237,6.156417940142549,6.223316299248881,3.1169380625232868,0.004164849399325146,-0.41270565969230405,0.05358293494977803,0.34378306331002384,0.08586732353589545,-0.21513388560093,0.0729633773045409,-0.024731532679348335,-0.11666060584391712,-0.04662239202465421,-0.06512602032335142,0.014976386574792737,-0.08797929625971078,-1.2924460073312123e-05,8.34210025963494,11.878846689233812,10.888929715598477,6.34058749122096,6.896142663241061,5.359520811605252,4.816460979705029,5.141921382284145,6.0142842852510885,7.130892149740936,7.498114307030062,3.686143645883048,0.0035649273744676096,two,/content/speechcommands/two/0f250098_nohash_1.wav,testing,5.0,Kitchen.wav
711,-253.1483674535867,14.84630461190846,37.32093002089289,11.317257055641889,9.048778426686987,5.127443327278488,10.24265270872289,4.017607052983653,0.7553602618935086,4.614466114426358,4.2735924658227225,6.515759861590764,0.05091429181629792,52.14257341491739,37.904715550041246,10.218818824962202,9.568362600688742,9.812878510281697,13.536962988273451,9.324328198332681,9.208566818082957,10.83046425370262,9.003995032167321,5.457921004936074,6.4391341191619,0.024028673098431243,0.006474373552798111,0.15649257838834593,0.16993577337254304,-0.004000714062206314,-0.00908311942262966,-0.209784311109255,-0.3473351874782244,-0.7758646715648532,-0.41675672183771606,-0.48201525075265067,-0.18351277046363557,0.25575340475111125,-0.00043758083014718946,17.088146798732534,15.024647008636965,5.048484181599231,6.5059729026130375,5.058947816849277,6.37888354090903,6.091465125560368,5.109653670483626,4.998194247455858,4.152282666778874,3.421298167289926,4.369535751648342,0.009299542680063937,-0.4122457765980698,-0.12541318905953497,0.2992513666094105,0.23432712054426527,0.05394373586558991,-0.0755592540170922,0.05437230744804798,0.09598865694850006,-0.03788530464098819,-0.11565006645284388,0.000767716695548426,-0.03939478838638681,-0.00040507931262254713,11.008683416904947,11.971742777027462,4.524729211708692,6.488295111747902,5.366904662132142,5.82605934503412,6.553027843366793,5.7992112577362125,5.2695236521102276,3.603083991822522,4.349917487341274,5.1417558382341255,0.005561622106519797,two,/content/speechcommands/two/210f3aa9_nohash_1.wav,testing,5.0,Kitchen.wav
712,-266.52991574930604,31.32766271304834,26.45318703278224,13.867137885386947,14.506468456770254,5.1500049967937285,-1.628804484005224,8.528460725962276,1.157835556851219,9.283988368046371,4.953247370506667,6.689573202518947,0.05382220458704978,85.54006625009264,40.74968529258511,15.673135883168055,13.61656791890127,13.722900775482163,17.624706836075973,25.151442503240148,13.550304764248107,14.343855738869992,6.893033451804152,9.245423405331186,11.062775958052523,0.036025264196167965,0.31729029720552154,0.010064600292561144,-0.396647143193467,-0.2938184043019764,-0.12020873854028846,-0.05003950190612229,-0.25982802731405386,-0.13662657530327527,-0.229673504006517,0.11127278665271086,0.31375740382244627,0.23380609339044775,1.5958903297301262e-05,28.12783698595425,15.488622529027545,10.808810569245296,9.474380224177201,9.444389704881642,7.256778885468148,10.272822321227125,7.476365001593738,7.093563332022669,5.610629458121466,5.313326544386477,5.47286053449491,0.016443505952595975,-0.37961614508793295,0.050096400095747354,0.2929179832086966,-0.0039965147463632885,-0.005747508176991071,0.23201117991005404,0.21544766265380347,-0.056286287765621876,0.17186465485895272,-0.07957737325895421,0.12436256190719698,0.16265358307807432,0.0002975774308045705,27.72319815927876,15.242703749326633,12.760885549687927,12.797836914430443,11.09330286966552,7.877135305607476,11.44410128946851,8.706940522298314,9.311112416004194,6.779728462422928,5.721267473529382,4.972607370026461,0.01532555998945729,two,/content/speechcommands/two/b1f8326d_nohash_0.wav,testing,5.0,Kitchen.wav
713,-226.02848915879923,21.895109617909196,30.43168492850632,26.983407642952493,16.604652357926682,8.512479119569424,5.888736911758998,1.2883004905415816,3.275638416885041,3.459810445674563,-2.8568431155999017,1.1571616944920198,0.07163761855917983,80.41903203509062,35.0014539013631,24.782652641754957,17.860589061541244,14.00990407233417,10.575374873684545,13.549485938974746,17.241961794092667,11.920693399873894,9.87032625939352,9.626942441915903,7.357542227492021,0.06183195026957621,1.2854963927349192,0.8757826601956313,-0.15698861277936732,-0.5005263392802326,-0.029097909462614615,0.25063823324018975,-0.13505757822946143,-0.3618372992347385,-0.34001351606644165,-0.2226534946620659,0.018964999162222516,-0.05056074773166031,0.0002872456285742021,24.10844380760532,13.564225437423842,10.337041822439645,7.147071534055019,7.452768509870995,6.3395497201419895,6.488273878842336,6.6452281296332885,5.776395426815389,5.547546896801152,4.675491297440678,4.111724671248201,0.019218930240526472,-0.3548076703808931,-0.14788990314508535,0.13641896815433144,0.2120843448340984,-0.04831877136468903,0.06553741645388704,0.08525877826059597,-0.14960030403346306,-0.30658261718587554,0.07157948425120945,0.15106945588816892,0.11292791004557128,-0.0002040389614800612,22.30525809734438,12.369703512255532,10.039944708574438,5.921483993230894,6.462150513804074,7.234338315509884,7.549119639327384,7.292287421625038,6.30831402898919,6.1809598071764205,5.468740084498788,5.00012952011652,0.013052109894034125,two,/content/speechcommands/two/9b3ea809_nohash_0.wav,testing,5.0,Kitchen.wav
714,-263.7849628270437,25.26805328994086,41.520626972818356,31.948122879330832,24.957013080928256,9.781360366066696,9.967313446771612,6.93631565675499,6.107715199822268,4.50204573265881,-0.42281228202072435,4.489007309047305,0.07145101722562686,58.07119148807366,40.09095181422491,15.143136214972522,16.113589717435904,14.953768395097308,9.007423069357504,9.379971204702793,7.01101173549692,7.543145833061202,7.475594025039596,11.138144738989892,6.5108259307362,0.06958166963325997,1.6349213063326358,0.9029384900065738,-0.6015219101196606,-0.46343347369596205,0.07948131234333759,0.12164549496841215,-0.2688622132764541,0.17214781313505878,0.2537431770185054,-0.11269623435214594,-0.039750684097662664,0.15191328797555154,0.0010577670388644742,20.90873038562579,16.79814437637956,10.604776599727828,8.284398947888782,10.510575110931812,6.670876139575179,5.720596749321934,4.517599566202019,5.153830358302501,4.422655919694384,5.237492435611882,4.49691748864487,0.02605356051758538,-2.4829015150983698,-0.18052526166287056,-0.01027774369263857,-0.6846088180334473,0.4401102026417638,0.2720588441212142,-0.07794617866457773,0.04661840184197755,0.2773256214788598,0.19736756918084988,0.29625492009828497,-0.07363351861648613,-5.3592522939046224e-05,14.450880273741179,16.695759794371135,11.196496254419081,7.513446528282624,10.20459646043027,7.859021765292904,6.191003385870463,5.264324422433316,5.7571500308697505,5.0526446713726045,5.103392656644741,5.754130930596869,0.016508219801438153,two,/content/speechcommands/two/e41a903b_nohash_3.wav,testing,5.0,Kitchen.wav
715,-150.78277763663888,67.68423166106639,36.67775785020038,23.077270576916586,12.465791063101879,16.938837713444265,8.464381923659992,2.8562341132577327,-1.2050243896463946,4.26288157460908,1.091844398763423,2.8190485613876324,0.14485061587765813,68.37820477929951,37.11769849133472,19.01616406816418,14.878080134008513,11.60571683036547,16.258752526125757,17.38636859409559,14.01093748495653,11.401859907714636,6.207926027815405,6.025679185606535,4.802236004130892,0.1087221574859093,1.8786501451558772,1.1852597149688122,-0.1536562935151258,-0.4234664879157512,-0.7433614816006123,-0.8658437775996921,-0.4162663095758696,-0.1643804423947414,0.10125919143585105,-0.1333410390189159,-0.7382153021978731,0.02645390179316522,0.0014122010719391607,21.670251608976123,18.49154535672541,9.620468024230474,7.163783071985554,5.0147250427868135,8.07349804435429,6.679234679412329,6.456851561618784,6.8727848512932646,5.367913703781405,4.658214810963115,4.232914926778577,0.03799126426184933,-0.36096222967198344,-0.039864592441980304,0.33087068750817433,0.22896276553065492,0.4890235745448589,-0.12283567109561382,-0.05718330809826521,0.5445889196854617,0.19181126717985625,-0.10080958389308999,-0.1027416338222717,0.07205184214302722,-0.0012461225191752116,21.17536449350441,17.572630866554075,10.896686318380626,7.856100314574793,6.7398645588201225,8.2193742263746,7.21930725892377,6.953271305183502,9.29099275306728,7.134542208406189,6.454325754890199,5.2949858206639915,0.03447569585165155,two,/content/speechcommands/two/9d4bab4f_nohash_0.wav,testing,5.0,Kitchen.wav
716,-206.30134128412521,39.50231480121768,34.86435174295278,19.411624984722337,15.851497931959589,3.0063260198799266,2.2829364716254217,3.11454034716603,2.718750511493793,4.207070159276849,6.209655948710812,6.283888516030201,0.05640335811767727,65.96488527058949,30.618557781613767,23.499891476122798,16.839363832820457,8.672182825401205,12.279124169216855,8.820958041382362,7.7398946292234445,10.572515613948994,13.384813149858228,8.597146468792527,5.41941931073031,0.054681830150649056,-1.3572615654195177,-0.8837561679453154,-0.3936654987635957,0.16078522525758754,0.07538806074012737,0.022936035130060976,0.4524958653548944,0.03275741848211725,-0.18535977432511527,-0.0775038275468377,-0.12545235210886596,-0.1429239735970106,-0.0006753120331033583,32.41702865660566,15.275960092017817,15.357203407890836,9.557514363382177,7.295203309376944,5.827599251651355,6.125454508263323,5.009161908333811,6.618848563050589,5.00534630660657,4.732430023505216,4.315034866481411,0.02269951240207236,-0.5457878569974436,-0.43168989647549494,-0.17790251960478945,0.09826630252437447,0.07493996423970337,0.02654594972098726,0.29225877029149117,0.11395400188184467,0.14442337925258789,0.01673432344225132,0.0008188936870716645,-0.018460664719845296,2.104391654332479e-05,28.826313715102124,15.38955517326828,16.177210336180508,10.107874101665418,9.00380148801301,6.137052395274311,7.049877102849583,5.247338496131163,7.799091793404045,4.718976610053089,5.317645676191941,5.975291209952895,0.015985521424696683,two,/content/speechcommands/two/653a48f5_nohash_0.wav,testing,5.0,Kitchen.wav
717,-280.3415543459054,-13.405358411146903,23.806187036083617,26.53237503055741,24.029528146830582,10.84078712625029,0.8980846723037045,11.413131228251688,7.5399441834762815,2.19878082460612,3.576285058504493,8.372205980031785,0.028092438631035662,57.188625577957964,25.047706513316374,25.0144830370521,8.690432020539296,4.2007893332267345,11.621758668991935,14.94389379316671,10.018107931209329,7.234297257269913,7.98078939282832,4.544575099876238,3.7203662015318675,0.010379152133517602,4.104579082107216,3.0056930763533285,-1.136540882670166,-1.0871867794507306,0.06691034222612494,-0.19820621439392766,-0.885529801429093,-0.6888605003790593,-0.6984840805269769,-0.5617552672177173,-0.10813816392844734,0.08168312179806492,5.501537368847774e-05,14.390598765088408,8.806127742674523,9.157961879405574,4.711974781488311,3.4337685969798164,6.274609089146533,5.685970999772558,4.593887040133473,3.653335493159721,2.924020127783494,3.895381495307924,3.02017900664692,0.0038797437134720446,-1.448453433154176,-0.005548100719806897,0.7436659473848993,-0.27137471840359934,-0.2761296041051655,0.37165194726026235,0.4754010510592916,-0.30663015077199374,-0.4617284839677795,0.11092175188301553,-0.009319756315521914,-0.11912043121493347,-0.00041427701711654663,11.483273353108746,9.448629760073938,7.923315571381327,4.474153277930525,4.868442387004856,6.325655609677822,5.648413285541181,5.212323469973648,4.515558251815804,4.0023445757925336,4.935086666198437,4.030038073950063,0.0029426078327251855,two,/content/speechcommands/two/26b28ea7_nohash_0.wav,testing,5.0,Kitchen.wav
718,-239.68042542610854,12.434513527620823,32.556868869977805,11.792213143125764,5.812758878329351,-2.206936874867826,10.103244430439965,5.10411313498138,1.606809343085157,5.03423711458239,5.475143724930406,9.03176906584553,0.05819766069180332,71.52228001624239,45.86466305393168,18.72699722265226,15.853355418582453,10.480587280376817,18.330261766475967,10.288561974550063,10.154696014906651,13.060379717001663,9.923524551534452,4.5402109533769135,4.991069461578314,0.05203506504486617,-0.5922735296555508,0.12259514720936063,0.21393020911652305,0.06558680124400394,-0.09524212353125422,0.05923781721161952,0.2643604821049179,0.2741589580209219,0.22906618740319473,0.35292690401233195,0.5264310636257405,0.14531320805448453,-0.00039454741824057794,20.74661734210251,15.220686016951769,9.167572643290749,7.241016893120907,4.453136597485112,8.487165723999084,6.413245903360676,5.421580209355204,5.355028872435119,5.584322012009556,4.182565280677639,4.799423627537958,0.019872043150991288,0.10961102121255711,-0.027049107097319277,0.035654723236267456,-0.1089823298219177,-0.1703385914026606,-0.1355010695596652,0.02864787998353622,0.2215959472736581,0.11032690772784193,-0.024117876250435502,0.13243859921632897,-0.07024296277133182,0.00011797640472650528,12.206090578891747,13.379893289540407,7.981920582979278,5.09483790476654,4.837703809478095,8.429392024253005,6.378406659394755,5.593841352782949,4.845843030512238,5.8117714664813125,5.13283962332523,6.396364253785568,0.01405534869561481,two,/content/speechcommands/two/210f3aa9_nohash_0.wav,testing,5.0,Kitchen.wav
719,-252.97360639463957,-20.37424691689257,37.294553289272784,42.06857256099593,4.362305436401473,9.52674210997204,-6.788775067755034,5.705174866390632,10.171768270312677,4.205320720395386,10.85403017633827,2.8617166636593288,0.07050344673916698,80.88899562088177,32.150881084177286,16.019218974127853,34.275212926774095,18.35541356456521,23.483276788786927,26.073954838909124,14.518457070712383,8.079272652034165,13.311743510062534,6.269032422022726,11.023237589135581,0.04651967553391465,-0.258244677768575,-0.2315447339832329,-0.050763459165154595,-0.08012558888561587,-0.1307509373614594,-0.31083474752962315,-0.038198586884464494,0.09016559205001466,0.27883455875762664,0.2721434335037302,0.16804672829003475,0.09397833002208296,0.0008362214411458661,23.255045439182453,16.931163730044698,8.720527167023409,12.219121638959793,6.5576609306503135,13.305138310529928,8.178225917466605,8.721428385330467,6.470173100208489,5.470208278332759,5.816041593216993,4.938995636263209,0.01710167012563092,-0.06973483620472318,0.17508081122664845,0.2193589847236185,-0.011738047283893256,0.10500607291954563,0.27882241986037926,0.21938174326893964,0.10533544485560574,0.12012763901318764,0.0014967476383227188,0.11149817663686878,0.0670901012142099,4.141417642434438e-05,14.600244004358325,15.628166363079428,9.71787604773694,8.741408513164645,5.928226433702288,11.665480075358483,6.708990364817813,9.542713754126192,7.661603022964048,6.0735925767514285,8.02422382793753,5.887359245626777,0.011666192923414226,two,/content/speechcommands/two/9a69672b_nohash_0.wav,testing,5.0,Kitchen.wav
720,-285.0897159616785,25.763555179203436,39.54528260604193,33.305608894462694,24.113592187912186,13.807906201190361,10.891720405280735,7.547416586822609,7.383506278341995,5.315802668893536,-0.37915613431446765,4.947032562618831,0.06945578590966761,71.14196807708674,45.20667064374332,13.06907279340353,13.374641783091946,15.459118739714066,8.580399554265078,11.886415461501741,9.94095967100123,8.736850744801545,8.950607356030183,10.638371473319763,8.540930244395351,0.06676107143852034,-0.4020211925591734,-0.33974835935527475,-0.5532850487154505,-0.4030274838851808,0.0697583304601445,0.12562933361723533,0.34374079304547345,0.24978419443404237,0.05722476472045293,-0.07273364414231097,0.09679380150128013,0.20900297204114848,-0.0006345272244464966,25.914877334276227,16.982644570479295,9.827731857721963,8.286659667514114,11.222157211779415,6.885707925484812,6.061997700255334,5.874892185254538,4.896379096092097,5.26340431055847,5.1098925701027325,5.055931948294845,0.024182598055601138,-3.8066990720722336,-1.1291936922105146,-0.39328445551385394,0.04054564898457365,0.959395364040693,-0.0307999661254998,0.2823586246960447,0.7226344166273199,-0.05786579030699939,-0.4604982229700271,0.2577817469055201,0.18607378570711539,-0.00015974752604961396,15.483521062720524,17.023826215859618,11.085754835162613,9.339495197632464,10.424202163828538,7.635977249379419,6.544818227664956,7.123364516060241,5.610009151485847,6.184194910457939,6.036369107295465,6.253139798934645,0.017034158324632658,two,/content/speechcommands/two/e41a903b_nohash_2.wav,testing,5.0,Kitchen.wav
721,-290.9887180583686,-2.1634165596686903,41.36114848874176,32.71588800022783,26.118441879495204,13.391261320309173,10.96998739328896,8.747539922807825,7.186753089875732,3.2749137119635088,1.5221151863175466,5.4588371773284905,0.045854286930989474,47.676939751971304,31.924326058157057,12.067690761164721,9.974028782830986,11.464528537852628,6.662539318018403,12.049633913202655,10.65375818267463,9.547371923607262,9.233314984269617,10.727618503089934,7.34668668190898,0.01423130761491641,0.043259194435629596,0.03580296253888769,0.06612634403738307,-0.19784334373077817,-0.05561918953646643,0.2121607111496196,0.34675905078200064,0.25580399307627744,0.3738020599461023,-0.04844304612067831,-0.08749197571840922,0.17910067255959383,0.0003920027445400915,14.992268910735996,12.743970464177998,8.008320830164122,5.865372825103119,8.049108688422725,4.994835034620215,5.337895874002316,5.444480616426962,4.875878139368717,3.7060443907285383,5.656940543020859,4.084990563260074,0.005008610941667906,-0.7693055299564492,-0.6230173791702741,-0.3323549520176054,-0.28159836632801166,-0.0733339947346682,0.2226607594599944,0.2645460623325453,0.21500709176804864,0.22987930793173633,0.2686729562164321,0.2739154350257882,0.2832887655481013,-0.00027514733374118806,8.65023264951027,12.011430832530607,10.162324862199254,6.650323237271287,8.14977988258953,5.7909572972272105,5.544368898161217,5.851980399365089,4.474078048199655,3.774154785208328,6.104428843322518,5.2890007000027515,0.003561474109202025,two,/content/speechcommands/two/105a0eea_nohash_0.wav,testing,5.0,Kitchen.wav
722,-294.52612188984176,17.12723703149582,18.067815032342796,24.078588479184482,14.776675113360877,9.072804971194198,9.548764573123808,7.2868661448572265,6.99108320697078,5.3457482422969145,10.763365416933649,12.262137124915533,0.04136347328312695,49.13751334766738,17.763987024185976,17.32324694511862,16.25146597812947,11.38333969270063,14.267328865713463,10.221061176933297,8.241716641390573,9.138812160945996,9.642607422406716,3.474832581436604,2.7470516766150253,0.011891193135360918,-0.02490599748619887,-0.026567675339769576,-0.03674491995452212,-0.016123265384969214,0.18683834328954704,0.03349501729632092,0.27000793060181233,0.15653218148839346,0.30761225546308363,0.3597646464922141,-0.0010859243713866704,-0.06734681586897594,-0.0004281330733529983,17.941186493480366,8.76035736513766,8.453872906394025,10.6032491837916,8.269502065988513,7.68980620052631,4.92127257663877,4.666523011783026,6.227317607890877,5.078916819262455,3.060964490603854,3.132429831570682,0.006108713998190867,-0.21164342339141437,-0.1643841534519869,0.1993834812856695,0.09749714223893781,0.04504840732604111,0.12335905588653256,-0.051011161472299095,0.02919026336105137,-0.1861821543392379,0.1328852675301372,0.3966626159159076,0.3976222272083454,9.116592506567637e-06,15.749244183291202,9.60476460817795,6.872236451234027,9.067560123773395,10.196994070691009,8.79032205623947,6.503011128633294,5.719087185638922,7.53493928966712,5.9026778792293895,4.032797866077607,4.2208119401321005,0.004538896267099166,two,/content/speechcommands/two/5f449e17_nohash_0.wav,testing,5.0,Kitchen.wav
723,-264.20583383153394,13.020777785188535,21.040636826748255,28.052111295080927,19.762405482480897,6.11641813677053,4.239501571334166,5.335244176441903,3.085127906392423,0.21315343179060342,5.075608428651774,4.750219940974813,0.048378725768998265,62.034623652254005,32.551154841682745,12.905785471177888,15.429962086379023,11.380451021271593,14.576314416495133,17.8509070678566,14.478770808070092,14.593825782510446,14.119397605541474,6.584864952196297,6.502127399273953,0.04286521799344237,-0.14492321161341967,-0.24025767911660478,-0.2656836485312027,-0.13093786589824366,0.06567921076273876,-0.2106842533274687,-0.008870751382279683,0.04744386819513772,-0.18264676346510741,-0.10332378576402627,-0.08889994385150564,-0.027653583501902237,-0.0001140199601650238,19.978638213427775,12.27591887447809,8.98687559981756,7.1732075283409875,6.968651018988513,6.845163394227708,6.264480034793487,6.943358030812017,6.193563369228601,7.097790443475053,6.232698932278821,3.7257363617150654,0.0153285802474052,-0.32011657371154456,-0.40181864268331907,-0.0006321338673248059,0.17853488720529723,0.07404713826562569,-0.011938875997403139,0.1678949571388041,0.09656448410189912,-0.05489579754624157,-0.11513492904734259,-0.09326319706473925,0.034750454577182045,4.967053731282552e-08,12.92090146318751,11.307112854583258,9.457030770965805,6.813073673524885,6.692200004184965,5.600933339229776,5.465737655096577,6.46180194420767,6.790457215818119,6.528864588056454,8.463466236485386,5.503137177328269,0.01193432722141712,two,/content/speechcommands/two/6f2f57c1_nohash_1.wav,testing,5.0,Kitchen.wav
724,-216.8031551333823,34.086005173403095,35.26339919218842,22.990076383139986,18.94338710083543,3.6336620026910453,5.343751622034653,8.435989137215962,9.301906696899426,4.377262671529191,3.622032988411102,7.0535674906838945,0.04942899680463597,67.03752880330347,47.64563594702299,18.176353988416203,21.809930905207413,10.826802248578172,7.441756770536336,9.903605189242908,8.983069385678348,6.115011110891824,7.733848506717743,10.77387144743022,5.168650684954533,0.031148815186830065,-3.2294693534147187,0.785918326811261,1.6148690667745933,0.10444420349067046,-0.023949167571274247,0.29337847910946935,0.729607348722137,0.06826633848581005,-0.23675004369810687,-0.30823033840140124,-0.2821093933418657,0.23379375283353324,-0.00020457912356622757,26.829292694159058,15.994608536265853,9.204793231933383,7.742461948761283,6.4668539645051295,5.707107905525764,5.252146242292713,8.155383707478803,5.558936812027324,4.434157210334168,5.665928979237374,3.572213432123147,0.016819807091062254,-0.666481156136714,-0.18297430570582687,0.12664904893813506,0.1299992073219281,0.26678218390626207,-0.05722436164021876,0.009341304683028332,0.17538839899686431,0.07420193269282743,-0.26808719509475337,-0.20986178304735556,-0.16680983809393674,4.3833131591478984e-05,23.2991005502772,14.603621178324806,9.465996622904328,7.488048247735227,7.681530454127525,7.015855406917509,4.910538493432826,11.026955611936762,8.020218992204118,5.621101928584661,5.701525264490303,4.952525815266669,0.02065702822865332,two,/content/speechcommands/two/0f250098_nohash_0.wav,testing,5.0,Kitchen.wav
725,-245.12648302402107,40.599539211524856,28.48291936089145,19.297547594486346,12.761051104755937,5.949261670818505,5.166007029470947,4.656875066418752,3.2569639978537723,0.9470423997016939,1.0856757356983162,6.787712333011173,0.0412394537900885,44.26869112704296,21.177909342757875,19.274007308909997,11.529420338616372,5.939595246791254,11.392001922484043,8.650455652916442,9.10337439720174,5.329121147769227,7.149060925347951,6.859483160008254,4.143478274058508,0.008969926322216272,-2.1192523587315693,-2.1416469630116852,0.1104390315165355,0.9736761898142586,0.9846487188258868,1.0195251714061495,0.8867488286417885,0.3910334198139624,0.1292607076224846,0.0868993771768919,0.2755475442333087,0.31923464683485436,0.0005593097166103475,23.05311658530933,14.717424101257693,11.931856855680588,9.047408219082476,5.595375073249156,7.6987049414446345,5.175204959638445,6.580973347588734,4.821782020679288,4.582064084783952,4.668208575485237,3.232919358251815,0.004839493657542729,-0.9245657096420938,-0.33684262721056046,0.10075068013595634,0.48287022253864964,0.7741947341847202,0.08127831879619274,0.03825063854398969,0.7296673134879488,0.38010589678552936,0.09950633796418784,-0.06729126158747911,-0.14709448499101418,8.068850729614496e-05,22.18579512699399,17.451536091955095,12.16869921093116,9.287660648985797,6.8427050116437025,7.851097412682702,4.930088124669859,7.337767971649131,5.523381901007395,4.1835994241223275,4.902815317077175,3.5770553418710644,0.004368769141997377,two,/content/speechcommands/two/5eb5fc74_nohash_0.wav,testing,5.0,Kitchen.wav
726,-286.09333453905555,-18.727980138990194,38.376899632122445,32.917987407636005,23.680791046606718,13.257156786106009,13.681623318768224,10.84760157217511,8.628742485519941,5.113120822006511,4.486526623139674,7.4024207099121195,0.04522220982471481,31.385217536884706,21.3072730464936,11.491369973506208,14.053098870721943,8.44685851174275,8.233702026264176,6.873045379257677,6.39048449516497,7.565976223613487,7.049854218068793,7.711429571233434,6.779672686516117,0.011693318773639936,0.7043755314167657,-0.6650289989233437,-0.4821010925188175,0.3723985922265933,0.03295159107481214,0.33647466353617606,0.11510989412168462,0.21164104207026174,-0.23156664983683384,0.13675726696071486,0.7271732089075931,-0.2738479041718916,0.0012398437867241522,17.60512214490803,8.924046737969302,7.433827580083993,7.831417266582487,4.503209801159499,4.7500742939544205,4.431025279079785,4.659223724487745,4.271352917140643,3.93710365054471,3.78921457442442,3.8556783168377713,0.007381673155571891,0.6973599436869108,-0.10484855133931716,-0.041751744148969414,0.2791858431838449,-0.02216158550200819,0.047287778502633236,0.21504750397460531,0.02941680526558077,-0.14460378600676355,0.07729341645596222,-0.024443354919637686,-0.05614122255006599,-0.0001369232932726542,18.976329987846533,7.451325417338884,8.2004680236139,8.687282286453444,4.053623627201609,5.514897541912231,5.694757741143021,5.502880230110566,4.241031213672393,4.883163820371789,4.8978124260849025,3.9459972569492088,0.005320888289474383,two,/content/speechcommands/two/fce96bac_nohash_0.wav,testing,5.0,Kitchen.wav
727,-270.74131467860065,-0.5942581550639384,42.56474453595266,29.230914462583563,16.723424189389235,8.720635981735573,9.762047471184822,8.270702100017518,7.213091676610907,3.58884017927235,2.5921225012063904,7.464310964797312,0.03705129079106781,58.97350926134306,28.319996477855778,14.139709435930145,14.552613786871163,6.4851142483841375,13.487812268159733,10.071683445926134,11.099147326754029,10.52596858210008,11.304781173412199,7.432068658416387,6.690035292911078,0.019158474846584155,-1.6458910532505775,-1.2769249098647788,-0.18752129979141602,0.08514433427239063,0.24910595826698326,0.08191725198986664,-0.214385312759058,-0.24186621280655343,0.22722152551229097,-0.005754502675139123,-0.05081418261890644,0.33988234891731256,0.0010708340515310948,23.717654117784186,13.554255853397859,10.398418059077587,10.422491773680862,5.147218851385198,8.56404818427105,5.265399439262638,6.503948165447359,6.455976086773616,6.389722124687034,4.267974192088284,4.005518683169545,0.00888536243588436,-0.046632233820207605,0.16080396531973362,0.3046387495097004,0.028005171940233994,-0.010508804775840588,0.2284845265067834,0.04122561642807668,0.011167374784539916,-0.20688059124057268,-0.4029540291425933,-0.26891478801328117,-0.023456896746183738,5.801141262054443e-05,16.689851006409764,12.226762358454765,10.97968370120053,10.168469075594237,7.5000737890730065,8.514370794195136,5.67458726395183,8.226358947003604,8.201463272150546,7.532798185365191,5.481862903428483,5.206846116182675,0.006234920032082984,two,/content/speechcommands/two/fa446c16_nohash_1.wav,testing,5.0,Kitchen.wav
728,-237.2069695549336,1.5949620323820017,25.165142729621422,29.09301264742501,17.036747714102685,10.745587404413518,12.893179397496127,5.874635236913335,2.0360438473253044,8.146278472391572,0.4146084828121427,3.1057739561972997,0.06171029241522774,88.32686106622783,33.747332717851876,30.819222901270738,19.37486146447637,12.118290755697393,15.187478726445775,8.752637968913417,14.971913448206413,13.655288747870769,11.179142429480112,14.60333248221071,10.868647606408928,0.05590317075447388,0.0343123885374934,0.2304528870765466,0.08338757383166781,0.011564314254401563,0.26467451958391164,0.3392520976028615,-0.12662860884226798,-0.19761072072338404,-0.09467497344913113,-0.16983235263158603,0.13484939934922446,0.2552925462444133,0.0005805876947218372,27.51410845436877,17.090594464255634,13.989683765598532,8.863784388802756,9.022455458110498,9.340401407774468,6.140445290936367,7.770002939588535,5.316318128765363,6.7524086900518006,5.993246378827193,5.471251676174267,0.023209155514208008,-0.3071362140146789,-0.022790056894442755,0.2191490597979109,-0.11173270363335691,-0.10443275404661652,0.07819404454964633,-0.07457248413934915,-0.06035583300780489,0.17930204184436616,0.009912447101430289,0.14732203483782152,0.2338184885218119,8.373484015464783e-05,20.814577798417197,14.98499124733844,13.580541980023929,7.078566259095062,10.118068533114293,9.476062698281613,8.159920835677005,7.6845374731994855,5.1308356900739,7.275231397848417,5.275167011199972,6.678452009840856,0.017525744094428298,two,/content/speechcommands/two/3cbd76a3_nohash_2.wav,testing,5.0,Kitchen.wav
729,-214.6424052642294,16.40720445707379,34.846901349895795,26.096378950256135,10.05463603813117,1.261404354197107,-10.412419571044465,-3.5477967196535865,-0.3696805729803796,12.349217187284324,-6.348390777372171,8.750545396429509,0.0831098014023155,77.80524752795685,69.00702685829937,20.450269404983082,21.14541026425462,18.38677034041898,13.975536405534505,22.378002915472322,18.268918897212824,11.425630342783238,21.156430641809994,12.92770339516473,8.410611405587044,0.054666053272485526,-1.5011549193244307,0.46038316619733755,-0.04765044070205016,-0.1583633621651423,0.04512723813857925,-0.010232107186638072,0.1409840760843312,-0.04762197554564379,0.09059332039698645,-0.02510236621654099,-0.2644215909373269,0.04917797967985244,-0.0004865184065795714,27.282064223989106,22.113197647606132,11.266260054423302,10.714235684159753,12.896819661822104,7.070187912453334,8.19440339744903,8.835947355850728,6.869252936756077,9.466305553779193,6.662649439803923,4.512893799148069,0.02203303789735025,-1.019134854249082,0.696509359245136,-0.012407744968827334,0.07141002300170858,0.1797323301277481,-0.29044678875724106,0.07172499665276065,0.30816418957673003,0.1005771717704281,-0.3804150311576813,0.6274775682828053,-0.15174458621872197,0.00019532355169455212,25.974480895895386,17.657201305011572,11.240872392830966,10.148997278631072,13.613631754371374,8.762907382984254,8.139663161766258,9.474506028786102,8.268864408220335,10.234824754438696,6.941891747424097,5.104957012798524,0.0180478462095187,two,/content/speechcommands/two/5f814c23_nohash_2.wav,testing,5.0,Kitchen.wav
730,-269.7356474617513,40.970308473966256,32.60326908512331,25.08813055602785,14.378217942545064,7.631422876745049,8.376136794317379,1.0917915730853807,5.8985416989735215,-1.6660798243891417,-1.7311275045104106,4.7760889308969965,0.07743412937270477,90.32627586440405,48.326454730887015,27.400485581193802,17.264695419020768,23.32315669396388,12.64244188353191,10.555012997710275,20.33453269407806,9.9078789003975,13.473965522036075,11.49565791330707,10.99770648888344,0.06341775952443389,0.19596168667861813,0.26997944904483695,0.2544884152795248,0.10040491702465826,-0.25824778259777537,0.04382890243779176,-0.1282392480295591,0.3297608098006765,0.11528231210364985,-0.13922914910548687,0.13231558937332544,0.07362065318938887,-0.000101227072938796,36.95713416343628,15.63902643618242,13.943453438075807,11.801246142853604,10.674213630188381,6.660677597127108,10.092667935726572,11.774705873197417,4.896022495496475,5.011415051202237,5.020867856496657,5.956332107707133,0.026751257921770952,-0.37523376015190024,-0.025149392628525145,0.20658787078024024,0.28172969720169616,0.32882221824429136,-0.04636118353253866,0.22866535352551148,-0.018667023787276152,-0.13002406860350899,0.11707568010566606,0.16118273632692712,0.07307471304101068,2.9274324576059976e-05,32.66247957570408,12.525355826429388,10.758837943729587,14.150997290791262,9.59994744038402,8.600372453052422,13.941870524993059,13.143561833204773,6.6362823065565,5.484237234336532,5.706563989533332,7.949653688561123,0.028503279970875376,two,/content/speechcommands/two/cd85758f_nohash_3.wav,testing,5.0,Kitchen.wav
731,-181.2281809642251,69.60723311848128,35.586713869968584,17.953439818970157,9.08132647499244,2.8110783418514593,-0.8162213839431351,-0.660824493256416,1.8607155028794153,1.2608237121217045,-5.714159173801555,0.9065995059517249,0.14018568949541077,97.89730141128007,36.03319404054866,32.66868829301638,11.526640673431809,12.00933896649314,5.633731410264345,9.925829417496068,9.176685886294743,8.749977838873217,8.652045925395177,8.450209260555978,10.443154986564036,0.17232013363749796,-0.5937932732343321,0.19372835338255723,0.39285322524160066,-0.06872805889485671,-0.36716506518833236,-0.18565233006576673,0.14238477977226915,0.00462322451426129,0.4037565128848268,0.5665804868417331,-0.13863455094777574,-0.23455930227839647,3.467596346332181e-05,37.830607442573495,15.218450623669149,10.954377885949343,9.952844660392822,6.65110576332728,4.943769225353852,6.159134788761932,6.759530681021195,7.40199467161346,4.61624842257908,5.293706795931933,5.809650573528793,0.05706631141123392,-0.7412870495181977,-0.4780421131820791,0.07523338813183784,0.25172044983432235,0.008930880442163473,-0.4568797363344569,-0.32445149762612985,-0.20056697080849145,-0.18955069847155065,-0.056935599169816345,0.06238535131723306,0.04811092600874005,3.09073676665624e-05,37.69562471165173,12.083234783715453,12.831301319009203,11.45052750194642,7.448746350231056,6.148987696702027,6.643075954926687,7.998209879697073,8.430194894184687,4.889435064041826,6.266587803131411,8.598861932571625,0.03218031482955457,two,/content/speechcommands/two/e1469561_nohash_1.wav,testing,5.0,Kitchen.wav
732,-197.26377447347147,74.66271388509583,23.25288030670631,8.43354330762127,10.803810308510647,4.405290497875985,-8.103650365578742,4.656545874812696,7.161263457339743,6.311740720480801,-1.606889314066392,0.5267875973007118,0.07896739465650171,64.56669951666979,32.5099895398014,29.02716657083874,18.965395815093565,14.710487577152186,11.387631907750741,10.960532279590517,11.393175018423007,8.115414506433568,13.479304980225125,4.956343625820214,6.384223600519456,0.042571719534530594,-4.392603926736946,-1.1293684082880566,2.861879679628896,1.2540612872230157,-0.0259753637583766,0.6608831710901044,0.4629956543326044,-0.30868539610271023,-0.3574689065175004,-1.0053106766985345,-0.09520889493222436,-0.013392049996232887,0.00022984211963991965,43.682336651870806,20.337052500072613,15.245238548143641,13.86346765097222,7.861012618118838,8.853460795733142,8.512666440320857,6.462562017856157,6.027944607470419,6.830247221197761,3.8906472135547943,5.3268772156043624,0.01761982526335756,-0.6338512297367274,-1.0366550704798863,-0.5835575196886519,0.25350973421893774,0.5071567880898371,0.4933109718107417,0.4854429028065512,0.21900237772169018,-0.04332999452206958,0.10835652450628847,-0.014983376941628102,0.10211771338423627,-0.0010129998127619425,53.08984117119426,23.86340096999979,14.175684007650611,14.638728308411741,9.155047464633782,9.050150890084,10.451140369812018,7.839365430937552,7.6392648401517445,8.261871473358035,5.529544485632215,7.012873128321224,0.017442992170155693,two,/content/speechcommands/two/4c841771_nohash_1.wav,testing,5.0,Kitchen.wav
733,-238.98784716342513,0.8883527666679398,37.346293994770235,20.96896890020462,12.952178533142657,13.965607886687275,13.861275189808305,2.3932054718840687,-3.362772125346686,3.3082489773765142,-3.53258538472594,6.011259187421789,0.053218563698465005,87.10206243239361,45.97990069683868,13.27329745388753,9.379459796065047,8.446227096202495,6.67391310272615,10.362388804470136,18.57168379649416,18.549152625224245,8.223992005131786,10.836358848574546,9.388973402205744,0.041815455241922865,3.844591849988651,0.022029860845465418,-0.33963071393654537,0.07703779145619231,-0.19453715519479478,0.09412072981428078,-0.2691341558014996,-0.5073418934766951,-0.1416577020057523,-0.26620510634896516,-0.21605584132346925,0.13438375184237233,0.0009991953509949868,30.40155339314504,20.35529827205154,10.645234520706039,6.883430822777425,5.9147859873420465,4.855936866686258,6.630407990329683,7.761796903240136,7.571596459898653,4.344188936773383,4.581963855197602,5.813894064230553,0.013673419610436425,0.6646191482265067,0.07162699160909654,-0.11383980570973927,-0.20157277596867035,-0.13430635420496936,-0.21740041990498365,-0.23901241886557972,-0.021279876717325844,0.1588366188648857,0.1908890478084905,-0.046794728875017545,0.12915583724763466,5.6627982606490455e-05,26.993111561508563,18.00599962038865,12.851109583951779,9.409334781594639,8.442703416968843,6.793943389426368,6.565039686286428,6.434041989130451,6.322569291056439,5.789418543438542,4.98255706977078,6.894469994403766,0.012787145087960127,two,/content/speechcommands/two/e71b4ce6_nohash_1.wav,testing,5.0,Kitchen.wav
734,-268.70430342399544,42.22424919752251,34.62688763093382,10.715600706053142,6.0124295081653525,5.5175749796944675,3.040509993979012,-2.877323982705509,-2.356639458775096,0.63304453497195,3.4136800761259023,6.039512873970768,0.05885503036552109,49.067498968673355,35.59752808845985,16.84046902960813,14.748298567570744,13.1734475756595,10.252558980336904,10.126572366810377,11.167554694303261,13.705829273520441,10.867960919757259,6.268423320098294,8.511170355654432,0.03997549486129307,0.853611129066812,0.25305500809808207,0.2565765522053302,0.043354000198761816,-0.419084336472491,-0.5210092791399454,-0.5442575976403317,-0.07835009225559991,0.14547967346570365,0.37315596474915647,0.29148458304978025,0.654317636720797,0.001541270273587396,21.414140984029356,13.453227375375905,7.463494204987301,8.842436841181168,5.718472684284058,7.303877322212982,7.433633510591641,6.793040545434603,6.182025803477003,6.533901042403931,5.196960887535925,5.397585465140188,0.01281844718813194,0.06034014698108194,0.10782616193592662,0.11730982010822023,0.3757871521020926,0.16631073943516705,-0.0135608462018365,-0.19872824607279593,-0.1559968348992088,0.10051211906810949,0.041055741681779466,0.0794966828603374,0.25633656549851597,7.915484408537547e-05,23.24753026153936,13.458697604349906,6.68177196142206,9.92984995231845,5.842257847649572,8.70032102917237,8.503840499471938,8.852071815463312,7.182904491455602,7.681026056580609,6.164158521760045,5.735635463530574,0.00944939095971474,two,/content/speechcommands/two/1b4c9b89_nohash_4.wav,testing,5.0,Kitchen.wav
735,-167.8316317294835,95.91056660401571,55.865628253142084,18.288509991352566,20.022522675972112,14.206488854072308,8.433736405401323,1.9326964752330442,-1.2786955402705424,-2.5266573354877018,-4.029194398160908,-2.3631915342396006,0.09504869405645877,33.77339397501022,21.687008507327576,10.693767427409128,6.651299126964081,6.704115416702084,3.6271587887208696,4.472208649291891,5.8462849165950805,7.555515677150018,6.879258134927749,5.171745869907873,3.6358942174969866,0.022054488989718377,-0.6374073350059507,-0.2829751512135309,0.5670135610643074,0.15822688075043093,-0.3510891822458251,0.1086126115100484,0.3441092348931685,0.24942175427200747,0.19099526329434224,-0.026856596401033425,0.21345822086557645,0.2784289313428778,0.00028210397689573224,17.599247119691686,10.07183102251584,4.660330318223085,4.4383311182032035,4.088517398911581,2.7617663152193197,3.4252109056789175,2.813471293755114,4.065741485084053,3.9756810902812045,3.8239665398007694,2.739259965352212,0.007439421646935285,-0.29265006634374324,-0.173725616778079,-0.011576486886519414,0.04199552955302721,-0.13375491144853063,-0.14629797827222493,0.24235005048059363,0.11813696170327355,0.03045187114516755,-0.06378316537820465,0.15745277363952523,0.13291474097821065,-0.00020270546277364096,18.520471819814006,10.934373746498407,5.6229418649408975,5.673871103553915,4.523306293840116,3.180643266880813,4.772641493852898,3.391825595437945,5.157876275643296,4.063479626139682,4.478253055991417,2.915414286951994,0.007631540462015598,two,/content/speechcommands/two/f6af2457_nohash_0.wav,testing,5.0,Kitchen.wav
736,-260.867125115082,4.610273428467551,41.35815222182378,24.05362468230514,12.915531819805256,2.9391974036214616,5.755296190332427,4.73255940666454,3.0128362977956487,8.404923434379304,4.701294056636741,8.839511844950152,0.08213562553282827,73.71689081695322,48.62469270922391,12.228191104441139,16.921760792566612,13.808969836787165,20.331769493374207,13.323746494606612,13.932213140224196,13.804993878275143,7.8479381678130204,7.507865598741733,5.213581815302406,0.07310610764800717,-0.019352990850857243,-0.05035107148746966,0.23986937523609994,0.4227984038472367,0.20703486575017715,0.37155623718666575,0.1553724808596083,-0.16321960814862496,-0.2366551079451934,0.05721258272366716,0.09391481669396538,0.012276861955536978,0.0009293991832002517,21.639771744239283,18.8742272396531,10.062288201102326,10.477236195191391,7.910064139251271,8.404213264346549,7.921282715111106,7.004324223520475,5.810116493709897,6.619383124489322,4.226170429520529,3.918910646467625,0.02913393031017802,-0.0220721261324267,0.32120089577092314,0.5394946227848083,0.49289695311355797,0.37205426464137736,0.13817489221399376,-0.06998053025799618,0.006490303635277724,0.08330004906689024,0.15044915183766214,-0.030796988866688225,-0.01519512851617509,2.3900034526983897e-05,18.382463736111376,17.88106806138356,13.498586462144052,11.545106083522567,9.227437141425089,7.371234411212749,9.729181257973183,7.955651147018139,7.391678232226312,8.788192687698855,5.709918885967025,4.822272724216185,0.0264570225207581,two,/content/speechcommands/two/b83c1acf_nohash_3.wav,testing,5.0,Kitchen.wav
737,-239.45727667460196,42.763609937936295,31.478558912389037,11.58871265579922,7.149210661264929,1.0571172588057638,11.845700100555293,6.399287161891749,-0.7559881585593349,3.7309459997510666,5.114134950782481,4.278383990631642,0.07945835296413861,100.71219298261688,61.15209240460682,27.475042113278278,15.165673597807158,18.808640665643352,9.959053129477903,5.80076484274825,10.589520208341636,20.48153154164867,12.335387522039138,7.330377640098863,4.738643281441298,0.07756935269107505,6.086926777135043,2.419431421526275,-1.3116382426420155,-0.08694706666934071,-0.09170637072567794,-0.2990942476116723,0.21030375195215587,0.31440307206547563,-0.2782664738491301,-0.33593067235615,-0.029648034978824636,0.032138170512077895,0.004663144027994525,38.474743652784184,19.997546906257735,22.963492178566398,8.57873698382174,10.258707290503478,4.314118103825788,3.9578385054076954,7.882019586955468,9.198478414694986,6.011463506600898,6.086282691149805,3.5120000900401753,0.027977949955347792,-1.0955092520621725,-0.26628019596221836,0.8980000751916267,-0.20740130353286085,-0.06107303826165182,0.08288429606172376,-0.14284899342368043,-0.3443307946278912,0.13059104509034727,0.014923303524470763,-0.17002400346632926,-0.11175549379386102,0.0007470011711120606,43.39062086066136,21.70137474895076,30.069573150367155,10.039277868958928,12.002384974459002,5.056976094197579,5.253191320690787,10.71377433795884,9.434527029227812,7.589883332778951,8.047143401793747,4.819559595913368,0.02776593351646488,two,/content/speechcommands/two/563aa4e6_nohash_0.wav,testing,5.0,Kitchen.wav
738,-186.37143451045966,54.047721413420945,29.013276641174578,7.918017753723507,11.185457556050304,8.760015366156749,3.677233865186075,1.5161625122721114,3.399153958243107,2.6190853647565224,-1.636678612285698,-0.25925919389081326,0.10172849526861683,92.21943560190475,45.29210945968416,33.63309520540036,14.257240104155652,13.927831992991734,8.449418229634626,14.68609682723697,9.286747716773817,5.932267943278222,11.866030496569252,6.600330937825009,6.8673191720873685,0.10101363845968248,2.730914237468885,2.1251078925661764,-0.5881951319318507,-0.8315905277641733,0.046402892788945896,0.38257982600398255,0.1431494863415354,-0.10592073504118339,-0.11095619774712151,0.041352635414083676,-0.04717263407053672,-0.19564633764869854,4.439037894048998e-05,37.52647964957761,14.554994869031344,18.929107692723694,8.278345482309827,9.602040016640478,4.600359613604614,7.880697329430681,5.5104260985017826,4.97605039604198,7.293072127560638,6.950314041207006,3.5468751279848023,0.03867995098915434,-0.895560848734617,-0.6772915153228711,0.09154966801244319,-0.003658372065249645,-0.24419128593095607,-0.03912360826478605,0.27536088970966927,0.3750566369401707,0.32610322607113607,0.22485260428842946,0.3502490693049786,0.18931999551921272,-6.032710274060567e-05,39.00495315700814,14.761817406464393,20.560145268051876,9.483833028417026,11.063681407685182,5.928694697733696,9.085348822082429,6.169576930317021,6.936407751156362,9.988078905276717,9.566928760001286,3.1807558712627384,0.02827968660026539,two,/content/speechcommands/two/97f4c236_nohash_3.wav,testing,5.0,Kitchen.wav
739,-308.67650468036976,14.028948079327844,33.275860328551744,37.88978020748781,24.587601416684116,13.735153183264973,14.62962164127087,10.023657522163038,12.208032102943092,6.335413968189581,2.053702898549421,8.296828736663626,0.04444326023804024,63.20260200024466,23.855777151052724,9.882972598610126,22.05780731508968,9.739375352714115,7.6856390554797285,4.482472326664403,8.138999937451242,6.243028588313277,6.468199122736197,8.823466255642671,5.082055672413272,0.011166565774174369,0.00014385754026087,-0.275718788584415,-0.2472028854782607,0.14734200733045477,-0.32522295759071634,-0.28552350111141156,0.0644879284847065,0.057080817995022445,0.3362778346501406,0.1432726079764155,-0.24657917733143345,-0.257142638489835,0.00012489792800718738,29.78728281574091,11.79390542418163,6.06621951500545,10.825332441060741,7.711205506111473,6.117437251916293,4.183985463655449,4.342664767216787,4.3327496102730265,4.572944390692834,6.967287168874943,3.8715942642695946,0.005753216859704628,-0.4694264892163441,-0.3169311097426927,0.11746162775752585,-0.007681831035930623,0.07278382872850488,0.2065396868902542,0.03322073759974824,-0.011207554679638736,0.20700887014406058,-0.017869469214049083,0.015706424193889842,0.14711034816655688,0.00015524650613466898,31.632087699763577,13.81978973080916,7.187064309456186,11.905858796332991,8.046906931448119,7.126489411364179,5.593202839051776,4.979558752024968,5.049901087648358,6.721824401648747,9.138599521563334,5.128020720845192,0.006010116442221187,two,/content/speechcommands/two/37dca74f_nohash_2.wav,testing,5.0,Kitchen.wav
740,-273.49894675309224,8.820100414258158,46.5048644223603,27.89917045084,13.646019907241412,6.999645900901997,5.322711177833078,9.911457016636257,5.585454411781404,4.879417216642226,4.416031440040571,7.6703186207065714,0.05356496950844303,70.89881873391448,45.819610031458396,15.167142466353981,7.29006934865285,7.187256153194556,15.077564854177648,12.78305352157925,10.435328165860243,9.70797610175055,8.729721933506907,6.416235640193081,4.60840794691484,0.029810895799536906,-0.32268830109951485,0.3113215335463926,0.44108870558261765,0.15798998017631508,0.04587476896205399,0.21097607159026283,0.2207645878773819,0.23638895907819824,0.14417297997342293,0.1965659914901851,0.04232859452264791,-0.21137734301287006,0.00038089633228317383,21.404606726386127,20.742542588690274,11.109828482714935,6.135364862799738,4.553867058894034,6.5882999855689635,6.546565870090951,7.934023837963015,4.658846029360824,4.795764522162906,3.9250915410264375,3.543906305513104,0.01100726637865261,-0.10393586521454949,0.2695727917887811,0.22408964565421102,-0.1602744313565547,-0.22905848744729465,-0.1369850467175361,0.06003022164279545,0.020681034574865424,0.16641702229391847,0.24750060108794367,0.13569226901103054,0.22754871790025327,-0.00019087499628464382,14.515461793668482,19.864012441903952,11.892932929708762,7.0403275132105225,5.522468926684642,6.393028567719608,8.157165840271782,9.630402664745645,6.123994249546973,5.451415859317598,5.569267921963376,4.989888153943937,0.009158750752700198,two,/content/speechcommands/two/b83c1acf_nohash_1.wav,testing,5.0,Kitchen.wav
741,-288.82428197485444,1.6519205767367766,47.06196821074013,25.13262419394795,16.769194740938868,8.026070219187057,6.509891304451425,3.7805731187694853,5.7031643755459625,5.366088208668938,2.5507596238439816,5.921547231617795,0.03613530087750405,30.74550844322964,27.922591904143296,7.363100314154763,5.951852117507573,6.390761338133579,6.756024386361006,11.252960875385892,7.884139180961274,7.004982572267242,7.119844068211432,7.970369584856356,5.303490566225842,0.00716287140771032,-0.9774300915563205,0.12303230556864585,0.25595442402513435,0.26662159332663177,0.21029981820116714,0.32719733876819884,0.0951815857418172,-0.39605072385977746,-0.2999175031227178,-0.008042425207874248,-0.2031424637267025,-0.16845649016116157,-0.00030221008966045996,11.389602276168567,9.809638081744547,4.856690023426405,3.856213890033865,5.114161122976929,4.581341948653907,4.648822033127931,3.4409914038416467,4.945871825013117,4.330308628483778,3.6062988302245182,3.36003260839408,0.003488851115519981,-0.1731036039369504,0.13065676210216265,0.11240250052046126,0.09323906218202017,0.22744452997816905,0.2614442383483352,0.1002058379123513,0.03495959146628165,0.1745954323172611,0.18697403868973464,0.10509649969359929,0.09765550909066005,0.00023942788441975912,9.543967150163065,8.976628927692929,6.381215272257562,4.904959521608215,5.565611135741172,5.318887654332076,4.3030842194889685,3.974084054489934,6.3302519574278,4.985467147562508,3.633380688226729,4.41725195615271,0.0029619496081990417,two,/content/speechcommands/two/863880b7_nohash_1.wav,testing,5.0,Kitchen.wav
742,-224.7599859227712,-27.83012683873882,25.443057165865554,21.699976553969517,17.12815454365851,3.912918468565022,7.616141719392633,9.94829864383169,7.595900985818242,5.016194071858154,3.353645966122296,7.608344665446904,0.04078612959710881,24.81390933967231,15.228022300984414,5.181746106026454,5.127497556124511,4.450788980385139,13.547575712480997,10.813425150048683,6.160331556797091,5.686975269317052,6.433879211671113,4.187276962659144,4.349174749400322,0.01275322649813338,0.0478551588198992,-0.13781927940183444,-0.03918398360570531,0.17553510728196883,0.08890417952303942,-0.1387897575194898,-0.24456322246462409,-0.3477749261157561,-0.284540852344264,-0.1637665123553906,-0.018943486959822297,-0.2422141085815279,-0.0009431235732570771,9.17583806515484,6.393459439148177,4.063913837804405,3.5215053814111776,2.6424089264079202,6.009547965711355,4.734288623670042,4.321230284374339,3.6199757286527094,3.243595489634879,3.5868942286438386,2.790765160326711,0.0054110691208989516,-0.04755873705345077,0.12475437322239771,0.11104022981063982,-0.10435124015034596,-0.07799179263926401,-0.005837756944952114,0.15507101959749317,0.26035043246282114,0.12445765072744935,0.3608747127077727,0.47345768218531953,0.2710906334463751,0.00018510532875855765,7.545422864205284,6.722745079401161,5.079520437895396,4.452173660257021,3.326152879890682,6.148212633250214,5.144274774467059,4.851594346747479,4.205498976126144,3.5929999067703706,4.567395765718076,3.2089629441122827,0.0035536992674834256,two,/content/speechcommands/two/dc75148d_nohash_0.wav,testing,5.0,Kitchen.wav
743,-243.0541757628459,29.493394024639656,38.0510071044951,28.726804086189812,15.413091087801183,9.48017419347226,9.935750326078171,4.086473949637203,2.7717196655448264,1.6747418765679247,2.308170659643828,4.705739910876975,0.06626418593805283,86.06766543451607,44.59565161065884,23.64419124402686,17.32314364922714,8.794608681360165,12.446172798846133,10.277030605654307,14.244762700891489,12.119531682075419,11.614931757517672,8.738348028411659,4.70527009370017,0.05112162087443356,-0.3142218632046824,-0.40320168619703894,-0.49720793652762546,-0.38523489309686304,-0.2347621213640047,-0.1572333242106475,-0.007319647512222017,-0.07919761299660762,-0.04953677407181605,0.1010250380313133,-0.19046145550677165,0.09100749282282429,0.00036303566828850775,31.157195904365523,19.04887965258925,11.574305401349196,9.676037532663516,7.249627382162509,6.0530156354191975,5.927330523050579,6.893393835549265,6.887075642917955,6.418710603582486,5.932482383083239,4.139494338843892,0.019303162599547563,-0.9629074864931927,-0.36128234371656576,0.3407690851758268,0.4358969132883785,0.36990311622882693,0.17724050536834426,0.23513575444345555,0.03465292268966114,-0.034209310411600316,0.1298642124256346,0.005710406159946224,-0.040142903990331616,-0.00013545329372088115,23.2265696209711,16.99300499282675,11.068051444046944,9.575402708153709,8.896662974661174,5.068649468841255,6.514286607541861,7.850594544775386,7.29122912310803,7.279263284419966,7.220857633105571,6.005607178637713,0.015255733790126895,two,/content/speechcommands/two/653a48f5_nohash_1.wav,testing,5.0,Kitchen.wav
744,-213.53104592305453,70.68666721941369,26.263054383003364,4.935589123821538,-2.7264696624045976,-13.388595925080928,-7.890511732727386,-1.5827409118582658,-1.1262881500317516,1.4277335536609417,-2.6810048538893185,-1.9920056861779112,0.05376499082194641,56.017470298367385,13.009416489595,15.327820593303608,18.994088982457182,13.62657879328915,12.602078906820372,8.461115129470487,6.289515382822972,7.362110780268909,9.159144932365054,9.10563824139637,9.085700427635247,0.021553428813405495,-3.3609263929258906,-0.5653255249211484,0.7612534731616433,1.116003468814055,0.6776549479405647,0.1531437546903446,0.022003812782670388,0.31160068941947333,0.47630036425080047,0.47068335665833566,-0.3449464421389388,-0.4289659565451508,-0.0006650278885518351,23.774527070860504,8.078240619828842,7.105622054920437,6.224933760362703,4.7649629055464375,6.758061357335118,5.8482037820389685,4.197921373825178,4.5301568217670845,4.555397338162531,4.41770303199536,5.210727931359543,0.010144239009684601,-0.842730833250972,-0.7828490229975659,-0.189653526612947,0.19782617917313755,0.3871631503850516,0.24228099801382294,0.025488270689297272,0.1468716072238224,0.050085600992469816,-0.013823933260462874,0.19299187479117977,0.262915964721627,0.0001842436691125234,25.416368645530795,8.915396108724588,7.732784260349352,5.380887005861132,5.258684138287726,6.37011752593181,6.274597772891375,4.07120286095029,5.253338281908917,5.161126563643719,4.750161863398326,6.423671498472306,0.008523382989482969,two,/content/speechcommands/two/aa48c94a_nohash_0.wav,testing,5.0,Kitchen.wav
745,-295.69760890808,19.80721024825255,45.78652737265271,33.6601455383041,14.965087573069336,3.0486547382572535,4.419837026717049,7.189089886422609,6.315966787194841,6.090352897487005,5.6227680589348035,7.652543795626559,0.039313385263085365,46.44418320769308,25.466952820026265,9.184566143850905,17.144446421723213,10.085781693559834,13.81659845824467,15.70958486757517,10.061698288780539,8.452358590256946,8.74574235497512,6.28632880015458,6.427742309572139,0.014848516514073826,-0.5415889800328917,-0.1584106832254917,0.33348812820979057,0.35364695417221415,0.38021306321569587,0.3046047864962812,-0.05944753095646729,0.016849111517929553,-0.0773334137085046,-0.16992756459727448,-0.1580606760719461,-0.7037542307144389,0.00019637849181890487,14.83047770335246,11.335533942497786,6.573512081955716,8.333446482119493,5.844107173119033,5.45198831108834,5.880115122929005,4.77219340931848,4.395585108898043,4.851972324997597,4.622686326547623,4.084734747568464,0.006168101782508334,-0.4231244273964386,0.09768289751854713,0.23192823459797982,-0.07352389542215,0.1600759573046681,-0.051010772532897077,0.08499653366337537,0.11330703743147846,0.06091020846004939,-0.14334304061586153,0.29975733986286973,0.32154596838050997,-3.285397743356639e-05,15.321758939231291,13.824768127107253,8.187507308785303,7.287839116807992,7.432015565663057,6.069585759422266,4.9831864137412465,5.475092522293555,5.398037738447099,6.199707057676756,5.569366505471694,4.599251267121782,0.004340111487972474,two,/content/speechcommands/two/1f653d27_nohash_0.wav,testing,5.0,Kitchen.wav
746,-287.9027783839259,-5.733542457402635,42.07189263613999,32.69181737118137,24.754497912083913,8.557421126144472,5.475508778414129,4.307621417513813,7.386230115906679,4.038076622628288,1.0694319578870326,7.898958115538518,0.03251799588906579,54.97834042999604,35.51583997747075,12.60723677102353,13.678805872176646,10.944799110520524,7.852199520365092,17.843370680496964,15.439763308196667,9.180189209247576,9.789053913382945,8.513194248908992,4.794167137232686,0.018048512155948937,-0.028103534743939736,-0.0374267612527698,0.10390510792921606,-0.05414470566156164,-0.010484853682758085,0.46866041392629565,0.07528117086334243,-0.11516414227695657,-0.052063215528397724,-0.1049837330909453,0.09962204001727534,0.12747592017347073,0.0005076502660109151,18.30682366433164,14.959553509036219,8.360813498895263,7.658618525483641,5.531862100668937,4.842736200646361,8.813974804453213,7.53557818570241,4.754515585454075,4.8333256183072555,4.185050350632246,4.425639788291073,0.007902172419216362,-0.35067248623195346,-0.18921882751286756,-0.22620342066661495,-0.014270766505572515,-0.039375961815455794,-0.17666896481015446,0.013631172660310458,0.3885997951094274,0.2574967522674937,0.29087761866668854,0.24087948365212544,-0.09196536286854966,7.707967112461726e-06,10.212230342011443,14.417436418277715,10.858670258042237,7.452712407661944,5.862756768981893,5.316532369422496,9.343561214858019,8.024352755360699,6.142196571472029,6.186860367326046,4.82094818608344,6.472875185261547,0.006643384070710728,two,/content/speechcommands/two/5c8af87a_nohash_3.wav,testing,5.0,Kitchen.wav
747,-213.52345056827096,50.44089863916238,23.52312921463178,12.748705748304662,12.743601617030738,5.074685327962447,4.201707723583733,4.784247855942674,3.3247110174844203,3.3298273102320866,2.9615801638385455,6.077300569652125,0.06215599203302014,55.59894791454886,38.60898494659625,21.477039823773175,16.726249029573513,10.679094727920614,10.207341279906714,9.111234207175123,10.668072693149472,11.37535365002629,9.206541439997263,6.119652986655007,5.730360361195801,0.030602660151405222,0.8230367436321216,1.0738950733465944,0.08640848755419447,-0.0643104865411944,-0.1395463293356554,-0.2439413940085063,-0.40468926664307836,-0.41951704540342033,-0.16038824474463448,-0.23258006062165765,0.013356688695436766,0.2960850214720254,0.0002865321934223175,19.124254608552377,11.750491650591151,8.273322389343114,7.987704748342826,8.098391569142663,6.847303346220278,5.719278073819162,6.616102702967509,4.9605060046171054,5.620869655344156,5.209656348402339,5.474342548597648,0.014650770648755529,-0.8269142862557274,-0.7377965744774916,-0.12737383850036943,0.096102358937463,0.27729531630440374,0.2078125388645061,0.2014254554756276,0.12459114652318155,0.20794130288309418,0.18368723033652046,0.17580674486920891,0.09690751862981885,-0.00033282199553374584,17.001253752140666,11.482197726834002,7.899673027046243,7.825397368425875,9.47370420919517,7.431548673760024,7.452378048035324,7.3814999497443905,4.59142904834969,6.5372022629740645,6.524057982579819,6.833781823118629,0.013078706673903871,two,/content/speechcommands/two/a2473d62_nohash_1.wav,testing,5.0,Kitchen.wav
748,-239.43461357306597,22.37405058718342,33.49489090959872,15.605501108710065,10.350421399443867,2.410160650545963,7.004879799413744,5.910006316195072,4.197068920064128,3.9845437747965105,5.3917216482102726,4.233355857582716,0.057519086154884304,71.7271667986491,43.389373195683085,15.60949965234714,15.500241965480969,12.628370513242276,20.572018452144324,12.577553016899998,7.481598555765135,10.94133684651863,6.66658251884306,4.1422220858701415,5.398117696018156,0.06223077609957854,0.31549729744405397,0.8662679143111697,0.4449206525422492,-0.09457839940879577,0.042968492195387994,-0.2902307166392272,-0.15074408721293814,0.28021191404782,-0.07876289217157398,-0.19862463707893646,-0.1159578112937012,-0.09416059066850904,-0.0004680950327643326,22.02496919172206,15.738930833987988,8.186236968805783,8.449060904262375,5.21261350616552,9.093587263430479,5.985072481468364,4.872051195615983,4.240349350195694,3.7917394635213726,3.409293934975267,4.715053128540702,0.023478715575986523,-0.3876283203338891,-0.22005592387395342,-0.1708179857939263,0.0860508766248094,0.12622266237454396,0.03499182477627704,-0.10568937864495985,-0.1538393097595172,-0.04059301014532211,-0.1528479313117007,0.24272334610114898,0.09073762528104255,-3.944730593098534e-05,15.026749895684391,16.401572005774998,7.957531221589351,7.594146011400039,4.971667884219855,8.912177210055468,6.8132617814535354,5.511854359649841,4.588766302488723,4.25551823545299,4.551094225349237,6.72756617672535,0.0172369396252639,two,/content/speechcommands/two/210f3aa9_nohash_2.wav,testing,5.0,Kitchen.wav
749,-264.86998634254434,42.22690797083105,36.98867759631238,23.01718057765501,12.196883650093932,4.530297279707908,3.250003788186994,-4.574583592004026,-2.790465298024901,-3.1761941286343403,-6.741001892247116,2.390125864264524,0.0875736007001251,68.28459499366495,45.52701700091525,21.11201512206083,14.828706039632037,16.671951072719025,10.736903894284946,9.787538626817263,17.768412813451175,12.14888947552181,11.14665047284379,12.962269419235302,16.02992244886042,0.1107501632886415,1.2782417284816727,0.5341163799934854,-0.9225800187104155,-1.0673611137470205,0.5532237859309074,0.9714016800631102,0.5919141557585532,0.6854165687006832,0.3668879701429546,-0.27873407862445965,0.21773432127352527,0.15313640606044307,0.0001849069470359433,29.82864962305961,14.476386244580505,9.580404845602738,9.40482440540212,7.1183995767152135,6.395185933611368,5.632744203045001,9.907168470517089,4.917117089573548,5.392305761315626,7.95436370380248,8.262291578346732,0.04044291692472258,0.23134160643794624,0.5952177892050249,0.07435372778310251,-0.3894108764431465,-0.34486614614419814,-0.2542419989598727,-0.2164334500413224,-0.22303639445308918,0.14486055125941283,0.23875714279154908,0.30752031621942,0.16134726447254638,-0.0008681356286009153,27.665572101196283,13.648066481235729,9.68800334181378,12.101883456687528,6.777939364718256,7.2031863240098915,5.936763616449292,9.916964593061204,5.059747095997123,5.9264354184189925,10.63896801275559,10.95839421161929,0.029949765488981938,two,/content/speechcommands/two/9a7c1f83_nohash_1.wav,testing,5.0,Kitchen.wav
750,-248.5934557895407,27.94103883208946,24.240373195461608,23.21825008754159,17.534795555929335,11.18126568696328,0.39140304043437724,2.5807428979889666,2.386999848795976,4.027444932807315,-1.6213700255108554,10.725053339294258,0.051032351970206946,59.0515716792384,28.29689322532933,21.33578897286981,14.792855756327985,11.758615801052866,11.75862328995482,16.153483521573786,14.515444480136257,16.74035002908935,9.061951987915096,5.977155755804328,7.203046421910903,0.01976484966164915,-0.5466268858767818,-0.07639542783278483,-0.21293150241753703,0.7047508645568215,0.5323003714504814,0.029701884935468846,0.06670624715366263,-0.06703922530210195,0.3502451184877227,-0.0517301852032823,0.2780888324082257,0.03324498618036392,0.0010821147851886289,18.90238223273852,12.378903234230282,11.154315865023445,8.57289024807017,5.1455674752806955,6.815743412136341,6.657464362371013,6.457804054349714,9.335474916504921,5.450299061168231,4.395497884942607,4.438486241498073,0.0068891437803982125,-0.12504519792233662,-0.4140144930692126,0.3370448272340068,0.1950613589633465,-0.10635723262512124,-0.3159922348597696,-0.0875216645318241,0.04994323408959242,0.08335513966360833,0.40541525668832074,-0.08292411608377993,-0.08786584248900746,-7.144051293532054e-05,13.49186610660844,11.286321229847944,10.561343230478967,7.724243312974156,5.108315662242141,6.84346887871653,7.425903454432313,6.994606126328055,7.481004128366053,6.226905625951983,5.508550803824865,4.925958748353749,0.006248436742070055,two,/content/speechcommands/two/b2e2773a_nohash_2.wav,testing,5.0,Kitchen.wav
751,-255.39868543887798,4.461568688135866,16.05859477913384,48.36563522925218,11.612885409185957,9.371220165219736,8.858168894705681,8.567889435660053,5.560898598795202,4.4701058756652445,9.0138682886564,5.495924114027922,0.04144979134434834,60.805591935017304,20.976599751210554,15.077479304522178,25.855295697788435,16.90022307158883,15.606212481283837,8.431760150172932,8.809929714769531,10.121068015999677,11.193696635617062,3.5592522839657157,8.237129434607962,0.01541312973317098,0.6111657030174067,0.33217716920463564,-0.14807054128425437,-0.04291391659332605,0.14041560362775107,0.14207281133074287,0.08090231194907893,-0.024173628439407343,0.20669342181942718,0.1693307901215133,-0.2113173824358003,-0.06686989038956076,0.0001651746250929371,23.301506286443583,10.316090860345703,7.049390232007185,7.942475013341976,7.081759391533541,6.300482474429809,3.9696362631109787,6.922160146932023,5.294977094521869,5.03516535308813,3.5481791736793715,3.3065469515927703,0.004230507146326296,-0.3944892810453458,-0.11070016306464105,0.1497027515251451,-0.2477974102940389,-0.06722696380457951,0.21940873334998065,-0.04645154950618829,-0.14565742899823514,-0.13742867351086344,0.05722365961553522,0.15626843389927217,0.06977716625459447,-7.005054503679275e-05,22.604017344039733,10.150484616410742,7.962545509793521,7.073739908051485,7.270794057084784,5.555013476855949,5.295780831764486,8.180616168845113,5.817849351990004,5.008446664570732,5.1887399816223025,4.012158215640721,0.0025523722086946616,two,/content/speechcommands/two/8056e897_nohash_1.wav,testing,5.0,Kitchen.wav
752,-173.87875131768754,62.82310552235361,34.313721275087026,6.205769150791648,-9.695826108305692,5.89063452395043,5.122987056385974,-0.3843509370572985,3.8770005945866197,-0.08867176628888526,-0.5406441369214187,-4.590748242337302,0.07598437665728852,74.9208730862141,39.65413708136859,41.61363055933638,11.82537359096686,28.215397353375835,13.521677336329503,9.723530299765573,6.704459785941677,5.332301264661287,14.198684178896677,6.6788629417101495,10.60299060949836,0.050705599955628684,-3.7699297277612454,-0.2287231204746006,1.9400139651971275,0.43801597434560013,0.3051151413514145,0.4534637801775526,0.5619197499256623,0.16365854595329504,0.08353463942094354,-0.21097268775090927,-0.03411731125510602,-0.03610890264484714,-0.0008738945809102827,36.35762137832799,16.89126196993486,15.527685983298543,6.902097944161335,11.56499785438348,8.158951123845934,6.3222902352512556,4.322475095219382,3.631196449413526,5.200308249363224,5.487574358324689,4.486492818095382,0.018367225903254455,0.7080301898672493,0.8932869710753408,-0.44254000173678193,-0.30451709059401433,0.3302746180238658,0.12143808328115545,0.0543777747069677,-0.34215174966410267,-0.048559181396718734,-0.03953772823510355,-0.04966545592585335,0.1705847159394872,-0.00027806771298249564,37.40999040539163,17.38326380581768,15.769242903498661,7.106921346048217,13.073623561933966,10.365726123575215,7.496655192180802,4.967078595647871,4.5413903571483,6.46011299469954,7.829428016033713,4.4488615190203,0.011598823530173814,two,/content/speechcommands/two/94de6a6a_nohash_4.wav,testing,5.0,Kitchen.wav
753,-275.2088544862753,27.128201120254218,31.581721459326086,21.573088394461553,15.044708755594515,6.610830349248488,9.785125355260258,4.0362387041465455,3.7174069287902585,5.034356753028941,4.556721665618921,2.9806279912769424,0.05755719088483602,62.286132655071,43.49822213168405,23.756469491824273,10.177959875301733,11.958374619698628,11.485244457307896,9.08205518804436,16.639242158529544,14.896925233838752,11.672291406809212,7.93075155164353,10.457667787544208,0.03666635564643105,-0.03149937374676468,-0.34434366027277535,-0.1834345527881592,0.08496229322110292,-0.07277774462396132,-0.2408356923719782,0.00024283198946773246,-0.23314861806821277,-0.16297327087702926,-0.1889116591667221,-0.024748283978883963,-0.05193744389384437,0.00046888991228995783,29.73329818647677,14.21504682505016,14.151889643100052,8.786205863829455,8.11373491233669,7.538779639798984,6.038824640225842,11.492169316312426,8.565731419497332,6.222975403721152,4.209111939183309,4.134703906801798,0.013025526539872129,-0.2685440988832094,-0.15421746466093283,0.09647457155748272,0.10594127342675605,0.25304506078345773,0.11292091447031298,0.025868921269140324,0.21081154173265096,-0.07948013303193578,-0.029414615474909814,0.06026962624833875,-0.01581047305157828,8.223094046115876e-05,31.84601287439386,11.291362339903204,13.63118066768084,9.680015997821034,9.460741587936793,8.491293895183597,6.704150054549944,14.809457332047835,10.498851708167448,6.60099393651349,4.8123854684762755,4.576398701279017,0.009519581609478477,two,/content/speechcommands/two/cd85758f_nohash_2.wav,testing,5.0,Kitchen.wav
754,-231.3022325086822,37.23873814592271,36.27079953105486,11.691945062383303,10.381790456111073,3.1171482247647004,7.190356709115331,1.5074948694589092,-5.16225542338843,2.185796810797761,7.968027042608774,6.589003056163175,0.07023060132632963,66.62680209930765,39.837565377098365,19.158261830766115,13.53272635528008,9.821222039837417,9.876723463820525,7.625800879747315,11.419399988444544,19.264058427006496,8.426279036206834,6.603628944642064,5.23911573867168,0.08401770856335904,-1.7159314273673805,-1.6093266906636037,-0.003191029765066363,0.3820577871196647,0.16434478224712562,0.09139128606498578,0.01768075045737474,0.38392470613286744,0.08497749729006866,-0.25480885447010687,-0.25749984846725754,0.10816772020086665,-0.00015034622723056424,31.023784701846335,21.417678438742048,9.425010370915128,8.44526280776339,6.576019381034105,5.051765565481396,5.156818926366203,5.940859335705644,7.878860844959615,3.3964207958137704,4.078605250041744,3.783970170579688,0.03235569342383386,-0.06065172879233956,0.26731984050775365,-0.0928638493861964,-0.2568133053897064,-0.05754777730299606,0.043608554865880285,-0.07726211967762256,-0.2248835620256384,-0.06449554536332437,-0.1548547972915001,-0.00851457585756359,-0.10905590473209195,-6.687026470899581e-05,28.227952551898273,21.48181166018194,10.008560855266587,9.09860681572142,7.476150790475621,5.515853326374354,5.464367840461122,7.20287006451488,8.66890037138327,3.718262215823904,5.016031059158739,5.161725106198051,0.019651724856833426,two,/content/speechcommands/two/563aa4e6_nohash_3.wav,testing,5.0,Kitchen.wav
755,-280.26485393448144,41.258808858966894,26.524297984334382,25.403840472499592,8.35255009415094,-3.5263991526641902,1.5007617262228394,5.030990652983441,9.602775797893592,6.138402724531309,6.956029550777972,8.63002234992223,0.03440636891173199,61.692894663553226,33.51757633936172,19.043095298046804,17.676541319693307,10.963797972210655,22.04704392622177,13.100996249012017,6.877514052716149,5.3022835887682405,9.740393729500916,8.451825725561935,8.519556535208757,0.01497254152649652,0.06868154751740833,0.05622941598173522,0.14374899646757566,0.13812427504153607,-0.10013547392180919,0.12057113113274599,-0.07716471245925176,0.030553043410699653,0.04721937927280259,-0.04183494566248101,-0.31836479549984736,-0.3432135330266768,-0.000959707123617972,25.90435225507762,15.978866585335714,13.518008846811172,11.518316010410915,7.780516367314508,11.497058791966614,6.109954225930206,5.116327345455126,4.908880359999032,6.043619847367961,4.814960698579212,5.647115771147926,0.006694799555418488,-1.5975828620218995,-1.5572425138929828,-0.3569878179576655,0.4496595087233453,0.5654849682124558,0.5490373110867026,0.19425343627581934,0.23091722549345403,0.3596970903742858,0.39810815114512715,0.20274478852285796,0.05444547860127521,-6.754000981648764e-05,18.960818490936934,12.684326244138566,13.49094691795629,10.382362237924442,9.239220242512578,11.950983212367989,7.254843774353095,6.5255910147776905,5.586808376762804,6.53694970462697,5.658042725357782,7.496500972249997,0.00491374900711341,two,/content/speechcommands/two/d1a4fb3f_nohash_0.wav,testing,5.0,Kitchen.wav
756,-242.64905489695144,16.311922952808303,44.49162160755895,22.790634869728894,14.001531916616987,2.645004668296315,6.1224282618262045,10.479530807092416,5.117743961250557,4.177656805057172,1.5036637506346326,5.647069698715423,0.078376529738307,82.04658914582063,36.49222695699956,16.48049024977662,13.935285342423317,10.741479759908035,15.082289106790466,11.789657870694814,8.280360774954238,11.834351303318027,8.875946644137647,5.838170382957569,7.666867602481013,0.044409527344755804,-0.04595188845077899,-0.04113325417198447,-0.05275169129036508,-0.07433643625211474,-0.15455239917624422,-0.04869596613495627,-0.04056058351597424,-0.015159159715666486,-0.2866392493169995,-0.051639310673618787,0.2819184366847282,0.3407183561092589,-0.0002623413118623918,29.491650508600888,14.024725866915508,9.460613637322862,8.213251081330771,6.121397667003311,7.905535269216465,6.243773568006953,6.299051085553915,4.3978737741192315,4.373214334747424,4.398468273937351,4.097061340109179,0.012786587241330685,-0.19113491760674794,-0.2120704256301133,-0.13197994702711166,0.055724474419850324,0.2620979373789414,0.38241025214963187,0.34904644845742433,0.1174369158120155,-0.014549355475195262,0.187234135051328,0.26747419104621856,0.27480933204101393,9.669574598471323e-05,25.286169448653197,14.048521161255621,10.784355930100283,6.930763181468403,6.633827413687861,8.419600838834262,7.616974147828475,7.712260484449756,5.288370745621022,5.1391652316289775,5.557484771641176,5.128511440391401,0.008703970911813769,two,/content/speechcommands/two/b83c1acf_nohash_4.wav,testing,5.0,Kitchen.wav
757,-246.12949762155074,34.720650666158235,48.93609885475068,20.617547063948727,11.311227858297336,-2.1362106117818356,-1.5418481808104172,0.19650270801219435,-5.885443487980927,-7.549651287717673,-1.9945069796970785,2.1941950190118105,0.05895334389060736,37.64275544878297,24.14235434207649,8.487136958886692,9.36101968679782,4.73658139094881,12.165910367897625,8.352122976746204,8.245208922679863,11.655026390394676,12.262944072532171,6.375010260168848,4.889443465254108,0.045470438886802196,0.3928414738727222,0.41322130955561825,-0.18947566228139234,-0.09025938333407128,-0.01180901265030492,0.27195438891242507,0.20314438403479004,0.0034558427607890617,-0.4967511842944694,-0.14395530719063604,-0.08004536369981229,0.004377848413770288,0.000422721728682518,11.893363726196156,7.669820776678652,6.42811757929735,5.907189610361364,4.210192700349342,6.0118728722063235,4.498256978540314,4.035332715320986,4.576623130015727,4.038604600472754,5.1344902470951235,3.9446725196104304,0.016968318697387075,-0.4378352726117328,-0.17389842994395685,0.13165615427894342,0.02004164736512616,0.02388453274165731,0.28957730960865047,0.06197913022845229,0.14901627612140708,0.22301793963809738,0.07075270645817926,0.08491880182963293,0.04279557452083234,0.0001548329989115397,10.52918988131526,7.924973149709799,7.378919151167639,6.937146146278629,5.506246648924113,4.9870620411092705,5.007008051731893,4.030318803429887,4.410895140544117,4.137523407855387,6.918954663716029,5.1316279372082905,0.014498256192230505,two,/content/speechcommands/two/7bae88ed_nohash_0.wav,testing,5.0,Kitchen.wav
758,-215.16076589910944,-6.5227546081585,30.34559281555757,16.863863024002764,8.437968433686292,4.269623763089868,8.799200997310583,8.125645799923554,4.828246131255646,1.537799102462845,-0.33258633621734,3.0190353648312227,0.07103122351691127,39.95721238702436,34.589129095652446,8.746742826895053,7.306316172329545,10.589317331952499,11.005058051383987,12.106394691164763,5.819722992784336,8.525334526360979,10.583008950805935,8.631670208270082,7.293085131515619,0.049150870728383964,-0.12325652760724706,-0.28674904141313257,-0.20400278784949802,-0.04421957113163398,0.3526641790724309,0.5220357743901678,0.25286453908565937,0.12207598099812886,0.13480568429300938,-0.07406992267783276,-0.20296882370373312,-0.19062653921884565,0.0008619545448210931,16.23957716624239,13.405073771265409,5.032632198041796,4.563745126625043,4.815846894153456,6.744116309934247,7.5963424167063245,3.780276254586763,3.5805860987919425,5.131583152481287,5.002453913107619,4.036439454043642,0.015950266823385215,-0.3786473720272454,0.0683166866975687,0.27274072819375256,0.05535224117143655,0.004314653786982822,-0.021050486037679287,-0.030105098695179203,-0.08544547955284958,-0.14632821467789878,-0.2299087405588566,-0.09028880349932818,0.15007530965044477,0.00010196026414632797,15.242250355806032,12.26404186729737,6.641428996060668,4.839051286818786,5.23747460383301,7.238131105132301,8.518490223603656,4.401767397488623,3.8471714777835815,5.876949783157825,6.0566447578903375,4.751767417614443,0.011331402424017674,two,/content/speechcommands/two/692a88e6_nohash_0.wav,testing,5.0,Kitchen.wav
759,-288.5024050372411,35.35218951091939,30.498409510520986,15.422173429131977,16.066745268107354,11.988386443939234,9.640926966480265,7.9427061177991725,4.3665517141990104,1.7585801047605563,3.2952255526821466,6.168574347012795,0.06659544754074886,68.50735971126693,49.08167019604095,15.650467809987452,8.640915199633522,11.673469236481402,6.9853472230076505,13.02772409255598,12.55507544433623,12.098634611110175,13.39636525482653,8.027054547599734,8.56255319395994,0.06705349340745212,-0.018407176835505506,-0.09255241484215083,-0.038677780983551804,0.08583558549144739,-0.07282868501553708,0.09657060935996487,0.02553909819484887,-0.3018479987255691,0.0029536464901308104,-0.06012237805845338,-0.23188252232175427,-0.2622294881525775,-0.00031742699924976593,27.534561762898203,21.055931999346804,9.438977770886828,6.7049479796792735,7.837860806612597,5.327698189997006,9.026149818482635,6.349688179743145,5.25023426177624,5.564045882819581,5.942237519747791,5.869683633302453,0.024311175915286958,-0.5447174602191845,-0.025866721227299293,0.0794882383695354,-0.18260740787271068,-0.020093879072180108,-0.017724282613624767,0.08860119529133646,0.22369340790873832,0.14091774582300937,0.0462467404765819,0.16340538410159938,0.0728249880802088,-0.00011853836476802826,29.2152639878575,23.963774762377213,8.544582708930832,7.202241953232298,8.018161009385725,7.234735943682661,10.671230759046399,6.37377306102656,5.238474626598475,6.164471875906859,7.0092921377352475,7.167489198788339,0.017365635514118495,two,/content/speechcommands/two/964e8cfd_nohash_4.wav,testing,5.0,Kitchen.wav
760,-197.49135476219317,32.14345792753781,31.353233032275497,14.590512976284543,4.6191961706558695,-13.19726851913082,-5.8788553920493385,6.07514930190607,8.465273605888154,8.3677790361307,5.420593646394636,0.9300221024110965,0.07727063220227137,92.26790882981389,38.9239631076776,32.859221863045235,21.45979637160724,12.359307430638104,22.38396104953497,14.587347190488796,12.989216051736054,10.491530702145852,9.848854626105458,6.0323522125308795,5.965392291195936,0.04532760373561602,5.726333367262496,-0.3758097742512034,-0.3365573147578282,-0.5591546148833709,-0.6934465436154229,-0.10850546916513779,0.08453514740048941,-0.23304770054074136,-0.9423968465160065,-0.901638491122461,-0.2747019812328852,0.023849256293131435,0.0014831987960684683,41.09083802572793,17.77742285709957,16.64663095617812,12.02213416467108,8.856231112543847,9.940850687031908,6.644295075666352,7.383103750862262,4.545834163393807,4.008022110403445,4.084350418327429,4.429036732754467,0.018557177717544657,-2.2416020917431614,-0.2403681018713008,0.1378889939417555,0.5230456143219173,0.32555802063761863,0.24558854187205836,0.09192417950800426,-0.1798865931258175,-0.055550191570239084,-0.07367643726743768,-0.1799113025534333,-0.08066898819602185,-0.00027459617704153063,38.81680413764821,19.363334083078943,18.016801890233268,15.245817635008615,10.346096390565926,9.988649077509479,6.794316433499011,7.601306606667577,4.776698311521184,4.838706680363965,5.594199449764942,6.613169210127891,0.01678971891671895,two,/content/speechcommands/two/5e3dde6b_nohash_1.wav,testing,5.0,Kitchen.wav
761,-280.7555154484123,-15.904922815198823,43.059853564057974,28.06166253193744,20.31210881928498,15.67341834322736,13.637477728293653,7.9132655834613095,10.85544952229465,9.574495745547583,8.115771955023035,9.272627583427521,0.0359168266877532,31.110116024126032,22.27630361195722,7.633221530688852,7.840409110615558,7.309040197856167,6.257321186321558,12.289540192355835,11.723894741449262,8.723073403295865,6.348462030604512,5.873924800448984,4.526070672966953,0.008934209539078378,-0.4309896222091942,0.22539102819869522,0.6687924282921912,0.47118671908926985,0.05882753514094952,0.0036582358329139177,-0.06465912441399516,-0.20974615378114267,-0.0676528443103025,-0.3721076644395833,-0.17709454978781225,-0.14956133448319628,-0.00046827746254782525,10.787524313319327,8.342452357323436,5.246632761472666,5.321696285515251,5.555039535008482,3.8771801306530334,5.667904196661677,4.548321593311456,5.3840213974662845,3.5427539450603382,3.8706851520013394,3.5447003808783246,0.004002897355563434,0.05126823326109502,-0.025949022847260098,-0.17221191890605886,0.06923110163407659,0.11945226044511242,-0.06252381751289046,-0.13337141512102993,0.09116371409143724,-0.03619604132936717,0.016723481338629782,-0.16388575332411426,-0.1240083252412914,-0.0003751483435432116,8.599723161303745,6.66708363893561,5.389849938130129,5.65946502498389,6.193750292700732,4.941224533666406,5.32285059174975,4.487698399845192,6.354797685120119,4.84653288349547,4.450419891015988,4.384811601138377,0.0033205716368400495,two,/content/speechcommands/two/a591c2ea_nohash_0.wav,testing,5.0,Kitchen.wav
762,-325.33606248705246,8.766948335806525,25.18649190202457,22.05712057046125,21.50367246154029,15.360436806516844,13.376252362954798,9.75375006527048,7.841404319585962,7.11262151113989,4.3473861687048085,9.455881231925634,0.02516702184220776,21.018275139768175,12.170045381748656,8.825551979561157,10.466480594608626,4.034026206729192,7.874790291677094,4.490943089983667,5.885499645154447,6.3418842577350585,4.013946915132096,4.678118824175019,3.5318921208959604,0.006053045812442371,-0.499897476897234,-0.24331822067841555,0.5283380588559267,0.09820977007418016,0.026642528938909334,0.17240194122105207,0.21297116906151695,0.2819895278569179,0.241079460050999,-0.24594952968959366,-0.10274720754023292,0.09666319232606886,-0.00038383282240360016,8.383112457762431,5.258154480156461,4.954279222097701,6.440832130868812,3.2135332878956198,5.485407406362924,4.379961232374852,3.9260566452308927,4.625721614256641,3.1426030204606894,3.882134615445333,3.2629447615086704,0.0037152221163817135,-0.47975103853684686,-0.08151078936530917,0.32187931321012875,0.3440852335114207,-0.005870533442868838,0.1554705343181747,0.04361911405676745,-0.03974105134821174,-0.14014541875022896,-0.04835789656297737,0.20023966712072003,0.28579840081577906,-0.00011902401844660441,8.106197681230352,5.9873549592942945,5.474426576099034,6.291480448110347,4.343172407683971,5.889117502683317,6.052379692107832,5.1872354255252855,5.679096292973341,3.987410537405369,5.458964451938706,4.430614764635731,0.003321716867942814,three,/content/speechcommands/three/782c1305_nohash_0.wav,testing,5.0,Kitchen.wav
763,-247.35442005192178,21.673476238339546,54.812503185216116,44.06385323547186,17.5872134188765,1.51213995734067,3.017474084581217,-0.6092138048761717,10.639174343871115,-0.8096386112390008,-12.359677603145379,1.7488996182619176,0.10066211927914992,68.66501774170855,38.760962468396485,19.82584935910572,26.409893741234026,13.362820886220097,16.049987175452674,12.804403411408106,13.405989674047575,7.156068621050725,12.799716569871867,15.697648205280206,7.1497490153053835,0.07203997136734602,0.4955718715315151,0.05120653735146376,-0.12410392037792661,0.2315523190485013,0.24725948744202392,-0.13535029687869493,0.10120394624729677,0.00748302744394859,0.0031966789221165243,-0.020517912335210917,-0.2965568044102675,-0.02802510748100475,-2.218109946097097e-06,24.823244829322523,16.19638932649419,7.555047876261232,8.969752018492825,7.5091285146259095,8.108425282104147,7.61805900614515,5.662853214164472,4.887371197698931,4.656673189149963,5.778308354782858,4.872359789170251,0.018122094497573998,-0.16780778371410937,-0.013591574430070115,0.17844106326749554,0.20123896096141797,0.061044572993692016,0.005759582128839054,0.006449557095027932,0.20009249033350715,0.2639604081876045,0.12978335091139534,0.09756985092111252,0.02314631262356522,-6.195126722256343e-05,23.938654541276446,16.240841196755053,8.27107359438628,9.076477803274576,7.649550919812025,10.614247787769852,10.405940958865834,6.617823143113046,6.122116729308476,5.07829944954136,6.594892400876831,6.191906326389227,0.011115406719881395,three,/content/speechcommands/three/b49caed3_nohash_2.wav,testing,5.0,Kitchen.wav
764,-254.4289013109056,0.1772210050709102,37.73180532705189,36.05569641809252,7.768061268571477,-5.3484590601920825,12.504583054792665,7.949837742085523,3.3514632347983753,1.5996146735029975,-3.480894924710871,4.267329526708731,0.07628258335171267,78.83626898123637,33.381092078268395,18.243580371137746,22.489922779566086,20.03704797860213,25.37752888798657,11.969903835560162,11.349464447940875,12.433523887930981,12.498891057018534,11.439607958860535,7.2619936756060985,0.07147431824488938,-0.955890770670034,-0.4087038143307648,0.31418229616049104,0.6168529259480773,0.617895215894783,0.32322502906260586,0.06955238070528437,0.0021837565685213544,0.020832712647972495,-0.06986617409323377,-0.012135771280336086,0.2659638305010972,0.0005993386430125083,32.60267243427221,16.225898050934664,9.763438538883381,8.680528361776448,9.10029780375733,9.62352613281153,6.419375457906759,6.16200010601323,5.431923494886666,5.157694837524185,6.251451080555088,3.8865128024598827,0.02731337683343422,-0.09732195032243188,-0.16895974283834445,-0.1464026087070799,-0.039850129109384486,0.14205285174741783,-0.081636248497415,-0.32530183125520584,-0.4668017016749186,-0.13207365260434267,-0.1739133590200572,-0.26600296373564447,0.07589146129005821,-0.00040225678433974585,28.66042538615289,15.217897347518907,9.25587990112053,7.842560303203341,9.432243601036541,9.306202422386912,6.169289031063078,6.318619230621149,6.068736629871222,5.259582524091194,6.334849069122077,4.211919450292108,0.029381409071909222,three,/content/speechcommands/three/692a88e6_nohash_1.wav,testing,5.0,Kitchen.wav
765,-290.50501211662703,20.775701509329934,28.773420568726145,33.06723673094912,27.871378430580968,7.321733954387636,5.377854140218697,3.2244899646006906,6.5610930609824685,3.9293273776865996,0.841288206661096,7.03169090222317,0.04230484558502212,50.81611406849662,29.97865500496186,14.482299226665102,9.733636782729933,7.370038531902181,11.158995185926022,15.130655369061516,15.629857638768858,9.717758740417228,8.106523716433802,10.801996038450783,4.875894411235566,0.01820232565380579,-0.20875476254517553,-0.22773598825879623,-0.19581956995722682,-0.2197251077215239,0.01243891078121259,0.12549349469898635,-0.2957475545257458,-0.34566443901520727,0.07960468557995251,0.3809646643957696,0.20954947634634608,-0.20845085240566638,-0.0006323531870880435,19.901202344751496,12.5720246114877,7.440942303881991,5.08772810293302,4.344841780497974,5.121687433753662,5.560923643857584,6.353440452534692,4.971250697940668,3.7700380118501444,5.4837754941591,3.2635988299636742,0.006567800102803653,-0.17553568199515818,0.1231270371471448,0.14796657736208801,0.039478967475333464,0.14589354005339505,-0.0034529171614857174,0.13638290335870418,0.21556229269657887,0.3517349981310449,0.16064080286407662,-0.13492580236577664,-0.09382513391563582,0.00012051711479822794,15.552696327472576,12.202867756416433,6.798374560902097,5.375644401288017,5.495932986574605,5.142541229690396,5.203236953100032,5.928171810341735,6.254169028340217,4.227174365440039,5.580567924101283,4.271084901107394,0.003915829325058599,three,/content/speechcommands/three/5c8af87a_nohash_4.wav,testing,5.0,Kitchen.wav
766,-243.4843880869014,22.586379230875487,45.30519669759718,30.312838320554846,22.282494769160984,-3.5656626422960946,1.9726732806858653,7.266847011538231,4.7204684781303605,4.49629042129812,3.1860120150030635,3.363332075331455,0.07851587940240279,72.86035756601305,48.647203992769064,27.055661043352274,16.103843757835367,12.111774947945559,20.63539045226112,19.721413182795022,9.706838229779919,11.102187617818583,9.351887916068373,6.674170146364942,7.487014184686946,0.0521832909750402,0.20431528597499626,0.09963497430966343,-0.09959170453895985,-0.13695692033006676,-0.11112466685567347,-0.06237312657859797,-0.09957520884494298,0.033853614885946494,0.018549638516149894,-0.1862422639356783,-0.14079650611379887,-0.15819033284107026,0.0004919098029213567,23.514308281533776,18.319459241210726,11.716268312088477,9.077589197787107,7.4561997391548696,8.940850424720473,7.182823436642325,6.458126859196784,6.0290790639047875,4.235207746164371,4.266751385944678,4.12184415717239,0.0164150399975005,-0.027670280120713642,0.16610477934393658,0.14586913170494853,0.25056843360652137,0.15751671933299355,0.0842449265509171,0.2631032960022844,0.19589235470340097,0.1125584578555585,-0.06628811211109778,0.10123749264461193,0.007697476597754082,-2.3630199333031972e-05,21.67993164342657,19.590963221955143,8.351075430012282,10.477059916937328,7.891904691132189,9.40517934275987,6.002764662794062,6.979890301792665,6.006805702005928,4.661431768190019,5.073854049083608,5.107610495624841,0.009406624474230805,three,/content/speechcommands/three/aef8dcf5_nohash_0.wav,testing,5.0,Kitchen.wav
767,-253.7837301353588,27.07823266636268,30.575154013364052,27.87090960107119,11.062952990262655,5.263454899957225,4.351181665424809,10.13354402110246,6.895760307263141,7.822617015900208,6.6837337781606845,3.850010599406592,0.04544569057179615,54.59633241205237,28.949970942842036,15.595955770453775,13.674434435121594,14.233037525332035,11.642586580920252,15.514766011043768,7.057751725292116,7.508132531915112,5.672375746357295,5.343973766475149,8.1697877821143,0.022911666947110894,-0.3110781997522589,-0.2584724206446784,-0.05946370240839039,0.08986700947991251,0.2609349437464267,0.22643645871205081,-0.14613024051751966,0.017296524305804913,0.27235982035676143,0.10593041398704846,0.2044382795867932,0.32100533361707195,-0.00010571664860171657,22.14391317154018,12.712172419200153,10.669281015659198,7.905415890525526,9.208291190827742,6.108479463594072,7.298647623858844,5.127868151024788,5.33340841344732,4.308157799324946,3.86604954927825,4.236676714627826,0.00789732932571995,-0.5611580257645358,-0.24289818769912377,0.10580093844593061,0.2269781741494637,0.25264207589504495,0.05946230109088179,0.10627121063082505,-0.012305224039194495,-0.0006405322101837344,-0.016615510639306812,-0.09408040311182843,0.13444708774914277,-6.711035966873169e-05,23.080729416152003,11.906895207019788,10.007016029264758,7.049656810367139,9.373752098100123,7.209800720098174,8.564240702130554,6.379239222188035,6.206067828234595,4.870170612176904,4.17365987754093,4.805707085338562,0.005259137346260274,three,/content/speechcommands/three/a60a09cf_nohash_0.wav,testing,5.0,Kitchen.wav
768,-279.47255662066175,11.72443568443554,53.97288791614528,30.65341656578247,30.835643927179753,18.116357309791113,9.550987276010037,7.704426738700935,7.211993405724504,5.076175212127977,3.328528380037033,6.318016736670464,0.053215074876789004,49.10215255329408,36.224644057597665,14.694670886470103,18.74882353779602,8.0198696783105,5.937059719167607,15.385678479991245,11.22687584235275,10.348172938713477,11.295330708332436,7.9430980352893155,6.691727212192444,0.014917798260624776,-0.7941599120710447,-0.3029400213472674,0.07536163903788799,-0.1130828415263871,0.001979599981946845,0.10191390969334091,0.08212519204864607,0.031048102466324473,0.07947242655801508,-0.0063378538312578265,0.1494307286619479,0.09377817599230141,-0.0005458359035753435,20.574763626130895,13.748944234920065,9.340952527547266,9.383879327092592,6.9565656055855385,5.208713506489629,10.354541863129592,5.185064958213135,4.9391242003961136,5.646408344428147,4.283533839704934,4.402764608845279,0.005853354538653536,-2.230193391464828,-1.4557203421354796,-0.3400193140893071,-0.17296851027489274,-0.16522627487538108,0.11380548867093741,1.101907059306876,0.4120275130000567,0.6958941832318503,0.4103875890530571,0.43218657862642984,0.3737121523199534,-0.00027224582930405935,18.389442121796787,11.630366510624489,10.623421959558117,7.978583930676691,8.989382764249912,6.541116870679631,10.853506503882672,5.53133872778014,4.8822195326294535,6.261963684406195,5.584953527759428,4.958247555483884,0.005094596801452282,three,/content/speechcommands/three/43fc47a7_nohash_1.wav,testing,5.0,Kitchen.wav
769,-224.5375386190097,0.8347643704284955,25.20250347882299,46.48648802293654,-3.9311921548367335,1.5657482115784298,-7.602218451747834,10.036060774489496,1.2459279384601416,5.916161001354537,8.950021230182408,-5.675914576344336,0.0883683513966389,95.9484617556245,20.864876497920086,22.37676750706913,30.642683309653147,31.819014273630593,17.49024154052897,29.458938419005214,8.542555900991017,16.969147961127568,6.358094375172531,5.56083310836763,16.345096439933048,0.07956502822299166,-0.055698780030044664,-0.0404714528697083,0.0075296564499229045,-0.0671850971889749,0.35096559311759923,0.3619697616308597,0.23260245624649586,0.15363846796400168,0.052707708731381205,-0.31761883165521276,-0.22511065960373944,-0.12231673033119116,-5.331124749875838e-05,28.122229986926058,15.888810161954462,12.397586037252665,11.857577264560959,13.73048671422951,9.985658187973366,10.819423107970813,6.140380120826454,7.529851606015271,4.512826025621628,4.093843545778408,6.09250023484655,0.022362466822099535,-0.11782234626514879,-0.24623305183909056,-0.26665708541481703,-0.09161713678080166,0.117923710287558,0.14557571835229755,0.20284477688941405,0.1533240858338808,0.16984509414472934,0.1408484813008903,0.223584955517984,0.11974113472115713,0.00018079057335853576,20.32657495811571,17.969913787445513,11.169800152156618,11.943516704625718,12.87035855872748,12.589962078208133,10.643527800880065,7.922550519074436,7.618332374008417,5.384010368303929,5.1021811522754925,5.6518911367869835,0.011872206268580357,three,/content/speechcommands/three/9a69672b_nohash_3.wav,testing,5.0,Kitchen.wav
770,-264.74094972380794,16.24123003411101,25.35531944233324,22.149245620808898,28.224768864783524,16.822407682771455,9.34728153350934,1.3612879648032514,1.9264830849144823,1.3622238385364618,2.663814420588431,8.557324728877688,0.04634747374802828,47.84083706886094,39.5661215153915,12.34432090713117,15.962011116199976,12.648981865279238,10.042743026091015,12.032797418005346,17.609582207402667,15.474642826055346,10.134190720630848,7.308868786043929,4.2981413908620425,0.021946837734647243,1.1053381744517383,0.8474853778551426,-0.05495772958272734,-0.510617111775867,-0.2443140022250165,-0.15512652298950552,-0.24364729900764379,-0.38383451399717194,0.0013794543886626294,0.36711351117403196,0.4523182415133462,0.23572606142706806,0.0005025179876435188,18.51774495384241,14.751525675814968,8.945684294146517,8.423329490116606,7.016951854331495,5.697578847604155,7.505380338907561,8.095204221408938,7.649440101582036,5.597214161349684,4.702878746562792,3.5968003106844226,0.008017923431793571,-0.4396045793630606,-0.13505451865509024,0.04623251148432577,0.17698741232187565,0.05566113126401563,0.04364131019546793,0.19570025501635674,-0.020809013804763618,-0.0314146707025395,0.18358055972609624,-0.0475248708043121,-0.20803630142241064,6.988911579052607e-05,15.961501723598175,12.311926781697876,9.481514397156184,7.006380701571733,7.610993702291548,6.268269980604097,8.201963854349005,9.474465545998777,8.67715406363823,7.262935721879956,7.484495649943904,5.035944879463182,0.007859767843495222,three,/content/speechcommands/three/af8b2f2c_nohash_0.wav,testing,5.0,Kitchen.wav
771,-307.9535987687239,16.701637855486588,22.351333939846743,33.169646401625386,20.545130147133122,2.751029045457108,4.670228066377437,10.532356355555839,11.279719796102729,7.588460469347859,8.653448834229167,8.98790811605996,0.03184208564925939,42.5123748176155,16.683900342708426,19.667249054027447,17.633758716224854,11.077641486315077,12.911008163118712,13.764386866864932,6.284062119233739,8.612290111268436,7.8829554808590805,5.581213331750521,7.780796455443722,0.01242186619704019,0.253967053438573,0.525827317091599,0.21997774490344088,0.06355875931684211,-0.10254676361515334,-0.0476221733372365,0.040953816422103786,-0.2594531422668882,-0.2743427753629069,-0.1666385664273481,-0.046910401149319804,-0.1575418591846763,-0.00014674801739954178,15.856161335677326,9.260083577039635,8.559382976527584,7.998512090260686,6.629709261967501,7.325408410191493,6.979267785838097,4.8797780627003835,5.3762135354609635,4.926244032703293,4.251016596747562,4.242117207095323,0.006252508323972691,-0.11692195964726958,-0.11513744278041062,0.1034336836290213,0.27648286522930154,0.13932195766922426,0.18920284644520147,0.10773943611481822,-0.15155882939135173,0.04137059200275731,0.05308032284650492,-1.535197463038429e-05,-0.1135786504145619,-9.877302994330724e-05,16.68162403580311,10.253083169699888,8.124300682669217,5.714253757091753,6.611608411164941,8.709639954582688,7.635815435219334,5.475976205728784,5.7595751777439075,5.909694996222125,4.826294134769846,3.5880049619525987,0.004092863928182961,three,/content/speechcommands/three/dc75148d_nohash_1.wav,testing,5.0,Kitchen.wav
772,-260.059193467592,-7.4627402747566665,20.011400887639603,32.98373343645919,21.12657559299604,6.625717790764396,11.557429311952392,-1.6169067861702002,1.6549583580231224,5.942801594544432,-1.677360764991882,9.576630936128279,0.06003587174927816,80.27426935665463,30.361138616677188,31.87731606844565,18.502741381130658,9.424165897846251,14.214979760203338,10.425172257309683,16.058935097988392,13.44439949098614,6.451766085900796,11.153058628829982,5.591424789827829,0.03885458331806096,0.16653837909734648,-0.0854774193590106,0.04064033879344762,-0.11044728206004327,-0.007138566820335467,-0.173096074466905,-0.22381876022758132,0.16134325679029238,0.2404683939033305,0.17508045346369616,-0.11817470221783617,-0.025971944858021002,-0.00010215424962582127,24.882778288796676,10.347011477044532,10.600117851291731,8.721296037453204,6.542550287363717,8.371599059611073,5.558204923098084,5.528770043183509,6.080602668189231,3.8264248136205428,5.941359148546729,4.191261858664522,0.012995475289628642,-0.350812942113447,-0.06520563106038099,0.12740005439510138,0.07680460897438118,0.02128896543908508,0.08140256909335708,-0.011049431118087878,0.20037393582768934,0.2672452844195614,-0.06827093213301604,0.1346127072680177,0.12429065193276505,-0.0003371981903910637,19.611984410164972,9.016474636287173,8.381438387146613,9.285134904189206,6.14711189237103,10.173680801028318,6.314338226231735,5.702505154929228,5.855306332885928,4.694877956873913,7.958893111082551,4.828471387536381,0.006518320146935018,three,/content/speechcommands/three/2c6d3924_nohash_0.wav,testing,5.0,Kitchen.wav
773,-285.4259515106166,-2.9157937622381325,45.00324923485408,24.582585698086813,18.29953990392678,5.849754539312251,6.616078841000204,6.993758061285582,5.958126608849248,7.02828086973431,5.013513098781388,8.077461342252823,0.03922200921806507,46.57619980161627,39.190344037744026,7.565032112742081,12.920033249421001,6.36953434094547,12.29917114509382,11.261110108718574,13.93961124835966,11.802130551917193,8.340044112665712,6.163114820036426,4.955756127472617,0.014209490100578344,0.4085629958290541,0.2457048921052726,0.19211027292423874,0.045272480434329694,0.12056892084624742,-0.253604422943439,-0.27537773246891084,-0.1858409567608247,-0.48133299475201974,-0.5117115413062423,0.06970403515759213,0.12841206523962492,1.2295861398020098e-05,13.618054656347848,11.400640411025016,5.497838069298331,7.446888577069919,5.944351163501219,7.436135895519329,4.322820015452747,6.413101861117246,5.293517336254893,3.519512073124101,3.601472469336997,3.236765676352625,0.0052601147056055815,-0.48533570700473094,-0.07351200668279402,0.20775633737028015,-0.16396246584721533,0.14888040841182076,0.30341185837503937,0.053981406664643856,0.22599161096618742,0.3476188671332706,0.11433976980202415,0.12180618826995561,0.33120416318433105,0.00016179941594600676,8.400291620528243,7.370588171274339,6.767628305438924,7.570015832741631,8.451536604766574,7.26631376103181,4.3017746987584795,5.755248649773998,5.65998131752338,3.8216793130436253,4.294967061101007,3.795003101298546,0.003673410084276983,three,/content/speechcommands/three/27c30960_nohash_0.wav,testing,5.0,Kitchen.wav
774,-183.34918269460633,61.26238170563517,1.450683589566298,-13.546290988593908,7.739320197470615,12.402081733942136,7.163718488804285,-3.018378321667039,-3.335944786095233,-3.206419684752455,-3.4850921136646047,5.100432990338474,0.0781128371017985,41.21689589308943,22.8540635663597,25.307656059182516,30.439687088959523,12.58405151472939,16.53262217593824,17.716535325895148,11.966637505187709,8.547206066433924,7.531215367226289,9.108274213329638,6.982379289392448,0.04816052623685908,0.14603948366846548,0.21205667817366153,0.6850994624522466,0.361289885637589,-0.34936855162541897,-1.0249639477853618,-0.3014990642449091,0.2659102631429067,0.10104658673484154,-0.11117098109726757,-0.015824241903658533,0.15444711535453784,-0.0004222919984209922,15.942931314353132,9.577265260434551,10.440527195430198,11.238137367918467,7.039687696423853,9.063526585193378,8.89258910550577,5.920651826802238,6.167344599265724,4.640849154559894,5.135913523377253,4.814463589106404,0.013112371384483972,-0.572572020146266,0.16490565895720502,0.5391350807464484,-0.18607540068823145,-0.28688727638035016,0.07731618078302291,0.216692408668703,-0.004857303691640465,0.1579631620279896,0.1265565852683235,0.028423632908638245,0.2877358424117313,-0.00022260453552007674,14.826271278708035,8.768338546390062,10.341150149704264,7.621813214318421,7.1861915132100505,7.775155187729452,9.509767635800163,6.625128817699136,7.8639301363407785,5.434671700167228,6.172093943490827,6.075344972882469,0.007765555263554714,three,/content/speechcommands/three/f297e878_nohash_0.wav,testing,5.0,Kitchen.wav
775,-269.1139750753648,37.52892467888494,37.28643560154566,35.62484311372108,20.220882120970103,10.083277606740694,12.079701969211685,12.96486955374904,8.831696342251773,6.0851532657077385,11.855176295870109,10.723320981807536,0.07381332339718938,41.13321262529038,17.19700402352398,17.95222616629745,16.532595717425654,9.838680196966314,11.273005853730623,12.089631092722211,11.426609251383528,10.7958639143032,9.65228146893303,7.223190106223262,7.557827021331754,0.008567540669904502,0.0231298581065399,0.15984831210885872,0.3957532085679175,0.1877396821039417,0.019232662071685572,0.04600859975054649,0.07092098006040486,0.17193589142030985,-0.30970959601132425,-0.14341000152189276,-0.4919780640265201,-0.42972755522130035,8.617726064497424e-05,11.262918828704489,9.545900112334362,8.864560650796246,7.471238958333268,7.9512492268285255,4.6940245458298655,5.8387010758747895,7.423166666219233,5.255692794054829,4.213290970086992,4.657854944256715,4.456517998585087,0.0046236057493296125,-0.13364565933392025,0.14068308281421196,-0.03620885365933925,-0.02096309149587962,0.03487457223298295,-0.08571305901161316,-0.08456260907268358,0.0972643332436111,-0.01664253813062858,-0.13410489755081628,-0.08242836188273911,-0.033802381288844545,-0.0002287474771340688,8.804756559176077,9.576025880388842,8.465336047134484,7.5063800840692405,9.46224773967793,5.515554966125374,6.32465874781051,8.2790304750392,5.3206686121256235,5.744344370817645,4.967016647374557,5.559526788279333,0.006909485892236996,three,/content/speechcommands/three/6205088b_nohash_0.wav,testing,5.0,Kitchen.wav
776,-256.9976631108188,11.284222036247098,43.81318862425604,37.53092637448604,15.23679626735696,-1.6682405810538596,0.9326667441311043,6.314170919767595,2.5910967628872523,-3.3037265875747113,4.943929725980304,0.2985019430485001,0.10683185188099742,75.61211386543854,37.65168989002517,16.138558267560995,21.4302963614401,9.601120154551028,12.443640003156831,18.69591103736049,12.22715590289602,16.325031584821048,20.376507444048897,6.606142295335485,7.684023882123044,0.10852018172972196,0.1925674275525118,0.3654406226412991,0.07496313345480109,-0.4851099365393722,-0.5255978783455577,-0.564098021375629,0.3879954107182684,0.7437369402580756,0.36941557157855776,0.3053567262413059,0.07457350499468429,-0.3078266005569264,-4.2399932299890824e-05,26.442540080397468,16.231196876558588,12.176137627111604,9.131929505981482,5.827466514722444,5.938491690125835,8.528811356855767,6.676053801995712,6.631665423482543,6.620777441251816,4.7530430204039025,3.954449874543105,0.038603301433154165,-0.48748945383324177,-0.28352587590390504,0.03866766521471542,0.15426074994990516,0.021114458021454043,-0.10526010082277164,0.023113897198636775,0.011982791838994977,0.1219903768977692,0.09107551546323431,-0.017348123047373026,0.12995071473185602,3.854259848594666e-05,21.04771139586332,16.156734571983574,14.787878087467591,10.01410219528139,6.163700453253149,6.00001384087026,9.160560901692484,7.914144151102065,7.021288336067136,5.099523127333261,4.8407416901123845,5.153497090467194,0.035355524972599174,three,/content/speechcommands/three/9a7c1f83_nohash_0.wav,testing,5.0,Kitchen.wav
777,-296.85189884966974,32.46544563767667,47.08842754833481,30.287110866706836,32.304761333746455,17.807772437713485,8.559851440747934,9.635246841228287,7.779709944244751,7.321600379573113,2.971642488373149,6.13446787478482,0.042867449461482465,48.653632042022586,28.39546978409819,17.11456855407153,13.390503525197929,9.193973514293173,5.340948481561115,12.144326881137818,7.374422221525556,10.181198878675056,8.417893322065895,6.614895499977397,6.9164776234063385,0.013219706055207243,1.4062617799169046,-0.4815928959692713,0.4685740062803075,-0.3622608350458485,-0.43740990193670737,-0.015892807107029113,-0.13955784297126939,0.1839527533593108,-0.22298476289373206,-0.3284161329002695,-0.13608023148730583,-0.03859109906334369,-0.0005992782572584767,19.31609172061609,12.751896172900201,12.032228075851028,8.89403754034691,8.055970482140548,5.840491927782767,8.213219685272557,4.982039751718816,5.12649771346648,4.660604307031495,3.886043555611618,4.470856887800911,0.0060281142335241455,-0.5172864639230852,-0.4435979200315773,-0.29270363093993673,-0.0014766348751374873,0.2074241536962404,0.0528564717765061,-0.044759648227102475,0.12740008714946346,0.014129903078932256,-0.020972123501285366,0.3104120940266043,0.21416633337041346,-0.00023981941243012746,21.666932797719777,11.727534324463832,11.884880274613066,9.537016528952032,10.983969657228217,7.778546559563866,10.767268143050693,5.677429870584509,5.918592074272837,5.277192309246592,4.687769474334697,5.835400289720139,0.006871117405884502,three,/content/speechcommands/three/43fc47a7_nohash_0.wav,testing,5.0,Kitchen.wav
778,-143.8916109603249,32.824479499556745,11.880467187666524,20.224600071281326,0.05964877009881997,4.140614485522885,2.5936016301955394,4.033790803457428,6.606776313348321,5.847649872352626,6.534328526148071,2.6643529181561822,0.08559676166623831,89.07794066374181,32.13928826179984,29.147619449174947,33.30697311956122,16.719439420274572,13.092787757168189,10.51250255336937,14.513508576214088,9.534282005600776,11.769106702203764,8.634520808242602,8.661301730778733,0.056126960952131245,-5.37468494156375,-0.8784557442153529,0.809432031734495,0.6107379686449078,1.6249625037953515,-0.03537424354474023,0.4287266176760753,-0.06001297639714693,-0.09051399796252428,-0.4520153095485487,-0.36596633396931016,0.2113664786418693,-0.000724691657289382,41.60954506159661,16.376256666823437,14.948262754368514,12.298162108393964,8.613077758102374,6.388144676623279,5.437812973434214,4.789205899935205,5.735305747506347,5.500199302049778,6.093649954489739,5.38496425558898,0.02518418067576696,0.6086079500699455,0.13173951191834246,-0.3523323193430495,-0.045117051979462156,0.2888418248459525,-0.015582113806132369,-0.16749667492131984,0.03404629110309327,-0.0734442473172018,-0.133136197385766,0.1114860748071644,0.08489416614263862,0.0002250379572312037,34.57236414359128,17.763857615752343,14.639377026870893,11.03111908929099,8.611618607195457,6.1800834637475095,5.755488980055775,4.93297863501666,6.857750086861714,6.405726500800364,8.221401835228084,6.397758251947776,0.0177703595620875,three,/content/speechcommands/three/94de6a6a_nohash_0.wav,testing,5.0,Kitchen.wav
779,-217.32660355788545,15.306009162749081,31.632918468674994,28.52536985744441,-1.3355891414043932,-1.232705093869133,5.975154010202198,-1.1746956566388285,-4.366996122192395,1.4032361261442736,-0.8053594677159555,1.5712712242833193,0.10379030427429825,77.97016630218963,31.438730170999285,16.826843855838515,16.553579237266558,28.488439268911264,20.186976715697927,8.7677475980058,14.149521174987285,11.873669896567353,9.726488685444002,8.082513366477242,9.698221227378069,0.08923902868510007,1.1528495210620047,0.9842972616289629,-0.5721334569986274,-0.9647152246820988,-0.1862754435548235,0.15872278536963577,0.18636236784066226,0.2267536427825121,0.28264914097784316,0.08364774659257962,-0.4679577453183009,-0.596079442275335,-0.0006253749372497682,21.469443059945366,13.692212853764206,10.622354610820734,7.81938449034933,8.857551489187005,9.240915570282226,7.2390869998115415,6.485476713944258,6.699555023499628,6.022451668101253,5.505236965183564,6.290245435528614,0.034141793011376695,-0.41660611915874973,-0.05326367130233436,0.008811581697312576,-0.10100112801338099,0.017319094271423315,0.1648753106832205,0.0013855255121961877,-0.23798745501150104,-0.10469987523232512,0.16147823111522022,0.1351543592788836,0.044231593687217165,0.0002239372581243515,17.287533455774987,17.824166059057397,13.276113780574436,8.0626386038717,7.232354514226795,7.477947676275539,9.26569203822767,7.584715660431748,8.332545601185531,6.817086984317212,6.727973459233175,7.425008328104167,0.028742760631472256,three,/content/speechcommands/three/1b4c9b89_nohash_1.wav,testing,5.0,Kitchen.wav
780,-293.6686146263679,-22.38913906917431,25.16381198347048,34.36573277171304,26.90106563547237,7.204788922583457,12.403416706188608,10.89330680316839,9.373448546199828,7.702742960597215,5.2958211788579685,8.531323369237912,0.03277347385301255,45.45439104942924,15.64990926563712,28.539632241944194,17.53463822606481,14.412403446488575,13.75695898098488,13.489967589545545,6.077366331981611,6.450514215619863,6.158662305916046,4.608977514017626,4.671512986257634,0.009557872196458891,0.2029691608448326,0.3958362429650498,0.3658337179369891,-0.17743123123578528,0.10629569071447864,-0.1640062695438434,0.13537698753542435,0.2090783484866119,-0.14245206977597225,0.2261739090444944,0.1305849512620243,-0.05183414333389891,-0.0002369410809009306,18.157557543663913,7.931611606632477,13.585100274750568,11.8774684209618,7.087807305576424,9.713790261377355,7.414549332114655,5.130151069628029,5.3334259901819445,5.061548504135145,3.977333135259317,4.293684984800617,0.004106840475468098,-0.5131005946167003,-0.10115376905973518,0.32693090985482487,0.39363377227897384,0.4259321227459902,0.06732702598645807,-0.18060469317443156,0.19004221046517583,0.06802059447570355,0.1430350226986363,-0.13707681303510963,-0.4151425133014223,0.00014154302577177683,17.02073323469253,6.902390776809613,13.968345400058453,11.840158420358131,6.566201760125051,10.50217530635725,6.587628068470545,6.779271073338102,6.776146598807362,6.012677370989028,5.3806895668160895,5.079488799107135,0.0036813631564664297,three,/content/speechcommands/three/24ad3ebe_nohash_0.wav,testing,5.0,Kitchen.wav
781,-246.98541562086874,18.008274799046468,39.95087937652176,21.588460439015822,16.599707057221146,-3.5508290124904587,-4.157427475659877,1.1152245881661322,5.999093070206829,8.948639654141688,0.7232508078859113,-3.7979183918732233,0.05184229341102764,62.350754273009,37.438616976642116,24.71089976022382,21.08548275618011,11.177745584211717,22.757057768952105,20.849824832394425,13.033205640224397,10.198835665616153,6.468525774319478,4.034208372340371,7.939853737735762,0.03375010613046513,-3.6263954334687942,-2.7161370679578902,0.004966984524005759,0.970986222029323,0.6467688497345195,0.828874144044542,1.4201308602999134,1.0681112853161128,-0.048721934490215044,-0.5233376978668964,0.16378516845370464,-0.19244120724352626,-0.0015734914810426773,13.338185543093328,7.579247880777875,11.47955445712184,9.791187845456593,8.146473066654712,10.386303734887163,7.131053890800569,7.173409584517355,5.690455692874124,5.43743901525298,3.0157632394486575,5.248050610349806,0.008246112892229708,-1.2304059785297132,-0.8319843016026399,0.7311372308916522,0.49543946259435206,-0.40841978066463785,-0.2177588204073525,0.33561769031337824,0.3508654704854493,-0.028084771133098516,-0.0750614542928257,0.05466904338052432,-0.019165006201852672,1.1010716358820597e-05,10.734295916688373,6.468379679722214,7.683549705417806,7.7915127433188855,8.342876671798747,9.448022277714845,8.350062768158304,7.698587436338758,5.285415059071973,6.867794484256518,3.7654216992451186,6.9735031393588764,0.00630832070652212,three,/content/speechcommands/three/4620dc14_nohash_0.wav,testing,5.0,Kitchen.wav
782,-226.56404786030706,52.17320692623335,39.81837541793847,13.286111314781781,14.277053794959937,6.77518755077493,13.744262608971951,14.904619235435224,12.972394189315073,6.836138189684565,-3.6383469420379897,-2.6581662817676173,0.04390905919717625,46.93414122848706,23.91920424114066,18.665350630899788,16.827842789727573,16.69437221065276,8.070942608809595,14.152813945312284,13.109204556625988,6.999938066972406,5.185019325410845,7.066547958215159,4.444581232519001,0.023677836769968257,-0.21604574322012127,-0.4172170052087994,-0.1536962334731074,0.49226419646873876,0.13642458402860586,0.05827883719880025,0.10035011511321665,0.20899628947320845,0.3675896088872816,-0.011850358968488857,-0.1245750281807783,-0.19172787657357127,5.414919747460273e-05,17.37847694645705,9.961337268938914,8.410682640597452,9.047958979394384,5.564674400147409,6.210895085803512,6.191570217468518,6.029650655073853,5.906263267320836,3.776164024684421,4.254748225920351,2.7574306576189236,0.007507732786292488,-0.6192964985252056,-0.5092870658209283,0.0011954583243993491,-0.13833784842619476,0.02508157855140937,0.09655527554322377,-0.3016731167703319,-0.212837645581994,-0.07882305940315698,-0.06518525268055383,-0.05754581806270454,0.10260942430925721,-9.429038812716803e-05,14.34304938774867,8.906774589666485,7.39022855356287,8.77325795565093,5.022468347202437,7.06161443331486,6.017943559193629,5.861942785228246,7.147231253592682,4.404950024403419,4.905895854741581,3.5458325119576855,0.004896581494531561,three,/content/speechcommands/three/adebe223_nohash_0.wav,testing,5.0,Kitchen.wav
783,-153.18676004808856,16.874405273341353,15.18701444758689,32.86863192414587,-7.0798382825973665,0.16301695121720977,-6.172487543853267,1.5365526205964268,6.791089950298836,8.343833853815777,11.453655459088196,-3.2350988840547723,0.09620411635842174,97.88224556214158,33.8216738603749,32.19503979211635,43.98312363752951,20.85036009642199,15.730232197901898,21.57815679882958,16.81510579179383,10.528014974086659,8.576162881317945,7.382253341648766,14.663206070224968,0.06114751088235292,-1.748641637512378,-1.2828764317017727,0.09188138887758787,0.41080502890079307,0.6780486389317547,0.3582632408514649,0.1647175114447561,0.15208661634876292,0.02155060788155702,-0.07272299204665866,-0.13199192367899176,0.17485134381667541,0.0006161553244436941,40.410849211825074,15.048776419220381,13.56166678817491,15.969760955115683,10.411548292785538,7.107151157775599,7.840608044443552,8.343732615372808,4.489378708688507,5.53963459096681,4.462813841655101,6.543450257922376,0.023475214410085845,-0.6863956790909479,0.009681577356113812,0.19196336779984716,-0.05531850957050786,0.18167680328553015,0.2680119886282665,0.45236945190479627,0.027524762740729673,-0.1803394561064836,0.16357142828360882,0.02813340639361718,0.33019925510512255,8.19675624370575e-05,34.0153928992578,15.173943794987421,13.967213898875782,15.129606225481274,10.927007724968929,8.394849587921483,7.500320899895486,7.83940824108157,4.190339857233092,7.258793511261833,5.243459690681834,7.298050548115661,0.014912165445413015,three,/content/speechcommands/three/9a69672b_nohash_2.wav,testing,5.0,Kitchen.wav
784,-236.6202705639921,22.939588874333282,14.275628681616551,30.362350483687365,19.5701343410365,8.696090080414317,0.8022305940953931,7.560992237883344,7.633327953495995,5.8082155301427285,2.144078929069328,4.2794354822184975,0.06736574554815888,96.26793058649055,40.224412302981385,25.761964525123055,24.767074527112634,9.070774109780231,10.295155441699801,20.969771711045727,17.69922338359083,10.98161394428102,9.089807939148503,8.03495604048995,7.235211556608688,0.03629492935657303,0.3852648891873657,0.08757303423152722,-0.06196663436496454,-0.20236802032972132,0.044759418147690085,-0.08190237556524284,0.06277287110248177,0.30240482999447515,0.2845399314673187,0.2034671890237746,0.21786973112525182,0.060579822557027825,0.0009280182421207428,29.741212647423616,16.411842751188747,9.570708036490656,11.940541741909977,6.100386335640063,6.2687610828751215,7.837729017948009,8.214604596366515,6.5966715262835045,4.713794887600004,3.3133112822067847,4.512357543363568,0.012242097784359618,0.05869797094868356,0.04500453598072532,-0.05622624830885611,0.04947499936256605,0.09041695723465247,0.07600919769258964,-0.011507283004453406,0.005437147097187988,-0.009649831019656692,0.05814201447903873,0.13110341253335875,0.09484947694631783,7.340187827746074e-05,24.073079612624838,12.709352579311869,7.808852219660513,9.126903930645033,7.077682255005505,7.257847176195673,7.607313249744491,7.744176764858335,7.068248082195935,5.527639973277635,3.323906461224377,5.211330412764366,0.00705619087203434,three,/content/speechcommands/three/d5ca80c6_nohash_0.wav,testing,5.0,Kitchen.wav
785,-235.73637433171825,47.045804523530194,12.805190736352518,22.344507798517654,14.317035635031118,4.480814252607123,5.064914996196142,-3.5016822386002744,-1.9006705987307364,-1.6761521975438407,-6.684102562837102,3.189005077457489,0.0348354903399013,53.979955346079784,33.721450183886446,22.780544316220215,34.54618492920419,12.117285588911175,13.640364663094921,8.925172835404025,11.938695197697436,9.456954570951508,9.197192060657759,12.454257469496397,8.26250801616029,0.011761812047789135,-1.3067826685482244,-1.6151897998814146,-0.2596166465499192,0.5276666012418469,0.5802542994881364,0.7405295505198858,0.6649756758542861,0.6795036924969406,0.4586693442395921,0.273096620546637,0.046056510622814864,-0.27007957519313125,-0.0002027001352079453,26.90101347494914,13.478703566136735,16.162881103220457,14.85574519608977,9.674151619380968,8.584726089172664,7.232986644960487,6.8637593319460946,6.953016327492009,5.134310012151735,4.649135405488631,4.8023198031460215,0.004240907378304331,-2.0987063751952233,0.08545368674643948,1.5213174483674847,0.3543065433641156,-0.10609915793665389,-0.19291442388677318,-0.36142513694652784,0.29554658035309106,0.5539463861743198,-0.19784357631545385,-0.2597355864489666,0.13421952058358316,0.00012566807369391125,25.965314363763877,13.601198879630648,15.313755663542207,14.092987056030816,11.128792274318865,10.400005449278295,8.864700495433086,8.013474889221749,8.473005386789628,6.839564689083095,5.910698916854456,6.548746728019593,0.004946839624801546,three,/content/speechcommands/three/a4e8a997_nohash_0.wav,testing,5.0,Kitchen.wav
786,-297.81602233719065,17.785696621325652,31.133586086832718,41.676562643740795,14.79689545754545,4.826300662285624,9.814436465216886,3.6743940401557595,4.730815931692243,1.7953548115462026,-2.5785718549737524,3.2965124050628645,0.04622231822993074,49.47312534258124,17.073434169983784,15.337377055714786,22.552367480479774,13.994039447362683,14.102881424988759,9.516716252591209,10.17351402313354,9.13427701038905,9.675431210261179,7.191532926442207,5.510035778516876,0.011764284569176085,0.41401797961111275,0.3213094531936956,-0.0286648349841743,-0.2921593088527071,0.10196616533643034,-0.0601218975450334,-0.05449287837375177,0.04099001119011349,-0.10312611924656577,0.15184422503103573,0.10342004837778583,0.3280252086719423,-0.00013578828010294173,15.325921177357401,8.291659680087584,8.83172354173138,9.281281267569266,8.111727288641907,5.755345180069002,6.461823016707312,5.226007796494196,4.912925172844329,5.772173945739089,5.46792520540652,3.030038769147319,0.006050408224515322,-0.3763900471216219,-0.14764053154968665,0.08982683643109149,-0.26988821718580414,0.28519692400605096,0.17902178243887404,0.14290740663904616,-0.1690301385717133,-0.34204209966833027,-0.2580809454128014,-0.045371880597605094,-0.058318370551902844,-0.00028526052259481873,8.741510739603036,7.928583965770359,7.28837205543546,8.518789762004799,7.8084190534021065,5.831551759999108,6.63044980709199,5.185741193728132,5.608785359659429,7.195304674008543,6.888472871067697,3.737400336764518,0.004596764969954195,three,/content/speechcommands/three/ea356919_nohash_0.wav,testing,5.0,Kitchen.wav
787,-317.43991614386414,-24.655533385194847,44.61329060931779,29.846256429920906,24.357760528596536,12.137769884557496,14.060243600562249,11.757196140342371,11.536080127418648,9.060242160307219,6.403946583034308,10.636226006348574,0.030993949039839208,12.259896545199998,5.3781462416263714,2.9484723137045084,5.495734416164912,3.4479504351849837,3.1816209536538897,3.706787689201684,4.001090116326652,4.257316975480233,4.248026208883309,4.19659377844757,3.857404580215432,0.009189437967551752,0.5462762251881941,0.1646661078566098,-0.11654292237772752,0.050396376169280804,0.025405055740087105,-0.0697431094049642,0.328802221250906,0.3831155413582755,-0.01893216668296801,-0.00551805232521368,-0.00555484062397562,-0.044706228629291335,0.0008427161242692701,3.9715515314529086,2.388512296257238,2.9554914834344634,3.4785873161954215,2.6807075513801095,2.6702602574057437,3.1389326728837204,3.52622568760383,2.9764690982141433,2.668475930285176,2.8782368472601974,3.2189127506625876,0.004234120933297217,-0.2443880451362342,0.030842583405702822,0.2347545330064385,0.16286565218158902,0.2018490896815944,0.3621000342518429,0.012664565623161473,0.09846984770712298,-0.0829808765875286,0.11885178304911458,-0.03681586923704998,-0.3001177462967671,-0.0001072650154431661,4.75684904168663,2.946190539716224,4.270062441696435,4.055764613891745,3.245145396724172,3.659350617348351,4.0115531244407805,4.668231863707476,4.307742234173065,3.902359500591222,3.7589237200180468,4.254691581395003,0.002818279115387734,three,/content/speechcommands/three/4c4d2526_nohash_0.wav,testing,5.0,Kitchen.wav
788,-273.4452671586038,18.81636042912406,0.7074107078994798,23.96466212957825,21.38444375991887,10.939714732940471,4.41693757306013,1.1575770882957324,9.06040598841214,4.862337957723314,7.4142443302191205,12.945490766333227,0.045774673169944435,72.55288642711714,23.55833074758847,33.08444230086273,19.87535044393969,5.621366431887018,13.06109006212517,17.010843188694373,18.07033575423195,4.898515666290186,8.29668941762382,6.346394274727261,2.730375981517637,0.01643869426670783,-4.724637564348485,-1.1217467749110661,1.9052401094553963,-0.1977791641950963,0.31477500795370356,0.615320014176699,1.392143078777397,1.3073091404801422,0.2120723816381887,0.7024668341463766,0.25721992647302316,0.27506192202983676,-0.0004754401743412018,16.551030872072207,6.86321258043866,10.365340083349539,11.548115129650384,3.794493809496459,8.805068598316364,4.889856045305738,5.669884125943626,3.9305462341524433,4.556846095164487,4.479874260206163,2.8886507098967336,0.005827743069566365,-1.1558131290939295,-0.5879570193141265,0.756472147122632,0.501158510549379,0.2183186904602767,0.14945991194460706,0.14363776344251988,0.17866102680025547,-0.010824786394248243,-0.014783175630524899,0.3247675998970391,0.07593034777495727,0.00013431298236052196,14.963840987335931,5.174756462755695,9.65345249634958,9.210587985517456,4.192448631920169,8.88667491252026,5.267708213867933,5.575341135042979,4.986637612661571,5.324796129093746,6.031008681085332,4.411829036838342,0.004787602349716269,three,/content/speechcommands/three/c0e0f834_nohash_1.wav,testing,5.0,Kitchen.wav
789,-187.47473895180138,49.268958799515374,14.46293459528236,6.631638290661838,8.460281107381604,3.578309183171405,-2.76311512832935,-2.894738713491754,3.792112000768251,0.8752966012951384,-1.3617691052574348,6.1666781173101715,0.03981896354977427,38.169023205816124,18.99394065706186,9.763189650915553,18.104080601235346,10.06751714084676,7.766899568190697,13.705154988334693,11.569438860091786,7.54039319906881,8.296129596073785,13.883642439183786,4.60939256474773,0.01128352200039512,0.839326363939587,0.2816980531674079,0.29432438732944044,0.883045716582925,0.1604410492609377,-0.22772488572339808,-0.14027899641536154,-0.44571487709767027,-0.32807057321675576,-0.33466720828211916,-0.2591706932740709,0.023456989543724566,0.0002679722383618355,17.407478898696816,7.530337144973255,7.600453976882701,7.709643320125715,6.394164897605389,5.217577991550198,8.865331533369403,5.085345227291156,4.565665779061716,4.977618879865285,5.045825513065897,4.039546291170987,0.006051090426715546,-0.3869875041542785,-0.16110446465992953,0.37186446169404813,0.10484549961445382,0.1255301914931948,0.10394782137443377,-0.01575365957954298,-0.13478761398964276,-0.04431535249068024,0.35270081121284874,0.3486361993141838,0.14485650902137973,0.00012550020107516535,19.09371885417567,5.9219560980654995,8.974088932662639,8.519124328447933,6.8023076741687865,6.802705101137045,10.000695341197911,5.541857557413933,5.62729947494577,5.790152058218792,4.855784975234067,5.014198786165659,0.004400883713516929,three,/content/speechcommands/three/b737ee80_nohash_0.wav,testing,5.0,Kitchen.wav
790,-183.9088779999019,46.76156050742961,11.245879335172095,19.504226458461094,10.813729747977217,2.1556372168541507,0.6810733954313866,7.107758143370711,1.2372304904027667,-1.4870659325087145,-1.0384557520877093,6.477567990808041,0.1628710784134455,124.04066042279855,36.30942442509496,21.335818114378753,16.31884067451495,9.413564591889049,5.729187879079773,8.450607451847064,8.379975569269709,16.15027337872938,13.77557711617501,10.331032217750282,11.441717508672907,0.18510774020866352,-0.23355940271988718,0.34727133081213996,0.4353610937615913,-0.11167965417080797,-0.3305692472578124,-0.3041852996917694,-0.06697057457021485,0.02352766595683924,-0.09529456659022009,0.46432303719349755,0.9039184193013845,0.638548176674205,0.0008425206066139283,46.588355075828225,16.66936611290062,9.967892498449647,10.727771770622718,6.829378348001067,6.567069356845527,6.002653786215216,5.693810961240071,6.230811612387737,6.407900623962486,5.638342158484015,6.023697986109264,0.060115153664932315,-1.1201411480099006,-0.3295650609697977,0.21871137519033265,0.28882829140888977,0.008810204759789716,-0.06279451001888439,0.08467060341397671,0.08594868782179657,-0.032165033003183546,0.3621065205058792,0.35128096162412387,0.1671793203525093,-0.00024039937804142634,45.65077652848022,20.981284174082163,10.50316848330204,10.817940014303518,7.988473289441532,10.054297338862952,7.656124215377053,6.22249734810125,5.856533355216672,7.024024198467181,6.380580358694069,7.0479154920501275,0.042351890812319146,three,/content/speechcommands/three/964e8cfd_nohash_3.wav,testing,5.0,Kitchen.wav
791,-174.5623930911018,55.619631818358116,24.279829898480344,23.2555068873625,15.367391056619288,3.568279588455529,-6.962229264080303,1.0911400748590228,0.7885408030032733,2.6286832191468816,4.658182654640921,4.055175400619473,0.09970105515094474,82.12227729834194,17.0456057065201,26.583641745582295,18.45080976848472,6.344405244685314,12.93275758242107,25.856585996978094,10.813397611939491,8.297150114918342,8.605987217714846,4.3948461885499475,5.797606319654562,0.10819108058853252,-0.014541998290251369,0.3338182781253466,0.027855402493511035,-0.33915025041642366,-0.2373138138086246,-0.23243001558235282,-0.08570348824564912,-0.01545263013887937,0.019572520446571918,-0.02552568304919357,-0.06167510852892443,-0.07787551378537208,-0.0005584876503675214,32.17540406490142,10.88450613248086,12.32431665409704,10.397884199672015,6.68282857593773,7.291126340272458,10.586159126906526,8.27455252209532,6.751874408057547,6.057186635650792,4.582818187835268,3.9518860961385336,0.040044051040603275,-0.33833989064579506,-0.1183920010839394,0.07204201130122598,-0.1242588041823474,-0.12917878032135435,-0.14922084697711538,-0.16514475745109886,-0.22243568078993547,-0.13793407254688156,-0.13697284034062437,-0.14590736902850523,0.07998051385388326,-0.00022265526155630747,30.900657499028043,12.782848726754988,10.140202954202453,9.923233161473524,8.399444912350171,7.794929464706829,9.341990264656703,10.506357296260145,9.066014489926646,6.834701872437072,6.445041132254137,5.400988598427734,0.02732820715543608,three,/content/speechcommands/three/881583a6_nohash_0.wav,testing,5.0,Kitchen.wav
792,-271.1872124500794,10.644803005214872,28.05630399809828,32.84155987121921,15.844618201868952,6.183124803266103,8.739892220074154,9.691157448097155,8.601382693256344,2.551863308514777,0.6231737773790988,-1.3101699905482123,0.040157773008104414,38.326788347705204,16.436224259659703,13.693728807785751,21.409487743194525,11.510857753952978,8.764143437001707,9.668399831289555,7.598579294097488,8.37295021074855,11.465184574161391,5.689693707432999,10.666011164235309,0.00845772585695754,-0.5321948456112295,0.1731939009708662,0.07064229304434354,-0.20563908548426113,0.005373438979454995,0.2588352387495458,0.013996039237206163,0.039478319828115636,0.5662702326655746,0.1455553631858609,-0.03707212229663179,-0.34389237649738347,-2.3279819757707657e-05,12.425632202682305,7.13056907161618,10.390273055855793,8.873163503915693,8.928619377652355,4.869360994391682,4.855209366772443,4.717054786507684,3.940704724524364,5.460781784219714,4.174634161983574,5.1467547398795395,0.0037517759690050036,0.1920448025663499,-0.03795261109608047,0.019782923550777317,-0.11114409479807931,-0.22771692683655947,-0.20196814135700134,0.031629703883074,0.12693834220932013,0.32157154484994865,0.29378387306404746,0.14270095429294832,0.21030827428178922,-0.00014072209596633912,8.795477210108494,7.39605737080833,10.686922343321632,7.4067913302902815,10.266425170574227,6.019837771418756,6.2701720429834955,5.432050420892185,3.8863726797184364,6.103070791447452,5.151899888125868,5.429389587934386,0.0032157781118006996,three,/content/speechcommands/three/af405b69_nohash_0.wav,testing,5.0,Kitchen.wav
793,-151.22908549482028,15.45282856142156,23.401312827543407,30.792015375887086,10.946075160172661,0.24399897423375747,-10.093643005688314,4.295587200790521,3.408680004990236,-4.524214197994603,-4.573901342690287,2.1094601686465757,0.09347867593169212,43.22614807696774,23.55915952405042,10.058481481835003,16.705223300354728,13.51740753742473,10.20251027130457,13.708893383495624,14.21920482801721,5.4165340874892784,11.420769894993258,8.59772826786978,5.108253857928273,0.053610920796599446,1.6879917547995689,1.2069964690005317,-0.2794645371860394,-0.5032255129809913,0.028800779184151536,0.34675335207130864,0.6844226280256615,1.3284164904553344,0.12584752475144448,-0.3285563715612748,-0.6032320965411537,-0.14435364377311788,0.0007828264497220516,18.342690314230616,11.797334094653506,8.200294779304421,9.315013654747792,8.794415079796568,5.1578897141156625,5.945762489914695,7.3680878609525084,5.1256261597181725,5.221952395503826,4.813072725379755,4.305820404789226,0.01753074900855918,-1.2776784311043687,-0.9638873041288627,-0.14639638749363684,0.09023835706915014,-0.17590743930524547,0.14857144544087275,0.38831165691205805,0.37951773342513806,0.5105995195010414,0.6602557524867723,0.6455276974313788,0.1916536010076351,-0.00032019752420877154,16.023728688237913,10.363479467918918,10.049556653878934,9.399256890066095,7.437473085694034,5.343196194274822,6.554872771959758,6.330925237845605,6.023322541221428,5.7963144059505405,4.705899523661306,5.138137099310174,0.007493809821569948,three,/content/speechcommands/three/8fe52b97_nohash_1.wav,testing,5.0,Kitchen.wav
794,-241.15285577894974,9.871019881376888,42.16500070877468,40.084262742224645,5.1857540045626,-5.8422487314616,8.800362528748332,7.228302537258276,0.2929452581399561,-0.09305865260765894,-3.6758413003224986,0.22251844943532617,0.07834761968115345,72.26399477023679,25.88812815243395,16.435328867285204,21.177303567402316,23.128686530244988,23.969024698654096,8.40363431290961,11.160241440067477,12.787113247701823,9.258067866240317,9.842373226171357,8.520163714475403,0.07008005415106747,-1.1954215469547116,-0.7577237866096503,0.04957551610132507,0.1767414815147209,-0.0893623103733102,-0.11722332465359833,0.02771170990738757,-0.04053780520965299,-0.14359626693206576,-0.03834573123978623,-0.12148305872091185,-0.27922311707162845,0.000381778264718671,32.258267226525994,17.032802699576333,8.864565442264563,6.935590787993553,10.106808363247854,11.910690300342791,7.8073465436998815,6.179832050626889,6.47217187672295,6.286199404559235,5.632269921859853,3.7227899643493956,0.022644329489762107,-0.19705873835120732,0.18024897632611872,0.38263100286144874,0.21317355807435495,0.05368944731192957,0.16909910459003802,0.021390556098402236,-0.14613120336116187,-0.3413529303968927,-0.04871118728408275,0.23773522707681577,-0.025026865867879965,-9.9473570783933e-05,34.49600661628515,22.12928023248356,8.850832584795064,5.106125572745732,10.620971060655394,15.651012551154132,10.684606016304011,5.9559584374141465,7.336216053144724,8.611361057871607,6.508132141381732,4.388263722319692,0.019973830118201884,three,/content/speechcommands/three/692a88e6_nohash_2.wav,testing,5.0,Kitchen.wav
795,-264.71148281971494,11.644992821343148,46.2846668441489,27.404432437563507,18.0382589625794,8.368233115769097,11.862422224175504,7.518789460346543,5.177193425988127,6.224452414921242,2.7660968055988873,4.633234874633022,0.041837580036371946,49.244993170016606,33.013007479645935,19.06212885665451,12.027803423798126,12.032545191427811,8.576677248131329,9.250928241019436,4.6554760098519505,8.177799455866115,4.6105583523680504,4.258672732859764,5.630631180520643,0.013197535076538064,-0.5828628486070271,-0.6727724512193567,-0.38479187321078434,-0.3668324149379356,-0.23668020277797183,0.1480218390701749,-0.027205254688796355,-0.10318870004809229,-0.3938608219170532,-0.30794020616283607,0.04923996606331474,0.09912936617462614,-0.000533314902455576,16.945620138504612,13.467208943310586,9.114438297477118,7.367187257207224,6.7610620270984345,4.476363595875462,4.675686612121661,3.7891373058229387,4.313021795744616,2.8833688059864175,3.460131027179934,3.5429939265054213,0.004378808793762259,-1.3833909274261638,-1.260689533316591,-0.4947609305683883,-0.15211772631109508,0.1408839488826762,-0.056069581426523206,-0.08057951889693686,0.2923994878358624,0.3872600279128904,0.3550705126215215,0.22626647359677865,0.13882604762501488,-0.0005033134793241818,16.619090350650826,11.933194629400658,7.042030467833329,8.029907566594575,6.758553315685546,5.585568568358859,4.834210377155606,5.71341401997372,5.0159033267520465,3.8276361574221687,4.49525701335552,4.189663636906597,0.0038531051523838355,three,/content/speechcommands/three/553f1a79_nohash_1.wav,testing,5.0,Kitchen.wav
796,-209.36563203619664,26.99185765584865,35.47937736456112,24.177981754894454,15.299978917654359,5.994929497047605,10.377662824648336,12.393884149166167,6.181841177743525,2.094605419516271,2.6064250987071,4.320457591938375,0.05969136254861951,86.19724294272733,42.56783414980318,25.921266209009723,18.37005452809788,15.264381134654794,8.919333009807493,8.581424939571878,9.124079777427234,13.11387578408874,12.090117935478402,6.273425314673789,6.25502731846747,0.03183664639517896,-0.18323654289683955,0.05880846296717043,0.21280206581145922,0.33940307010604065,0.29103561206982415,-0.021671875014925502,0.07628263282675322,0.14604962557947146,-0.21346013770017946,-0.18869264065479102,-0.31327275351584755,-0.2119046014299627,-0.00021822366022294568,29.69964261432388,17.106472293272468,11.400730142286065,8.29515556087739,5.98288295090243,4.963918201723091,3.941371225148389,5.3063379569562334,6.815402204376367,4.904991395635738,4.350554328183139,4.675399217108415,0.014805335311044976,-0.3987173077518548,-0.3343334756633007,-0.06361199854909406,-0.19277333629329405,-0.0970980576360399,-0.04903184281792952,-0.020541810261129948,0.19808406918566296,0.1347327317447934,0.023152596936686778,0.26273753164630514,0.1923890610809156,-0.00023051444441080093,26.733140671473322,14.892169213300201,12.804685522918346,9.047728408064808,6.98726099340663,6.051325584061648,4.670426707796842,7.310495211976203,8.959725743844455,5.447941609054489,5.463756475773907,5.8736103758187435,0.012993886414578049,three,/content/speechcommands/three/95ba4996_nohash_0.wav,testing,5.0,Kitchen.wav
797,-276.9395063313036,-1.188028631503256,38.707831383842326,29.193208195490495,27.73106277498605,10.005236012043582,3.873064667790538,3.516783826340795,4.264683211346511,3.81073315178656,2.1090905085574354,8.35665878643394,0.0388363836100325,58.52265961640493,37.41943934110677,12.567974186951549,12.01159649692098,12.796358150099506,6.377861020449686,17.267711529937554,16.24430544596664,11.960513732353242,11.777452713070192,8.9139379369721,5.241872377431829,0.009083101054428163,-5.272092179031498,-3.3915191677266954,1.301625911697657,0.6789411348464419,0.30580355470068477,0.5826947970647258,0.2702178500485465,0.5765377001425593,0.5624384498326529,0.5717261247642196,0.6110083790092065,0.5084629523507,2.6647842699481597e-06,27.74178253327685,18.796967968244402,7.978692165409091,5.567895468962807,4.973198034268072,5.468849172207634,7.100035994119877,8.21230903639148,6.997870727664906,6.056048719595062,4.676005651603741,3.697415912929862,0.004562162179257547,-0.7220621093864793,-0.3640302426128764,-0.08085615456862622,-0.31617747201908286,-0.08366864641459948,0.2226564185178982,0.39151538009161385,0.2341058409022624,0.331128216687714,0.22583978487975198,0.11547345912293376,0.0010121818915900841,-1.1821836233139038e-05,26.17000716730126,18.66268171756252,10.32238115460937,6.459449487181169,4.731077071530635,6.776087945746048,6.901632474649106,8.519913917067392,9.105662380651152,7.8782815716906285,5.984027169557061,4.787461312659091,0.0035726324959289234,three,/content/speechcommands/three/5c8af87a_nohash_2.wav,testing,5.0,Kitchen.wav
798,-276.303318801266,9.99037828810264,42.70345605030046,28.039527783262358,11.823006430669654,3.082985262033574,-0.22711152183672262,2.8634566387440747,6.307872670480214,1.8500319745850125,1.4618655337142024,6.498730377194153,0.05579947785008699,36.95255698111427,25.78543056090781,13.73186121798396,16.330297769341687,12.733950409994424,12.507243490837444,16.583083889868536,12.055334089667813,7.990198973657532,10.724956734549457,6.1478592010908795,4.437922709563397,0.027002555354904537,-0.6403347855267226,-0.7940959087326388,-0.7807483133235108,0.0026898035397101166,0.17052102077286937,0.00850679647185294,-0.06729141562615132,0.1294039948832045,0.2090260061435284,0.3247203383716505,0.21681414412421812,0.4408292520612828,-9.426078008067223e-05,14.499656947967374,11.91648333307215,7.769457017007412,8.81657937599405,6.905490044472113,6.399115256830686,6.918049638971535,6.579903805713757,3.2064884741708655,4.603416653946442,3.3149138823413273,3.369253086139865,0.00854115010959878,-0.5218239267098436,-0.05081919736311053,0.26973490792225474,0.20571092486006723,0.23752606101269613,-0.0035913996630680955,0.038191328466973457,-0.014698895800632054,0.02648023879190129,0.11183469542359324,-0.1547635228191153,-0.08157943619011997,4.31870420773824e-05,15.873005836907353,9.703390570035614,6.897209125150639,6.8980089760959435,7.526892402483002,7.975417470659891,8.111072568726575,7.4147976188754585,3.6822935458779393,5.540582695578165,4.480174129293153,4.518934970395787,0.005311093169612981,three,/content/speechcommands/three/587f3271_nohash_0.wav,testing,5.0,Kitchen.wav
799,-229.23607019573038,28.81887264683929,24.29270383542497,30.61212386072743,10.21795886378839,7.350342705029873,-3.6066378195139324,5.814809715841413,6.845069695502952,0.9381721769778618,-0.4251842683033879,3.5752415309011343,0.04968965915031731,67.68246323407989,23.847100899137715,19.70342003584186,23.834673553725196,9.22527677585571,8.628459905052335,14.808622526869375,13.691358234658209,6.451807573729556,14.412350749831171,8.546567305605954,4.832174720426277,0.027193404572609655,1.2552779372432084,0.047711108909749535,0.25951171087951724,-0.3700834937164564,-0.5749890936399378,-0.10410103661168386,0.1874128445727662,0.26889185680697036,-0.2472050158914963,-0.15479803352423765,-0.26395640485521676,-0.3468767320674304,-0.00045435725440902094,21.217654127462055,14.337554141684224,9.169462745033298,11.891249536382352,7.109105858614101,5.819769727348563,6.1615061658093735,6.269015697915378,5.2229390267616775,6.360582402079588,3.878129647696015,4.307632227453849,0.010488196065801064,-0.12480500311640223,0.06416890765281605,0.22325145387277037,0.0609644627138031,0.22294127316613294,0.15389318721031478,0.11233564802594961,-0.07607164810866139,0.023878427563757427,0.021039834102573856,0.026517857719142827,0.38072775399598674,0.00022190362215042115,20.737631083801382,14.839501406210012,7.703834480769487,11.391663876961724,8.345605596516808,7.490895587898748,7.252573460395545,6.39399368307167,6.258901283951346,6.433307970035631,4.762588043972234,4.842454721197099,0.006562717275225531,three,/content/speechcommands/three/8fe52b97_nohash_0.wav,testing,5.0,Kitchen.wav
800,-206.36282202140694,-14.576001750303098,39.93345176359546,48.23233090453078,-8.625201395732791,1.3420144361808162,-7.126780346497545,10.86438741225575,-0.4878399334255632,6.726886948329483,11.51547492189091,-5.335846918149848,0.10988953534979373,93.3967594769053,42.50517822361523,26.799095953090585,29.859969242498327,30.818547091231913,16.68992324883562,29.036913334619282,11.265487495529605,14.225855106132908,8.99022518241792,6.644757323405089,16.185760953857827,0.07034655860844498,0.9274927938693805,1.2725276418988332,0.34324389751021506,-0.24366231572334388,-0.45045939031645055,-0.14142928950833314,0.0016371725105601984,0.07019563769540507,-0.24593868760821322,-0.26584660814360644,-0.13546583865937892,-0.19899347962694602,-0.0005916448370102913,26.48173361253434,26.20268177506874,13.364941383123604,15.03086665725945,11.542290658644635,6.642728938899901,10.603644161955199,8.526581130574396,5.85268696178216,5.308216085574084,3.4969990762545877,6.337280538873849,0.02202424565385335,-0.62993006313442,-0.6836550619786268,0.008810238730587845,0.4075850006876779,0.28119401661726967,-0.19364710268349666,-0.0637367068306764,0.29170641465801384,0.21801317040636314,0.5311067326194582,0.16671237584453463,0.14372172702159597,5.089255670706431e-05,19.30684940218059,23.473629438257547,13.90918587851615,15.485935200698641,10.345149310487594,8.021451128686603,9.042239504178683,9.230165263343164,7.601617015143544,6.18880489543989,4.107067036081987,6.831213362960384,0.020347804117405496,three,/content/speechcommands/three/9a69672b_nohash_4.wav,testing,5.0,Kitchen.wav
801,-293.16183277658575,0.3659733787754642,44.03832690795299,31.04982518420064,24.590117430948002,9.696431528919096,10.881778687397514,10.058595425268424,6.769239063827456,4.474321962246165,1.6714237788719895,5.265252615682862,0.03386486863018945,44.910801735739796,31.46072241158644,9.328816746162897,11.230885730018748,6.098405669243755,8.052012724465818,12.467553579425342,7.853589884096286,6.855012013668741,10.606777409959385,7.690560798383051,5.674624213260215,0.014748710230096466,0.07269225805014817,0.024968037211339108,-0.3397498828851161,-0.3604183793448613,-0.07081131817326143,0.2987072168587945,-0.01779350040477502,-0.11454787379305192,0.08937206218560781,0.2854397590426712,0.04112233061187531,-0.09469526093919789,0.0009917017793463123,19.707397849767666,13.240141608831072,6.748754092708958,6.838197461803408,4.306093302349562,5.267275145917687,6.500496933488303,4.702225111873355,4.242487127327071,5.290143492771779,3.5333169301074414,3.4339197587908883,0.006346592367812744,-0.7686411507796095,-0.2077192799838476,0.10874358184310395,0.11441480453257764,0.009388632588828235,-0.022881014660416366,-0.10195251460729911,0.16430239196862656,0.19928816243547515,0.06165886834339377,0.10783391688876612,0.04430827512306316,0.0001817371075352033,19.624589776454545,12.643640560782757,7.532421696389701,7.426158534380453,5.019737305177425,6.696175419782667,6.613832755190412,5.782233151214213,5.78873877734727,6.118578070139396,4.21762355661892,4.1380355374949085,0.004282655307706071,three,/content/speechcommands/three/62ff07ef_nohash_0.wav,testing,5.0,Kitchen.wav
802,-217.20529823385704,37.103433590647526,34.03750106607929,31.363260254005795,29.162499148200347,9.876373602101605,3.6608990150573146,7.275396981680874,3.0543388707728485,-1.2438132274263052,2.217215493752006,3.181551766926107,0.06116455979645252,66.33242431855489,36.63014091361931,21.7250630197649,27.503884504373726,15.341340206926832,13.98247617014251,13.234874305943572,14.00702525462597,13.436449879522831,14.980675780426793,8.115400677084423,7.616922793017482,0.04171358927156433,-2.346137160535006,-0.8653679033628497,0.8055478722071189,0.5058642315564466,0.6766795864830227,0.27927715597128827,0.2714516079436658,0.2015378156289564,0.27375326104906283,-0.02860477414757727,-0.10639088103257946,-0.24784965302269493,-0.0016248243590516428,22.17439342822719,14.001746729335952,12.10512976323923,15.560051762031279,11.619645126358723,8.863769569396606,7.266024838120859,8.320451608539395,8.614902567649343,6.590588433984048,5.396784719495338,4.99294203286347,0.012927261370667333,-3.312882825337878,-0.5567522391800525,0.6424756784215943,0.1611084359135461,0.5322619897816412,0.2902831657672222,0.26614634808566034,-0.17935743428927964,0.28268632379480835,-0.009068814337091407,0.101566930810552,-0.2076972154774543,4.948737720648448e-06,22.546743887450827,13.507132699636362,14.546971955462734,14.5008897755838,15.733897606621985,8.958844880396885,7.958825013764781,8.51266429101459,9.910177613999869,7.921024999415734,6.77515405656076,6.415043677640043,0.008313007921090368,three,/content/speechcommands/three/caf9fceb_nohash_0.wav,testing,5.0,Kitchen.wav
803,-210.23788739953122,29.396791652076608,29.377311126864836,16.454219850389087,15.53650598043048,7.382540334003023,9.529871810690421,7.491361957503829,6.081435406941341,7.336547728655004,8.05369300374127,10.881473756497549,0.0712863930190603,91.92670318387252,52.84006586426608,24.697963787706247,11.098402843389302,5.339868313337896,9.963707190351801,8.470490700926332,9.33846912335953,8.771878897882853,7.327943097824475,3.0417537336175804,5.072781333284663,0.06292573623583339,-0.6683474374904397,-0.3016403109759666,0.34091964413009257,0.12084932628466691,-0.06087863813105112,-0.34885463423252594,-0.23661660613819463,-0.09304757865981568,-0.08903451973191613,0.12786888563412072,-0.03104208807983384,0.2896749334458922,0.00038691327489655594,34.187171100425694,15.765575167399827,10.455934810947355,6.38285455491795,4.841607487336556,5.563215045530332,5.949813725457253,6.889182720903739,4.40322209275699,5.199230347129997,2.90268407054232,5.033271945443,0.03207334331959217,-0.429991501024669,0.002751181775871763,0.26389948183020323,0.2659348184700006,-0.005175163953149082,0.029342386900806577,0.32660627581755736,0.19579542983941461,-0.028550888573049247,-0.06464863140556217,-0.08411363702541809,-0.16187776872252416,0.00020819157361984253,31.79657250784477,13.155733586904903,10.5691289135841,7.065523836583188,7.293685862039287,7.1711298203246026,6.994101866358497,7.283733549241977,4.828864036336667,7.755001972163439,4.111507955210504,7.2158710533598,0.03522351891856559,three,/content/speechcommands/three/c518d1b1_nohash_0.wav,testing,5.0,Kitchen.wav
804,-172.58231817520667,60.72461896394323,17.61667565142819,39.19359202461447,17.748552083951978,-13.464765930840136,5.744484988920273,9.782510475652721,-0.8332098819336445,1.9588123737110463,0.15160203565011576,-0.390505498866059,0.11628784821368754,73.04836781945434,25.671717748587668,30.856073072574215,37.30515424595887,9.61052547340073,21.699466770581854,9.960107845942815,9.798877709245549,19.976848696758054,10.4587608059001,10.89308145494874,8.659054476398518,0.08940629066861765,-2.6041274552604423,0.21303010473547782,1.7787846441389135,-0.09029622731357141,0.5173027413929316,0.5033895968825209,-0.04989923228470857,0.2944505905843113,-0.28986167764425824,-0.2794849279621139,0.7222702792454633,-0.2895732522255468,-0.0005718943092130846,29.397066816852277,15.569296084712663,14.260818669318013,17.942343887488605,7.374542362704868,10.628225184675514,6.175005848647244,7.217248607395647,7.338948858504173,5.574660364643186,6.195929863326762,4.7663476588151505,0.02605117198128253,-1.5404968247691433,-0.6881656492638053,0.4151794002495414,0.32220475007925337,0.12776940842739476,0.424582907007102,-0.12631350488510346,0.12121713390091733,0.34669736575215165,-0.048780542862945114,0.02647649357176786,0.08710607259127086,7.890214522679647e-05,26.119319886594862,13.5336572518844,13.504352659926898,18.147895190076515,10.048708013529648,11.260740031488016,7.827901935139536,8.119235409976895,7.154685589403357,5.953768904356787,7.6102210420724505,6.18950166746374,0.025735506166107588,three,/content/speechcommands/three/b97c9f77_nohash_0.wav,testing,5.0,Kitchen.wav
805,-266.94532243205305,-3.537862521250975,36.208363119962385,26.03461435310598,23.905779035993003,9.34059243198926,7.020287413279101,7.047920763585884,6.91122596013585,9.697702670775309,3.619878203161121,7.934442766428885,0.03804523768203874,60.0717618204167,32.689340084716356,19.94252604835262,10.663537505094517,9.833524516679748,11.281201381703552,13.643315026351063,12.907308825796816,8.748351799012145,5.327035081809719,6.5823135652558795,4.874846761069962,0.014431428670746262,0.7280162653340663,0.1503985274283177,-0.16909724966409811,-0.12507189291872636,-0.10263996593452719,-0.0641445479089588,-0.2554487351196105,-0.20645365436595492,0.03844153886253873,0.0007160901575502087,-0.398517641827637,-0.1499286453478409,-0.00020517011483510336,20.89846931427562,13.674797589561836,11.2654460447143,9.563480159436049,5.029169966878029,7.0209501407212604,5.318097480518918,7.33259021009817,6.167349271444617,4.081071434539279,3.9103726935398377,3.080394466111639,0.006238351093809459,-0.13545073473237568,-0.06356712165260758,0.2311320184120772,0.31695754533613163,0.09087324984830213,0.36841651647013945,0.4052996276993493,-0.009642948176882271,0.04503094322239749,0.08364811023801885,-0.3318884609666989,-0.07835046098846456,5.353903719063463e-05,16.561292483793277,11.564347533072747,13.670870614819343,10.177010557309108,5.99414085964043,8.171595697487259,5.223920453590511,7.917954947076292,7.250211278839369,4.880666295394181,4.764426922861507,4.157559072534684,0.004879801853536163,three,/content/speechcommands/three/412c675c_nohash_0.wav,testing,5.0,Kitchen.wav
806,-322.49086242767567,8.793092735718,30.661718894390003,23.798554360710927,24.9220345016073,18.149411797058633,13.861083707940328,10.141362489711117,4.865036082571725,3.122645074175492,3.214858490895495,7.631308633644029,0.03198491159128025,15.761357557260563,17.002209014254948,6.265896939731058,6.178847230713192,4.154894645978233,2.4537045923788012,4.844575984690377,8.757945113669466,9.870474928782667,7.520166249385328,5.246222441354741,4.547836286466484,0.008012621791688254,0.24414875353349155,0.03325182049777216,0.42266568316673736,0.13727233892501475,-0.2279928421312804,-0.006546000231471493,0.1718201294414384,0.028558116314977625,-0.14310302221872115,-0.48929534841122885,-0.19222501635422454,-0.07734944234903121,3.9134775438616356e-05,6.897461216285957,7.453477534990718,3.4567349842012756,4.944868918217002,4.821614083267807,2.4671445011274353,3.3714011096177057,4.4948941391916195,4.264220597694248,3.9329384633079862,3.2695492078850905,3.0416812361405845,0.0036001945314266537,-0.044437953739554815,-0.06505060746864295,0.2663362261743201,0.1502808011627156,0.149120950476145,0.07811704507867531,-0.11392364018350723,0.027460059326564413,0.06255157952975718,-0.006363672211009478,0.1735417403040034,0.15150459839445224,-0.0001736915980776151,6.5411731063823,6.131470500755407,4.055349031519937,5.679436065680336,6.381963255384762,3.68887929542359,4.090443111446062,5.2776402594830865,4.443240726441471,5.058934518366077,4.587698034140591,3.6762521630114025,0.002672976529874349,three,/content/speechcommands/three/3c165869_nohash_0.wav,testing,5.0,Kitchen.wav
807,-250.2126380692954,22.145106830432326,53.80698573393719,29.631014474873567,20.616013949356724,9.49572515344009,12.597254495565227,8.748939618072596,1.3377065652245932,0.7293685285118923,2.8133115658210834,8.414593076085524,0.05378369765821844,60.05935566253134,41.01289418011336,12.849310690382591,17.364003776460184,9.581870699445693,12.80949668996781,6.693174966788862,6.26007060878666,12.093393604757836,12.7539485886745,3.6998984520467513,3.2158722896197793,0.031145138023136093,-0.41775576171293355,-0.7331808353318604,-0.6584877358081367,-0.41319761223006135,-0.29566401732807984,-0.005975607205860903,-0.28292390318341126,-0.24793022663668007,0.0005492540856514258,0.38127728391403665,0.030573042987380943,0.050370525682755386,-5.818999582721341e-05,21.816864005414388,16.935625615859724,11.254266674020709,12.335758120409032,6.252304294199033,7.045894741641386,4.308647884810491,4.544582961660114,6.201318575627014,5.765761722774153,2.9749911163471805,3.302094664073999,0.011363286658097146,-0.12223154810030981,-0.03102233400645821,0.15888339199905724,0.15305374164476254,0.017936321658837368,0.43527180021167156,0.14331582428491926,-0.21026958735167894,-0.21277439964707442,-0.09146771010273985,-0.03482021264802988,0.01428233799879332,-3.926952679951986e-05,18.712225858845173,14.601218348276507,14.419477421003437,12.755227040904774,8.457268899280148,7.29758155570543,5.693448920669568,6.006500291556207,7.376960594431248,6.224900978055876,4.482925234774904,4.49915724318162,0.006785261650240207,three,/content/speechcommands/three/95ba4996_nohash_1.wav,testing,5.0,Kitchen.wav
808,-267.23526000584457,13.985495014110397,33.031598968828916,26.083026860689017,15.748055478946226,3.242260693306023,8.785727984666064,5.200185100245257,5.325112096586052,8.832972829642015,3.4609932445745066,3.72805767874194,0.044426021981053054,49.941741680749196,29.662449974230825,11.972680453848556,13.03582782311754,9.661323790522903,13.654738165851581,12.434191256749765,8.790979964611667,9.456042851078399,6.319873969173363,6.466246329051505,7.214398657468455,0.016987303513157477,0.4130111709283325,-0.44401724965594175,-0.12402025922694217,-0.08130875279927696,-0.004108833687301889,0.17366548616386515,0.03350128396690312,0.045640660584895854,-0.11063272024861139,-0.015521325838016084,-0.05115205043202968,0.024061608861935015,1.0551824685065977e-05,14.87263854649806,12.119116345174074,7.027431954642336,7.888541086739522,6.263355610503761,5.610099782625552,6.205246082226547,5.275152000294301,4.639976383284836,3.991904953314395,4.709972794000925,5.086788554532474,0.0064552800006697835,-0.44011734276772546,0.056330821305044174,0.23388227590356567,0.011896642996487471,0.30121399778068736,0.05281813867225568,-0.12062802290745106,-0.13315134795503708,0.07921090181937798,0.13033278598040685,0.07778694860100126,0.14042701108139208,0.00023243216176827748,12.424742236228285,9.96833000066769,8.809393685134724,8.532595006099054,6.388896747415815,6.27620150439293,5.710207017458458,5.370045726443405,5.00191314853107,5.029130605451205,5.698674649530639,6.626218261294455,0.005169719270366389,three,/content/speechcommands/three/cc592808_nohash_0.wav,testing,5.0,Kitchen.wav
809,-316.707067673807,-0.9726680889187165,36.666039637619804,26.008137103231157,23.794084424336518,13.593564817441582,12.724508032568714,10.615322938926681,9.790839795566626,9.117528718975436,6.286304452768984,8.743752822807757,0.02412408246891573,15.069146261612797,14.184856375222676,7.156827508595821,7.844933617481809,7.450424376760586,5.497766533598752,7.966110983081668,8.47780813714295,5.111559763010128,6.159456040864502,4.655470538342125,4.118617998326664,0.004789407858514201,0.761787999328729,1.0141479677816316,0.3021209430685442,-0.2347958000554787,-0.26679515671071197,0.054681429252376804,-0.06950354133243895,-0.3287344235839757,-0.18078035060497272,-0.11150049578576296,0.4085912213337326,0.03559698005553696,4.4252663370101684e-05,9.543564278167233,9.024570135829132,6.071115225195344,6.029339863066647,3.927082601705814,5.113477701612119,5.051659559096689,6.133660252399575,4.259504642029304,4.378957147669379,2.9632692523744883,3.9188596819352615,0.002615268889828085,-0.400452292426606,-0.09680631049864429,-0.07023352871617447,-0.15058719132559234,0.18645876059722094,-0.0011386721665694803,-0.20729952558367745,-0.061634742353704,0.09031794727025932,-0.1264243204657887,0.049811097479838355,0.16017580408933002,1.0865367949008942e-05,9.629330856070574,10.902209161308264,8.020401742879265,6.465838307695098,4.841373606656256,6.340896706979998,5.06738064608592,6.887647850730899,5.872033953503039,5.301053910786654,3.522703392330329,5.480776882740178,0.0024826306597207615,three,/content/speechcommands/three/3ff840aa_nohash_0.wav,testing,5.0,Kitchen.wav
810,-140.11813582591688,74.32474801805188,24.60646089863039,23.767517272345188,11.34475329879592,-0.9903689228776592,6.553318920153386,3.6491337835066746,-2.7789148362340956,-3.1491193358359775,2.436809696897619,5.147370235045554,0.09704006358515471,39.035791506025966,15.545342230358447,24.767127512388807,26.18017027215652,9.239645659981358,8.716515830756936,10.259949336613506,9.407530910827784,8.532240063077484,7.8803630854546425,3.7293921615833736,7.050121495187619,0.06568429091357798,0.5251722605613127,0.5849815712243019,-0.20480102933309385,-0.47581733551178923,0.010169015659849562,0.10157160470657166,-0.22791561218336168,-0.11785456263354438,0.5095448567150368,0.27527417179861874,-0.10690402533152697,0.0021564139913362625,0.0001891130401242164,16.558230374176823,10.095376508800928,12.695996733719667,13.161045485576052,8.271560994873111,6.638214501258502,6.797542081163382,6.592286294538979,4.1388468893186054,4.481931052646544,3.260417300960611,4.036845834038267,0.019539956333047014,-0.6349126933017232,-0.2783237076748643,0.23342166313729099,0.04324108819060234,0.03070559828952817,0.04418176687799567,0.13947792762428127,0.26451123519631037,0.21916395677704867,0.07760081024510275,-0.15125218252141603,0.09833509746917682,-1.2071182330449423e-05,16.440401618047787,9.971051574477071,12.460033680447838,11.083909022552549,10.438951648098259,8.252570538068492,7.714334217529109,7.260315187605062,5.222464019395248,5.452603651511862,4.425233861684293,4.242706742370627,0.014461935635699636,three,/content/speechcommands/three/d103dd6e_nohash_0.wav,testing,5.0,Kitchen.wav
811,-264.3068235078329,36.035848823833696,34.58718362138626,48.67346378857593,12.821690334294637,5.873853756912956,4.8621827837148315,-1.616601900786452,3.606408953407585,4.894470753492204,4.846656086935818,6.13211814104964,0.07195608387701213,81.30384250658136,20.83429668573868,16.455466726491608,35.34758928666011,15.19491574974797,10.752896431993381,12.732580661069536,10.654984803111457,8.414692849713916,13.2536681037727,7.684611304886644,7.0976093671195795,0.061262463040325205,1.1152911037330202,1.5288383009660713,0.7101683752893161,-0.14012514489807573,-0.6218427553688427,-0.4451738617425653,-0.17440353557967153,-0.3685436817326882,-0.318050546821904,-0.4334509512028786,-0.41330876412917694,-0.18275177197189035,-0.0002517845601804795,30.002820572679045,12.113094322629392,7.822480890288525,13.882875775551916,7.375210664842636,6.82477043125075,7.578664399128162,3.6846710985736975,5.546491066346253,6.606291220090115,5.1933790769320884,4.575367973539467,0.02261638925139967,-0.2734609502333588,0.14923296571772854,0.04449796982280875,0.008177739572420843,0.08801899436003223,-0.09688730860574661,-0.22216740079750827,-0.2049745825696655,-0.10069810918711421,0.08693172321553456,0.20242912995146192,0.1031459713785995,0.00011899868647257487,30.218674172993573,15.905293609280404,7.872803853436324,12.47878617642252,8.724158167985635,9.227805506344355,9.879103585144508,3.4776127307571114,7.9522185242105,7.210272748627537,5.708663325784059,5.894814400065662,0.01637723164978232,three,/content/speechcommands/three/e1469561_nohash_2.wav,testing,5.0,Kitchen.wav
812,-192.55236262304686,28.217065577299948,34.26132728231822,33.69380532805299,13.230633474056008,7.839152123177158,12.575575537115647,5.768065868163473,2.6417631122813763,3.4002092341952452,2.5961928688623686,4.6531678135029955,0.12054247286869213,128.00735742410035,28.805459461816792,23.3323797572273,31.201000001539942,14.52335434385729,11.55064669017128,9.453332144772066,7.400523360051443,8.56372837805568,11.283069864746576,8.209486239022866,5.019862948245126,0.11709039827436125,0.6902973406684331,0.6269671803967978,0.2112820891957279,-0.3664977603930877,-0.2511989904091443,-0.24489720015673833,-0.0578470799506195,-0.25542104867262816,-0.2387144931950432,-0.06519987887109308,0.12252094584935413,-0.0010448131762132566,0.0005601165035078602,49.691051539713456,19.491475192513537,10.983541470240331,15.109749766927129,8.553031437092606,7.661439824446904,6.276239666740302,6.724059632517021,4.639347699374801,6.446461922962384,4.512373371378737,4.294129311248723,0.044324515672333906,-1.063115970392524,-0.5469817231578292,0.47856691184685957,0.6580644234515318,0.344305551741089,0.13898888350607344,0.09479509266533069,0.23823435934034537,-0.018145679048512563,0.12883532316585336,0.050472613315653565,0.034747077877053494,-1.7438456416130067e-05,41.91826965538875,19.700983865395347,11.12283640043133,16.748295733038177,9.449224486567715,8.518006857594262,8.26796015852239,8.369311095592046,5.860538239643667,8.481153826785262,5.9117384354102125,6.498729386679587,0.047676709360353946,three,/content/speechcommands/three/e1469561_nohash_4.wav,testing,5.0,Kitchen.wav
813,-298.28854067171096,27.931922537403267,42.22686034580653,23.580727835866327,16.310375695672718,8.097317154285985,4.7615938949891445,0.8462740701248396,4.6101620514517405,3.8142971615625387,-1.189260267243656,3.893800732885825,0.044710330956149846,45.25466358459386,39.27112572387822,13.877105321814025,14.059939238006173,8.838446773443485,12.643242932930045,15.472049938111262,16.066669636762757,9.878364612886733,7.49107079373714,8.295848374214117,7.253290506831379,0.018413265591440072,-3.4004241853503268,-2.7001402824672587,-0.005855960496227171,0.9831304472154154,0.6420426833797389,0.47285866136336,0.5679236720639482,1.075733859570384,0.6402379322688293,0.2677984148709895,0.2589816627056179,0.316255470909368,-0.000722092846708913,8.125791090046787,7.451492320288826,6.627263769512699,5.179596436156032,4.585866517441305,5.140974450906149,4.807829918641231,4.2534677561516965,3.5093690955051695,4.1091254002095035,3.107753651758602,3.3944684397991924,0.005565464366107488,-0.4132640342318401,-0.3444554352313042,0.06166454565601356,0.14511340401085776,0.05345688296695474,0.3062619217419432,0.42431859242902153,0.274525684163602,0.07943442759271484,0.2661776518082236,0.2667908471843042,0.2612417819460967,0.00012164115905761718,8.41758241106705,7.756883481780911,5.879113977630048,4.823998591644269,5.564448346170168,6.479866884773097,5.129717345625687,5.196487534287767,4.465489954783102,4.648934946823663,3.966976695071006,4.049962517106124,0.0037231452569618934,three,/content/speechcommands/three/3efef882_nohash_0.wav,testing,5.0,Kitchen.wav
814,-266.3430104559794,16.039495092706872,40.99092663527151,21.765633707868226,21.898875200757445,12.165614402696132,10.720696285494874,8.069535380061492,8.064261591728954,5.413908732498876,2.3466241316772463,7.5656827085426634,0.06224979448597878,68.25877121638733,52.74369601218454,15.986368079809404,17.710580820269545,11.833841803792899,8.678895858994732,9.97371736968971,10.646319712718098,9.548729819303604,9.046281923902507,9.27090770944321,6.059465844086148,0.048865239196627684,0.11727924967564626,-0.17712283810751359,0.04476912847405696,0.23991282303359185,0.31586583796686996,0.19709137013515982,0.2596766835067859,0.20724578195861876,-0.10965300544807269,0.055542831403878626,-0.16006354104372433,-0.1888214486464815,0.000961867191137806,20.718534380009082,19.6206366187117,15.100628796738516,14.684762103432064,9.82176393854862,7.469249574583149,7.221948258387425,5.107011016204186,6.358816512736231,4.935622341659369,4.7508629154915925,3.246346462690889,0.01926267404302274,-0.7815840666517507,-0.20162950131914065,0.3031038788022935,0.2729456923595079,0.27327464784870537,0.3617018482053084,-0.02615275951587881,-0.11491171486287695,-0.05563463566650005,0.0724833960042402,0.049134864270962746,-0.044912036640813856,-5.6768426050742465e-05,13.488973474323137,16.39628045759716,18.282762431644816,16.77420447570572,11.851787757145603,8.370438507685163,8.916637759157075,5.7444091310077665,8.045056199652777,6.735195355194594,6.073541963316932,4.038125900445596,0.014986000893400514,three,/content/speechcommands/three/e41a903b_nohash_0.wav,testing,5.0,Kitchen.wav
815,-284.057631896911,27.30663572983,27.124410575436137,42.53777781867349,16.41838902281802,8.659706427822986,7.008539490205454,4.965397045821799,5.993655250175374,-0.6818228134858183,9.103086599130494,6.498809308220033,0.04684413629001938,57.54392225408652,17.69729154704767,23.61522173846539,30.772040802453404,15.130551238550286,10.977081156454325,10.471714146525308,7.367720158084306,9.422705623770181,12.376364992212455,7.896696846139737,4.259210898370917,0.021047252936166085,-0.1704088230862761,0.13803572357390337,0.010797082588900532,-0.07749758364310431,-0.12992749045768423,0.02195298317648045,-0.03474193292562124,0.15210170092705483,0.08902860543910258,0.035090992317776036,0.2689956111490405,0.055450270066654414,0.0006659249624898357,16.720341940968886,9.680896713239816,10.251863947838796,13.49542676955559,8.412523708771145,5.624739394668133,6.466950743928326,4.277099127753802,6.039213218440995,4.1848046883423,4.285327026176751,3.4974918867159714,0.006062290140246392,-0.3606287288070007,-0.027342043863541932,0.2625153664789492,0.18643605883543798,0.051266719645271644,-0.08698878271517933,-0.20574660009712306,-0.010240525380107772,-0.0769200302218581,-0.15647843019368882,-0.11730503390196917,-0.2561288463545637,5.417810752987862e-05,10.84054051428128,8.848342650099427,8.100601683741788,10.404057837692681,7.870531466431552,4.532532297453499,7.024510158055019,5.553850273599937,6.338465525733111,3.8268842093639246,4.401440200938129,4.332630632082709,0.003957030017042642,three,/content/speechcommands/three/8494fba8_nohash_0.wav,testing,5.0,Kitchen.wav
816,-191.12152709070529,50.87305854843606,-11.633374421383554,12.441572515744323,6.114476195070319,4.93990267618874,4.811928369583113,-0.5804004168400276,-2.2995438251966465,6.956548886825958,8.40663715727263,1.6119941114760872,0.06257281312718987,58.64154695359701,18.26861781489933,24.176404507261683,25.90033501535332,12.669643623561694,20.94103062647905,14.739413512637851,6.919188045673231,13.2708676578739,9.62166165919756,6.374940056446286,8.02149243554229,0.06257487560462331,-2.8762110173906223,-0.9463457837505884,1.4016750420875281,0.7239254476967046,0.2454956023928971,0.20641167179520203,0.5531420976717882,-0.12314782503158979,-0.2361744592132488,0.29869071326691066,-0.13823257697748068,0.018355985979010517,5.6457375326464256e-05,23.52831985280004,8.985160873162405,11.346675461270936,9.700196401901062,7.734660443682567,10.337817933100052,8.449862796133896,5.404952053908424,6.975104578028381,5.375891145491068,4.704971316607153,5.039702598948202,0.021259668174678205,-1.002770707853036,-0.23317461218780622,-0.04282128582286451,-0.657913443208053,0.4085631590087614,0.14024685444661766,-0.49027320349774706,0.28887638976817015,0.25652375272577493,-0.35963499155739664,0.2938452257112162,0.3714276028614834,-0.00034127638985713323,13.326672881359901,9.095497551277477,8.743236108500113,8.16257234576808,7.377830411700502,9.141484895285574,8.128218685904143,6.290807980199281,7.035385270872795,5.16742938183919,5.836637853395308,5.557937667063836,0.01100140043916097,three,/content/speechcommands/three/798f702a_nohash_0.wav,testing,5.0,Kitchen.wav
817,-269.9110176528144,8.15790204856682,34.02262424156996,17.142532371544796,19.291268603385152,6.01607142222831,-1.0145164134984779,-0.7500255796998468,8.615361934239017,8.627491601580687,2.491733344755987,8.078604342977869,0.03907482145774749,76.3297339880009,49.97877397353346,19.876561949430652,20.744997331047095,8.287113899288205,16.27758053414726,21.655554275465942,21.62763098373551,9.119602424195856,7.161556185720644,6.988800175720842,4.880105648732689,0.02584378810494685,0.33764292858552003,0.23025242931985163,0.14517633391474885,0.2623499590992187,0.10379414126794906,0.16483863457425105,-0.027059003349524307,-0.009206671448805714,0.2748688458137997,0.20481518873260077,0.024553482476722385,0.017020722526253765,-0.0002063424326479435,23.909488060219303,17.651570442348888,8.304394972017693,10.78459232088857,7.135580171654289,8.720030248227612,7.079359119497218,9.065190253531343,5.722129654917532,4.700201320449984,3.893027777881891,3.619353390325632,0.009997652899255086,-0.015526852630922223,-0.07245061109909473,-0.027988923604869168,-0.2580575806300333,-0.134076315104201,-0.06695551319761159,-0.09052120371131431,0.035084097276963926,0.11938675642609548,0.0796370186212011,0.09541855094344862,0.2774027009812025,-7.16362405439903e-05,20.33114168712797,15.912262796396053,8.163164640189883,9.203607577287555,8.311381301378235,8.44505043589502,6.435120891867482,7.979378474743992,6.492492477772922,4.7465873005263735,5.375325719216443,4.289497202023994,0.007208041121513117,three,/content/speechcommands/three/4a0e2c16_nohash_0.wav,testing,5.0,Kitchen.wav
818,-300.98968080951363,-21.29261596936994,46.36105859620187,28.242551151809884,23.316960033373086,12.661938574371188,12.81607631637928,6.990641180902548,7.773625132793283,4.881498602956377,3.795119889090455,8.048884877990194,0.03985564818140119,15.751291150686113,16.370901734068163,7.850989072017427,5.835214965077723,5.791818741691797,4.796993365393761,5.515299303224652,8.301584303542242,9.656731769299975,9.070734008923825,7.047001095947076,5.320320251569102,0.009695089369187131,0.017476103725414305,0.1458265656792708,0.27500472393294245,0.04921156213892163,-0.044557907962675974,-0.041974752553974426,0.12003079132414454,0.05866763217273209,-0.0886460031531407,-0.06648855035898035,-0.07491157635696233,-0.11313767182191702,-0.0007231413356719479,7.379114382368612,6.872639591449048,5.38923815601274,4.763206524515599,4.20760357691959,3.1570180180537455,4.277356476234099,4.083571245694255,4.483948713274812,4.51263273846868,4.06948625047904,3.340817934383045,0.005164038837819138,-0.17043106950796982,-0.12753878315985148,0.05009509732308999,0.03883366322012994,0.18077754888937675,0.22883839360328348,0.27857572502725236,0.09192593236884171,0.014535842155428054,-0.008078937304890814,0.00874026268212987,0.1360136297029957,7.728058844804763e-05,7.801658846695138,6.150829759885367,6.505386240515241,5.853080814466657,5.367260614047991,3.5361064832845983,5.00627044672265,4.878507434493593,4.520171067117197,5.287451952544986,4.696005400196439,4.423978817018564,0.004473629261709903,three,/content/speechcommands/three/3c165869_nohash_3.wav,testing,5.0,Kitchen.wav
819,-236.27534497047873,42.68972866493526,46.76955613899987,18.27173887552092,9.833472073512105,-5.874103926190918,-6.229835026865724,0.15206311141618478,5.619287654421971,5.329882183664479,-2.3847686826045758,1.4218587133378389,0.06733351811999455,62.72243382647522,31.806045552508223,31.360882872383687,13.570020706364945,12.241687241732869,11.480041520868628,16.732633338418623,13.062297272654604,10.319823219381803,8.447874130360669,6.130791307204176,6.928807344552772,0.0511836231135573,1.2245847999795263,1.5715435277672876,0.5609559313334208,-0.32193629406240537,-0.4271733670250356,-0.8961216928024318,-0.8113937719421602,-0.5160618405468019,0.009112834107856972,-0.02718299674030823,0.007520719272666846,0.2821376740644452,0.0003445730093986757,31.775499739585833,17.92899918802896,16.08981908587495,9.717042359676912,9.878785713555125,10.878694735953754,10.246319066437119,7.188561300314425,5.262079121487234,5.285212804457819,6.043376030472596,5.008005174917155,0.026418970216947307,0.18104975790012787,0.2560490554223712,0.3085678204893725,0.01794176008752674,0.05348457786223406,-0.19885951057476803,-0.11581909993337268,-0.15042834192171425,0.0243504867609141,-0.11093237447375692,-0.1890744075521661,0.03812931521167422,-0.0004071059326330821,29.444375736598666,17.565269431442108,14.49990747137326,10.631445621202447,12.271559431266539,13.874536324152016,10.62662767955194,8.384896078026738,6.578999165646963,6.416988483547588,8.53704674067222,6.76305109467546,0.026609725158883955,three,/content/speechcommands/three/3df9a3d4_nohash_0.wav,testing,5.0,Kitchen.wav
820,-238.7001538755085,39.82457439755281,43.98380881347674,45.88992258162422,17.989759489186298,-4.806789806948465,0.6969195766191529,-0.06947950952384696,-4.564229890179549,-3.7364519446244397,2.1942795641813446,6.083975019182299,0.058240885933628306,59.51201215348796,20.859511922406345,9.830290316284282,28.732560224113474,8.832301570402837,13.684774704084523,9.08070144127492,6.719817406953107,8.281555381982207,10.862633997735403,7.967160768522385,5.989492506372647,0.044883706588976495,1.0561557601479619,-0.2824071618508326,0.09561682496566337,0.07018333710075601,-0.11580639337161105,0.14031637801909438,0.010518422492675159,0.011019633724705326,0.41199869585422516,0.28968568373497067,0.04619853625758919,-0.05493403108333241,0.0003790898368723931,27.597930596904362,11.390089138561196,8.531006853505456,12.261241579243345,5.3523424037800815,7.348589893129055,6.070191577974842,4.690629486231791,4.58262435529612,4.953332093650784,3.9570436365083723,4.085006693582345,0.013560479677165335,-0.9968214385029659,-0.6486096721235554,0.014739636951338989,-0.062401472401945844,0.12601164623933095,0.2383962482006682,0.034329278164600414,0.06600209196444921,0.21291902651751898,0.20880198366358166,0.07688877076201234,0.21623076009770836,-0.0001047008049984773,30.217402902908926,12.714828503412482,10.655208066040647,10.369354184666921,5.271498852375497,7.8373546781533445,6.7399651937161424,5.197383025723514,5.1448441666282045,4.517367713118142,4.004686853070877,4.578564899642448,0.009501682829929399,three,/content/speechcommands/three/c22d3f18_nohash_0.wav,testing,5.0,Kitchen.wav
821,-276.2334083495523,19.79030698089619,24.460155600542166,18.636759303363423,19.312261684865838,8.227329992269027,8.616027572931305,5.703866323193289,6.236836718566151,8.033059126380898,3.7392585575315915,8.146535486484872,0.02779880797606893,38.023618310138374,30.047867867815846,10.205821331245524,13.53311936365416,7.765281756717223,7.8435836271651205,13.538871313363584,13.163468274045224,11.093735434720188,6.144903479675627,4.503762212270878,3.812113536463247,0.00980909839006673,-0.59688886188619,-0.37919337704570943,0.16022578659221387,0.40969510713046664,0.33282856782756703,0.0013899487288500745,-0.23221286584352255,-0.5883990546191176,-0.7065976556211504,-0.34256600806606746,0.31887817352429393,0.4819614340297832,0.0001242950318321105,14.476171160215182,11.917230418290128,7.92256496705065,6.77935830581208,5.163534662771826,5.820994911138446,8.203424700058486,6.7252509593173135,5.505359163959852,4.0749048205586265,3.5491201613998142,3.133414837017452,0.004315511277993995,-0.13245546394712165,-0.11445313427510265,0.03763579933458393,0.032299037428911485,-0.10035892253371988,-0.009400546601617776,0.17080709800269592,-0.13233718984403542,0.014522408858713535,0.12356810237839012,0.2716959779427173,0.19296136886484266,5.796986321608225e-06,13.760890464568583,11.639607656540221,9.607831032799318,6.567393934152826,5.401978392047876,7.428384908413888,8.81002672441911,7.949671952528619,6.166344159677741,5.526095271448591,4.137972678542024,3.926789162298328,0.00431572187850963,three,/content/speechcommands/three/4f8ef132_nohash_1.wav,testing,5.0,Kitchen.wav
822,-313.82690800255614,-4.274221223087826,34.904181001137005,26.349882516033208,12.764897047515879,18.221303336204485,6.796907021747925,20.545239614771695,8.645310407924953,12.240415037900608,9.163511867868014,12.376084664754508,0.0489738455216866,46.892841615258206,27.36867204057997,9.290540211558174,7.379790030577043,15.45387752244381,10.786571533879624,16.398102910548957,11.08977586108623,11.448021070131496,4.077952261975198,5.997790325625334,4.643194099696664,0.01708309438638038,0.2277448769383968,-0.029176121769396737,-0.05754482395788295,-0.01896771518350366,0.37977923694115756,0.1773364841550306,-0.09011268051541994,0.08432936501296784,0.10516475623096495,-0.05546078276706843,-0.22267906334219373,-0.18410797589533165,0.0006737205530366589,19.993135940601185,11.441016006737732,5.147685279279222,4.334583117072879,7.160376153695131,6.815571894907087,7.494077997201345,6.601719512482256,6.171450223317939,4.439497410386739,4.486536247442349,3.367844269593731,0.007633614007076003,-0.03867026530837166,-0.0017653162146584892,-0.09421812869895281,0.021409276825016123,-0.01894091153728657,-0.04739783852272902,-0.253882417390808,-0.15647795503697773,-0.011445897493842772,0.023804043459177512,-0.08667076689285184,-0.1792898251346392,0.00011359180013338724,13.4968931026626,10.345581906460948,5.562450154499417,5.41080119045946,6.292353328149675,7.71911901119296,6.119367764177295,6.6350480304860815,5.788028838239781,6.468989175417367,5.5467407422502575,4.808894632019808,0.005367595382018436,three,/content/speechcommands/three/3f2b358d_nohash_0.wav,testing,5.0,Kitchen.wav
823,-186.05862949533469,-18.984642726362154,13.904839589265716,39.754951084554726,12.089033548979293,1.366322677805941,9.359962330114147,0.6668126239383206,3.136487014282908,1.3031571438892091,2.773787615712014,13.586926318514482,0.07392210944090039,60.90609097593235,11.103531512977883,23.947074272943162,23.290051133649772,12.79312239910605,13.364382798566577,7.750599877188937,12.044464518535182,8.160407882899591,10.647557341400343,4.042742365942686,10.514951044401679,0.048594022285326034,0.19747043210189522,0.21612055467296945,0.05382033911766239,0.09298554810783688,-0.10077431004442608,-0.3579474085376405,-0.35256016890618896,-0.5665677752354028,-0.2504983354837497,0.11794407854770839,0.21791137983047318,0.19218592236478907,-0.0005410975746570095,24.51790263136851,6.476267590950608,10.661446131078646,11.696903199204973,7.498524022761612,7.779351023182951,4.612411720032936,6.637391447164495,4.526431220472507,4.495903017718807,3.0575594662565724,5.110149921250411,0.017409790428264196,-0.34055561743615403,-0.0599245285246156,0.1506140952026725,0.2010746289951122,0.12226433075349459,0.031175718330285356,0.2876225660039282,0.31987389563721474,0.057314469612333954,0.25061375855858875,0.01366516228118814,-0.040075457755271146,0.00016980146368344624,25.07656355422022,7.172656206668188,11.30111982761949,10.380015873990974,7.5421936113035635,7.8789192894918285,4.94247516619751,7.276686362831575,5.5262355537857335,4.908967427561655,4.17863547332507,5.067063234329465,0.0106036059255352,three,/content/speechcommands/three/3f170018_nohash_0.wav,testing,5.0,Kitchen.wav
824,-251.5069612785561,2.8349281822970074,42.23364511337417,38.95994211328898,15.548512608182662,2.2048401242925415,11.002158991604537,4.543050859048814,3.5986783011170442,1.448081286546774,3.4873877781181464,4.3953003494623415,0.05104677058989182,69.40967436767366,25.250065810115824,14.447799094638391,31.584252557645698,8.094795642187893,14.92096069004523,10.56043969697743,8.875861841632075,12.89299083761802,12.912378404875291,5.758317395889084,5.746177139851743,0.031949909804891104,-0.4661054857409864,-0.11311554321366514,0.5421552625266441,0.8833597449102916,0.8580482553260671,0.034439838963446184,-0.02953848119645191,-0.19884818169641105,-0.36085033167792097,-0.38086267029930476,0.03525149619989151,0.19183424986447775,5.409482025331066e-06,21.795322797144003,8.598490843868833,8.371142758151649,11.718027931886738,5.658583478466169,5.942098989952674,5.24116034248755,5.99066843575679,6.687714762207206,4.6405675062361915,4.24909938433264,3.9630148871334376,0.011694873779766635,-0.4636325179782792,-0.026543742458344788,0.21168921924843667,0.2492128504516053,0.19426762998174177,0.19336774117243358,0.3787565892729231,0.35407592254979675,0.13607030145924467,-0.12655981039331202,0.03950097351788552,-0.22798505468352845,0.00011511308451493581,15.470225766917302,7.7244668066549345,10.118436729303639,8.848904762602503,6.456716500619656,6.34120673939215,5.964646334168918,7.66015803592719,7.171993676892605,4.469693313700087,5.511686592981117,5.34459065417348,0.0073142215852392885,three,/content/speechcommands/three/c22d3f18_nohash_3.wav,testing,5.0,Kitchen.wav
825,-237.5792758801919,12.625180802644856,37.483772794523574,38.84993217901719,23.690284632205636,-10.31925050786819,6.713262979045259,8.91984729445435,-4.187314955622551,1.4022417359185648,3.106191957910468,1.5665688471373926,0.05820893571944907,57.828076770738804,32.402176480835976,25.043221558785906,24.91660708450431,10.245145809939716,18.96008115264804,7.554633457645855,6.727094055035096,15.55317444908599,8.201594026157021,4.9193103255313915,11.193019595415219,0.039699436660180894,0.8386766077801879,0.9452913211047772,1.139046738701933,0.7837928506914265,0.7105976954309055,0.30846130503865327,0.3450500022522069,0.35761826045534867,-0.11031478469404517,-0.30028574401700636,-0.33338336332763613,-0.5018434850051786,0.0005646667052661219,20.231529029627144,10.438513643186248,9.569432622641445,7.244767625450017,4.730825062283409,6.99100588905073,5.29564011996144,5.081608350724397,5.5872394755974115,3.7884123708955912,3.8077015422738816,4.307979637186743,0.013532430106593394,-0.7580840559754989,-0.48860542035595955,-0.004303343690845196,-0.09257020521854992,-0.09735575323296851,0.29979507399448324,0.419234403178458,0.43792321999179734,0.44782179256017624,0.04948721072249491,-0.05436376554713911,0.14832132395459066,-2.6769501467545827e-05,19.00335265334531,8.925546953982115,10.285068961108427,6.912685935618004,6.212975719869372,6.091556244800136,5.9846470059672985,6.640181668673513,5.647265207226348,4.735601984964629,4.302102511113719,5.099417296116533,0.009032990630726155,three,/content/speechcommands/three/b97c9f77_nohash_4.wav,testing,5.0,Kitchen.wav
826,-157.33134235683121,19.35290332729365,23.9464646871075,11.832399491057158,16.10179112588565,3.1977978519754204,-5.338329131122425,-2.1708319219015526,1.6413170774344161,-4.344018275754857,0.1352940555581995,1.3959787841680247,0.07290075230412185,86.36382478728173,33.5806182549553,22.373361638102004,23.63660078906699,13.628416454913737,10.308335699149145,13.657402732507988,9.815071852267991,4.630547201685145,10.171665194114913,9.003987396800158,5.003194850938137,0.04953489802247131,-1.8027168157990403,0.8878251216034901,1.8588235163751083,0.10632021791369119,0.33604449617528465,0.9698084125701609,0.9750227165459269,0.45592575998913887,0.06935334781450295,-0.19726841833515008,-0.37014786772563035,-0.06063303503034907,-0.001420566511730994,21.020429474116526,13.124435736593146,9.565319856416153,7.718266021742944,6.176016835845063,5.475781752154469,6.98704655767194,5.779778058312355,3.1274400902521378,4.056851375804685,3.7606082774053133,4.5372007854037895,0.01704754927301074,-1.33310657142701,1.1293701528669198,-0.8132819247204902,0.4408599326785379,-0.0320775433181522,-0.48357835533578175,-0.26368535146735234,0.23895402092783644,0.019977597307526372,0.29020275592854033,-0.05185741021391066,0.2518173143143246,-0.0002327817181746165,14.857304362156963,8.686516053709262,8.026765851091994,5.236330586143038,6.55613338736466,5.577979881930536,7.333107861096469,6.908524985641345,3.8707370114001853,3.968046293985611,4.124314796543701,5.769991870632183,0.01242516684384428,three,/content/speechcommands/three/5c8af87a_nohash_0.wav,testing,5.0,Kitchen.wav
827,-234.0540263120068,9.147504896798512,41.26399531293552,42.55861314856175,8.110290451593348,-1.2522256344710967,5.823075212907291,7.323658434511153,9.669640876098029,1.5627196719031093,-0.9223339758761214,4.705169412916112,0.07016089418902993,70.0700999962459,24.647655386771824,25.401403423536248,23.558678777986206,21.24942719806912,17.091560656562105,14.384630641032228,13.920147032461536,9.259359897594946,11.729887745827119,8.24691789497529,11.421601108150025,0.04558043674905189,-0.6229141648522101,-0.2989433508412606,-0.05635464421101256,0.038789075265345016,0.07534713301490241,0.2837675677615274,0.6451973568918872,0.30127334269981404,0.44407509055083894,0.3662427423777626,0.3590020175566711,0.17555075358765523,-0.0011655439532572223,22.173651038796592,12.551871177827845,12.634962821369193,9.747347257103227,8.752368633648148,7.0072118741389415,6.434075433528649,5.49145451539234,5.288558667250703,4.972034396869482,5.203654779428132,5.309440666570008,0.012514782861981245,-2.825220354456304,-0.8535538139527235,0.5804733294295764,-0.7290352005894982,-0.13174424369868826,0.8226250565705847,0.8795813439076279,0.11043996259221865,-0.03312007103682143,0.578246087662357,0.24188367319148588,-0.2506570379250924,-0.0014601081609725952,14.26594767934947,11.939067279750125,10.242466659822341,8.964816795488423,6.903038594967597,6.589573365287489,7.125345257187465,5.337715543553536,6.162142405674917,6.298882327514352,5.989110594565727,5.455982750901908,0.007237357398470336,three,/content/speechcommands/three/9a356ab9_nohash_0.wav,testing,5.0,Kitchen.wav
828,-236.88720828630844,11.236677896519373,11.67822163662023,9.882023455900594,34.74131046716155,20.22079759525125,-0.4738483928172834,-6.560032906836916,-3.160354990388125,-3.1242139674010794,0.34802731475000986,5.264233832858842,0.05366865225369111,52.805348677157816,35.0239585571193,21.300497637083524,23.497146895803073,12.845296985402502,14.652520572964692,14.277083265480838,11.785946293143112,15.022191811912004,13.890474160837377,7.946946511011088,8.15599384623894,0.028977712912002386,0.915871207848599,0.4948994124372727,-0.17688394138016775,-0.11675081487306176,0.09738745350914647,0.32809323872599117,0.1145311029740935,-0.05740283042502068,0.17742395805944738,-0.12116788193510315,-0.3596506397631387,-0.3023266211672684,0.00044502870690438055,20.246651609730428,14.798721811054099,11.314022908600101,10.32287805794375,8.663200834699994,8.746139983512078,7.962112145459705,8.071515829869984,7.1721001695946525,6.4531974164841,5.262445052798605,4.771556770219679,0.010136095053541846,-0.028629890710389343,0.11727344805227945,0.42100353002114943,0.1415718059731178,0.24264461894998693,0.018986877186893736,0.19823574093664867,0.18002028738988915,-0.06876648942972935,-0.024917767967006968,0.1255031132544928,-0.025500085318496613,-5.080625414848328e-05,19.82188058007697,13.652946699837097,12.186133706664515,7.854516908067417,8.537069997301662,10.12388946656661,9.082557273638502,10.043052585194559,7.528926145628309,7.471784328450879,6.498597928110818,6.98949187705697,0.006778376530957153,three,/content/speechcommands/three/f297e878_nohash_1.wav,testing,5.0,Kitchen.wav
829,-234.67938800783602,11.278625536285357,39.965002029350366,40.263953915877735,6.843399756569648,-3.4397477534533865,10.82218731667037,6.181955984947232,1.2783667129558687,0.9081584110480772,-3.3753771339464147,1.031980254965517,0.08696033587330021,71.2722779125226,25.515666743144568,15.90924493929682,20.987273873602664,23.858786992766046,24.425979833180545,8.342239062570094,9.95982832409279,12.990502103279328,10.14298961948345,10.103490495957987,7.9244917287004135,0.06790246019633552,0.2535586620611131,-0.4279256105610719,0.026631673841098203,-0.18066549833110707,-0.0540408733735927,-0.0628149020543829,-0.03965095214416654,-0.14179541815366237,-0.2856541628393782,-0.2765972430228116,-0.23542620712954193,-0.06050188447027547,-0.0017042664150076529,31.594124293775835,17.22334417305126,8.866568310588534,7.303288961685272,9.526711557416366,11.832849948095257,6.675860073818155,5.701747088309968,6.224310359447313,6.910744925507586,6.230890287299261,3.6027984170332634,0.023712287863811386,-0.422372897492446,-0.06273110654161702,0.0863703911130789,0.17249520998343754,0.19907187848027472,-0.10754167415888537,0.12303513883273573,0.12334891666305868,-0.06648582133256582,0.0196413579421069,0.22442990332426066,0.2578838933559773,-2.4064909666776657e-05,33.82494716478586,22.8930316210342,8.359320362134465,5.3735270219013795,9.68856919497933,14.725749121183808,8.797311062275478,5.829783041589134,7.592920873983637,10.06659570686282,8.11410296221901,3.672648233109135,0.021150971139532782,three,/content/speechcommands/three/692a88e6_nohash_4.wav,testing,5.0,Kitchen.wav
830,-333.5876245768893,10.676277918887338,31.758848923212014,30.902648518404195,25.32313512203148,13.313456225496429,11.264740416862477,10.911524586006852,12.076409483869504,10.07439949982961,5.114279660816993,7.363771812107922,0.03422081674216315,16.60559670348298,8.417312880047966,10.287308149701873,11.60091054779056,4.003786562440089,6.1276114828329655,7.929060980036752,4.568709272645624,4.56726137892714,5.710532928393738,6.568458135430036,4.842289919505147,0.009434642279345066,0.6071741680692236,0.14549741204575178,-0.5769337730853902,-0.4508306806582803,0.17133329606173542,-0.14466270714369156,-0.7050347587251199,-0.08302994667714579,0.3319177641204775,0.14714099208667855,-0.05984151460811408,-0.3225714688430917,-0.0001798649468729573,9.003983596707434,4.27321143846459,4.860975123567922,4.008966612923941,2.9195717921715807,3.1606552621019377,4.578058231486934,3.3228736889715074,3.3798084794460364,3.323652122269162,3.6742831125227635,2.655499380649025,0.0050762430232188255,-0.8386156057727097,0.07571648653625408,0.23616759430842016,0.016943390635904738,-0.03779852883247372,0.023087025172818323,0.2753785823591912,0.015052408536720917,-0.21757164094734632,-0.07901894487231846,0.2909906410142145,0.06800856179377265,-3.0337336162726085e-05,7.476490395976602,4.465673363486524,5.294866573722947,3.234986639021535,3.8344897424136533,3.368763094223383,4.520244940511277,4.225687432827941,4.484958993930526,4.052651248908033,4.41366106500211,3.6972114317195426,0.00434164706571382,three,/content/speechcommands/three/4c4d2526_nohash_1.wav,testing,5.0,Kitchen.wav
831,-271.4913348207895,-7.52772692333547,30.147000962028073,27.00978241103165,12.107826985358265,2.1522804544646945,7.348587521723344,6.292767513936166,6.651314695064592,7.666074038504574,5.60884978565635,4.912338771972138,0.03148869302822277,46.00150862364142,24.072542888613494,23.237505468158034,20.841964855256816,9.841767795736065,13.978378206818162,14.51723693618414,9.545306217254975,10.67708030155324,7.671348954082271,5.504226041229069,8.362241465717384,0.008980929787254933,0.3331251422979229,0.8297058532737357,0.010272718023496934,-0.3976811804944638,0.08454557153088774,0.19873419104369655,0.29772904690189483,0.08334436675949015,-0.048485268182453585,-0.12937626956792397,-0.10536509965194132,-0.0647432471922941,-0.0004453741374515718,15.765215046440746,10.49682608678305,9.512766777734905,10.013869975188731,6.120031924700342,6.9707344161231894,6.972494646429194,5.9049761377408885,5.835992253822921,5.628033344712196,3.645858988458937,4.044229839334475,0.003821470859566684,-0.5655648780505563,-0.32560430354521613,-0.05508457745847863,-0.18740769629265439,0.1609360436280557,0.08779373046921754,0.10331977986711156,0.012392258875798519,0.24071135897947027,0.523433376069532,-0.000294887090074288,-0.2703521490015873,-3.212255736192068e-05,14.107276161449011,11.246416321842663,6.562386993518599,8.255211803027647,6.003840277137815,5.932715829279707,6.501361016119277,5.719598075812909,5.605202583191731,6.0862797451935755,3.571784123898644,4.433868737542871,0.0025893877763983825,three,/content/speechcommands/three/dc75148d_nohash_2.wav,testing,5.0,Kitchen.wav
832,-163.30380105317926,88.16909317470468,15.993189027861543,26.69811197012411,12.12649968502312,5.908772345252696,6.2585210013504655,4.1169476899581845,-1.5211217797737735,-3.963763000698689,4.6496752890313005,0.7029596532333816,0.07961066055577248,42.54022927940924,14.578952087431444,24.864872455471787,23.172684986722672,10.668414566778821,10.909516107405604,12.259917479542903,7.1447466007671965,6.760109088822064,6.547793456232207,4.9500458818941455,5.610165845314897,0.052120699389136056,0.562797456277453,0.37481311470732465,-0.27460785934856896,-0.0007470133004985765,-0.16274998646846503,-0.5749177469818114,-0.01480374266983083,0.02059897119803292,0.08375087733574044,0.451736310321318,0.18569580226851787,-0.02190765143421452,0.0002617783123447049,17.88365735499217,10.801600878600805,12.07397252182936,12.403315600496558,9.104611324226987,6.739574789880697,6.325703683355048,5.347887990563016,4.686653543150787,3.6074824252747635,4.540932552914186,3.1972475412295194,0.018543114728189612,-0.19196598453185534,0.39123816727545396,0.04034812586067093,-0.28497575483005577,0.1323741613192942,-0.2170495366485616,0.005497995822306656,0.1469432188648333,-0.04525425749590421,0.16408317881245804,0.04803940611967394,0.2952140149172936,0.00016170268257459003,17.50302961380816,10.742177458320281,11.497783168891074,11.393825653671307,9.714078361651147,8.679810637501724,7.986971770445419,5.888063595132043,5.212510582234514,3.5995775757954127,5.505396166047733,4.403766440190777,0.0139982059045343,three,/content/speechcommands/three/d103dd6e_nohash_1.wav,testing,5.0,Kitchen.wav
833,-294.67449944692765,3.2532557000241056,47.57133247687639,21.876248164791924,21.62437854056919,11.7089027240336,6.987337179592753,3.0735906764147742,5.596228985609006,5.809851396970031,0.8979601891180996,6.451825416532979,0.030843421700410545,40.527711828866586,33.436514432756574,10.747511872638094,10.253975483750725,5.85831946995729,5.959171146734081,13.705830482047451,13.979925335501317,7.7991605194561355,5.707797167848273,6.0806755685502285,5.434589467978377,0.006361236414861899,-0.031010003246667712,0.05790304605604482,-0.5248191838730503,-0.4298321039907638,-0.025679770285522076,0.3051004323849577,-0.03796016901189826,-0.09960533294684748,-0.04930264844334649,0.11995167449829047,0.1061325475233691,-0.1998297133234814,-0.0005973381621222342,16.45669783058692,13.646580442890379,8.924412166592658,7.085923854183818,4.499724540806015,5.515969550552432,5.768039495170007,6.529903204638089,5.994941080025289,4.115045925443918,3.2988046281218946,3.662474841697102,0.0028638647525408363,-0.12397663980196398,-0.0873459935040561,0.00541554733118943,0.2724582035916224,0.04588661167459443,0.3592983158902394,0.05512210437459298,0.02120345590807678,0.2151775964401962,0.24467964822544302,-0.09461786291873733,-0.14464038777000382,-7.332886258761088e-05,12.78075782313864,12.330814783631523,9.269977696865364,6.466725687259101,5.5311235000143,5.9662336910054865,4.665702964517654,5.726824695080486,7.154326094571855,4.885200815555187,3.6814289215343083,4.817059894368142,0.002880674503336201,three,/content/speechcommands/three/863880b7_nohash_0.wav,testing,5.0,Kitchen.wav
834,-230.46144127168205,18.583336720734703,20.843327477966934,22.61096720536642,14.497220082773403,-2.0095002596101974,7.221484434724249,3.680622395607221,3.284230001018733,4.007741197254616,-2.2005345464678085,2.8301140731836605,0.04891728737081091,105.87747677501058,36.782202292636505,30.035881696024695,20.336572563242516,6.350696461863474,15.131159873171898,9.60554824184679,10.693503626051603,9.585647775604427,7.759746404743566,7.257417740103655,6.404974197457172,0.025846154163603283,0.11388163503455193,0.34180951994222397,-0.2642718900344657,-0.10192152981350466,-0.14877688248875362,-0.04873321088658249,-0.12329929074858867,-0.21262040829175224,-0.1661078836671639,-0.20237935535360013,-0.2525099505165031,-0.049033861183822185,-0.0005245980453388445,49.26088829235404,17.614526368329212,13.139992362037802,8.984873664089147,4.429661235051806,7.074978234348798,5.5704130755248356,7.664222324337757,4.959096027111933,3.952893668031509,4.375316566397757,3.7062540696923145,0.013784507752461754,-0.12105388084236982,0.027017518663956266,-0.06818397662146834,-0.1863175180499647,-0.07966688360652174,0.09778441132940362,0.04214965961177602,0.22715677840092788,0.28674032531358595,0.4134716599013078,0.06991329828806722,0.029394696570514172,-0.0003768562538815396,48.5341818850193,24.101239832000992,14.845636095785977,7.737713670083781,4.994915259671918,9.16628887184509,7.161365556879208,9.871305434856797,5.4535506640077145,4.312002553140252,5.121585902105112,4.991418810376613,0.015004208085297968,three,/content/speechcommands/three/ea356919_nohash_1.wav,testing,5.0,Kitchen.wav
835,-215.32491745031433,5.523350785467162,26.10645150281781,38.19044484787247,19.674108982600497,0.5541886093956426,6.571582036761784,2.7636205475232893,0.39487456874868027,4.334651120736008,6.021442110456235,5.858584154689626,0.057494746230077,56.12738582230771,21.057720037221543,14.365988507508353,31.19916755303472,6.855162107050216,14.541540435761267,5.242739654637319,7.44576330629028,11.34667812545043,11.755603921676663,5.823410919145687,6.584565202076799,0.037100630606895856,-0.6152627861323233,0.4062365187548242,-0.15062690736944748,0.13815841481504923,-0.21061779666081007,0.017541081389470633,-0.15875223514724604,-0.1241059558632764,0.2294954402488478,-0.04060699606809564,0.026254684096485775,0.004084974837372529,0.00019313016485783362,20.12880485507481,7.140802518594677,8.946781343430327,11.895660245771845,6.022352298103728,6.163883173220076,4.545985220984109,5.335356139658197,5.909971743472867,5.160438749678068,3.8619053603601854,4.355709010035422,0.013781086146398712,-0.49465520208684194,-0.26639472139694226,-0.08182886785150073,0.22888262155463443,0.2204239560979491,0.21187009562164605,0.2422746314501163,0.3250101759806191,0.10314289830904816,0.04147643606006236,-0.11142286956695902,0.07017633462000981,-0.00015794181575377783,17.3149039450694,6.046073242516977,9.686987231574168,9.862662497838848,7.035675582550195,7.2541469363061255,5.89588791243264,6.103752157873331,6.74359645266293,5.761455875429772,4.8156690040538646,4.806728829348722,0.009798313891710328,three,/content/speechcommands/three/c22d3f18_nohash_2.wav,testing,5.0,Kitchen.wav
836,-199.71689638463064,-7.8026851821857175,26.58558150767131,34.39462146062516,9.628381429884268,-4.562817396170229,3.026719861432399,8.074050059329965,7.617889716193712,2.961700557084608,3.299402400396996,3.2379085055126104,0.06458113720873371,54.060814519890855,24.859182269351635,14.041009525197486,22.332497058196974,13.40139332742214,17.07775142134135,15.02870954720848,10.127583687902723,9.748353125754832,12.625088964288885,5.831288548331993,8.296042082865307,0.04395759041015387,-0.1552774496098816,-0.1353277890528235,-0.21757082135109299,0.19622337644604856,-0.0666855999814913,-0.18157372949164058,0.026969553944660735,0.05615450544275755,-0.1476832811249921,-0.2626274737795171,-0.061316532533055065,-0.2846710725713567,-0.0003548086650909916,18.531336001507768,13.36367711176243,10.858225070409343,9.785082922047621,7.689346952644454,8.318165596891964,7.059425666088034,6.164421188133114,6.540990527228163,5.3734486224864035,4.352746157239905,4.341307691174286,0.014588100771939918,-0.6222664517939752,0.01582655694864504,0.3745203469420114,0.3601909267005618,0.09889017840540007,-0.010742170224703784,-0.01038988062776518,0.15677845054856582,0.13955738149978458,0.41528590048334296,0.25003786633477,-0.1080881668338605,0.00011080714563528696,17.05616472131912,14.982208999500509,13.239929614123891,11.079678449853668,7.509626133575468,10.707443981758034,9.28378898132934,7.647266132186914,8.772375141428883,5.701851282917783,4.781402345158776,5.057500286786963,0.010075394083195533,three,/content/speechcommands/three/9a356ab9_nohash_1.wav,testing,5.0,Kitchen.wav
837,-273.98458019159705,0.7304063404728165,35.85642333759918,25.594958780499823,20.313219673698164,10.62185843888873,6.993153526705898,8.55364455291788,10.467405437152287,6.935689218647968,2.7197179352764564,8.459080806928032,0.04538983351085335,68.38083775911137,40.167478712687725,23.492792089407462,22.282982680199005,9.016422167361602,15.136646268834571,16.24119343187785,14.708296627042474,6.127088603606581,7.520704456262714,6.357205286480287,5.682293150381268,0.0114163015464016,0.2244816576175631,0.5406058276280779,0.307653678980417,0.25278839407408255,-0.3954742339310685,-0.40554653909021804,-0.13081128225379582,-0.3030771690055924,-0.3765456278153431,-0.24035118421995,-0.04580368858603396,-0.02505250243678918,-0.0003245511362629552,23.184236279837464,18.49428675912825,10.427262381780489,13.73473289901079,6.381438915987168,8.383627014811298,7.255679880760442,7.875992544011316,5.273639357368938,4.055622370635081,3.3148328047731908,4.956174567839401,0.0052426635692940215,-0.18832000579386848,-0.20176305670529301,-0.01524436450413944,0.16817207023764452,0.1390926495142061,0.16575805615538475,0.04595800122967937,-0.04293631717670709,0.10718939152198294,0.10583889198842514,0.012403567537402616,-0.28997154224898364,0.00018855022887388865,18.85419090967106,17.244056266107208,8.60765763368271,10.951010441318015,6.232089966978936,7.540777133711638,7.3790131281195634,7.589075943784329,6.1631575593821175,4.379710596546721,4.406370528543802,5.984309135164191,0.003455873731389994,three,/content/speechcommands/three/4845bb10_nohash_0.wav,testing,5.0,Kitchen.wav
838,-206.33725375377597,-10.094501612169067,18.71853272462098,27.352999442196655,24.131726113714514,6.951715005714979,4.626459563518091,0.6595513903639634,1.84282912735799,3.267436880455218,0.9956148360887738,1.9268201721984193,0.06736058683600277,54.80350767171186,31.7189324157082,19.960995601034014,20.023344596265556,15.51938855467682,11.315726896836694,19.26240040437234,16.11180015542092,12.377933378667338,8.916141883604544,5.386329807996137,7.279252171625039,0.048776253478241126,-0.08836013235166214,0.15202431585951107,0.053725112436711145,0.08193470952691263,0.47440920111531804,0.32777182586270415,0.10596133759154294,0.042964629426492075,-0.1213544255107444,-0.1642205415979441,-0.27085502626244995,-0.12597010827813956,0.0006590007293608881,18.03925697738917,13.434433081682478,11.01417233625432,10.572149373825525,7.74499341743081,6.59421704011268,8.160950207107675,8.35462103454047,5.813072247284603,3.5605671572943094,3.514945015912257,4.275609811318637,0.015955263805533002,-0.5509741897714093,0.056551740869058405,0.30071057969713144,-0.03795594680152471,0.0026031185722955523,-0.20840812843161866,0.18844174464811647,0.2000695682073643,0.0498811937671728,-0.039053957032772854,-0.033676849093077756,0.1281038257624461,2.1158407131830852e-06,12.345960624902144,12.228027289476048,10.220941390720801,9.064890199119452,7.408730240458539,6.789068149204304,6.821707525105903,9.537307854169645,7.300036211026452,4.53608140976825,4.346925919661573,4.35068855148836,0.008563313675216538,three,/content/speechcommands/three/6f2f57c1_nohash_0.wav,testing,5.0,Kitchen.wav
839,-174.8911485797207,28.161036514431405,21.192690569444494,18.941756637307574,17.79954016232969,3.9942106010446956,-2.1599962179569014,4.197223120298109,5.291818604263485,6.512158122713137,-0.38208273381790026,7.181585836353505,0.13091098406584933,104.66604389510267,56.49163971409554,30.449865739019693,25.646512999801978,22.380525250166652,13.427776872913928,16.729809724172302,18.182788040484535,11.484728612005876,10.269924996369202,16.658004604386516,6.237320743371294,0.1290811093229017,5.238004024754994,2.990244979010933,-1.3654966303596099,-1.3524614117987641,-1.0366146885934866,-0.3163018756971432,-0.1253949786825907,0.16889002538266187,0.30531139730199586,-0.11528796895400491,-0.35685615145999067,-0.02568340841974764,0.0003511218294020622,41.6720829699993,21.642537607685675,17.53022693347332,19.088631765909632,10.247122694867658,11.807053133740654,8.460424555364693,7.374527037625512,7.462410768183973,6.986355017650066,7.710745805145827,4.674749006301259,0.05092447968089078,-2.030541301034379,0.442372972171727,0.44384855177289484,-0.11628892737290283,-0.2160690166159053,-0.0017403625751062357,0.18271161965012625,-0.00760847991975743,0.14204941668071147,-0.1771912033394792,-0.11958449029419953,-0.05171471109944944,-0.00030317393441994984,33.32011030654091,18.165730935654523,17.46244885589249,21.716225285561055,9.491114744367925,13.974992639709845,10.989877269784039,8.189880437413876,8.217813232801833,8.335009731079268,7.236140148561271,5.997847269099618,0.035112080961523726,three,/content/speechcommands/three/e5e54cee_nohash_0.wav,testing,5.0,Kitchen.wav
840,-227.1521649712343,-1.755593637795407,18.37687651421212,49.22261883957002,13.58824494391023,1.4970693400971775,7.304678546148223,-2.744653824519205,0.8594081514209934,-0.676447544367657,-2.721247747045175,4.867910301720613,0.06540718540782109,68.16592331965612,20.258013988690447,20.768238886308055,41.61172835423057,10.973702038173549,14.317443707058928,11.677161991176293,17.016057747958836,9.288753490734878,8.704051590314135,8.516153408523573,9.607901226633597,0.06865820154240099,-1.1611751914836599,-0.44066424081324057,0.6845704743719038,0.6782853633896835,0.6984349030486001,0.37201616626279405,0.013752413862809235,0.02681921354851529,-0.13544012331169522,-0.20986989893689184,-0.15612881728076194,-0.34853008929458185,0.00030886964692223456,22.518221143435134,13.397436739463517,10.094286104463919,12.5883003260056,7.429084792517687,6.931175155890598,6.547109472755325,5.747789818787924,5.13908019236045,4.311084844750941,4.954946539801034,5.190918737578873,0.025116405121701955,-0.12126797367418192,-0.23376324176114835,-0.23843396267486316,0.06907726798905879,0.1851814088403944,-0.10245805168683966,-0.13294219282283537,-0.040843758800348455,0.050242177660597326,0.1409458289312994,-0.1318661664814759,-0.008856343933223728,-5.135449270407359e-05,17.20049809145039,14.852010883723999,8.236354105357837,7.299545286327726,9.085278009849091,6.957831864002704,7.100327673709714,4.601277452802891,6.776366456613964,5.315763961839534,5.2437488049610135,6.411731861648384,0.016733293177379253,three,/content/speechcommands/three/cd85758f_nohash_0.wav,testing,5.0,Kitchen.wav
841,-254.19945748714252,0.7173646754555003,33.9706452879479,24.82934217828329,26.1434874100038,10.008377165428811,8.860978238064616,4.188494550728535,1.7979889313252442,2.3101888395963677,-0.25150994836550405,8.083399328217563,0.045478472020477057,65.55038197606821,35.5043623964743,20.403742402558976,21.36863044524708,16.212483937696913,9.753386635835872,12.585841843474352,10.827504451264009,13.94103730027602,14.413709673113207,9.325458669606462,5.139925801852676,0.01941218077581424,-0.6234921592199791,0.8405755234012418,1.3248613474433413,2.0064785291253715,0.8772076789274231,-0.12017380931619673,-0.30341939677859914,-0.23573460592571344,-0.36804690622041275,-0.5148272269106913,0.3603685456957723,-0.1888897594127153,8.91385059202871e-05,26.05002850863052,14.849046012708921,8.829034319503554,11.089169988968509,7.107884013855236,6.740013335108946,7.41291632844544,5.407239484906774,7.353079036186579,5.48230070874321,4.841555225431481,3.8279853304046405,0.008744011855148356,0.1643686406838602,0.0907577712888182,0.22180359858148518,-0.9360905948995212,-0.10885871251393033,0.25886487472338354,-0.20095359361479026,0.10032301979911956,0.20829136419201888,0.3589107891567193,0.22024136017796642,0.27447149955622063,7.441199074188868e-05,24.687424321908686,12.0134927497883,6.66290193205208,9.865831184453171,9.040794617972931,8.109352377589504,8.554715235825446,6.2143704589125734,8.473788613890608,5.439996300082538,5.652464101808064,4.5841640436499205,0.0057263826908124605,three,/content/speechcommands/three/e71b4ce6_nohash_0.wav,testing,5.0,Kitchen.wav
842,-271.6050817457927,16.65444902013805,20.031343273198505,18.88447534141229,15.112990110602162,7.791845212790164,9.630875112053934,4.7701122462504895,6.1572294628693856,6.280382141477711,-0.22172636877192964,6.023887292943126,0.03664721496170387,16.289741969211132,9.275267724491075,10.947508510077794,12.10646693079908,10.806781197922904,9.337989092263939,12.708979834225174,9.348639797948952,5.198603963587435,2.885956852226056,5.63740896650567,5.389047435346545,0.012121652571163044,-0.8834063443164598,-0.2410578008076919,0.6813998230554854,0.767123072403486,0.3324143627709599,-0.2919923350261958,-0.12360174079435562,0.26100680280792227,0.04537713412667283,-0.02206258055358668,-0.1788095243017498,-0.21057323785930954,-0.00039069949378890375,8.77655945771212,6.0546959133863725,5.769452725007236,5.695370697000631,6.2108571564902935,4.509762348973594,6.607978522463746,4.738234521488815,3.004850341408138,2.8071348612143696,4.206948393707227,3.6708010209859276,0.00581831933155995,-0.6494128041230472,-0.5981428536914073,0.2886450013896353,0.2601154203433352,0.12333136587176709,0.1680563539036397,0.041448319881041404,0.05880343597873292,0.2311496918356988,0.08094424171058343,-0.16875943595123905,-0.3021235989472366,-7.755340387423833e-05,9.403224126422643,6.39465586038005,6.142937254614808,6.377217306958709,5.978510907510698,4.757294684209458,7.169452799086791,4.8793204989848675,3.469443741138552,3.7858065998346744,5.668641066397184,5.410502238520845,0.0037024128005916975,three,/content/speechcommands/three/2aa787cf_nohash_0.wav,testing,5.0,Kitchen.wav
843,-227.23351274072658,-21.743553769377087,22.44676108920847,26.906269324083304,20.76184829677834,10.392189672794657,13.170512989862356,11.147850558551832,10.608966092112318,8.53005157270758,4.3480089508285396,6.2827479374186215,0.036978075513616204,22.812233133014605,11.399689299760016,8.360779286042979,12.574482681937226,7.41545680033651,7.017687981023235,6.155204366867178,5.603566588306836,6.319162882695903,7.371597603528727,3.8338534011883074,3.9531184271968884,0.008160049585126377,0.2415156381161373,0.19574463542569015,-0.07691143699038032,-0.2864086812888159,-0.26276155871239343,0.11228080073399391,0.09917540871223303,0.13309661397168931,0.15243138569741613,0.13787760900650045,0.2839200254513098,0.024176859844299473,-0.0001336279655656507,10.214153124027977,5.391742926633622,6.197358981025517,6.832007684655504,7.08665637397797,6.409498253244489,6.153867813017422,5.229844636121328,4.30244080169532,5.13864820652446,3.2740225045061333,3.2592799285117926,0.003900487476767801,-0.34146152072976294,-0.1366113289743368,0.07541212981490411,0.19892648050952028,0.052176758372060664,0.013037733335167268,-0.009687560650377474,-0.14362748982428603,-0.02103944276852552,0.057519138695784434,-0.041164460582276845,0.06161601990528283,-0.00016589922209580738,11.311198104199256,6.39750908808384,7.443801008039308,6.46662583840994,8.823794437979103,7.589758737392656,7.632303674342352,6.909980972964642,5.438587149049879,7.100917450025809,4.435838459417258,4.091287007707845,0.0031494806759420823,three,/content/speechcommands/three/cfde27ba_nohash_0.wav,testing,5.0,Kitchen.wav
844,-264.4850009994095,12.057908535405222,36.996826970342056,23.116695439166293,24.55433757067778,7.368176786139125,3.0167202529444497,3.32555775298772,4.782402362434356,2.675820794278029,0.6695759919868012,8.317418506243413,0.03460814667050727,53.56855380177101,33.19418029775842,13.353770607383138,14.538878442475859,13.417802719399065,6.367986188201165,16.1655092019939,11.016725223979156,7.681938720266891,9.728432003530566,8.06694923213696,3.7666578017088113,0.01450868327946292,-2.7994918629214247,-1.0681922595378128,0.3432577299487091,0.2859451506101596,-0.3470206453594784,-0.20704686452317225,0.21832688349940627,0.3092144598329604,0.4619831991108325,0.3718745843079788,0.1784875603787248,0.10431038588066267,0.0001756103649254768,21.18471660046739,14.214862125255577,6.590426262145734,6.3721453307635825,5.110771846724625,3.9175517387133016,6.196407984055633,6.92696182841035,5.181670953735018,4.55255993519286,3.9091778394686987,3.975436621149128,0.0066676812769340685,-0.7937507524351985,-0.5223499200946067,0.19399065468993318,0.17834909624613512,0.10828336101379943,-0.08164614599535944,-0.12015670069245138,0.44718693458277436,0.5033760744766577,0.3650948923073226,0.14265336492131317,0.02216144326187267,-6.406791508197784e-05,13.95071890074776,12.237630181143409,6.901430222053434,6.192951533339454,5.027179872167744,4.7237933245254435,4.617620718943384,6.803920898215949,6.270151509580835,4.218085336183426,3.983311760816535,5.429677581190952,0.005055912051853783,three,/content/speechcommands/three/5c8af87a_nohash_1.wav,testing,5.0,Kitchen.wav
845,-279.52224937139727,42.83896393025303,38.74106709635264,33.68107266871548,15.467019013361726,6.980187919623081,3.7973299230495443,-4.561783646456675,0.19048920324435747,5.036559812713529,1.0228449008306033,1.7560251097451571,0.06644249556120485,58.98451908796056,36.604306380084864,24.05276578649504,26.176691603847395,16.566833579591492,13.359945944687333,13.344262696628881,18.44705049116462,14.070482873180358,6.873145250705668,9.319826260878429,10.377616169873214,0.043692154607636965,-1.136612297513418,0.6717251775796251,-0.5902081676532543,-0.25398662006270467,0.23857198556729192,0.1212900506804346,-0.2426315105756033,-0.5104502495004418,-0.1122744001981305,-0.09685860121023866,-0.10125808556878484,0.1582166636802845,-0.00015664298928553058,25.524721958765188,14.789737605132803,12.2302144281596,12.19764308818991,11.316724402477325,9.488764837592532,9.020402059837112,10.506930646744989,8.3880627854932,4.62291869608452,4.3803578733553366,5.646999775504241,0.01245624742197049,-0.13895749971828195,-0.21252069884477715,0.16884874035419983,0.13300013401976354,0.12799332078076328,0.11419028912482884,0.014490325114465448,0.0679241126627991,0.1508323484254378,0.16245800973083177,-0.1472329761395889,-0.073568599086589,-0.000318258007367452,27.74613483425724,15.205574433277334,10.09931340489289,10.290737929896103,10.616534663297045,9.38912530270833,11.015198209725947,11.43918902400619,9.406922788246911,6.319570613099193,4.6069699175765955,7.445385380909272,0.00899169547297849,three,/content/speechcommands/three/f428ca69_nohash_0.wav,testing,5.0,Kitchen.wav
846,-215.08642650852767,57.541326264774796,18.946431464841126,13.290878906098037,3.461365351445415,-10.71020262863385,-9.961822000103682,-0.3784485104965277,2.57934704280855,1.6624681367918854,5.108416643340379,8.73738086877111,0.05166187381837517,69.27907470775139,23.97577124755851,17.93153534779559,26.056999372750536,21.9052413738249,14.300876747934286,12.285222277884237,6.597627650740017,9.274584308718044,12.3357049879315,7.003201652702916,7.759400535174767,0.024441491622266966,-0.5524859969269622,-0.40144600194602864,-0.2399079404125341,-0.42530929534776,-0.007226998251785038,0.18478132314637832,0.2791120276187201,-0.15896009069469225,0.0995715664333026,0.2722576004930882,0.0024238217725403954,0.021632711531901817,-0.0009580402965507199,27.95760870751275,8.439210070300716,9.225314048517367,10.593672661471333,6.960567661045248,7.852131704927743,7.130444987252969,5.772992168063666,4.436834682735004,4.48970476559644,4.291063333938663,4.018901592527052,0.008792176045513763,-1.2527497483206858,-0.7100777412764823,0.21810151793866517,-0.1632211590594708,-0.4639652711658257,0.1398572797773968,0.7210634340808763,0.5315365045011821,0.42738248909898663,0.31464832113223107,0.20199602119815369,0.1401286452544469,8.22306921084722e-05,28.836739741146822,8.011186388609561,8.589361163407318,11.33765750248561,5.798676961769795,6.8875082359404844,6.295460570005504,6.600266745153821,5.17981244865638,4.338853755813275,4.432662702235829,5.2143162875693125,0.00749819151507048,three,/content/speechcommands/three/5b1db3ee_nohash_0.wav,testing,5.0,Kitchen.wav
847,-283.68113371261853,14.497552419669727,24.390754753104822,45.93437535162427,20.992516306267298,4.073088981309861,6.3498738213329915,11.861318944523,0.7106231615738317,1.6369070926139568,6.624219232660428,5.610065745685824,0.07159360474906862,88.58520521855229,29.65745014041519,20.80410363748227,26.770180730916994,10.168786789412726,24.34070695913271,15.299144673073734,7.482209765991897,16.087481999776262,12.959391450970559,4.984640832116697,6.013276164947836,0.05855290625654425,-0.10629859059201313,-0.20566021891819283,-0.051494866283515614,-0.2422395820160566,-0.04566915589905425,0.13039111373031656,0.06710051066827417,0.06186870577105349,-0.013479222361763365,0.08822660227433224,0.06775262521724952,-0.03269562945726004,-0.0003188734934214623,30.473500838350937,20.222507474131678,10.628387980569322,10.06271785058207,6.24798144168153,10.832480103994799,8.471691154295556,6.328473373890548,5.663791866074551,4.964380470730082,4.883741824607652,3.0899615863642103,0.02100543829320333,-0.07512005185751984,0.13725042843852855,-0.10859243988014314,-0.06916391919909136,0.10655965774076985,0.25494779384476757,0.2515079181910001,0.1389475214910469,-0.07682660480845799,-0.23212407786120895,-0.22239571130030888,-0.014143261218569621,-2.4032841126124063e-05,23.81188672114632,22.903917727926313,11.556732357266535,9.025637131402926,7.085216184775246,10.758204707323225,11.437253274167919,7.640342791676465,6.309624139067596,5.006412852426751,6.4733398018305826,3.9766572623801597,0.014061908059547068,three,/content/speechcommands/three/563aa4e6_nohash_1.wav,testing,5.0,Kitchen.wav
848,-142.39385481283512,81.21649038852112,15.441641459734914,31.79616280189088,3.5597585296486813,3.7812289983469123,5.173031640327338,4.481008386774004,-0.5953912116187042,-3.0214832503182594,7.835676449789986,-2.736433307282894,0.10076180368196219,48.964645167756366,14.999842629196506,31.022029942656722,28.801800798692863,13.825524236333763,10.696802774592065,11.337400603881227,7.0321032513822725,8.676588562116965,6.048431012429399,8.350220356126254,5.093030481154572,0.0684264273592147,0.29849263898665407,0.28954315738239056,-0.046303532618586406,0.3368709177154063,-0.17657576880388906,-0.14670364385566895,-0.08525023371812779,-0.22875608002043804,-0.15334447094875941,0.04290238629473721,0.2352112686456262,0.04650825570627458,0.0015631518777339689,19.37619795316122,9.657483220373681,13.480474030628828,13.01412555540414,9.418355910475437,5.414145315535507,6.638584071520407,4.809385902372487,5.736827145583631,3.995551558528189,5.054876837740632,3.5979789955446426,0.024218956574896467,-0.44592813369914475,0.4466319700031661,0.22802052857784966,0.009538210077140027,-0.04564696184257316,-0.27751540531181795,0.13312981412904995,0.04971299772472119,0.08177566539759171,0.21305505805291478,0.21821148006213822,-0.15654594322621787,0.00021600214143594105,19.29915857524556,9.169162109730348,13.684853996934775,11.117876537539676,11.20960163434398,6.531104979845838,7.778938175304838,6.3371742404236855,6.593808781112238,5.134671639130985,5.821636104666629,4.748132939330301,0.017274530312195967,three,/content/speechcommands/three/d103dd6e_nohash_2.wav,testing,5.0,Kitchen.wav
849,-261.7402331308043,35.42144923494833,60.67570925500556,24.095252253606848,19.887759082636173,11.473650343145955,9.92928659785133,6.468704236796112,3.9852437601946296,2.001090602153007,0.15387620879010586,3.9867426011169105,0.05321669782279059,21.033532677665505,17.769000900558954,8.490975481528455,17.78002355492186,16.779038200549536,6.005987063525549,11.043501364882971,10.169499632313808,8.29193457695107,8.594818252017765,9.644750329521857,6.63711117549234,0.016570081941610297,-1.6689232674482364,-1.3418247839297366,0.5696743734086527,0.974123902398822,0.7813571840094726,0.5942720606443158,0.5905273359260294,0.6728279617750893,0.4052406184814615,0.31234142857652614,0.3733503194825045,0.24461622939144836,0.001253001572143647,8.818109532492224,8.089099410761795,5.367746509323422,5.959378538074745,6.801601776688216,3.4685673019190166,5.007628808761319,5.257233486346328,5.222609277586674,4.396097975657104,3.789388430261062,3.660770197237828,0.00768078843779681,-0.26239032491542486,-0.21521770085702163,-0.022231425222771863,0.16721446150315983,0.24974640012411217,-0.0870056672559967,-0.2321199633464822,-0.20171632331739986,-0.07868869663184777,0.0963177490942772,0.12188919347077197,0.14425304612462353,-7.097466538349787e-05,10.200981933284703,9.823909096000067,6.884882450908106,7.358179573960401,6.35629264803739,4.138201334879277,4.870702765958934,5.14758935701706,6.45740176941341,5.567983824809173,3.899405580304045,4.073785634871679,0.005765295744809281,three,/content/speechcommands/three/e9901cf0_nohash_1.wav,testing,5.0,Kitchen.wav
850,-241.08519138155788,27.851984811447302,35.20403085450856,11.756366072254727,-8.267548962101532,-10.343212539951633,1.9402289887272786,1.0577478654585555,2.397922471642485,5.537837299732829,3.1838787305445355,7.344734266110285,0.05465437192469835,52.12998642644843,29.534346287052948,20.788474264002115,30.568199417572785,20.396857206549246,13.19747561820714,10.790202061175995,11.747811177679683,10.832719749171192,10.352757364755337,13.962293596777371,11.653520653764186,0.03639731608738952,0.6816470366586527,0.9681935698738806,0.7858784480844482,0.39018944987623105,-0.335468751265254,-0.02705570896507369,0.0844713013355963,-0.4606127255282146,-0.6448786835736178,-1.2497794436277068,-1.3337513810669916,-0.924664617413047,0.0017291542983824207,19.564119958267312,14.901057838819357,10.6083279366527,11.144270164562812,10.877809362452796,6.306461203842698,7.726935297020016,5.989342377698065,5.743916839967944,5.438761025302545,5.6119312119662625,4.80765706186302,0.010111197764737878,-1.0968314666911416,-0.7793623740152491,-0.018922560761136964,0.2317066614402409,0.4475430188494084,0.23283251683497336,-0.2439526192644556,-0.14123219412445778,0.055306356900039155,-0.09016559647026796,0.07025241394804631,-0.08033939130110317,0.00024929456412792206,13.185581884245849,13.792267392990171,10.671742620368024,10.31035729481122,9.339048880310346,6.288837465821189,9.06940980917115,6.982841735291639,7.251599381360043,6.230035857453665,6.419263074639151,5.900987350585667,0.007443062186504345,three,/content/speechcommands/three/1b4c9b89_nohash_2.wav,testing,5.0,Kitchen.wav
851,-230.06204505820912,5.874927594184942,26.243154027550933,36.01571656282592,-0.9175114476743702,5.232077697402671,8.933921895683788,5.046530139095699,2.329733100795755,1.4171335414375388,7.6426136889933,3.0760012435199258,0.06242457387270406,94.48132236515524,35.68445909364616,25.330329972180355,27.38777898406514,20.81884864657841,12.437576512780476,12.86421033436337,10.271469607843457,9.460150510191514,12.934785899456031,4.180030938883583,11.473470828242851,0.05748063789249129,0.6681490270408348,0.3705402159667701,-0.08580589416680225,0.1122587035861447,-0.3928586055649209,-0.17934799092467804,0.1518817909462536,-0.17025071470372435,0.15571048369692808,0.04496531918473719,-0.07004676803991222,0.32102846506425897,0.00047276956179449634,26.1692528207113,19.14191040352123,12.997511561302403,12.520405690137883,8.50737050499747,7.654441186702033,5.960838943529326,5.082980922025685,5.8211184781103436,6.880221229847745,3.8332279021203877,4.067919088029483,0.021080384663240373,-0.33133050180535784,-0.07860807792047962,0.06775995215916074,-0.017624731014801633,0.13934789310456422,-0.050530388695162645,-0.14791318294307795,-0.1758936084906507,0.07975169288937872,-0.1826449092938254,0.016520770326224603,0.029323809915876384,-6.147163609663645e-06,18.18228116843633,20.847860715467565,13.463065694194006,11.605937851542208,8.680776353699082,8.907141593112271,6.901392818571889,5.615409568407609,7.752638594275441,9.111619278768673,5.967446862618057,4.613941561320811,0.012997567772057341,three,/content/speechcommands/three/94de6a6a_nohash_2.wav,testing,5.0,Kitchen.wav
852,-272.7497558899487,-1.3075923338651219,41.364986673398285,24.427519925825486,19.99752702080761,9.655209569133518,8.17110695879862,5.854595506565246,7.625425060014944,7.642087133879849,6.013716394624103,8.316468401005677,0.03648319363128394,46.28811227031613,31.479850286004456,17.981249009932856,15.961356685242174,9.44170008271433,11.87908514769308,13.713289728721048,9.311135470289122,6.411589122296323,7.523268700692664,5.58422942052964,5.9738068191007505,0.010434988136194206,0.7904542512108202,0.7964361398797908,0.24488410291290333,-0.09677355705148448,-0.287917091278972,0.22936398806553868,0.15324212600187612,-0.028834200247143803,0.20617738641265848,-0.20246983638015212,-0.0515917747015442,0.08101552464890174,0.0008896321298614625,18.9369955316444,13.214494674796567,11.706925675409035,11.113467163099019,6.59703043782623,8.00259941287678,7.7871725476544675,5.706820843212714,5.088195674678576,3.501069527278224,4.60636352544423,4.634290815384511,0.003974893551203651,-0.2534775962125953,-0.18752516262342683,-0.1269910326325525,0.048137075831896976,0.3327236305917417,0.10084157580900911,0.1389792663096077,-0.007285172042680562,0.1572144254914109,0.0020390851452660287,-0.01291759776970191,0.1616220870754707,9.469905247290929e-05,20.245103079805162,15.111831211886026,10.572420665766739,9.872799809181165,7.852547972506659,8.68098312488105,7.713619286352453,6.032551695144359,6.151924141030794,3.980815410722104,5.430516745080252,6.478856546759904,0.0038106489951011766,three,/content/speechcommands/three/fa446c16_nohash_0.wav,testing,5.0,Kitchen.wav
853,-290.27214665321173,-5.676047002197889,47.96439376984901,28.135183768318626,21.83521116446613,5.630614196429441,7.804205750180582,8.396474699202049,7.579735936983331,6.4783246889296136,4.139060819102964,7.916647630530717,0.04642703145509586,45.527205941160425,35.92349990890491,9.891720620973777,13.91869589821485,12.3641820290852,13.227375327753917,17.02960641349458,8.205270491534215,8.704336780675991,11.238743326578343,5.86821698136436,4.272239301008454,0.018654814880893895,-0.1462579780584127,0.10439395777910336,0.09262577569699826,0.08073853194360638,-0.030277519270386806,0.0269428711321476,0.1591359786430739,0.2667482757923175,0.09304986818831269,0.10561635020776525,-0.12076299659057843,-0.08817863971387367,-0.0004911884184806577,20.287560604446515,15.890441280189318,8.959605022131377,8.388361474083373,6.881004929921751,7.689097535475929,8.674255143125885,6.197132480420632,5.1648569294350635,6.2256703089323215,3.6102142459865774,3.438691435699944,0.006984452983319932,-0.18277539571671278,0.0425692176261124,0.19523882388439753,0.30459886320376967,0.03051375352955225,0.28616365934269195,0.22508760676881465,-0.013286876064875545,0.016492255903211638,-0.0007192160265441672,-0.06045608454884395,-0.08867871547032807,-0.00014669435719648997,18.42010398626429,12.877827448583274,10.718479445605025,8.822703478100541,7.603432093126318,8.376226401059435,7.2973266632130755,7.3170121400188695,6.055909693560255,5.699785805763732,4.045124630863032,5.0347662676597285,0.005014455282328213,three,/content/speechcommands/three/9ba34294_nohash_0.wav,testing,5.0,Kitchen.wav
854,-203.0331855508495,12.064176826604614,13.528502766019749,15.227822627472747,6.650702272168295,1.1507735161860089,11.442040753938283,9.893757187284834,-0.16092199701532167,-0.9629432039376711,0.4949916531872669,0.5354227378286063,0.061958516598679125,46.80413284051318,23.04135117412711,11.749406629462404,18.22566296265642,11.524450287425509,18.885319004772036,12.907309018621058,7.522221219738736,10.976412488581122,7.40730313321212,4.619055895016267,9.00567946393945,0.044743017759438904,-0.9638805488050421,-0.5840463956505834,0.5217051340371996,0.7617948000822529,0.4391941692861627,-0.09350848900612223,-0.31969301487023455,-0.22045662009115094,-0.06472386359262561,0.1823949832692579,-0.1981023321169592,-0.05135651929977683,-0.000386110897506437,14.746153285875497,10.91777342546071,7.2583946874980025,9.425315340178571,6.881205851815095,8.428937921216969,6.226147610649248,5.678451665750895,4.87695881108381,5.0303231695912105,3.9123425409857786,5.58971778374586,0.012219258240302452,-0.16361696842281978,-0.13781936706239667,-0.053490924961110554,-0.10158256052959924,-0.025322135378625828,0.17275167345828202,0.09692724463637058,-0.09289557043963091,-0.029983504555900917,0.13310479179398152,0.010140702277631596,0.09745033889102069,0.0001534343386689822,13.173855506323356,9.784497227420161,9.435863481074112,8.915432529869882,7.238541724090507,9.145873767604767,7.159135738133432,6.389671868536923,5.300531823797174,6.418734834832765,5.155500526315116,6.463209452011819,0.006048877047532561,three,/content/speechcommands/three/ef2a3cfb_nohash_0.wav,testing,5.0,Kitchen.wav
855,-224.49650078246555,49.3655435883134,26.496232173541422,23.67177116731319,6.948109165016616,0.37782182812218,6.372655227582397,3.483818939834044,3.7690168953974186,7.602776866830645,2.2742212747475823,2.1744537003071596,0.07703757443232462,100.78661671123585,40.61785246510942,13.901832883480704,14.108641169032705,21.060432696015447,19.007019705013658,16.375006281242538,13.643824904547118,10.967778220733333,6.829546762875638,7.638671898550445,9.747630349407142,0.05040514794497011,2.4986683117573567,1.9593114529546447,0.0361820854293115,-0.2947344820537681,-0.9694062513547302,-1.1074370682388286,-0.8524520151087883,-0.6628889809436522,-0.40341587160023545,0.04452643992091687,-0.06056933641339573,-0.5365206420080733,-0.0002393562106355544,24.418398091880505,9.776588671848115,6.8159340034508205,10.344028885813128,6.890340851197504,7.133111370942098,6.69155938331183,5.453894981806849,4.816825153587002,3.6778329082567276,3.8304303922272034,3.5386520855763255,0.013426502317679731,-0.9649202427945165,-0.34309125476931723,0.21050776146253772,0.01140014641487556,0.20720521704641642,-0.18437224031379124,-0.1579052853423512,-0.05441793604890576,0.1762319091280044,0.008853035648128168,0.13700207964757005,0.14116680985688865,-0.00033844212690989177,21.767667513346804,11.29492627872373,8.67940788487387,11.72611681751945,6.778611312544289,9.40554163439436,7.353153745369785,6.797032728395714,5.670139614824918,4.986282608928557,3.3957514763516943,5.043120855172735,0.006723596152217606,three,/content/speechcommands/three/b83c1acf_nohash_0.wav,testing,5.0,Kitchen.wav
856,-280.1482752452243,15.514062856719304,33.47779005202186,22.110350383053337,30.426365710660466,17.985561972290466,8.69266921093834,3.0061299950953284,3.7210509011476782,2.7156862662498806,3.3562428782393487,9.671525001346247,0.03874116315273568,48.69660625682758,37.05417561678312,15.085473450910088,10.159115987681929,14.791602049723712,11.45258851602387,15.78573978936105,22.49519022991639,17.758911644029354,12.71389227160484,6.697736247889931,5.6420234536483385,0.01885373268048468,2.5231945273529397,1.7875441223548998,-0.08337708122220439,0.17462136487224914,-0.020531946964957852,-0.12072814289596603,-0.15467866451941534,-0.2775246135014222,-0.18626313195188668,-0.17493930994738596,-0.08614839849483591,-0.04657244907751123,0.001127487228762719,14.860767082530637,12.685451040776824,10.868875852436638,7.892514087062745,7.013245508021378,7.82250674667588,8.52787775964155,8.974002100036815,8.437227354172915,7.557820467228609,4.456565806123187,5.095393574604597,0.008877879191551561,-0.14922159961517423,-0.11279683322725446,0.09152786566557805,0.34153716885703117,0.17315524987300002,-0.1707570486070958,-0.12818603239952728,0.20711638402007768,0.1866365436195371,-0.07568047296314523,-0.12974836684027477,0.11220993288728671,0.0001059537132581075,14.35615951739758,10.8884558699431,10.129169197428913,7.967209750785497,5.533714732977267,7.568561758946617,8.264853460499502,8.096096429651743,8.764193032321007,8.934078764508746,5.868509087560705,6.319917351206549,0.007474001209539672,three,/content/speechcommands/three/af8b2f2c_nohash_1.wav,testing,5.0,Kitchen.wav
857,-214.06290346918522,49.51118931254321,38.52020365592415,21.054851378860242,24.862571791376563,6.320708447160176,7.439826311392044,3.598875270510401,3.1970167231536313,2.8168232080785844,0.487359569879816,7.5660102293277305,0.12952786717297776,65.03325435953398,38.017909504201626,41.72253320203181,26.47097095711795,15.442258146280789,18.48750737254486,13.283512081804377,14.250231967348,8.759784881243615,8.841159065228085,7.120513950425215,4.335247250948383,0.12472042596848283,1.2090373023560412,0.9617005789769564,1.2372184205437564,1.1108815066241196,0.5691123979490448,0.45635666526749263,0.19190721169954827,-0.007162248759551441,0.16446037670627656,0.4072460780847259,0.35965547171149864,-0.02155293832071327,0.006924788984987471,24.028443094648477,18.51472269688313,16.420296069799182,13.580721019344486,10.791230712950622,12.578679149296038,6.9769741923160185,7.58896739953965,6.050540647399021,5.897487178234708,4.690810327879661,4.134688020869617,0.047215548493982844,-0.8972440993786972,-0.917176705432418,-0.5332291181885229,-0.3085840299137563,-0.17231157853825346,0.045881758865796894,0.38281761444496926,0.5353124329801312,0.37130629395745546,0.10128336445212603,0.1403644498734994,0.19891844499218772,-0.002068962185428693,22.56574639436232,17.50117297626339,14.46211604925858,14.335346094785772,12.168697100028341,13.111502439507731,6.141019560558445,7.467623845194446,7.49908924080941,7.4560633084467876,5.914745814899078,5.144550189885961,0.04199918805586491,three,/content/speechcommands/three/a2473d62_nohash_0.wav,testing,5.0,Kitchen.wav
858,-232.02180422054545,30.703627985207696,31.29775639631899,16.804068248125496,21.434786515809023,2.104355277846171,-2.988114742348739,5.893306133302028,6.646632723629699,3.9294007361627554,-1.6649836549094699,6.616131153625933,0.06207974092103541,51.294779527558816,33.110002346373705,19.457651807794452,12.684073112101427,13.982960476488849,15.824068090628886,25.16423384205687,11.187032619731182,12.134731204095424,10.32063436032622,8.145935036963209,6.638448237592847,0.05362769695766472,-0.10547420388985346,0.18991527337249284,1.318180250100963,0.8214256347540336,0.2681201453103686,0.47100026231742076,0.35744743290259673,-0.535123132790897,-0.5372386475639177,0.3117966164167171,0.20141681099679493,-0.18530706059763521,0.0001785811637678454,17.005044884534907,11.068265067080352,9.416543755539548,7.477983778882715,6.632108690620232,7.134789644312474,9.546068020821517,6.371520176611926,6.127177712115695,4.793431033615538,5.222015495668994,4.889105321186598,0.01500157279230851,-0.3600090172784462,0.0588694959986577,-0.0077556859984191815,-0.2627003251016576,0.23837672861530185,0.32654655704230673,-0.16069365128556007,0.00038032092843514795,0.29303396589022085,0.13126931913389026,0.12769375778046346,0.3453733907157662,-0.0002295880268017451,12.863035841958887,7.6577890878047326,8.437100239019042,8.844522343271246,6.485607327321171,7.093424410126601,7.239414480073786,7.042821702379436,6.101149828649565,5.414904012382312,5.799941250915567,5.780568801762056,0.00771016615324055,three,/content/speechcommands/three/82b99576_nohash_0.wav,testing,5.0,Kitchen.wav
859,-255.22214313767003,13.805401734302029,40.986573666462945,32.46794951309341,15.524576665575093,7.02853320215384,8.574377535385008,2.782711201767473,10.279537782644587,2.9969238234244475,-3.621962639216177,6.953615700524097,0.07242775982012972,76.85150100793315,42.06964537483107,15.170687717782593,18.699022990199257,8.700510071556858,9.407991065324428,9.40559386117088,12.265013609486687,5.925234283888907,13.500521830236341,15.603276049297465,5.739405972803475,0.05322028168993112,4.606505770939888,2.9731540647441057,1.2173563983273934,0.8520276701563142,-0.3157618742160779,-0.21582020564482252,-0.016798948683989505,-0.7355912079008664,-0.11695870659047095,-0.9517604999787124,-1.0576579452982462,-0.22257241261221933,0.0041743720010403666,20.51265847881089,14.26301689897489,7.931388905857511,7.276285482710318,4.873082792440454,4.287382286703039,4.723283466472306,5.116337244146499,5.024094199823164,4.111000930989848,5.522637065723482,3.5698511973931417,0.010458857133476327,0.2990637522962724,0.6540125366153291,0.21929734645101534,-0.45298887579691016,-0.011834862648185644,0.3744539173991194,0.4018546304009024,0.31306738305079324,0.05235406065287703,-0.11035155763213815,0.13425424978852246,0.09746141132260161,-1.5178198615709941e-05,16.867036803806016,11.234370225470647,7.642311765030933,7.158673891510908,5.153258804635262,4.3997530917124745,5.220702216765134,6.015373139924483,5.969577198335333,5.692105903622503,7.10855274297366,4.186653944134209,0.008500009869388779,three,/content/speechcommands/three/b49caed3_nohash_1.wav,testing,5.0,Kitchen.wav
860,-236.16919261123144,5.192586628267758,14.763283048140135,23.64272866307821,26.199284989968426,9.801051165755023,5.797705121485533,11.655340752665218,7.881897192531365,2.650886098668761,-3.9157694248735617,6.13684118365173,0.08733950788155198,120.81619981105058,42.27829629330595,38.27931021688626,13.815022384116487,9.665886088642656,15.750962197570605,17.53824580013182,9.749634844161537,11.419251977720982,11.594110587010332,13.689064566606056,7.741441198211521,0.0922705340337598,-1.9078332530235926,-0.4589562143509048,1.6766616704378263,1.4363910839266552,0.06973260507518544,-0.40149539471448037,-0.017853383165686867,0.6121271728694219,0.1793019129988173,-0.2753808040070899,-0.3858671005622983,-0.24136961060625783,-0.0002191809396589956,42.71566390479683,16.59151441619378,14.909600571323887,10.218102465431325,7.087927285480693,9.988803491049238,7.313009134219501,6.324235761242941,8.80448041205895,6.526212566157192,4.979999014573866,4.76417183772759,0.03647225939491814,0.15328096326331273,-0.059214358449810926,-0.01107290234519347,0.005993538058989264,0.17683583278508774,0.0699617830883619,0.06415301718948747,0.2871300514470406,0.23384281714082153,0.2156155998670743,0.07303009567602992,-0.03032685556396603,0.00019600999852021535,32.91897580649843,15.199473060827616,14.59258419862895,12.83539373972127,9.479561572297182,10.249135895954149,7.289928485973295,7.368592306505148,10.986082463788236,8.365977192215677,4.972150168678151,6.237129581269571,0.021727654111324927,three,/content/speechcommands/three/47d01978_nohash_0.wav,testing,5.0,Kitchen.wav
861,-274.09692039258596,-18.250737138976092,22.645650670931264,26.927878479929582,22.030778585610857,8.727778804694868,6.93836698278904,4.804103861820663,8.91383298756384,7.305710445138953,7.009334630918753,9.968528561347629,0.0332845548982732,60.419415514489714,23.415870833482803,31.122501686872244,22.723045120555486,7.207491199696564,18.801975553448493,15.444508958819805,14.849878609747448,9.914815296223658,6.824318190024636,4.2261211150379365,3.296251042557379,0.01190750142932428,0.33343099268671494,-0.34241193436313755,-0.2356456948890881,0.028482338683864607,-0.1364289760842989,0.06762884282478109,0.023965201394218063,0.17921414835263036,0.5633352568172743,0.39588732549197725,0.07080010363809736,-0.28747484553843494,6.524215061818399e-05,22.103803073178533,11.289972696925167,11.895343366054794,13.067919644789635,6.0209724481368525,10.10962465420913,7.851696486353169,7.637703847471731,6.757465740355988,3.6514862218258886,3.646068338780182,3.1741231562286405,0.005331981559928691,0.20462493711762592,-0.0864768450735872,0.3080472180943141,0.26175762334957636,0.11963299834811399,0.28844493483669587,-0.002320759428661745,-0.1679673252977807,0.11011596082064395,0.1264384873292496,-0.22602627293015284,-0.08133777371356359,-0.0001115671048561732,20.626959928944725,11.453254409202811,11.853790081164975,11.245138744430731,7.635156108667323,8.5338561764491,9.923598528365154,9.008053901477291,7.594740443316124,3.7139985346252793,5.052232506868481,4.654244668042349,0.0039456778758704784,three,/content/speechcommands/three/c0e0f834_nohash_0.wav,testing,5.0,Kitchen.wav
862,-232.5612626032448,26.120902994838197,27.778791930291447,19.233267014801903,19.274238399850628,9.835441129920456,6.756161553576835,3.1581258755367667,5.307918952993706,4.448844146028811,4.103764865782917,5.802762196715219,0.037037129601230845,74.10283157546937,33.18018716254276,12.877389292227608,9.532658764634297,5.928711434034193,9.860495196637006,12.27953303765154,6.272058427566771,5.489439285579646,4.620022681522609,6.648540203325863,8.204160758764313,0.010002510275134647,5.532798036974294,1.7299638922104164,0.2569805028084817,0.027479688802455233,-0.028705893834483784,-0.9867966011360677,-0.951101436800026,0.5252165543898906,0.14704265017610627,-0.09589116837772953,-0.39709153279643583,-0.9251398576607655,0.0005882115013176395,14.694943030494267,10.507530713855667,6.023455247298457,6.084113629012314,3.5453440174947297,6.141205706795801,6.257676863997957,5.003869066977711,4.074432731864298,3.5673977947430737,4.271497092937331,5.026598169023966,0.00419496649590917,-0.7315005645394824,-0.5132287821146994,-0.3552215726070261,-0.1148036382506791,0.022159569661894155,0.60023520157127,0.47790360731147236,0.11486045400016943,0.07275000516317909,-0.15247916862614896,0.14283281693347544,0.5436333428362323,0.00010534804314374924,15.16849005392009,10.12934509367734,6.429290974549691,7.482056567454736,4.213984207992025,6.892887115904694,5.568293010923515,5.838223848201959,5.622838481900437,4.755603696345965,5.101806144221456,5.870463794565993,0.003286971857331397,three,/content/speechcommands/three/aa233654_nohash_0.wav,testing,5.0,Kitchen.wav
863,-148.73064767138692,31.23105664192333,25.37675777529516,38.36014511398869,9.091399250176107,-1.2923990047724683,5.758185308401626,4.484840240979455,-2.8357287685375288,-0.2470257913171937,-1.8318978012916158,3.0745874689408312,0.1411986231105402,107.52685772634915,19.948961548353545,22.747569549079664,26.878766941227017,13.012390117704927,10.609362335659865,11.496697314773835,8.875963020390758,6.853006116322888,6.274915655799647,9.242580614898257,8.271117278817847,0.1651966114863126,2.0927457556828726,0.11300330717312203,-0.7297254838690757,-0.3786898253780383,0.10970554655669347,0.27403820787289973,-0.04261579718797908,0.07984496625519953,0.1023875387628041,-0.26860113798897334,0.016362511570840517,-0.28595767603753225,-0.0001223489281631285,46.92127127968295,11.22092010298928,19.468481633019486,14.158283428021635,8.284859578847305,7.361101831096279,8.509065290124932,6.2103190880283075,5.922199646922304,5.977184379255184,4.7089202049064705,5.328279810490798,0.050004237631435154,-0.8548329934422796,0.18406712719776752,0.5896710164531446,-0.506795007674455,-0.28470979861162665,0.5034149446224901,0.10710468881556554,-0.37494046624889005,0.27669271190683475,0.14391521447772218,-0.2473520564381032,-0.12224011758300991,-0.00011629114548365276,39.121747435924256,13.01134421301774,22.672451367068515,14.449320141501367,8.788453034624098,8.601598118826598,9.867280797516347,6.820261796253369,7.226692219136287,8.969073181867195,4.439593196926881,5.441386034053983,0.024099063181895503,three,/content/speechcommands/three/e1469561_nohash_3.wav,testing,5.0,Kitchen.wav
864,-297.186087756313,-19.913238767527982,35.94510462403375,21.58042116535162,18.64454149720724,12.822084315934905,20.617521198998244,15.404030238667495,13.021064940515252,8.282986351501144,5.97729592738326,10.985027535366074,0.037132208643015474,35.60253869414786,27.019339807887853,23.60291951098439,7.339177226729505,4.273032307722716,4.571123789291324,7.3825605777269825,5.081015717634409,3.171728315648941,7.941846983228262,3.9125777192296636,6.299846056484425,0.012350319080816213,3.442977301858083,3.304034859052974,0.7893607085656378,-0.46352610537635264,-0.4244893843681779,-0.07921917805133033,-0.15603214574725777,-0.23493031064677244,-0.4560743609978676,-0.08821618366164491,-0.035519751230753245,0.05159113710050115,0.0001963028504002479,19.206523528394406,13.12902479649777,11.16671824095367,4.455035406781309,3.4201634867190274,3.728760790467246,3.896929347423263,3.3946808542759457,3.5061679453046772,3.901317794983276,4.23315236789197,4.772254809569901,0.004651908282555319,-0.07707989920857301,0.16659178015174186,0.04323924410977031,0.07317924239190869,-0.04788329723329454,0.030583100854607654,-0.07774616060417229,-0.05730430592397594,0.05144536685649781,0.17558154775731996,0.38281275852568286,0.2590644602491911,0.00048380717635154724,20.009684582986647,14.981159872440758,11.217228467990699,6.030602712749824,4.780440085616749,4.932417866959859,4.159239089369364,4.236530166475049,5.081253445225494,3.790783280023676,5.657471258115629,5.995415269481815,0.0037837387540094105,three,/content/speechcommands/three/3f2b358d_nohash_3.wav,testing,5.0,Kitchen.wav
865,-212.1221977981217,46.674320382028384,25.707923088621556,17.99069007807622,18.51219360987228,7.35997558718414,8.19115536754351,6.665302280409165,4.061627458151008,-1.6198965500976132,1.8966760167425742,6.0542688636465485,0.0618221135227941,92.1904558290118,43.15884805628111,31.026161898550544,19.347299572106827,9.039563335253176,10.670169400083534,9.449968048495487,10.382556770500763,8.747447310612754,12.942858918915794,6.2766610185055285,4.757554327372762,0.05039198097709205,-0.15424257221879376,0.3693211925998417,0.36076081281481676,0.09158353459760968,-0.1777704326374256,0.3106911822100641,-0.12070624674332178,-0.23660380380504312,0.17608145088898847,0.41328244756474136,0.2190645219527409,0.13471516999477523,0.00027543324376306226,45.50308708717586,21.31071864765891,15.261516753539834,11.378240010995741,6.476354898876992,7.030523188633922,5.814678486014513,6.129578636306922,5.836060054161438,7.334383824639186,5.762707571480747,4.2441994513850885,0.025877883890154576,-0.3666692620233322,0.009948000013243844,0.26260859961985544,0.23099620817001257,0.18420558214486066,0.239206509924159,0.1384846974723971,0.048670089797340076,0.010624121100335948,0.32258048436237297,0.1221370515503439,0.023246701854533865,-3.015721837679545e-05,39.99015134840359,20.631379924588696,12.725877079199519,13.50891532854821,7.885814182088227,7.807873620764525,5.867488212764967,7.074899715104105,6.9234851145495675,8.270908920563189,8.065186220829753,5.277413171565535,0.022805725252027176,three,/content/speechcommands/three/f264e0df_nohash_0.wav,testing,5.0,Kitchen.wav
866,-303.6574526684297,8.219058773119993,38.813422727483,33.12729835691967,27.330272705436748,11.564010936236148,5.091379029104654,5.6288798703378795,6.6941130715516675,5.299397773216403,-1.0977510104261694,7.648650680026048,0.03493562774383463,41.48181091443852,31.153472887887315,12.395913258747573,8.444165465891748,6.1178794566020835,13.028519058247138,20.460594595274042,10.762996561914191,7.646238956998598,7.752357885654776,9.99762331572065,7.559946931045622,0.010525680254350992,-1.23498013660529,0.0681532048917012,1.070957583947687,0.5196176506973255,0.09224447759108893,-1.138174965592198,-0.7952510423346664,0.5968882599397665,0.6628366796396074,0.15763042555035042,-0.4375794378511744,-0.5463718984899478,-0.00035486000800325027,15.880007297813258,15.358958490071576,8.240615738967385,5.565353610963082,4.239397130149805,6.537900388792222,7.88368428274089,5.977647748361613,4.648704984341339,3.7042857702285636,5.200450354604407,5.8167404427270775,0.005515407577475913,-0.16225100894979885,-0.5771044835739019,-0.5340118330357708,-0.09424620254280723,0.11798084084568478,0.545357342108513,0.5465336670419928,-0.0382087430193691,0.19628876172944307,0.24764555660994736,0.5250023669855127,0.4817840563267895,-0.0003900656166176001,13.895404916440091,16.11600373183037,9.293665611711416,7.059821497794115,5.617362433425836,6.498357653742968,6.190697162950888,6.472035972812551,4.711340902403402,3.8713115989128424,6.181761077855472,7.406938357544936,0.004396356691376485,three,/content/speechcommands/three/aa233654_nohash_1.wav,testing,5.0,Kitchen.wav
867,-266.691991907104,20.51279473274306,26.261006508898728,25.490642430016397,6.474459991276212,0.43478748522620037,7.9549698882497495,3.660489692888598,3.648373299386187,3.812539024514456,0.23819757813027725,6.873977788785764,0.04489747149636969,38.19206919993806,18.879330891560986,11.470703312893141,17.376162370920873,12.803732700584495,11.223862244892185,6.1164786722210875,10.45387038676111,10.982625092003511,7.336254483607108,8.250866023241892,8.236218415338042,0.013720128317481277,0.022549345614597694,0.23098085714616698,0.26279290081657175,0.24676318367199285,0.3987664197208396,0.12613016473693625,-0.22350623068919162,-0.08400626615615762,-0.2785087120159425,-0.19259427176931856,0.2929117193818796,0.18681129800182672,0.00034118924410112445,14.617421606111904,10.119902670304835,6.401083523670131,7.367109665705616,6.266167926326332,5.364183473377989,4.227206638136322,3.9773471470228743,4.263756934930468,4.2404920045026095,6.110124311042947,4.931247778477796,0.005703703054439877,-0.6739403772872985,-0.4948489658882804,0.006024977054180584,0.39878784536401723,0.5143307896573504,0.12068280084362079,0.11146336386671081,0.2813343311437008,0.1546971821141012,0.3859809200488238,0.29645697835124646,0.042673094486019456,-0.00016163202623526257,13.363614876624156,9.801765064692276,6.623104161247538,5.767291065076576,5.6388649846270615,4.78949736854411,5.6952138838610935,4.461197362708431,4.0387139203959155,4.776505036627836,7.795311281886649,5.8449276197244515,0.004038535929340664,three,/content/speechcommands/three/1b4c9b89_nohash_3.wav,testing,5.0,Kitchen.wav
868,-268.5824955033934,1.0860782032951741,48.61428726933799,31.814883876295173,26.77999499685805,13.224536609573345,12.070468282416659,6.537023297250174,7.1782852631475755,4.123313675844844,1.0605972390309866,7.8173426698302295,0.06955780927091837,65.38260423978934,52.210709970350074,16.760749860906962,20.014744223259676,12.896615029996354,9.248503464146989,7.234975337857469,10.249754221855053,10.121950154691437,8.447370619983761,11.292997670147225,6.351482203578477,0.052985475401033114,0.12780042521598584,0.4341742660408625,0.01640190647351812,0.012021097113110309,-0.08321041657171954,0.04962910869089198,0.1014331888715009,0.1498799459866973,0.14415260892509832,-0.09760143131536624,-0.02095439497989133,0.03759636054223793,-0.0002299538783488735,22.17480795251407,18.660353458036077,12.148633136186639,11.838039252816907,7.705769400112266,8.313181570424216,5.895340897427817,4.253113769126971,6.286729367325329,4.0290421726798025,3.8936224197473615,3.5046963086513463,0.01957906041775421,-0.04489563638993748,-0.049472615594018755,0.1956914483473838,0.30528048304873795,0.16938655950458745,-0.040108692151255926,0.04720502200479538,0.04973399717382231,0.10929516490911582,-0.16869731854806927,0.03818821090301767,0.04977200331961565,-3.568803270657857e-05,16.29491904706727,13.685065461932986,12.126497292962112,9.8664270214957,9.047631847800565,9.243979305161446,7.92922354866685,4.068683768952849,7.101282742725757,4.4007863090235375,3.4510819495808063,4.2740036901774205,0.015686960002567203,three,/content/speechcommands/three/e41a903b_nohash_1.wav,testing,5.0,Kitchen.wav
869,-282.6901035367937,-1.7585719277397112,35.29207256040813,22.055179490363503,22.75370847373366,11.187508070635861,7.716790748616576,11.517711205192867,12.778338373688236,6.582917249714745,6.967831526786064,8.816776351563039,0.04649649915518239,57.49142145608315,38.72789738382777,17.55677011625584,18.208103571336295,5.151434930468393,13.634574952188826,18.45912621393171,11.673725657918224,6.257830190101808,11.04659538516827,6.436117916375326,5.210345910827554,0.008199333771246261,0.4134954579485162,0.5132929667919304,0.549841800448955,0.06816743090522875,-0.18986340063721943,0.08061232161056671,0.07705492608021472,0.40524283320301724,0.15445145860590817,-0.013983020303703471,-0.19958370300321968,0.07343904520185306,0.0005382416589606193,18.903479936974158,13.753423582378046,8.303253986784677,10.675035914980798,5.056355013152087,8.285850554646576,7.608536528598572,6.818816192393647,5.380543859873877,5.2538070957546195,3.0775201732310165,3.1916764400060353,0.0047849777191267436,-0.15830207086438955,-0.029704254457960863,0.22151642889222256,-0.056638924791697555,0.08306543097021522,-0.3425501237315053,-0.2658106496205431,-0.07928194392918719,-0.15860626220304763,0.10252995483343787,0.06744155025656137,0.12336322767449823,-0.00038015438864628476,13.072971885950892,11.686959794771047,8.016965608795363,9.652486296153537,6.6242386059243215,7.334443067337858,6.098002885006387,6.532277295264283,5.929363871421244,5.005954237827527,3.62024977410682,4.001851891486692,0.003949368529647525,three,/content/speechcommands/three/4845bb10_nohash_1.wav,testing,5.0,Kitchen.wav
870,-309.6879395057165,13.956364982336211,39.269140803252796,34.017792588916166,23.157880346592403,8.52120354305277,9.75407606112039,12.429083993091972,8.362402997254517,3.589641503959537,2.3891384454951057,7.111326798610225,0.033098793879617006,38.46912558270181,22.167869137174726,7.061157410587628,13.478879489628705,7.190877761363446,10.635611684784198,9.978639917834787,5.088082487631307,8.296889885813638,10.640255132152669,8.832920903621492,5.748885061454945,0.006363293537400649,0.21948091041865095,0.4712982117011654,0.08368523015299445,0.3485033401246415,0.2486717789639075,-0.10808715262475442,-0.0025796193337827406,-0.13076607825530998,-0.11818353599965004,0.07624614221839617,0.051993722334175325,-0.18763380168289553,-0.00013146237019569644,17.643544451725617,9.969986984867816,5.375654127715856,6.8259575193777975,4.805067599104767,5.469271191320466,5.288247600952657,3.1856077751212237,3.9843875234496298,4.083741650050464,4.316079306724393,4.0062870220230264,0.003708269926434054,-0.37190123922044144,-0.2454761339927834,-0.0667487674073243,0.09221075129431285,0.28809115157398524,0.17622085855704656,0.17931362682590699,0.15043132919448302,0.10567692803458432,0.07123983880387884,-0.11332172957564333,-0.22775609859038398,-5.131885409355163e-05,18.681342879476627,10.550598629264304,5.8102260861115544,7.412351430794364,4.702560977551544,6.1208154317282295,5.863523386102437,4.329668641834363,4.560424586105484,4.0514910183792106,4.4338254280953455,5.333935263060713,0.0032333432183492923,three,/content/speechcommands/three/62ff07ef_nohash_1.wav,testing,5.0,Kitchen.wav
871,-231.57621240761927,25.61093376742955,39.84973342912764,25.351062242020344,19.906183910320483,8.249052898402848,5.591722980991962,-1.9606296520640802,-0.06468658435857755,7.3779084377634625,2.3685578479121547,4.1112728974312756,0.07870344794355333,53.558068672675546,31.289377968715144,13.839115877739678,24.285456708305734,13.445839767298168,12.611545895278093,15.184199759700109,20.72678502158154,17.426632046162627,7.404731296118769,6.797094960088714,10.345976004800395,0.04805950228446393,0.21918657599905872,0.6221461481041248,0.4557792451552852,0.5331885663180665,0.40340241899924967,0.3922825592879858,-0.02427150490105444,0.18594385100019353,0.3131507175078277,0.12625017341567826,0.15946227376128438,0.3053107099613362,0.0004498407004341002,22.169143185345412,12.707364610882255,9.273067037450168,12.029758035656174,9.15812103471233,7.25028919727821,8.76897126989874,8.597427270841017,7.452335639358761,3.4843505880068286,4.802602425042247,6.796144001728444,0.012908942840846649,-0.6554062347278526,-0.5296595004172766,-0.15519304648597984,0.11994897624139629,-0.27239639046776676,-0.31359018102740777,-0.36462797184333584,-0.26950773273693324,-0.026900457368665028,0.10316741744565787,0.1516909374945657,-0.06502086044350139,-0.00035251739124457043,23.260315090640937,11.044800659307896,9.936935124594571,10.401197201788603,10.208724684302759,7.377946789888215,10.08546180473027,9.115813813888732,7.22818159441216,3.8689735377595604,7.2188039421264705,9.173038173571767,0.0071394601683090276,three,/content/speechcommands/three/80c45ed6_nohash_1.wav,testing,5.0,Kitchen.wav
872,-198.43994476104447,47.89402025046137,-5.227228065816955,12.26140390823545,5.028658746201811,1.4392825341999336,3.0754686666005915,0.33010485215020213,-2.3128766320295697,6.665093023785273,6.8809980397163635,3.495959339540777,0.06816086161416024,42.224682836289745,20.987466702058025,22.164366153294132,17.89927132368199,18.959105866613932,18.255313423861377,9.930622205511861,7.891523294806901,16.341996189406885,5.968389653188573,7.334450831690314,9.840181701564333,0.03510672677016976,-0.48753310848126824,0.5224374003940646,1.569822183817335,0.925940270775776,-1.1788544131830394,-0.7590146234380645,0.38355409972250176,-0.3990631184668612,-0.4562937878077226,0.1728935805885415,-0.7528356577023533,-0.5844715727638742,0.0007352068299247373,15.307897109722637,10.073573211294386,11.683788221465209,8.344805360791034,8.260328816329062,5.815068285389945,5.890574781988054,5.608990042851096,7.226831591795895,4.563775167045791,4.436385167712149,3.9252803327119286,0.016102323038145554,-1.3678039783958562,-0.055768799934643454,0.31036151849233323,-0.2377601063792806,0.5886199925774469,0.5161732677293576,0.05535412155025945,-0.0941296402362645,0.2647657814492298,0.019559423637713635,-0.17888252890143178,-0.02145553957899556,-0.00027414361635843913,14.105147114011746,10.774420191311654,10.359397707751967,8.095110882462281,7.850334077883337,5.342842583983364,5.975205767807277,6.752776374221879,6.265596717537724,5.464450525763712,5.490852502403115,4.762145671630433,0.011597081639551397,three,/content/speechcommands/three/798f702a_nohash_1.wav,testing,5.0,Kitchen.wav
873,-278.86194755183897,-1.576955557652556,38.91783023079111,21.84281925858368,28.390979128108118,18.656189208604225,3.661264077510523,-4.928948569093755,2.5601615316438933,7.841027001671552,2.117257817156667,3.2103324637237565,0.037597183196339756,44.39857102749165,35.43762896591527,9.217605451403266,10.803481914191996,11.11974966441186,9.351526309761958,17.98823080652381,22.439505142097072,14.514969572744842,9.709914739797442,8.813621385133509,7.161574872190189,0.009574720914359906,0.33420084982277337,0.872573317159818,0.7587861960281921,0.6034783702159585,-0.2850145103400866,-0.8577156638495992,-0.5457013136898424,0.030587383539058904,-0.018511092502239784,-0.6299513889819698,-0.7018355410685021,-0.23941616817915676,-0.0008683117527154184,16.32204613405035,10.794670970339574,7.8763116601197085,8.326902204849048,6.787818725992617,6.722326619698506,9.802181461000224,9.6293618288584,7.0362601558066045,5.046925089188475,4.482804084176456,4.49981913794992,0.00424804607533671,-0.8789434976428765,-0.29304048078538253,0.18169979461774102,-0.0007081908047345801,0.135878589152453,0.295745883929944,0.272231869904349,-0.06051167938248169,-0.32588828450549673,0.022775462213513883,0.25026777128286587,0.04924691718427277,0.00010327895482381185,15.9035941519526,9.843137855243043,9.70377615506505,8.468705519826996,7.855782143586358,7.184169693574516,10.681262449617803,9.975194455003315,8.033583198664427,6.555573482468332,5.680488620922729,5.893889096842983,0.0029882351278167083,three,/content/speechcommands/three/7e1054e7_nohash_0.wav,testing,5.0,Kitchen.wav
874,-207.1770346837166,41.17818369871463,25.800515396870637,13.368841995237535,2.831855409125418,-19.04209853240123,-12.55868963581969,2.2920741698413227,10.987797943229278,11.127554908564644,2.4455257880264396,-1.954814265788938,0.10102524762623943,86.1004062244238,39.29219824300761,36.713724287699726,16.471722845440596,12.79118660541554,25.92071404080528,14.160061865380625,11.498017284224249,14.090674825143541,11.756351726339695,8.845882282465357,9.296827330711332,0.10627165760966378,4.844216900198251,0.07761894124489048,-2.008031403762352,0.07499574676353749,-0.4630876540645315,0.5595570571204022,0.40729546966757235,-0.794826548474761,-0.6139728832519826,-0.45049601985590565,0.3860981963048596,0.16152818798249,0.0005955008729811638,37.605036071073705,17.34867523625516,18.390585030052794,9.336219152439106,8.59327108095204,9.148045964300591,7.95757414548383,5.528770581244343,5.76829891723148,5.215337251974681,5.785063841415291,6.278266219980971,0.037534538904453234,-0.24353958576809162,0.18367979522248631,0.9602246843287893,0.8381450934376686,-0.5881971586591017,-0.10636126662048255,0.38762154753055433,-0.05631634785079006,0.0444838865627507,-0.1410605640942805,0.1091470523375632,0.28085636978718787,-0.00016807739933331808,33.50667387810602,16.913855648057833,15.459046221076097,10.362285141563035,9.520474255069672,6.990220315484748,8.1199156127059,7.181732833278366,6.810244826997686,6.675497477706403,7.632797044661226,7.212575865247712,0.024199801415103753,three,/content/speechcommands/three/5e3dde6b_nohash_3.wav,testing,5.0,Kitchen.wav
875,-159.24729255543244,34.785227694924636,24.18684081266839,7.199668717118511,2.4661330707240765,0.1336204764225296,-0.7640080912556969,1.236223811883006,3.187484919968605,8.724969218779252,3.283294725846829,-0.44872975986537805,0.051996154681546614,88.4417961553951,8.083733200794457,10.540374018831844,16.171860679536756,10.85883508702112,8.806089402512995,8.824340062862031,7.936238864424137,8.314865478218458,8.841952175412786,7.305524016343993,3.101427002572732,0.027708565676469992,-0.10252254145198351,0.5238042300041955,0.1809478219407867,-0.3315326729557541,0.47447113831398546,0.3979816881282058,0.0811080725394031,-0.3962436552194434,0.10926683444185509,0.5549495126652464,0.5074104431985534,0.02913411013812773,0.0008980041790393091,36.07386068325612,5.079534598621599,5.565034137880239,8.595563754048381,6.023063059202646,5.021451690202676,6.332069002255036,4.456920587635092,3.4614578278195594,5.033811278703535,4.395300355712146,2.7655606804615416,0.012453868665512416,-1.7573754728362871,0.0111473229405032,0.21786973313330382,0.44027688158936856,0.37240011162273334,0.6803525361936397,0.1189301353161292,-0.22383337522412114,-0.035736956059387856,-0.48530691085990274,-0.037627521008732574,-0.13416246700694662,-0.00012290409455696741,33.70241505023779,7.277011617798413,5.687596265932311,9.33284698305923,6.016008423848651,4.905770934515112,8.27524597674965,5.538503230296255,3.8075795340176866,5.609610359546783,4.713968712093066,3.721234237566111,0.014439058207626771,three,/content/speechcommands/three/0d53e045_nohash_0.wav,testing,5.0,Kitchen.wav
876,-223.91124518618625,24.516285690652843,27.586752170593066,22.742248323481817,7.618428782581082,3.229969515553834,1.490052558392946,3.7823316218630154,9.417596541522501,2.025991896098962,2.4330617472510174,1.8755844084798732,0.05605948239099234,88.10732489907508,38.0862480806643,24.800152331115655,30.837929323490005,11.505271488023363,12.5124587479602,13.6256513899365,11.563796060471912,7.242889250955675,12.88233628457318,4.954310680858293,7.430910855633378,0.05110505713408406,2.7966950999194227,1.4458349113383206,-0.7480816122153577,-1.1471931199956373,-0.2745556803738202,0.11071237270024727,0.09477468676664555,-0.0646361360893662,-0.23675598005203372,-0.34833047376484144,-0.1506618087326123,-0.08479281568863345,-0.0002881280717349822,34.532205906987635,18.269377798427378,12.753980902707092,11.169225547853195,8.041963010779158,5.768981210397048,7.224453068741461,6.599019889459352,6.78947129561556,6.136623524544621,3.7233129711137796,6.161599177892697,0.019629437224494943,-0.16842854676949912,-0.28934715661719085,0.06553562897761166,0.15290014167577884,-0.10401508124902849,-0.09335327200869621,0.008926021497408095,-0.1481121457799271,0.10234396896440649,0.21908655317867148,0.18749401208217104,0.029760312647532115,-9.205751121044159e-05,19.942260468755197,16.27802448994727,11.099571985241136,10.574934186588171,9.626207437208793,6.072401205805926,7.9631754263749235,7.4305397157168045,9.53251980634363,5.753270385023566,4.88329549877712,8.16899409011937,0.011971830493038927,three,/content/speechcommands/three/94de6a6a_nohash_3.wav,testing,5.0,Kitchen.wav
877,-166.714721333782,40.53395162465138,13.610925619261542,13.549426214482015,18.313499921286223,4.808752903671402,-4.966269140274954,-0.7723019349268326,0.18793220423396906,-5.5026676207162195,4.670283861898293,2.7812436689345175,0.13420351693639532,90.51307632957902,43.95677724937265,24.53063151659765,21.20561846277088,9.240439745698778,13.14394259259543,10.939774777082878,8.294087747757242,12.062305782664001,11.81051405875216,8.579159028910748,10.79340117700255,0.15681832084075498,-5.840970169834949,-0.6389702479214151,0.9601540545855826,0.7948029631029516,0.4627631095714898,0.18233031107766803,0.6674045164497981,0.49089301767599414,0.4430089891349177,0.04243913927645352,-0.5450369945591123,0.06626895547920608,0.00013494076988389416,27.253827419731007,21.490270359065576,8.256018437712303,8.24159026061198,5.889618013843607,8.178778824020483,5.518774159757152,3.3885200874703747,5.888343058073262,4.521094135574136,4.0528101691428375,5.773236750543911,0.048183545472853376,0.35624456286167855,-0.23678812721876935,0.11313553475656123,0.288696482705436,0.26254572948151633,0.06224118152097709,0.0021638376065124198,-0.09642496687982126,-0.05905022612253248,-0.25861953562638823,-0.07489489309350338,-0.0618717037061726,0.00018403387318054835,27.748749992798622,22.130492190458664,8.001176944076292,7.1181557673607845,6.829888500754835,9.850994358485886,7.477834305379039,4.312568290855065,7.305332509080751,5.338271991124805,4.900931857801386,7.202359575459854,0.023900533780275512,three,/content/speechcommands/three/964e8cfd_nohash_1.wav,testing,5.0,Kitchen.wav
878,-321.2266962175989,-0.708563212926699,41.364786536705495,32.948378058676674,27.175906869009985,16.594488179373382,13.373575400405576,8.715233964761648,6.776705803725146,5.28946396372665,1.6094337204950693,7.88302602446651,0.043132321326993406,16.75471098392509,16.350982588891988,10.663594011855198,8.540269841599937,5.452252283065646,5.267582145647294,8.941179216681464,8.431628932137992,7.133903132100686,6.924283580381518,7.10149973813237,5.748932664332786,0.012664641941904746,0.11036022637657358,-0.1853920799991326,-0.12643187623025148,-0.15919954426692562,-0.040259808842158636,0.05881831801332666,0.021678167341408615,-0.23082314460531195,-0.18638424660812505,0.06621964057864826,-0.03912470611460812,-0.12284954297696957,0.00032094505525404407,7.34224822088879,7.87488197958544,6.308044299785303,4.531445008929956,3.7260605346285267,4.463122769824505,3.846648959844471,4.082151900449396,4.784568982987487,4.352447350378377,4.25975293694953,3.8372232895834575,0.0052140675095157405,-0.16134188508565142,-0.026363286733123558,0.27764321492208643,0.2903301893134694,0.3286945360581484,0.36819964890746476,-0.008786791772645882,0.09252154972406287,0.23130977854224408,0.1622308211690368,-0.29450042196329734,-0.017382645517271082,6.454189618428548e-05,7.071416588268908,8.5422020827424,7.168845179528259,5.179497254308975,4.629553836425876,5.228660052581977,4.303442984973365,4.442730498914201,6.168008773408953,5.0170747472893,5.384938261135348,4.504772909722598,0.0035975132087977613,three,/content/speechcommands/three/1528225c_nohash_0.wav,testing,5.0,Kitchen.wav
879,-313.2211493289659,12.808865242788407,28.25064695766354,32.47412031108476,22.076401429798302,8.354092526520178,9.321491196019453,6.514048886824353,2.1492233139968846,4.250514638129372,1.6971467746890792,6.986421560762142,0.02588875900255516,34.57882602101103,15.853712793355841,13.146655258983307,10.806899300956726,6.84822204650789,15.702581709991874,7.415061482715972,8.767990119671603,11.49406808231989,6.5016318168391125,5.440776598534159,4.856774881365221,0.006583215649547504,-3.516182905403273,0.3275354183653192,0.8672618600716773,0.09744658258847677,0.20826024743839203,-0.7072339390114811,0.17636451225905955,0.23743522056181227,0.6774949309717501,0.198081238724392,0.25990477347561547,0.03203867292511103,-0.0006562167057587255,20.443484110196625,7.562334843745096,8.468017634856121,6.483091615592745,4.6174526072844095,8.857380929720893,4.788827914601063,5.0852130700217515,7.07100450450154,4.159194581715021,4.269485259030091,3.7881154751464194,0.0036922670727691648,1.1606066233054917,-0.2867437220757372,-0.37419517287073206,-0.001267740344439261,0.13172995092004605,0.12452769278524005,-0.14496137401295658,-0.09199661897517931,-0.14198484152169635,-0.054396710721468663,-0.3186787173583517,-0.20939868555904123,6.727290650208791e-05,20.09384670813625,9.0457059438707,10.364363971952633,7.688003726753621,5.274990486493164,10.704459881738323,6.6369411794587485,6.085795803817817,8.30012291722939,5.102320373169826,5.645288907400317,4.345668160956396,0.0032635759954900583,three,/content/speechcommands/three/67961766_nohash_0.wav,testing,5.0,Kitchen.wav
880,-249.13548291799853,34.83637934720737,36.370571667358284,33.547232437477994,12.705519890440648,6.7718562291867235,2.9714669286365423,5.7710096923233,4.687143065583568,-0.8747260163900453,0.3680274680416653,5.307621820054345,0.09680410800501704,89.82699557639282,22.69412707549529,29.41348309636289,15.136758962598858,13.374647276260546,14.167974917501091,11.746983170667544,7.819873628124555,8.956880672336093,9.331567793839412,6.614853873430251,5.920617899304769,0.1069573741539451,0.46082246831316853,0.567931347072907,0.34806025685597686,0.6596390002548986,0.6314339108549399,0.9307882634103039,0.5265016951072486,0.11140557130443222,0.048055029830982955,0.00820392571671775,-0.22214575005793766,-0.15994450224244694,0.00020909823116756256,31.85903514054063,10.282612173183962,14.827152773817305,7.558338798569444,6.590205465838302,6.335562520755191,5.829357263417607,4.984553770663568,5.027491230886651,4.214933428065145,5.15757855900171,4.421248395566919,0.0323851555323896,-0.4132687942123463,-0.10707904277070265,0.08827912053185555,0.19735492812581773,0.02993816368202733,0.0894302217093971,-0.16435590323173313,-0.15493470495608128,-0.0019451240508142102,0.1243442400395834,0.03139865338970468,-0.12791132388513718,-0.00016070576384663582,25.530054203927943,11.076745540937091,12.257407797631142,9.91589802378707,6.719925393601382,7.828032813741401,6.678793682279738,5.317868673848775,6.627121163912462,4.969821454108903,6.743103143513157,5.322214170182881,0.016981274088504517,three,/content/speechcommands/three/97f4c236_nohash_2.wav,testing,5.0,Kitchen.wav
881,-188.49942702289457,44.831984310766565,30.964461781919823,29.970045475637754,21.974379100442956,5.385135561994463,3.4287041268966454,6.987033617914521,1.1020929385275946,0.7279276371927179,-2.3926267994804067,-0.5971229309763307,0.15197706062463112,123.90758554756576,42.22411411224724,31.283848724241906,17.172181648477945,9.321202978891419,8.67608372819769,9.158335522370429,5.009375993688179,13.614909744051996,13.896455592606712,8.984217482703949,9.551832410490551,0.1755889682826406,-1.3908089241783017,-1.2497395396621553,0.45686897190426895,0.6435463032589125,0.3404846558048089,0.04823955661678479,0.015515217393565152,0.19387557536390196,0.3412150839558506,0.15246052767965818,0.5899704286813593,0.2433007800438905,-0.0003401087897439157,44.338157220967055,16.77273300390577,11.1976668103272,7.6104293600297135,8.749422404607907,5.3070516125783715,5.541649025915761,3.5018608395385087,7.001949817853056,6.1237552348262945,3.959010676695146,4.665132152659449,0.049814017111159424,0.037359853072613684,0.2975935352306887,-0.10161262281679957,-0.04916058504208252,-0.12017674989649088,0.12199835191253232,0.24456502318306447,-0.13741938554726166,-0.07595648024002676,-0.20260499274357321,-0.08327911752215528,0.023881026440575208,-3.743587682644526e-05,44.38561375936005,20.434099075000084,11.310384296982335,9.137134673144734,12.01145279092045,7.557056793278058,7.33644946422771,4.601207378541091,9.427885272738465,7.672241300885085,4.823862598140639,5.310068666944226,0.030541954685822943,three,/content/speechcommands/three/964e8cfd_nohash_2.wav,testing,5.0,Kitchen.wav
882,-240.22499708103587,38.89816109516679,20.464646693195565,13.079155093908764,19.202762602974037,4.83944940502647,7.504690579862736,13.187628797565816,12.236034870774981,10.926382572011185,8.811002329210822,9.62854773733279,0.04374960611263911,17.35122925569942,13.71603826974548,7.9413349957457005,6.201103827839016,4.750078357387691,10.637775345812374,9.252879886451849,6.993958104078079,6.707563420163656,4.6266216182291915,3.6242921588011945,5.324678568815259,0.00926228266324571,-0.4288374637157458,-0.20859432059242927,0.13050486238792375,-0.13848980862048285,-0.13411242163478185,-0.26440866917446193,-0.08220589875867483,0.00038044040733947927,-0.060262328543740445,0.2438589141286915,0.3042543429324827,0.06879112204832928,-0.0002863183617591858,7.661205045792521,6.199097580964678,5.490330099856635,3.3720478664591824,4.1785638609915665,4.84547801379639,4.733692244207364,4.457652530654966,4.736735602903039,3.6282247752828076,3.5792168001746223,4.143262512530299,0.00480380518305217,-0.1449389271328952,-0.28720277565654634,-0.21826203073397193,-0.09952705397392865,-0.161936206489287,-0.04232590232311319,-0.3117014370379397,-0.30932178812697,0.09459797094938852,-0.021595515749839058,-0.17251751756759906,-0.17240616041048798,5.620398691722325e-06,9.37005093896066,7.4213261905099275,5.991615775085651,4.020276823684251,5.415894392443994,5.455793888458485,6.549335665292221,4.651285110967751,5.742713065850861,4.429554973094568,4.395001532808888,4.786927619995795,0.0045998078676897525,three,/content/speechcommands/three/ad6a46f1_nohash_0.wav,testing,5.0,Kitchen.wav
883,-239.97526939352446,47.61588868970418,49.045200510592075,26.847695970969113,10.372670470852215,1.1837826870443573,5.240845742775328,-2.775926861757439,2.582172917938016,6.882039919338687,2.620922742610258,4.836235479051444,0.08346237114164978,61.523144579879144,39.102259180019196,18.078060393124705,26.96583268434228,8.796912374144174,12.66457039771939,9.872535087407767,16.782910069009933,12.350680878556815,11.198761981149364,8.48980755592268,5.624292476017235,0.08133681975989035,-0.42318008591756634,0.11237066004825956,0.5166268835203172,0.6066894557704929,0.09369022056833971,-0.17380896806991525,-0.23104838762926458,-0.22926598225828512,-0.4394430601884865,-0.4234521704695492,-0.3075932781271295,-0.22003585977786577,-0.00035401373620956177,18.379541966450393,15.708877042083873,9.850238755679483,11.011562108631892,6.3381412722865065,7.212250506352773,6.036193465418258,6.180832146784255,4.4149517196390855,4.177435869965316,3.8927669935293703,4.115516198165094,0.029016682719809495,-0.5774999566086773,-0.24619172241337897,-0.14528062748222628,-0.5790246486987146,0.18838914447258712,0.5310207902373217,0.10610510279287153,0.31444257327909925,0.13359664681867578,0.16490063540666947,0.01170554806481198,-0.08038099570267535,-0.00047402232885360716,12.487950462530128,13.424035341128512,12.58938092579672,11.529898715549027,8.551520644926109,6.909313694365925,6.793103697928012,6.13348906727975,4.8586462273861555,5.293532616631159,5.115949620623205,4.86486566316501,0.01795882090294355,three,/content/speechcommands/three/d0faf7e4_nohash_3.wav,testing,5.0,Kitchen.wav
884,-301.3619157926267,-8.359449667075404,41.685775801117146,21.774899685388235,24.529606462330406,14.167359039492824,8.762730453624428,6.337584612141567,10.64324900744915,8.910613653770803,5.323400082570192,10.220536157980632,0.031420766084920615,39.776984063262205,29.453327619565076,8.650230911097161,13.06850090152572,6.2528798299806,7.024802610769453,12.856126528950798,12.758782104472068,7.803445246587235,5.861260951535137,3.4947083644516583,2.9260139252815245,0.0057066793735621865,0.35778696307686864,0.16021736435740155,-0.09578729819513318,0.33503968288792685,0.12460372838837734,0.12286004408134014,-0.044198077211628946,-0.10793204226926408,-0.047679922838259496,-0.17697653879300257,-0.18486766011757544,-0.27710263639857124,0.0003550732808728372,13.913507711975837,11.206447918556519,6.838937662297524,8.3491487308268,4.680042501571708,5.28342501904378,6.917762877982126,6.085459455736522,5.1945165003891445,4.941696904001381,2.927585110178277,3.0116036719335453,0.003992946541435614,-0.14807470735322947,0.08402826439605443,0.2664047969220408,0.026562335451215092,0.12738910979584367,0.10822521322413667,0.2823501655448167,0.40435415978560396,0.27162869715262056,0.020199673094107477,-0.02236303762409196,-0.20464703414442942,0.00011303288241227468,9.056241974481198,8.719660500593273,7.187395222410577,7.4761255495442684,4.764052362231454,5.840072823698106,7.76116802452697,6.34972012843732,5.894219907417438,6.008489239151752,3.7529194031003215,4.104943156718206,0.0046821837651300265,three,/content/speechcommands/three/4f8ef132_nohash_0.wav,testing,5.0,Kitchen.wav
885,-271.58200241299016,18.190937796164242,26.695243054706637,26.716019871794032,12.370602696321367,-2.702657912967175,0.9401627896580893,3.7260788037096697,4.871681801668014,1.2639284457970896,2.6655381521353907,8.487709893040188,0.04904167650965974,44.67567304656864,30.82985849264418,11.908211066441346,9.06177731301001,12.363589101763631,16.648097663759724,17.825218204382352,10.594805557502934,7.469252216578187,9.135813056003633,6.199336721885667,3.878720298768503,0.02625805393193343,-0.07291572284163206,0.27911037204400163,0.07188531666035561,-0.1016712413098445,-0.09369457470279692,-0.1279123801579298,0.16493087872421427,-0.0006667827732392363,0.15575456979422445,0.14725694402646702,-0.3848119820329855,-0.1511611594910322,-0.00035504065454006195,11.99583767685808,12.30370994068927,7.496452646581826,5.674172261420169,6.684705067441886,7.3546662414385136,7.505840835563454,4.83410572782853,3.3402646746221385,3.322356845351256,3.623847493776386,3.338317784675309,0.006651459146799523,-0.33049176197979285,0.11428033980323887,0.32916606641885177,0.021911813492180934,-0.06481290250862592,-0.29457570697864827,-0.19724959015121915,0.022547444961385447,0.1713787566346932,-0.07003981434377807,0.05900576314887293,-0.006604735549442312,4.245384285847346e-05,8.960626109885277,12.0342435241599,8.684075168322636,6.407806663774881,7.1557011513574755,8.276196446877643,6.8606893075668145,5.021186540192052,3.696047847327726,3.9137605743261927,4.420430688555643,4.427481411812863,0.0035580921945365523,three,/content/speechcommands/three/587f3271_nohash_1.wav,testing,5.0,Kitchen.wav
886,-308.4708590389737,-14.509021326333865,43.32073588531247,25.895034694951754,20.710566509426204,11.437151100989116,13.752193054636955,14.35833910362338,15.68848131438694,11.937065493257297,6.802389687708102,8.031718453655671,0.026247302361298352,15.788823480135528,14.16505532385162,6.546162837753515,3.6309976186521884,5.015497724301555,4.712282616009413,4.371168473177491,3.0517858708845513,3.964317615313742,3.073470516756804,3.479341797733645,3.6523752215562624,0.007644882408063575,-0.31185486790384,-0.21965797415892208,-0.5766733687808725,0.1864204093397537,0.4991923187467635,0.38102703634074037,0.4088399969960207,0.16639181419121662,-0.04496646220572664,0.08565980090006606,0.20928452379202525,0.12117662424076998,0.00018185220899120453,7.564282183207927,6.836339012399097,3.9003542461395964,3.9821631199205973,3.7750450200431884,2.8541192400714364,3.192755294422371,2.9664225360258736,3.5396589942528704,2.8496832518623023,2.9223668857468,3.3538604933938982,0.0036952018173220715,-0.3208175503002091,-0.18388773749304707,0.18961422842507006,0.0052531638555695535,0.06389318828182641,0.03138626869013468,0.2815502440445812,0.2277860133516936,0.2090167912161119,0.09960583369687044,0.16948355776733334,0.032524394985524105,-1.5246309340000153e-05,5.584784130088865,5.610749412183801,4.546078839420049,5.375020485980776,4.691419636209558,3.4728832388177375,3.9921723293092675,4.192046739681571,4.495685474566923,3.6085518966779513,3.750087642153867,4.982869570998015,0.003241047807896656,three,/content/speechcommands/three/3f2b358d_nohash_1.wav,testing,5.0,Kitchen.wav
887,-197.15241933330407,3.5659497238925244,29.195160995361505,30.369619262258276,12.625102040494452,3.442214773445312,4.66838182442382,3.902066634421482,0.7425058763952367,2.0791010576730704,1.107224435977458,1.051359844482435,0.07104698603507131,68.38264714252072,27.633798526114944,19.59895364569554,9.582656508170503,8.961280832483821,10.736738315962736,13.424169665889327,10.514869519297998,8.734935308617839,6.648801025328693,8.002058497665866,6.798601233102853,0.06737851408032454,-0.5025800868150486,0.00570651464050087,0.5893881540795785,0.3200240119028026,-0.20508778252068974,-0.3928638831059903,-0.34112657333613744,0.40907002994682756,0.20862418841567687,0.05474907894209153,-0.15566078845882936,0.18103556534793938,6.982666109838794e-05,24.832706044962627,13.09105573805917,8.845572794038054,5.089460448661443,4.981317742504726,6.509684597749945,6.676232705742372,6.344808626807433,4.5190115458679365,3.930997020417305,5.284501569353137,3.8950412992891494,0.030747499371236,-0.5383209759915902,-0.38440170552128,-0.2891342180163566,-0.2239543281693247,0.1427674906386199,0.2504013922165194,0.1876806863558236,0.23167728514006397,0.14646974642949828,0.12592455713351952,-0.02462198921521826,0.22816942314901706,-0.00014995969831943512,22.145980619280405,14.546609694616754,9.628969481592295,5.6416002828743865,6.020776044480285,7.670890771624403,7.510399645160719,7.099643938048265,5.340755000841852,4.929534162919233,6.771539298385575,4.717856044206624,0.030997929170204788,three,/content/speechcommands/three/97f4c236_nohash_0.wav,testing,5.0,Kitchen.wav
888,-305.6301522297142,-23.458920680456465,44.66124223218772,28.721852017624535,22.878932413978703,15.69962712826315,14.299367955371196,12.037572142695938,10.224927831830325,7.34232005300437,3.3156853575018417,4.366418758238974,0.029605677293147892,8.114899317833114,9.23962600777531,7.259973352688537,5.408462900880415,4.3900545164865745,5.499380936783066,4.153590442100424,4.960646892848251,5.76753225702506,5.391764487718336,5.335821380660517,6.084629992090112,0.009988963872546237,-0.06371681090805,-0.6456439521201784,-0.666202902150602,-0.30913826261542776,-0.07768943536396192,-0.28755441199399856,-0.19377616976339912,-0.19802049455166246,0.2035542179010147,0.22672021474975773,-0.004360178270982734,0.16696547389574515,-0.0003976846534398294,4.175351420316425,4.123665034499606,4.006621926973926,2.723834796315719,3.1836574023401707,3.3511434762544354,3.181089412461551,2.9181537334573235,3.621072843200487,3.031290499993889,3.5502349301299536,3.395549413329749,0.003574173391656448,-0.11831945026297414,0.08120104918374782,-0.004309414364827072,-0.08921811648317236,0.019438713207016532,0.08479946566104152,0.01679984602720728,0.07363177685434932,0.15688439486433176,-0.1185974856155747,-0.2778375006072071,-0.07995897286066465,0.00018376285831133525,4.701811699302703,4.279314320822197,4.7782598818142015,3.324111103973518,3.804663714931421,4.084017310897858,4.081292201691203,3.5976531692634923,4.290314051983945,3.240677206269079,4.4483885583417,3.8059865997544957,0.0031132615684959794,three,/content/speechcommands/three/3f2b358d_nohash_2.wav,testing,5.0,Kitchen.wav
889,-231.0175496182654,18.731684801405542,27.129874272998695,32.88189448970398,15.487204546725964,0.9754494573297074,3.3147223925460683,5.353753977081432,1.0975437289327667,0.01855115072410296,2.5995145002414946,7.223802702520205,0.07606351107824594,92.99366206996355,49.31541200527378,29.17003148010903,23.843951309504764,13.277689472339173,18.48761995007116,14.212791696550903,10.707697566996423,10.730421498609115,14.016144783487198,6.6529502673791905,4.1095831488852586,0.06017694937193633,1.9773410396522968,2.4466111687815313,0.41898721876736955,-0.6133055225304108,-0.7228206819415378,-0.5305149766984867,-0.4110319386179626,-0.44362030903424954,-0.3306140401201526,-0.26566814018276763,-0.5128751764082972,-0.32751162007972573,0.00020272741394658243,43.116583361973895,30.284009366800717,12.158159921932643,11.701794287082413,8.357539558423458,8.717040958499636,7.909716096128476,6.417775834601907,5.019331861407877,6.553050595487081,5.187147020428569,3.349738400959618,0.022548857926543882,-1.116675306802088,-0.44100016355724847,0.4999737638191796,0.4118088195823694,0.06843299488633564,-0.1893204888279563,-0.055753741017737175,0.008442653149637732,0.018109712096388068,0.05080098364651071,0.39485790287683287,0.2982944055779579,-0.00022854097187519073,41.72455983332765,35.628459242653996,11.8317842556708,12.643470592138593,9.494827192520495,9.754464769263505,9.983111650792534,7.521554748253587,5.36432709421875,7.301935645196924,6.247586901649739,4.09521299188783,0.01636457988954209,three,/content/speechcommands/three/563aa4e6_nohash_4.wav,testing,5.0,Kitchen.wav
890,-255.67903012026522,37.59367182146758,3.502793543202223,16.763273426918897,20.44165480968922,5.366366037301005,9.130042552893654,5.2600832712226815,1.1165678472960887,6.277753399174376,3.156964820612358,6.184686084899266,0.05021362061961554,70.88922490110777,33.313352295682364,24.57330641973635,23.068344138547225,10.89360481634446,15.36340691055411,9.112386129306048,11.569612622105495,14.6182970532099,9.206799982984727,7.484555595082248,5.3063603855310335,0.0444366375377254,0.3560048138182072,-0.19925664953246353,0.1404936855933946,0.3943694397041604,-0.08448645428126156,-0.2269265789980338,0.03299288808993142,-0.010618425967210167,0.046258001218204975,0.011789553599413064,0.18064074676458364,-0.05851011045658364,0.00025852844719925235,27.02143517143867,14.738405765282009,12.369193370144913,11.967076661351106,8.291328894447132,8.20468081176352,4.924569978842894,5.570157400811839,8.051900250748702,4.9034896247408,3.631783605334578,4.829612046211033,0.014361426167620197,-0.18891869590248878,0.2863572221546028,-0.003992860006054559,-0.02271077059722065,0.20797505769262656,0.05303638015389763,0.1639104452880406,0.2864398307580348,0.11867169863827645,0.08115054857094955,-0.07169793503812319,-0.27586461611568336,3.159850214918454e-05,25.98021850750614,15.082565289048944,10.417127465462817,9.58706680297884,9.292104732768328,8.711400272551513,4.983226796858687,5.813404948517392,8.480482881363656,5.870653544839259,4.664534581231825,6.267205323544923,0.007679978461327233,three,/content/speechcommands/three/7192fddc_nohash_0.wav,testing,5.0,Kitchen.wav
891,-149.75103718247732,67.26262697133332,24.351710103503386,34.761659487401694,16.243879635319892,-15.935721735322382,-7.088339570026644,8.497531963427626,1.1427347171608937,6.861117605697328,-3.254889499709253,-3.8988307880944006,0.14821053575724363,100.33093962362467,38.38208085077849,25.91795071134691,28.25707546431933,13.620144456500537,15.628212806792574,12.63923625989009,12.294950824291067,19.217076696325098,10.629779249632652,11.264743942566875,12.185312959426515,0.12092048164707714,2.1614037116700873,1.5450190805310076,-0.44261979470088186,0.757424226714464,1.3786769110766166,0.908025382065873,-0.08830316988568089,-0.8765929146970559,-0.16298645774024795,0.25059794510276445,-0.8051783547930411,-0.7775510445377498,0.0008140622728293942,37.48629979856326,19.78516265965764,12.249683828360322,10.470835409914622,9.401624024181391,6.217914046619796,8.76416038092944,7.34953100883092,10.173796632268369,5.834056881701364,6.979014963779738,5.345962836679864,0.036285776680933655,0.3485466742956968,0.34713025877908116,0.10637801011399936,-0.5079948062225116,-0.4379768026924263,-0.010255652869025796,0.5538338992818276,-0.21882228607505766,-0.759164191281292,0.1303218282289246,0.1463509673197549,-0.03427821846030905,-0.000273136297861735,34.499551910201625,18.944918661934455,11.687742002006921,10.181732758813267,11.482125643087988,6.543870101926257,8.52653501078413,9.337582446832554,11.069623783346143,6.921401508122179,7.747524912449965,7.027453523481592,0.03197212499924633,three,/content/speechcommands/three/b97c9f77_nohash_2.wav,testing,5.0,Kitchen.wav
892,-78.05159356798305,61.52011289569936,5.738100561665383,21.520895935244653,12.589427509220084,4.493030504871646,3.157770185243421,3.15941843157687,-2.418492477813844,1.870235954629994,-1.534930262720723,-2.0143227213730803,0.17501117015490308,86.31493392807704,25.386346851357764,13.838286670010598,14.652490084561304,5.782117551317688,6.880049471235872,11.665827323212751,7.76743269388889,10.318739384023903,8.256500119450063,6.317040735867176,8.90275070683341,0.15543221440366822,1.1915328874815558,-0.3266913413916139,-0.006832562768032977,0.44900440980670586,0.04031071817354884,0.27543252734363005,0.27558176017287433,0.09417616303445622,0.08585709793934847,0.1449995487166453,-0.151528736378974,0.4678250665534057,0.00046609113773991986,48.084056878698895,11.092114874471408,8.224152534063846,7.392581097326716,6.4319361914663755,3.8125561945093587,5.612147808209186,5.214861409304583,6.283512465387302,4.363534550138954,3.816144168940097,4.842043938544694,0.056512763924171164,-1.8125555297151654,-0.15574085340153315,0.04176881808438028,-0.028500889122829363,0.020744189047182063,-0.03380748698826646,-0.19032529350690316,0.030391171698199094,-0.05017978376328071,-0.0837101093368114,-0.15051079718023205,-0.038701850813831665,-5.570010592540105e-05,46.234452645369174,12.476092174688679,9.552444902779525,7.31212054391405,9.32168698180308,4.473164405068838,7.004652606088766,5.675561983074454,7.9661425838769455,5.5814839146942425,4.702904438293408,5.627117652054825,0.04686078881812458,three,/content/speechcommands/three/964e8cfd_nohash_0.wav,testing,5.0,Kitchen.wav
893,-296.469362831637,-11.374679156417027,43.532922027894514,31.166879540079453,22.01640665307638,9.250643033258205,10.891896332992339,9.360693823382517,8.202917101469186,7.20349754091703,3.5985217581682387,6.173921370528696,0.03928975260350853,45.284071563915546,31.006463539731275,9.286097824434727,9.988993011337497,3.7672767863286314,13.564223933753167,11.731504724713327,7.110420685266895,8.249003510418438,8.33539136349,6.069664214099745,6.80345361766534,0.012089162148624905,-0.14975915474929025,-0.07347745659118057,-0.2164254377042321,-0.05527893419638707,0.23412075408892133,0.14345415141590837,0.17840398695545853,-0.002271685962728925,-0.003834394552112122,0.002389267748358484,-0.023212931677208597,0.1301049536739989,-0.0009415946420161954,19.1619708185316,13.903554182822603,7.312788624052453,5.200621562547508,3.6592072391975066,6.639349890377747,6.927656892571015,5.2690082583886575,3.9569970132811436,3.9354116012099998,3.824972698023659,3.278667345722975,0.0054373699369249795,-0.14420292445228142,0.18456057518881047,0.3199843553670867,0.1468169262887888,-0.007318239496972545,0.34590823320720754,0.1307618419548771,0.18447298241567153,0.13195135099071376,0.1583155408530915,0.1850787593629484,-0.13276245905606257,-8.303243666887283e-05,15.931294137808019,14.016093436487763,8.591606414732214,5.409833454494838,5.241120259572071,5.877979528550063,7.968644722497741,7.914362134302635,4.773463419110465,4.136961129441497,5.247818871525532,4.215615217252548,0.004236634926999517,three,/content/speechcommands/three/62ff07ef_nohash_2.wav,testing,5.0,Kitchen.wav
894,-235.47289589094913,11.272140913315386,27.571838988606473,32.19594711404184,19.357537920280294,3.121853786348324,7.365748965522986,5.812168234574864,0.9682177224673978,5.831253806404842,3.384003908964035,5.011700277816754,0.0413656237651594,45.7102502366181,27.897827176271026,18.93403077541447,22.854143108924603,6.048720584543328,13.649183035698114,4.233394208769921,8.6806094797893,10.510191998354786,5.474883896227917,9.663134125832562,8.816296613552872,0.02229859493816238,-0.0839943817968542,0.2562897004629328,0.34521994754175034,0.1196155025880566,0.07598724913326065,0.1859748688796942,0.1837177040004488,-0.08171044880241943,0.13851429814583008,0.43731961964307847,0.11300481404209996,-0.16136577871737706,0.0019793265288875947,15.08244362146974,11.205956066474421,9.211298138276641,12.216814882512695,5.4501163778241635,8.703592366187827,3.578135124416569,4.41358265184032,5.638219455575885,3.654188975045619,4.279704665868695,4.478399182397159,0.007709772620542999,-0.1837149784384451,-0.10982771399050352,0.15735225339802372,-0.1181216914362365,0.054759878547923434,0.1421631370046592,-0.017119027513278873,0.1632048684221779,-0.04470568803352795,-0.2914030598301304,-0.30868326496116816,-0.15582382534800648,0.0002204191560546557,12.68617294514049,9.40058228431608,7.453199079222146,10.156803767140929,6.368938011198218,8.498706473062882,4.755698264441355,5.255297721502706,5.956578864885275,4.069739351203077,4.831403876565692,5.605170116939563,0.0045202058098769825,three,/content/speechcommands/three/8ec6dab6_nohash_0.wav,testing,5.0,Kitchen.wav
895,-220.06526588092976,46.521033489251835,18.887369673869834,19.1590810053608,-2.8825537000524255,-7.506907993932002,0.8131014314930436,-0.4801524937474278,1.4509109477454243,8.151455710460528,3.0162514752817025,1.7033839769484518,0.07421386585338041,91.99145896677949,29.535955428358186,15.389882397955459,23.5648668018976,19.263907162274666,15.213941351858436,9.077082574953817,12.098560832615293,15.100453972695384,8.682877988932514,8.394551635102243,8.477992157004474,0.05301485821701448,4.2723245703831445,2.5263728419652383,-0.13427767541033545,-0.977247201731105,-1.1291692014528736,-0.9102695566981934,-0.8178524194559329,-0.1414599809981589,0.2692509740600489,0.32092984504799577,-0.14209214486853522,-0.46653288848091634,0.0003427197375605183,24.61760217499892,11.831816305527575,10.568652536823055,8.344769973623157,8.130511600451241,7.093181125842824,5.2314295380487525,4.922256669710681,5.460269924332003,5.002490875052737,5.789826074972034,4.136282329419622,0.018750808491761615,-1.565693217624035,0.0035229466123016806,0.2576307883502363,-0.05950301609031546,-0.2331890217226481,-0.18568602224934014,-0.3741649269028005,0.09843102006456578,0.3089998278718531,0.02186778205488995,-0.1385754589057172,-0.18072381141194852,-0.0006058484315872193,21.761095278004763,13.708850417623111,11.112369089177609,6.9411461486173165,7.36843929586455,6.646006520496402,6.387808717001699,5.771252778049004,5.7937461915057815,6.167037916522648,6.382125769446491,5.109162128779842,0.012406648542863101,three,/content/speechcommands/three/1b4c9b89_nohash_0.wav,testing,5.0,Kitchen.wav
896,-253.808997970758,-9.311474867564344,23.3215290155818,31.544633976768118,27.391997959271823,7.239949818789421,15.12991782356143,6.400555401291865,5.5529261848096585,6.318493053661889,-0.185086045171165,8.059171987203667,0.05007197574013844,66.08158929162087,39.24224973419468,32.717043354932976,29.98655557739153,12.517015630542947,18.70591994483635,11.184926070440497,11.29912544547554,13.13166191448519,11.085846936999541,11.57929172778759,3.896629926778238,0.032712405167428606,-0.8127581982372513,0.5554631016350793,0.10268102465943894,0.515704338178888,0.12024396477170549,0.1280042657850635,-0.10817568387573298,0.060142342819255255,0.14154920262828738,0.14963696380482236,-0.269757126646544,0.056314163665291773,0.00014262646436691284,22.25748886401742,16.292666475056834,13.858135169053881,17.29080811705888,9.609437188616686,12.17411881692268,9.097606823666496,6.6885296650728225,6.855968130922271,7.505648228643293,5.842883293394486,3.1788855755968157,0.012557218586143561,0.18071722355330355,-0.049694454810657276,0.17105838867526066,0.04445808222193719,-0.040380702292475236,0.10833266172414113,0.2887599361238644,0.24063818313786842,0.17325374145180794,0.04333892764949135,0.07871696391735915,0.009745510046457451,0.00015867762267589568,14.363955752186424,15.52488209125524,11.092934403909434,15.05684542791093,11.043210066681945,11.954101687710295,11.098497782509128,7.655428899225372,8.23672723669852,9.894597470267657,7.79887953710054,4.290582909109176,0.007490793668960894,three,/content/speechcommands/three/3cbd76a3_nohash_0.wav,testing,5.0,Kitchen.wav
897,-283.370449580767,11.262017500505017,50.713032905861056,24.548704986241205,23.701830816639166,16.844747798774954,11.437262103042638,4.212201551343355,5.220127052067843,7.285805283352643,3.0012738399769434,4.490747409496069,0.033502354664960876,29.378149236035238,21.628955110040817,4.662437464650113,8.47019814245897,9.959566459411525,5.869415033594816,8.501559667887689,12.280210624444553,8.950229104010187,7.915621110927708,8.35663516497442,4.98684348638228,0.00884341447838727,-0.09554256966853905,-0.19631612683992755,-0.016172011630218898,0.04370725671379862,0.07495995580435105,0.15523361140855943,0.027986137806093134,0.10885448045457237,0.1851359674659723,0.017773757462014126,0.029310022207276833,0.015055507258097152,-0.00022046087730315424,11.809986379167183,10.31620632113992,4.565789577591874,6.213965569926593,5.226698442965067,4.6906457170866345,4.993000302231221,7.283481137705747,5.964690165608095,4.5397158509150515,3.701051166990848,2.385234171668473,0.004312979785974865,-0.17212572666120424,0.14303986440963135,-0.026570322384879337,-0.09574849251181318,0.19712672703405237,0.03697319048416302,0.2534534333531043,0.13683355480826734,0.0037031611827266294,-0.10737358921511587,0.0641998757350997,0.019955624900563757,0.00014717976252237957,9.580719691416682,9.038152032405442,5.607274940701579,6.513193031810328,6.072845972142307,5.42738189529581,5.541941718800368,8.090262069008936,7.503673548579156,5.7392408916791355,3.8887823759334283,3.3108111764793255,0.003777924986576699,three,/content/speechcommands/three/a8e25ebb_nohash_0.wav,testing,5.0,Kitchen.wav
898,-239.57400089249114,24.849159673575606,34.67872302277719,20.959278759167788,18.210227540995227,3.145119887686048,2.521470223031875,2.1641607712990183,3.1100733400708105,4.156472691812489,-2.198355284412157,4.198165460329718,0.03007318652817048,51.13651968987711,23.17921945651319,28.223012190382057,15.961086262090433,10.192215428739429,12.280272173547125,11.925395429441808,7.382812383265739,4.032693496023982,4.057238530315524,5.925754879062722,4.779782403846065,0.013936370617547482,-1.2236330272323115,-1.0629702385545983,0.0960021833592418,0.07399496287775714,0.36370175560498424,0.4381501853628298,0.384358977574144,0.27471543182733654,0.39236947862028326,0.027782679030734805,-0.16359712328560563,-0.4092627374803496,-0.00044182886279398395,22.986381372179604,12.226121735278664,13.267588692283976,8.422234159404736,6.3876913526414905,6.645349952839469,7.220231327122995,4.891967567108037,3.6114731235033184,3.3334812560312908,3.616788755607806,3.8119719645913217,0.00525367981260066,-1.5493150451888837,-1.1644780499333358,0.42184607925518,0.27594680044735564,0.09352481729945836,0.3038253558366224,0.0885871914665767,0.29965375985561676,0.12446691885909468,-0.05663129209528619,-0.07118267810050666,-0.001967878973679227,-6.881461789210637e-05,19.155556602090424,9.598641896303972,12.331599825395756,8.432316056647005,7.531198837068997,7.186587667217836,6.906842708501505,5.082209699585537,4.6250256941881664,3.8995620348175097,4.327797579642363,5.535058092261747,0.004255125912672858,three,/content/speechcommands/three/b2e2773a_nohash_0.wav,testing,5.0,Kitchen.wav
899,-184.26403501140865,27.61514982218699,36.94464237395893,26.32559758394162,15.96417728314325,4.017249403855903,6.118345017640773,0.5401736008592672,1.948300585054759,3.8104921684354904,2.8232118434004594,5.916725118842783,0.09571826545288786,58.54230635617332,43.6911025650756,17.52506589532058,18.806018747492235,7.790276368379303,11.630982684617207,10.740948779090266,14.072358974081101,10.973896939245934,7.880084100120267,5.317446899013628,4.7041896738690685,0.08168413472504515,0.20474468684934133,0.10763488577094033,0.3137226692396602,0.2492297895350999,0.34672119174756155,0.2234282409238654,0.09083542136709048,0.1468068373308595,0.03135772617549757,0.11386622728361578,0.0199082382286331,0.12445430741239287,0.0003753461905064121,16.093725049195697,14.92340280882015,10.482086781438424,9.532444149176037,6.089437974021643,6.399843615948567,6.028107701140941,4.8908672493754235,4.282520011629025,5.08869943696844,3.0970229218108134,3.1726383258675694,0.029172352139787392,-0.17903229785909977,-0.2379003281733797,0.11173296767116879,-0.027754714410768364,-0.025334618149984087,0.20209413089805678,0.33007740410800807,0.17157449384716716,-0.04551253144162081,-0.007523111638790307,0.014032433770281176,0.07082969153384717,0.00013419414560000102,12.327896566862927,12.225219105577237,10.93839737799532,10.678751211310372,8.139391254659555,7.547097003265952,6.632744808256133,5.574765492196672,4.581295809231306,6.860262430450958,3.899690175551983,4.158000218016502,0.02087082653954186,three,/content/speechcommands/three/d0faf7e4_nohash_1.wav,testing,5.0,Kitchen.wav
900,-278.76048152114083,41.26459741386836,30.284583161375988,20.72387106897543,13.479309364813684,-1.5689762303613004,-1.1321717667217694,2.020443571896978,6.077419256286597,5.304502553380372,1.4624277228631142,5.548629441815559,0.041025707905646414,41.53223106635156,28.464411124048187,11.840628829636438,17.031674782582236,13.783861333106223,10.73061923155983,12.998883657855405,8.207240624533913,7.351731973673036,7.877807627385371,5.608521533131898,4.660643008902822,0.02586546995551925,-4.417984099499797,-2.621602970830065,0.391047512854908,1.202670126718385,0.7835144110836039,0.6786641113446413,0.9362111994242732,0.4442771214445316,0.4674448078454683,0.41041700159870137,0.4994176639551664,0.35232375912391933,-0.0005837615819707994,15.55089778232768,10.63305754607383,7.159295065592435,9.633310494497385,5.651077058591004,7.342235966923097,6.956881067537143,6.062647166083119,5.770496349588633,4.702487557232009,3.489540205772797,3.747691342446324,0.008691326764985257,-0.029701725474062832,-0.1608622950360098,0.058523122578302215,0.010570540185544767,-0.11979141409430791,0.05406975213683835,-0.05435586180705079,-0.1699584527232511,-0.005121505895388978,0.18767807395885108,0.15366151455922553,0.011770526770897924,5.3692609071731566e-06,11.198924512719712,8.588785592737013,7.3484367861562045,10.475264086658687,6.44481922396073,8.285031790480588,6.768130802682646,6.805410200727458,6.949196746402366,5.6283414226003945,3.7225844680547175,4.67138519620245,0.00474509910470999,three,/content/speechcommands/three/f292725f_nohash_0.wav,testing,5.0,Kitchen.wav
901,-264.1038081340795,28.91464193838273,47.40251354251465,30.761570496405728,21.53419746119395,10.18730363942468,14.919201209457956,10.475895909650106,1.684679948451248,1.05138295008816,1.8539531256583541,5.97116285535888,0.04226853692671284,51.660740010276356,40.109360613064815,11.768670858433659,14.712944981869757,11.278941660866856,12.028094118106425,5.802147931153442,6.7374082232048425,13.80904066983707,11.93222764489703,4.485310942772771,4.696024863280094,0.023880876177948082,1.7317651950367796,0.2792542243609113,-0.5109664827792126,-0.16115335210450588,-0.6210487245287118,-0.1335405353563956,-0.6303492681911029,-0.2731775450609868,-0.4347839420977802,0.2287269173047986,0.15295708598976332,-0.2294807586229787,-0.00022765946003698532,20.96455250920867,17.27776979359234,9.740098886976268,9.295235027846088,6.89521839532846,5.731669481858572,4.591524762567922,4.487621174417877,6.421937474390161,5.1989459047129785,4.219161365718414,3.5966411192402035,0.009831107778917752,0.49120468488901564,-0.48239110395357243,-0.4977890190220036,-0.46768225432827915,-0.391286655490118,-0.19110183504133935,-0.35977096540021936,-0.11960244156079464,-0.19432704100544568,0.11298676541336,0.08423393462813208,-0.07907791128902074,-0.00034427549690008163,18.48182437604886,14.291525644852653,11.799535908629487,9.702577195402386,8.537891274554736,6.968244887976301,5.885731836903479,5.316795374020768,6.696448634344011,5.885789655092018,6.052779669196689,4.619361710814917,0.010071887794375907,three,/content/speechcommands/three/95ba4996_nohash_2.wav,testing,5.0,Kitchen.wav
902,-246.80764141425797,16.62776883806873,53.10708569818412,46.565514106536185,19.393496767847665,0.40588679914437054,3.9526701678145835,0.5146829104167044,8.229117308729549,-3.1178053614559187,-10.11206768977577,2.9475867115071948,0.08330424880841747,70.5285321576323,43.061354939013206,21.17867759647802,19.19223348836498,9.226038221013287,15.630639692224042,12.594355780324577,14.158058592712974,7.299017823596098,11.958613254902641,16.542163916089542,8.00765835317227,0.04999303780254853,0.059930686624863574,0.3670185590145142,0.34275000403901373,0.24538366771081258,-0.008145714371467605,-0.07486717825501928,0.07753844755277074,0.010242825566019308,-0.046325117486371505,0.10949736403935278,-0.003945513819996451,-0.13084092061446673,-0.0007876145743554639,25.188658566484055,17.049451355866733,7.874316862346454,5.82164245884428,5.354575398320005,6.3589427777376,5.583250944422094,5.419268228494492,4.940050187436138,3.8263407803111242,5.251448491119197,5.040017696784455,0.013325936158951512,-0.45417282128114683,-0.35834476221885875,-0.021618300153644774,-0.00021384437746701696,-0.12593843162960947,0.009100458656569247,0.01680548368355712,0.22723675122625533,0.047517845396528396,-0.03255353394613601,0.11517702966024658,-0.03575862589430085,-0.00019844168176253636,22.388572753680602,16.509492190441534,9.106992229288457,5.895639472896846,5.280585054995969,6.601880392239308,6.97430534143856,6.549450166964085,5.953924159556309,3.690898137646198,5.100518922191559,5.963937821112474,0.01056977449291121,three,/content/speechcommands/three/b49caed3_nohash_3.wav,testing,5.0,Kitchen.wav
903,-299.13046698353855,7.299975767862331,30.66629568676627,38.11648728466171,27.792595013866155,12.805248675721334,15.005023121782653,10.987245516317163,9.885136515638681,5.731213408982442,2.0712837562991018,5.504972892301474,0.03883681201841682,66.38862344863324,32.32500956660423,13.33512077177776,19.34862982256301,9.776736700623289,9.239161540152944,8.608627579104803,9.339717004058238,7.879874961184639,6.3118559935294405,7.989600336541867,4.404150507350535,0.019560221168856366,0.3567956118591984,0.17434807378464573,-0.1608808022956358,0.1519290946595355,0.1355793102444613,-0.0943884708218705,0.16166627688127044,0.11863503546874302,-0.10086881664523552,-0.377233867150227,-0.25465387710770704,-0.09346177432093225,0.00017492100596427917,24.652801423035704,13.81948505536688,9.404859605444303,9.290538351317423,7.565336008235181,7.074151227312082,6.459478062880749,6.225330070309199,5.445858182485059,3.576762544027303,6.053003757689779,3.3638800519676333,0.008082576303394293,-0.21761657562358702,0.10688453468119648,0.15979919740991685,0.10951820073624614,0.02949921310391055,0.03854963693190072,0.13508576540162184,0.006324843595542262,0.18015303250695205,0.13395944286589176,0.0501778409868655,-0.12653237070906023,8.517516156037648e-05,21.10662071628179,13.239187790627087,11.258427863333617,8.772950989019947,9.319376062373998,8.790702387272715,8.4062815538982,7.274040247745006,6.262105464918997,4.455797499743421,7.17250770936403,4.426778791043973,0.005599655635943298,three,/content/speechcommands/three/37dca74f_nohash_3.wav,testing,5.0,Kitchen.wav
904,-312.4166628372439,26.68980544580854,35.348916023884804,29.734454393443244,25.5225927893789,15.916111519518694,11.380799982360939,8.326101283945558,9.988112672723503,7.580512917236321,4.438353483297943,9.923115657941953,0.048943527539571124,34.9511852690206,24.84199533876383,10.74600758612922,11.290602878657108,11.858179262894366,10.342158870099551,13.929193388140561,12.811609201911496,6.708042894518742,8.353500668845845,8.348594821144564,3.842588399977644,0.012971832651946905,0.6093957938108298,0.8740632190118623,-0.009460657409893651,-0.4710657417292806,-0.36538886550404787,-0.17962737620461675,0.20211041513308423,-0.08628234089291968,0.04781504601310665,-0.222099880878353,-0.19567885798946355,-0.34984960478952887,-0.0009980093816231038,15.544413772505038,11.28218317114582,9.834906346424775,8.139398538766459,5.522963938852876,8.148623863324532,7.432708906302158,5.817488239617633,5.328418333926456,5.300996180538652,5.33206054312968,4.1931538832444035,0.006499766069803878,-0.5814045807589038,-0.33457406962552155,0.28942319509893544,0.4431957266416613,0.20873274269003653,0.17154090406713557,0.04394549814092726,0.07525211758563698,0.1636222038216417,-0.0221141924145875,-0.08347787676820714,0.07369002377070766,-7.318765191095216e-05,12.324510545295231,10.126356900592056,11.030020044695691,9.58933841747149,6.221953092445445,8.493409462013464,6.261064702968184,5.287207410356255,6.198088207387242,5.318188011434029,6.644177978692863,6.522819497279258,0.006492860187615472,three,/content/speechcommands/three/d91a159e_nohash_0.wav,testing,5.0,Kitchen.wav
905,-290.5234972969237,43.51202456179529,43.25759263934915,25.799327376886104,10.05305860055514,-6.620319700974973,2.4903433814342875,14.910818634115167,15.31324348125128,13.305272037413573,12.0647097380371,8.691483763803264,0.06299204711103812,53.215507087681964,33.1085881244938,13.602457053513376,9.179037726969076,11.584391142029435,25.79182288364314,14.302511444436952,4.472102063105894,5.574922709360798,6.983977249195512,6.223599664232235,7.059345924148422,0.03545973434757894,0.30515092176073627,0.17806287114943414,0.11370211613985343,0.17061425150717172,-0.34097377275524277,-0.31567580582755794,-0.40170605922492986,-0.041835384749642775,0.1323309483481374,0.4854288828913397,0.4350013714105042,-0.3434501309741077,-0.0003725600939604544,19.427730904854645,13.719679763590058,9.47369407512057,4.873207502962251,6.336786674426475,8.832775368545779,5.406916136623442,4.212820137045853,3.640721258685119,4.265707231708696,4.196475021485103,4.438965662797522,0.017448674873086448,-0.7453806957884657,-0.8584806278800925,-0.2695252079050995,-0.16195132985583277,-0.10536140434848609,-0.009954127865023003,0.005246530369801524,0.12621384438307282,-0.09273967153858689,0.06325387126937858,-0.017930614392549355,0.03735704086283699,-0.0005374799792965253,13.405382477193028,10.636212217099363,8.890381699989474,5.283146656703472,6.328471489316881,6.4239074390523925,5.263172108802223,5.143568150721461,4.693399841311101,5.494692866638967,4.87951341438875,5.139406722576701,0.012837421815922843,three,/content/speechcommands/three/5e3dde6b_nohash_0.wav,testing,5.0,Kitchen.wav
906,-234.576655602891,20.321401550042275,40.254102292209005,43.30614215156125,25.29892405852855,-10.028330604962083,7.531374688402487,11.8970444283769,-4.271019202107993,3.7422076204552677,3.5323155456652087,-0.754698156337587,0.07336703519104049,73.83705572813417,42.20883065885915,23.69740561656813,20.279142992868163,8.130413751653,22.97852362732504,6.207268909165659,4.489363685991611,19.375577801943965,9.84437444230926,6.916813538956523,11.464283914161095,0.048584702315623625,3.1838604908176693,3.609790704492492,1.3858349163956434,0.16133388372581944,-0.2933487263111512,-0.21031190433471889,0.47914545796739444,0.2484321215675359,-0.23676090017943122,-0.36617854804498173,-0.7075299681287361,-0.6952759389041534,0.0012512420935015525,25.436443767802412,15.013596412747269,9.969189086452975,7.044818000330122,5.1291943120958035,6.877608932470149,4.846684376742729,4.250870477503854,5.81971821768808,4.226435397486254,4.734502504199346,4.1824118832088715,0.014744158795202307,0.4015913481331002,0.6936785087840802,0.2811656040546289,-0.41258713779570066,-0.1385423566052682,0.42478607517792827,0.0951546469753246,-0.17626225312169783,0.28921406294564467,0.048557845889898886,-0.05501033805163112,0.08246403338948666,-5.41697566707929e-05,24.937023298987587,15.231069684454718,10.962713627181776,7.728065790526245,7.42814587019119,5.859367797052573,5.659006436018736,5.223554339145742,6.424813439801154,5.8307581601730405,5.659214512884703,5.072828244254766,0.011992493880139224,three,/content/speechcommands/three/b97c9f77_nohash_3.wav,testing,5.0,Kitchen.wav
907,-236.31319037642305,22.877541170760963,24.027068400488492,15.987453747130278,9.546592312872791,-0.3700712097850128,7.647081846017848,6.550112342885127,4.329106147642719,6.459047467965922,4.048016708715634,4.640138097731008,0.04559589287964627,42.36070180694637,37.43623046087069,12.492102607904394,13.481330221937544,6.866169568566896,13.235996803991124,14.149522123338826,11.70121315237801,10.721590206108674,7.2946702309905325,5.295122736437291,7.354898799018146,0.016074950939742098,0.23887202285860923,0.34749793507352894,-0.25397855698341065,-0.2391526644144351,-0.11300998838198721,-0.22029569004696176,0.27452706629494256,0.009548385738699403,-0.15077543197658508,-0.27417833899383065,-0.012699168983614286,0.22226096300342543,0.00017889997651500086,17.588889211166357,14.647660713021224,6.1450834212508045,7.272968273240193,5.757551764826886,6.424734277833414,5.192808638454959,5.532775266102231,5.740248539649458,3.7212256628374196,2.458676021634957,2.948030087549212,0.006545329463165663,-0.5156207276516436,-0.1522956025943579,0.05243178929291054,0.06575617824554154,0.21540968222717255,0.2609932336307791,-0.10409939143772527,-0.09919285494316447,0.029092834882925533,0.022482735828531983,0.11159243111094455,0.08952756148825865,9.240855773289998e-05,16.32107336500271,12.548054358315948,6.312296585094472,7.106133431106716,7.529137627565196,7.4801116968966,4.764266882410793,5.603222879494572,6.866518782499331,4.515297306371469,2.7425606426237183,3.7247221942071898,0.005032849412976218,three,/content/speechcommands/three/fe1916ba_nohash_0.wav,testing,5.0,Kitchen.wav
908,-207.52864376511164,32.87235364256984,39.07195196322133,29.42172467083044,6.686662364840302,4.188613909091376,-1.2508551944261725,3.818538273560636,0.16767179732699727,1.5520565390056031,-2.361233120091401,-0.2595674165414322,0.08368484897073358,82.24786846493048,55.0164781310085,33.64919118976691,27.792582649558707,15.945774111693943,11.326647259569702,12.128780125128547,9.974764369353789,9.796316442570728,7.77284391726632,6.706146035386264,8.30865077300864,0.07861173789570525,6.446660569071654,6.316535446231982,-1.7805708444303485,-2.6370094855426194,-0.4473738916135513,-0.757204000586376,-0.1810528301173913,-0.4136500179611994,-0.13850859125516155,-0.7301098839787646,-0.6212093397517474,-0.032004688267204935,0.0019276438941878656,46.8477431794728,23.11426345243415,20.11774449650265,14.09205662681968,11.967024219481981,6.218613024572622,8.42836337669605,5.941348830859794,5.192388511071914,4.134853937439376,4.8259676295129585,5.6212067978009586,0.03450422905955173,0.6762735454346323,-0.530845430954822,1.0236342056716379,0.5448319217473266,-0.7203072874548254,-0.0159722997272004,0.3044527573144034,-0.40503532301743317,-0.639275773573699,-0.18880045984116384,0.04096946514391586,-0.1979609118859648,0.00015497903029123943,44.640518223501736,25.901653105136614,20.381915869105214,18.73020998212361,15.021283408628541,6.789540440579233,10.48561477413516,7.472895433673449,6.1080944905971375,5.365491078048472,6.3062442783160595,8.080047679653354,0.03147978719322443,three,/content/speechcommands/three/97f4c236_nohash_1.wav,testing,5.0,Kitchen.wav
909,-242.58024093676752,26.87816580927497,31.04336486126292,44.858561710359595,18.54748117619784,-3.7254701152879894,3.0465148600493515,1.1414685407284593,5.631622119024114,3.1737886005035354,2.201438106068834,2.3882133653515307,0.05871258699335158,65.46507846083048,16.362633167087345,20.093989205683084,37.70189786148284,8.151396947714371,11.626422797839512,9.358168083989343,9.870570461651859,12.330288252984438,15.491032422585699,7.408290353308342,10.907681091682353,0.036804358464137724,0.6106630466616102,0.6367684766428999,0.5519031090876132,0.1719632062826335,-0.16251445317166816,-0.1885681556758511,-0.4585519697987587,-0.7939265466875094,-0.6475765199761453,-0.13321420725262692,-0.08072829628473817,-0.36032368577604396,-0.0012489314521512678,26.619078259694387,9.123466351202426,12.964073335783564,13.67262253332591,7.363637332274868,6.1114443863511365,6.440311401188174,5.004691329619341,6.274518314722525,7.441328288643879,4.874960917184782,3.7306110320717996,0.012549889434130086,-0.576777197813713,-0.2234085704890957,0.1385769161848072,0.14529813040913803,0.03909912343956847,-0.002934616873585997,0.0181104773704746,-0.04697318786645746,-0.06675008719315272,-0.361979079901999,-0.30681842143636057,-0.09959970533195908,-0.00022147086759408314,26.08825993668465,10.250183648717273,13.727404305144791,9.749129978842467,8.136714837663385,7.070348134384646,7.276758228350715,5.6302165552842895,5.839399810125505,7.467412136380233,5.083136283787799,3.8892692398117155,0.008849682128636337,three,/content/speechcommands/three/c22d3f18_nohash_1.wav,testing,5.0,Kitchen.wav
910,-241.82337224976118,20.386915604274087,46.136803511148415,35.52378868835715,17.84431646276001,4.920679953847147,4.740168735984724,-2.5115863984007363,7.2552068276104285,-2.781881514036839,-11.656407160929064,3.205666601337436,0.08873372402740642,89.31426324964444,43.104325537554566,22.144474997477918,28.06515047307737,13.10083397408158,12.225543596610764,12.695912573863808,16.190488078234377,9.106489216520796,10.733176285907904,13.733694514884862,9.14711909889877,0.08626172127393225,-0.1456573322941256,0.08177480326415218,0.2519519891332853,0.25985314422888106,0.21942637248673405,0.26665036824883304,0.03638590111037843,0.0714016919837026,0.18524452419688597,-0.13500985511588162,0.018587356957700404,0.012148088181052737,0.0007046911144448865,25.710381325068706,19.03552724214115,10.661025570956598,13.46133940938373,8.094438679112747,5.9231586601778075,4.976505635011508,5.287317286735396,6.098769553947183,4.735459065770303,4.923603322084836,6.099457982600769,0.02580576198614149,-0.3314978478429149,-0.25839720962581936,-0.0016238781287493491,-0.012603504050428427,-0.058835974600810886,0.2171758012636148,0.3182186306663469,0.22619093301670926,0.2512258118076472,0.05893182418628218,0.2245715048151207,0.16190610580347614,3.3083092421293256e-05,24.37132797709221,20.336859906415917,9.98816486303393,15.173296153401964,8.832354431122189,7.155930344344106,5.358862621438497,5.348454343624123,6.374951087944288,5.4355790358608,5.370490717475196,5.530713389993882,0.015135196511136728,three,/content/speechcommands/three/b49caed3_nohash_4.wav,testing,5.0,Kitchen.wav
911,-256.7360139242058,40.38117639823483,44.48961250099802,30.16236646808884,9.30812053097838,12.655299561877163,2.4396871733992445,0.07068483826704353,1.1341106281108042,1.1036532807731323,-1.8272059306688817,6.213109877780498,0.07983825873816386,73.8856787485345,29.35159636205085,30.55936007832301,10.308249849312247,14.6934614265,7.984532691588799,14.297733366154503,10.605217021525691,8.234758808288086,9.55371424265296,9.540360910712764,5.549084009577912,0.07507104065049129,1.8822441300815245,2.5921246762455596,1.466115456704284,-0.34462678012389536,-0.09468920861079007,0.08652422447902568,-0.06662382926266405,-0.3495715528279678,-0.23235180445514095,0.10333569299594765,-0.23270229478217838,-0.4687918151140825,-0.00024565621729820007,27.049583423735974,15.587081668955499,18.40612642940913,5.917003788678237,8.485039091246234,7.638273763238187,9.467927398142118,5.807753637260489,5.061581254514752,5.897586573887338,4.370857388952883,4.168263093297341,0.03029330356441255,0.08096192017211952,-0.02270085748896863,-0.46100836810210477,-0.09856215377783321,-0.2724691238550783,-0.13797398254033558,-0.09760676684971266,0.1127061007801632,0.3607838108539084,0.3800231584904264,0.2610426326075506,0.16133336672581547,3.4256900350252786e-05,23.909052273550596,16.027494257549453,23.58562668045307,7.6129728708495765,10.305723706393133,9.445158836724138,10.39006300771367,6.144518884741908,5.9882960751343655,8.219977127026631,4.974622122750207,5.795845710839132,0.02431847500413778,three,/content/speechcommands/three/97f4c236_nohash_4.wav,testing,5.0,Kitchen.wav
912,-271.91310861761735,52.191526450376244,37.229329626472875,25.398570975100306,15.931508804619943,-0.03662123142096352,2.4366383007370276,4.690511192609437,0.8139705334820109,4.789457590448759,0.17218133541954717,0.4821344875062484,0.03904353088000789,39.68993432758494,34.475941541807,16.28636529374268,18.304768290112747,15.112901520012626,15.965779665812702,10.900545377630703,7.637727699657174,8.959668028368956,6.3493202975240255,5.272759804428446,6.149193120536437,0.01880481344098429,-0.053050603000432635,-0.03485851485151689,0.42644828842202737,0.4527250960495754,0.11701324690934262,-0.289777741589586,-0.26574953529909856,-0.20914000190732088,-0.0380288161785453,-0.046207947435230545,-0.21176938544643534,-0.113987800827769,-0.00019773696699450092,17.098997127720892,15.068744022212524,10.059213486035226,8.584918381667901,9.242960974164268,8.914909266434403,7.4750367533262265,6.096355254236806,5.405560382801253,5.417502033042431,3.867400815205441,3.838364273617414,0.006329174322659783,-0.331789126969043,-0.4118711820462818,-0.3653521654233021,-0.1564038021666524,0.04881389150746411,0.052339259243630094,0.02906597297715295,0.015682479481794805,0.12503613642240044,-0.16926566752029576,-0.07045212471253944,0.13946103834849788,-0.00010826575259367624,18.555129390438438,14.727744040915956,9.15628414421676,8.225102228400353,8.169412708169263,8.908948905992482,8.665659352628026,7.865644248760199,7.032748392848698,6.83832886890052,5.1855475448040815,4.560850128907337,0.0061873436138998395,three,/content/speechcommands/three/b11a05d2_nohash_0.wav,testing,5.0,Kitchen.wav
913,-198.75523406802452,78.58022193035553,37.57539769970363,38.16985006520919,27.293197268843596,-1.8210629373923992,2.9040468901460317,6.742680134296788,1.0541492319472139,-0.5971419756361713,-1.8216196169102286,3.4046101134584794,0.0660660715530748,41.40137175879986,29.75863750532129,19.749079579196724,19.283783695187118,13.884392575604869,14.497938598008245,13.941141627296243,8.735538655847119,8.97315637181552,6.536791479226968,5.456363969203077,6.749962495223914,0.026611063994358156,2.1340451820976836,2.0122808539701227,1.4227715900717215,1.046489990232373,0.17097391214944094,-0.5453754081157018,-0.6449047410468876,-0.8697744307941591,-0.9762361689776239,-0.5082616894383342,-0.2649408534694082,-0.6021834979055425,0.0018235861577770927,21.511653087440077,16.810759858358075,11.630362549475088,6.970273202545442,7.573177770450391,6.877743900829131,8.002575621906395,5.175466022393903,4.469390199158753,4.6426621131146835,3.2235453000160734,4.46210525892072,0.010373111185125983,-1.339260282012781,-0.8426488052157689,-0.2071268924206486,-0.2604055218767654,0.27705916231565875,0.6205119444299292,-0.12595456256485074,0.14458597904113887,0.7521305280923892,0.21669056704483897,0.26740378434626977,0.140636827536892,1.8524981680370512e-05,22.916541752483187,16.60560866287131,11.363111418514112,7.920319632020923,7.610490753178909,7.128829348925408,8.694986771984786,5.898755872530888,5.562762496337234,5.941363875997431,4.38148760666306,6.309210998292482,0.009303610977391916,three,/content/speechcommands/three/9d171fee_nohash_0.wav,testing,5.0,Kitchen.wav
914,-213.19114073005534,18.121727276965224,30.39345016640937,28.666358989369623,2.408856643025767,-5.466951000964601,3.7216430433404435,-0.27569298140109727,-4.69837779270594,5.323943012746524,3.294022260608356,4.932211711168135,0.08461631031241268,81.44100437687435,38.892849237203585,26.14771982155602,21.658706518810167,27.80413536221533,19.689421349133806,16.883813893100058,11.352349265494846,17.54529174620889,10.015018460486758,8.121910086095893,7.347872924249374,0.060685295154344426,0.640781781794073,0.43670023854563234,-0.14778175695322754,-0.6018742607442813,-0.3338615268432596,0.028006241834566643,-0.1615608356874494,-0.02023827103858539,0.06556080059626417,0.26362400605032715,0.05697122424289273,-0.15483062991793425,-0.0009032274566350445,31.49384803665957,19.46153504204827,15.69118480491009,9.355985179753281,12.598920276355702,8.399832661868311,8.434591165733904,7.511125166447331,6.667120854900599,4.241331924028779,4.219011621838033,3.775153063852679,0.01952098355468101,-0.5762968586743588,-0.39603072584692556,0.5677956784303171,0.5003487408639499,0.31879930158354064,0.47202076992466807,0.31560635117672076,0.03277132843233937,-0.07003647091399874,0.00495140478912545,0.015948205834568203,0.11685953634092303,-7.679748038450878e-06,26.05124168814615,19.54435373669523,19.794654893792735,7.956441088616471,10.610584565147851,9.973406658504116,9.706370604621057,8.074664341552632,7.650688628744938,5.408713001190808,4.417621513778874,5.031385294751277,0.01664892725902163,three,/content/speechcommands/three/8c7f81df_nohash_0.wav,testing,5.0,Kitchen.wav
915,-251.64911483313577,33.64770679490167,26.670726035826746,23.99149236704575,12.464220309805652,6.087598698349595,8.245690248767028,3.836706384828051,2.9135408317456415,6.336073624106541,3.191622138523344,3.393572155675865,0.033801642681161564,21.588197877434286,11.625564078988416,4.52295079117593,12.358883039570951,5.666491424744201,7.230169323366743,6.257103774027283,7.846984731444274,8.086574427377656,5.370981020401997,6.7616046589405965,6.246648242943525,0.011637534126888777,0.6119346910111192,0.014785330905658072,0.0700767361985542,-0.30447112261181924,-0.5946014718982748,-0.41174090185192824,-0.14144827058344858,0.08106650916374379,0.08093168905220785,0.20691828798426778,-0.37517822367970033,-0.465926798715911,-0.0007201578339626049,6.810160258602597,6.876563665636778,3.255194552178611,6.886302571155827,3.713915953021903,3.956642949686261,4.558584436606029,3.886234801554882,4.733254195846319,3.8102330124874912,4.822609661604304,4.683748033176751,0.006058692473593594,-0.3993771578790657,-0.28224208501171777,0.06138050279489932,-0.2043591425297518,-0.17079015533136113,0.010449140173818166,-0.09467807143740359,0.08736994355864429,0.09620138270451431,-0.031946885077026047,-0.17741127910242985,0.18055897689859038,0.00017839869750397547,5.922182797431496,6.8208964425812395,4.023697473231646,7.315644919714706,4.632401805572385,4.420860501496234,4.808081701451134,4.159714023383735,4.46327190550825,5.015853643575767,5.915147230868513,5.644438626735582,0.005158381597317382,three,/content/speechcommands/three/2fa39636_nohash_0.wav,testing,5.0,Kitchen.wav
916,-243.5204610026524,7.2326398239874505,29.104617970689464,28.309586911760416,19.459079590750846,7.601335455932718,7.909706327327188,7.480217721799736,4.570482497036094,7.137611165196512,4.574984006067924,6.722039439207858,0.03774633293505758,40.81052165747728,21.001603953043805,12.754431429896242,18.30623995993042,10.64984188394577,7.146018592166372,4.782284634137551,6.387785626942973,5.958901637474767,5.354993646182771,9.793823338368478,5.338553446125146,0.01389754932727361,-0.7817046000134489,-1.080793510277355,-0.07416324279999731,0.16131989712485129,0.18691976155613618,-0.054664042425239576,0.3879507275370391,0.09802395722531503,0.3360350382597562,0.055842240382658295,-0.2419261664658749,-0.13720795684529866,-0.0006008540550547261,21.087075732684397,10.57407794906274,8.72697108825313,10.430359025566515,5.724898359226288,5.382923844039285,4.202267438011213,4.914475256427742,4.371356769795796,3.8721495165626307,5.490509539091261,4.172131686014658,0.00785476655421259,-0.05472922680605829,0.11700917942009206,0.04398596186789992,-0.276976666434374,-0.07630622659272503,0.17953926587773522,-0.10822406741748987,0.10429657789024176,0.08711767075454548,-0.06698865328786266,-0.20633019420580284,-0.02093119229861588,6.969155122836431e-05,21.67608040306782,11.415910949508591,10.673188510564115,10.968706314390207,5.796264504488843,6.659158783700613,5.574129718067303,5.598283394359564,5.487644826732785,5.6541199263887965,5.4524877873893685,5.781992419461474,0.005884707350939113,three,/content/speechcommands/three/37dca74f_nohash_0.wav,testing,5.0,Kitchen.wav
917,-176.5941212345976,50.276612476856926,19.36696373435809,14.83425633116783,12.318594538380792,-1.462537189873785,7.202160269275738,6.753192826581841,2.7985810613135476,4.594867100452525,4.530589740018578,4.314802748948284,0.10609951330116019,78.21127172809157,39.839528978755716,26.99292691893693,23.003604099914476,9.582526738312323,17.4783522444425,14.158707378093819,8.733742464429717,11.010957109049283,11.695345398185774,9.042291081686335,9.383870621057895,0.08204082761826996,-2.1077932110724533,-0.8533322712954865,1.7833699602256212,1.0571930807172565,0.17241039453213294,0.1911732469747824,0.25363433955515596,0.05308713998829938,-0.10711584266111279,-0.15093249521711377,-0.5730061719814051,-0.27768350727494473,-0.00038760618096397766,43.06531899425891,22.088375336928856,17.038597790497267,9.718054267743108,7.538303214729681,8.9490744383676,7.8084077907498015,6.857428346619512,5.065539211982974,5.081070873319391,6.317857626218375,7.150091956141851,0.040712741152876396,-0.3545102738028561,-0.1865588095235213,-0.3290375205107685,-0.053042629764153006,-0.07307708388597547,0.0813549494162657,-0.1581767955606369,0.03901766417954248,-0.043217103385934465,0.09293320945774894,0.07288396503000444,-0.37912701731493714,-0.00018781963735818862,43.63911640908834,25.314008245289486,16.83888325259197,9.923833130867898,8.902622506795044,10.589450698548902,8.150819351739313,8.315538859000505,5.376693785285102,4.080625925205126,7.657333807945465,9.550423987541807,0.03596737436346722,three,/content/speechcommands/three/840c366d_nohash_0.wav,testing,5.0,Kitchen.wav
918,-298.2972855707176,-10.889863880742507,32.064357792243165,16.864553832882894,18.26156408157029,12.147770678013117,11.251910538029852,11.91496686287525,13.229242520528512,6.037331745386663,8.928669466155384,10.03962268204403,0.03741364541929215,48.312418563402765,9.035551626390063,8.275748354834478,11.05458583989696,7.8091847769727085,5.6199428741029065,7.164056597042568,5.688378491207307,3.3746589557390965,5.267100473721137,6.210184131772164,4.615175404851493,0.00633733368601462,-1.0575302621208877,-0.5689265173460558,0.1654877974628187,0.624965446988274,0.607066088286863,0.5552168623841032,0.16589038434228698,0.08633184108659032,-0.10467084308073546,-0.05250092824416278,-0.10348685030736707,0.2354774401387194,0.00021484229833849014,25.207241031895744,4.900409127721303,5.175640962611977,5.101728114793521,4.468627614952314,3.709048165625179,4.070741682250543,3.9813759958608133,2.7618229449308673,3.9557953270158905,3.839595342266328,3.9575596932854307,0.0031791664555870054,-0.1362318102486616,0.24021768352328793,0.010433370703540371,0.00906057972187826,0.12892454573887774,0.04824893110894172,0.04569702889714258,0.09653165214535378,0.009352311974443714,0.03560230272238375,-0.0038618765650367,-0.17266443603951184,0.00011384313305219014,25.398327542610275,5.598637629465018,5.920551762590603,5.5768540631780965,5.799110488864926,4.227880027068477,5.102365016642022,4.842759482053405,3.8786031475059253,5.3256784994395945,5.097602394231943,5.017165470060703,0.0028666370731162106,three,/content/speechcommands/three/e41a903b_nohash_4.wav,testing,5.0,Kitchen.wav
919,-277.89385006602487,-11.289659316239486,32.45485572777923,35.2041221747691,27.61018148703709,10.721958647608991,13.374211229861126,8.160419037609568,10.848268130638003,7.899440523782839,2.745379524613492,7.832246976636002,0.042393968848045915,75.36844222489363,33.12672318410398,24.876401835550276,21.319467494398342,12.267745485843996,12.97632400702596,7.303917146815382,12.101956316762351,5.374700270875658,6.874643228888223,10.154575230029229,5.697462348277726,0.021946217913666872,-0.5659265360875818,-0.1328082980410608,0.06893142583574344,0.03589865765788663,-0.08429856397374257,-0.05595842250333347,-0.09347778550684298,-0.1438420965909743,0.05795743931843469,0.16864215588565518,0.14187882217027417,0.14390395024945918,-0.0007939243749264747,28.087511400571074,13.538667870127055,12.654020329631095,9.978362882091192,7.3083460140245045,7.472378537496808,3.9447680041977833,7.445507034075267,4.443716718650424,4.148065029095921,5.321227842047131,4.296568472325943,0.008695119327470661,-0.11157218520262784,0.03183399522985913,0.10094163577805375,-0.08798295070816167,-0.18097561188965716,-0.08066570640696238,0.037751866725521284,-0.07285410897454536,-0.0190546389399751,-0.10889326330385976,-0.07689226872642202,0.12626666392159022,7.636062800884247e-05,24.689721640638712,14.972167231545933,11.269598173636103,8.438870950864406,8.239608312066954,7.94136525526039,4.953792443539256,7.685598664428187,5.96410523946207,5.186539592094135,5.71432854968507,6.08419775790065,0.0071224582039050525,three,/content/speechcommands/three/37dca74f_nohash_1.wav,testing,5.0,Kitchen.wav
920,-256.1965326314837,-21.914871139650955,29.200007960690122,50.77692538614781,12.879683390978029,4.856264559851821,15.742970032195363,1.6483717116165766,3.4262787197863567,2.7199389167145007,3.7728209473177903,7.96863167198282,0.06326450285268947,68.17990832764677,18.83750050081949,21.94140151499098,44.649171160984345,13.47130457679398,17.533792526496672,7.206972523060078,17.175681676545214,12.488006512700863,12.9338767590394,8.04560799093818,11.459853393270413,0.05435011070519515,3.119407550471256,-0.8068143629133154,-1.296689723455755,0.17762084675127066,0.3251533344705654,0.7380312966009627,0.39936134178080535,-0.09645420493234447,-0.06954852326541543,0.34216249191280224,0.36982744448578214,0.3875399508229088,0.0004287324845790863,22.74966740122235,10.336231990918378,11.102169454205795,15.272055830163135,7.771235249155842,7.680711879882083,5.709725446375436,7.855095018238728,5.60374873399918,5.152730721016228,5.538244844358197,6.44662297994374,0.021501279028459868,0.2260209630532529,0.0885597046564482,-0.25772151556577005,0.08057942574331693,0.15682406447262634,0.12275326927759232,0.2090027890203877,0.32299575404271547,-0.08898481497596723,-0.36002540347582657,-0.33744322445819536,0.06680844018774247,0.00023097085456053417,13.669574855591069,10.412315710032086,9.228748898553748,9.48171510090805,7.9543200785796895,9.203643026944905,8.888355292073845,7.694127658518584,6.160527118806861,5.429448202614727,6.236234116706942,7.217437182140965,0.013370019665528518,three,/content/speechcommands/three/cd85758f_nohash_4.wav,testing,5.0,Kitchen.wav
921,-245.9219608528574,33.70119257322647,56.578146057255196,27.14356298379336,3.4969463707309467,-15.312759695714917,-3.9834130147816484,7.048952535607271,6.422677309395413,6.239834991251287,3.3277606997766043,-0.005093166030128882,0.06916156533407047,60.69330089240009,47.00988461381279,20.565936814231588,11.090618690923032,12.014884268795791,25.910337435745017,16.161732962598368,5.8276931637140095,4.537141700862217,4.846672352387359,4.844756236279803,7.487929958030344,0.05404250068125376,1.701648490163802,2.833946435920804,0.9814261586220425,-0.5809681806650907,-0.945263811029044,-1.1638497856765284,-0.5839174878031658,-0.24984792485632643,-0.06925936051966748,-0.46653044536750204,-0.5907673428396647,-0.39547067283730125,-0.0006979776005591116,20.97863735190086,17.18600467454281,11.584244109485065,6.303526827545534,6.066741558445421,8.34939433759757,6.107835054983028,4.1983979739796595,3.1792552011402297,3.105956466356615,3.3626218411873134,4.344341819043441,0.018103005060082326,-0.5867654624104053,-0.238635812939145,0.21216530791594104,0.5169345923601614,0.2212013842744401,0.009212507801783332,-0.03929506480355438,0.1326878413368119,-0.02034490814569905,-0.15942956304620984,0.07705998632394334,0.15654263722492376,3.0334852635860442e-05,17.778357757758922,15.984169030660816,11.223247936791129,7.540081859767684,6.380905709310482,7.228444112643661,5.858851419829168,4.884242942152862,4.145737251014476,4.313940795865469,4.9558179106472116,5.775561598498854,0.015058841563484216,three,/content/speechcommands/three/5e3dde6b_nohash_4.wav,testing,5.0,Kitchen.wav
922,-259.6547410815541,47.987793786275134,43.30550045146677,33.28292108997349,13.371372002698699,3.660828679440521,-7.509289404805597,-5.101984902705812,-0.4879369579074993,-0.9467854652693433,-0.3048737973386981,4.204572707384492,0.07072984095430002,43.45013551974541,20.68666656460426,16.499214147163382,17.25040295805778,12.523208430386388,8.751246938237836,11.297385116803595,12.279636679280454,7.046789690501283,5.693025566669752,4.75426122880752,8.66783355350031,0.03483581759280039,0.470665100297336,-0.1056541762691451,-0.3268641263898676,0.05305174546209328,0.3020458470394478,0.0763204393024252,-0.11655239243856669,-0.27067741963439956,-0.2551853927565666,-0.22669695262328768,0.1481844866943933,0.29984396644145295,-0.00021089841761896686,20.112389328709355,10.476991434981686,10.252194936424791,7.937522259438321,7.721914474302135,7.06184454634262,8.20778670384707,6.673931594440973,4.813983878072973,5.2883150378673625,3.827214072938573,4.680189842284837,0.00923074988155201,-0.7322866824313451,-0.0401341758169778,0.15010483950964565,-0.20541152480005695,-0.07694299447065435,0.30994854695495716,0.04712929340017131,-0.305563881417233,0.008047664976773368,0.028479025829478536,-0.13625174075583982,0.045732336053158885,0.000396174689133962,23.252469587578098,11.892122974942756,9.62344105842279,7.144776874606673,7.089441790104512,8.132205302295247,10.44984736522289,6.3478596192291015,6.2548439298970875,7.380297217321207,5.170287474657315,5.317696903452284,0.007937340942424164,three,/content/speechcommands/three/f428ca69_nohash_1.wav,testing,5.0,Kitchen.wav
923,-258.2607784014873,-1.8053270773101975,26.792334260709097,34.68703487517111,24.540120208886613,4.785268882352094,8.628083945871722,6.6032277750642745,6.305721161484013,5.397926884320572,3.0365271404837557,6.456095615380227,0.03708400495816022,67.53879085112385,27.10266066939482,24.419832180332822,20.383181441539968,11.60583859283792,12.956228176523469,13.306900861656207,14.54690883351103,10.204234602631017,5.5445066590959655,7.011608731516569,4.974588080252793,0.01285375966210458,0.4217272037050106,0.47269037328148433,0.022002688736094456,0.29212051242516424,0.07111557013210963,-0.3758804030914009,0.24271848139045782,0.4438992088561573,0.19150107272163072,-0.14624057931511492,-0.11043022814387841,-0.14008051558561035,0.0008432519652189747,22.641297239387924,13.10138534885927,11.295457933561758,11.963783893556643,7.849643968538565,7.897091348107217,6.866970779963271,6.452883329540398,6.961555996266792,4.2377761818859385,4.248108233710903,3.3254898214002973,0.005432435979543493,-0.5943402468654881,0.18194243668787974,0.5192289342366553,-0.30665267924821943,0.13794741613273043,0.5232486964631797,-0.24846047047683975,0.07928356924311905,0.5683450569310505,0.059068838374299514,-0.26568313237500474,-0.034331811639762726,1.221795876820882e-05,18.565636821936714,10.686406434517899,13.360292865870885,11.753585382922292,9.287681606953813,7.813341892995108,7.1993110286437005,6.189127332451426,7.602153492262383,5.273101674991944,4.713459451341459,4.995148361345556,0.004607540744628815,three,/content/speechcommands/three/ca48dc76_nohash_0.wav,testing,5.0,Kitchen.wav
924,-285.42682884095575,41.24479377559975,24.582887223898577,30.07906315810032,22.948293626575463,7.127365142157318,2.510458894574207,2.886954698713251,8.058386614078202,7.473943210968246,4.214661169552272,2.729028115999504,0.04745279339840636,57.43040486928121,24.110386117099615,27.09989494634297,13.00794366771358,7.368960450708682,12.270834043800823,13.701004749458862,8.274693250607266,8.10917102048444,5.841260400857382,4.84172135127798,9.216277340271093,0.014557464701091559,-0.00316275353595903,0.11565205030970617,0.26355912794013103,0.059649716083553225,0.02712970848318879,-0.12129128442085906,-0.3043759014681155,-0.11303859755830857,0.08591232398421651,0.051671460383419014,-0.01603278318284648,-0.03075916022980243,0.0006980232654079314,19.600041252190135,6.769564326355764,12.00300300551828,7.210303188854115,6.107246336370709,5.472373102753106,5.6552812409586135,4.84521435409888,4.649631020629655,3.624963641500548,4.312099907916261,5.64492812107828,0.006898064223816759,-0.48366193510707567,-0.23488616635382822,0.1097568720018021,0.10892988868884987,0.18929095467782212,0.20857094094601128,-0.012422214487191023,-0.0031010861504647083,-0.04206184539500635,0.10036193757321493,-0.09235477483199173,-0.07156944183399275,0.00017123296856880188,18.87674281226715,5.746114916127417,12.222096057852657,6.263133725705175,6.975724447341972,5.530421541720372,6.640089817227032,5.696589370893342,5.3154667068858785,4.380505564847684,6.346108611497483,6.098160950691375,0.00840626028042095,three,/content/speechcommands/three/bed06fac_nohash_0.wav,testing,5.0,Kitchen.wav
925,-239.04904004149606,9.492840852533106,27.10865110698527,35.34327816453721,-4.725552820504975,-2.855010039951341,6.98851092577897,-3.303000158721884,5.383092229381731,3.3418390448822386,1.1489617011134992,6.097703193081178,0.06964605284156278,85.29547341966173,28.518258510691002,31.18662872115121,23.026660034815283,28.814482089077885,15.007129209362223,9.084820518212071,17.437924907196905,6.796726255855861,6.888498202680678,6.278269651232092,3.936257362409441,0.05443573613030498,-0.22288991719908646,-0.3210733044431348,-0.2252389324052904,-0.05326190199028247,0.022085352130987654,0.03403099236899159,0.03198204572437847,0.28221654372712,0.2938194133062187,-0.03192510394873859,-0.032669983735929574,0.047608850312001544,0.00016476090757116196,31.252404552917927,14.187213201915231,10.947638942343502,11.166603364164393,13.860240128738088,7.175904845200386,5.891719182913291,8.373614987526011,3.3805959466523414,4.844632259546461,4.535373822318626,3.092586908842461,0.01630277659431609,-0.07477912229326383,0.1006103548841424,-0.17188287471746075,-0.05260186091067555,0.1220694877248374,0.13564864854745456,0.23216510819859396,0.11412692891730127,0.1091439502648513,0.16816837289816775,0.08441381674052807,0.05009788946563223,6.982677926619848e-05,30.77464399108522,13.380025455429612,8.584063001822507,11.25840359722412,12.67647324273766,8.567244816799157,8.116378893454405,9.983239315547719,4.923068117377491,6.558806526718956,5.513729010501801,3.8622732593350313,0.01224000782447854,three,/content/speechcommands/three/44260689_nohash_0.wav,testing,5.0,Kitchen.wav
926,-268.6980842872063,-15.411844403737899,27.700876294305004,24.244545444160202,19.69470769408084,12.031502878463339,12.431137039297916,7.760813482423369,6.356805027950028,3.6231058478482527,3.228880600382302,8.175186688728235,0.036074455943889916,12.049609156397942,13.965648674182322,6.150913298673619,5.367488950816625,4.097856236255035,3.5332754354606695,2.912250662519748,5.552605714155132,7.5883740936888255,7.513618936289693,4.5328268254747615,5.063518675936732,0.009666020409748717,-0.271969913355206,0.10851028614802578,0.2564642775924802,0.03187362861882685,0.1612759012071858,-0.06883352796993177,-0.05125061118699782,-0.0041647372876733426,0.17187132870333782,0.3791726609095167,0.370032060318298,0.6077201111828994,-0.00022855419064721753,4.6850278291559455,5.311702601171585,3.5323732581078033,4.43105304644745,3.6318541102014,2.8814515843423396,2.9918405577165785,3.5900677861325536,3.845888139243912,3.86028685372121,2.943081076983894,2.798250238528519,0.005553669516572262,-0.24487453947853055,-0.2984212587804956,0.14569075075999058,-0.0880200111635143,-0.09069635059490384,-0.12612632383295058,-0.043705794515850015,0.1783190741768812,0.11696258670448832,0.29935471407376185,0.0653810781145292,-0.0699844261223601,-1.5433008472124735e-05,4.265811743238411,4.685875288309729,4.356567505398757,5.102541191010588,4.68963890556162,4.309152198846936,4.218990790029327,4.097121929632703,4.252645230662305,4.160502808642731,3.898234578353318,3.0327493693025542,0.003951682257806467,three,/content/speechcommands/three/3c165869_nohash_1.wav,testing,5.0,Kitchen.wav
927,-261.6701200693443,20.355705718126824,32.97676136613553,27.102842695196333,9.007991155011442,-4.74973555688651,3.3611098850663668,4.608459861418317,6.32134928769549,4.501369382674073,4.327172841077315,6.89440238312205,0.03704049012490681,34.0889570596043,17.966823241731415,9.277821578643417,17.676588690370437,6.959470934025211,11.738595054717395,14.960598501638918,7.796301716065488,8.261860238501754,9.008444597243614,4.731174465206224,7.531506444989724,0.014167859952078364,0.4156367519880746,0.4526336408088392,0.6348109290055991,0.6245233703655975,-0.06727113944933047,0.18285385185276537,0.30175137022774956,0.18404596400066361,-0.07780728145474942,0.09130174395345696,-0.4497942709067887,-0.29302791976467396,0.0009442081674933434,13.181752501114442,9.003685614633302,4.38618580651283,9.547619280512436,5.9271355258761815,6.746386190688381,6.9485477708941135,6.240666765405789,5.488398804287681,6.102874652364074,3.59891268054427,5.984361542931101,0.005849730067050928,-1.1915655334508266,-1.0468863332146838,-0.06674106264145414,0.4081645513626391,0.3254132395721227,0.12428189884287083,-0.08318652010512538,-0.3810583182123503,-0.23394884940112226,-0.010671523949752583,0.1236784291809962,0.14827130218674453,2.2249492375474228e-05,11.429826777813226,10.019738706283098,4.123117024089111,11.141570821590511,6.574812734185121,8.643335277329458,6.9483134009054375,6.441041347867706,7.64968700406701,7.574601404106976,4.541129726130514,6.645242031835549,0.005182058738968533,three,/content/speechcommands/three/d7467392_nohash_0.wav,testing,5.0,Kitchen.wav
928,-254.1623719632845,18.716228893792042,21.817187864110586,41.0770379786894,5.522038077721333,-2.110659820307242,6.158333970847574,-1.043056994632774,5.971827566499106,3.8312101632641355,-1.8189364599221398,7.842194978944032,0.0792828374542296,74.88226483448264,32.04261919300129,26.74833673152258,26.212132670534757,24.32751500033053,21.268715954244556,13.209991484668345,15.147748217732309,7.35470243601055,5.890253152101698,9.656416053364502,8.913655154990776,0.06010078306049331,-3.253073790461597,-2.1890142266077626,0.6610187338107377,1.076998399015119,0.08758702512037132,0.008316733981988962,0.7636408620192322,-0.16960393313284203,-0.20418587783348327,0.5136810400096495,0.42477578955978,0.5125241852468718,0.0007263680980090172,39.89751110710186,22.0280765076455,11.227628127309588,11.085271130575286,13.133488858492399,10.056572093790225,7.181384413780299,7.44904001224702,5.118675756334418,3.9877144660579917,7.253346314995492,6.382203139375863,0.017308298187183123,0.30340138886941853,0.18367234310863942,-0.22834110313398348,-0.19990588088773567,0.4909496483973475,0.23584107275722055,-0.08194430062481507,0.17737202229524296,0.04801472295301454,-0.04800663341101553,0.038664873872911856,-0.08383936733578047,-0.0005720491210619608,44.63491480284107,28.93932610493025,11.862213693524062,11.77454937056692,13.12654404469786,11.638935580391145,7.8542705891337485,7.698204586019576,6.3410259679842556,5.6351365794858745,10.02197920588082,9.422394417196456,0.014216025308131578,three,/content/speechcommands/three/44260689_nohash_1.wav,testing,5.0,Kitchen.wav
929,-209.83960569471685,43.36781581401465,21.74055769080132,9.440828765606257,10.550915345601194,3.7733647497303022,3.900336066871197,2.46532082537396,8.180769718320962,4.3563005103571975,-3.232309563756834,3.1742971559748026,0.03267406268666188,26.386383896914424,15.684588898105824,6.766568814400901,20.194971513981276,8.194236698878752,9.182041262347635,12.002810124921158,13.56896627447394,7.500799940890129,8.228476796475475,10.426443236158233,5.950559730473449,0.013959583530769877,0.17148994768923598,-0.13088253564181904,-0.11130005295726238,-0.048641830676034586,-0.3172053568929356,-0.5796900396761886,-0.19537705744615336,0.08876042730352186,0.12800626795539263,-0.008126399854490951,0.14755362363500682,-0.33700337275193687,-0.00048013994919842687,12.52234728829679,7.659061185604682,5.212856391793004,9.879514077070175,5.7649875535588135,6.156582964764498,7.232514490931614,6.271943800132119,4.970103907445188,5.089255901148012,5.132556272123366,4.511164711849092,0.005676372197013863,-1.1230084848648505,-0.3944105976343441,0.226974113418426,-0.20273859796190113,0.11474992559319785,0.29387138928642675,-0.23535693969626084,-0.0572060041481967,0.38091487133028296,0.12732347392215718,-0.04602714723381559,0.20586301491344156,0.00010759223784719194,12.325115165295658,7.126146500394836,6.239363771658587,8.34603745837328,6.5961781842475204,6.781346173924156,6.77932769212093,5.924101522396803,5.356807426867373,6.203466786355731,6.102489631956917,5.779557366668774,0.004338112651114087,three,/content/speechcommands/three/b737ee80_nohash_1.wav,testing,5.0,Kitchen.wav
930,-180.98003112550617,39.57261100760918,11.837709409293307,40.20728255687391,6.4760043881151645,10.757194941543078,-12.292463271073133,1.7558480792079127,5.431605577858329,-2.077497852592991,-4.904527273934482,-1.2508361154632792,0.11423028503423152,87.40091316485555,23.83188428947597,28.511953434703024,29.672804800301982,13.670413377305124,9.14269102577435,15.875665255254845,16.316475034561922,10.377429227391076,15.756678339717798,8.024297734687371,6.656089994413318,0.07715693164836422,0.44562258060988247,0.3168730792112655,0.20061962323458674,0.04971016687398782,-0.11524785253440527,-0.10487190972794423,0.22569431164938614,0.595804067194175,0.031246134288672147,-0.1663186395838119,0.2797935705322313,-0.13910364077655205,-1.0289759798483415e-05,28.743919370426603,15.01742078865568,12.38957981320724,12.783479884826297,7.453177103368202,5.483911271224002,7.374967082645279,8.315846168735286,7.74560658901003,6.603281716026719,4.352908236938399,3.9055213994152504,0.025744707655757922,-0.8121241737314362,-0.2297946965212882,0.03029115027719537,0.14361283117486898,-0.006786209029205332,0.07422752061633453,0.11918097242688533,-0.06890174695100304,0.19184763378671357,0.017894831179590585,-0.14740370733661118,0.2378377460045201,-1.3607066302072435e-05,21.921625164569424,16.258231552319042,12.915854283076284,11.137110708831665,6.989054219836011,7.229901193599007,8.852089772221294,8.461850942509068,8.461420499817098,5.898641262377793,5.677414473146498,4.909633559912761,0.012360453261656404,three,/content/speechcommands/three/8fe52b97_nohash_2.wav,testing,5.0,Kitchen.wav
931,-148.17619140372412,74.21392185443406,-12.599749094791633,-29.026525331250127,9.921792116809836,2.8475899024928766,-2.5493139724795704,2.990505798360697,-2.700789976877127,3.931888614643944,2.7428753848574274,3.155936399119982,0.08134739921661094,53.00236908365674,26.09157230981949,17.48634687454121,12.408767506987148,7.788277766109267,23.134121910783122,15.798019941419774,5.940727699277138,10.809956091198268,4.613500939019297,5.448154890926358,6.260554210042544,0.07055611550504688,0.2769039288148609,-0.05495579331400057,-0.15937403117256235,-0.25500814382787,-0.17073499003687623,-0.2535056430504091,-0.2614965846828637,-0.32452339200249986,-0.13949741982983926,0.007222996730660234,0.1839824149555481,-0.03840919351666769,-0.00039083402483694013,17.624575535001334,10.958273547373022,10.647361397506453,7.003090770485593,6.91182447898241,8.38369911377712,6.148139286173134,4.917026296375952,5.619345953982269,3.5794103223548572,3.6043018311554005,4.212612363391713,0.02371237564747306,-0.21821569549319692,-0.011543071773602994,-0.18162191563169386,-0.05825950787237491,-0.002586674568343946,0.08965642792842216,0.2997539894041702,0.31429697585274324,0.04249637601909309,0.2506827391660576,0.1429480387022054,-0.030623559372966118,-3.019397457440694e-05,15.13123167815471,11.008083128921276,10.871598822465325,6.635887014353015,8.915305981450803,9.003274668183531,6.439297568216915,6.291848443118554,6.283570433452254,3.7285074954389397,4.286131155207297,5.24254105107201,0.013824878957330537,three,/content/speechcommands/three/0c40e715_nohash_0.wav,testing,5.0,Kitchen.wav
932,-229.24324486990764,37.496780354992154,34.09083384560879,25.357774379708005,8.708040091795528,-15.065152858340454,-5.615400651113278,2.089116394704927,2.7338725698664597,5.221140615022664,2.0238541875404934,3.36025743727454,0.07511625945335254,72.61772147114178,31.641764999982637,37.03603944589463,12.314094321404056,10.032080864731572,26.678264029029403,18.526443938151974,12.326280075661517,11.800909049322401,4.604585288566659,7.583729191793135,8.539506266991213,0.09935082901093595,-0.5855237976801111,-0.6203700847097943,-0.083537245450132,0.43110923668318574,0.7773003960492736,0.4742737706565421,-0.06856537555520192,-0.2832476779756262,-0.008937217722307132,-0.30517743871007547,-0.22781843915672426,0.3345271906064063,2.8656435108953907e-05,28.36611326217835,13.409767343814714,15.753418433467886,10.299517201998055,8.20016006301909,11.286495957872363,8.542145999744559,6.989264121113009,5.271876168231488,4.041416237789155,5.624913675307485,5.633967855560843,0.04827179427637196,-0.6174272604591693,0.3663323382685942,0.6331387641209484,-0.11321025078979309,0.5242597463394832,0.38142157874140187,-0.06773269560917686,-0.12064737977035564,-0.12104460949521109,0.03345117602911216,-0.3963200468396927,-0.5121128389146284,-8.206069469451904e-05,21.41857446853353,10.88871918107696,12.067645232083875,11.011031576889225,9.129672847221117,11.079471503918247,8.59653178548481,8.17041878446596,5.9962525592955815,5.204240991381235,7.211715006885894,6.463316477620378,0.04923832004431583,three,/content/speechcommands/three/3df9a3d4_nohash_1.wav,testing,5.0,Kitchen.wav
933,-265.1722897616829,21.831763511590957,58.83861138205404,23.087812197831063,6.959998756419699,-10.973314489350138,0.7404550813657119,13.077238669718726,11.822936191816362,8.348746369590755,5.951995409181965,4.378303862974553,0.08943062333855778,61.40221494800521,49.18099727793631,19.112801074505015,6.697393403002275,18.14444263595356,30.109896297258405,18.341379422209506,8.089394226262353,5.390581488559786,6.767693222452814,5.512161015906449,9.192811590222144,0.08378679508834128,1.5747916637743886,1.1552873760987405,-0.08233081965957742,-0.3325679879138199,-0.4603970068970337,-0.12028251234831705,-0.3419408169743237,-0.3487627960497116,-0.10450920581390528,-0.05194965969960987,-0.12160475865331152,0.13184323935227535,-3.650916680212944e-05,15.88972613202836,13.941452636926227,10.628051643667884,5.636617967062511,8.553560906420099,9.227307974584635,6.07891156778747,4.094883517303606,3.371629042604351,3.9507146011190697,3.2833268981265853,4.368186552590655,0.02943602889356803,-0.2987975946100543,0.018688061087745803,0.3411637217083644,0.32471537333674,0.32169312119684257,0.4615143740382686,0.1296069551195414,-0.12516786464984156,-0.1937843165500806,-0.22272296305645828,-0.10652446422157592,0.303709129482195,-9.71071422100067e-06,9.382645636944643,10.152633755536943,9.503221215621597,6.467924944269024,7.685383137706153,6.560102236672999,5.466019207376128,5.169551813584733,4.22805289746868,4.444587877908826,3.9803573580868967,5.170468977119766,0.02375499547323835,three,/content/speechcommands/three/5e3dde6b_nohash_2.wav,testing,5.0,Kitchen.wav
934,-287.77785233448145,2.437322011568139,49.6591940734056,33.78433193694487,25.687831321049867,11.50502450281225,10.88200738171593,3.282098625288529,4.17211257629704,5.737168849790892,1.8829981451542854,4.959094776169522,0.030355733149917796,44.374786148156495,35.16209450949714,8.8608115592795,21.290122706192548,6.95171376500028,12.018893298111754,11.001941099769915,13.169790149631819,10.484954677227615,7.065021175364927,7.77441776619543,5.4263154665422055,0.01015035011606746,0.5533771196877854,-0.35480689832123613,-0.1010967657937046,-0.028388723318984847,-0.2993168201522408,-0.22424005966988217,0.11133693370937557,0.028923803872966312,0.03829148319799022,0.30335661519307083,0.47796167352458635,0.14776205301360898,0.001057700554449712,16.01680702209558,14.644476125901578,7.3425658501715185,10.434834135688435,5.992237793197068,8.196243577535672,7.20470062882567,6.645297843280103,5.925594110553296,4.14286237735191,3.550103869625499,2.446284590118331,0.00482421450505404,-0.02747810994756416,-0.21319115348416845,-0.17412006306391276,-0.15324891724147563,-0.2928599065287407,-0.16394866339225947,0.09570447434678767,-0.0753557459225044,-0.13075273539920965,0.20346705230730944,0.15330134304260407,0.0003527767799215524,8.51089134812355e-06,13.229945976627082,12.673389213574936,9.443954097179612,8.796547506125595,7.109093114633568,8.84577250171665,8.619592615649267,7.37408942438018,7.025818422233003,5.1026869267012565,4.386014402251542,3.4512569634996573,0.003898945199234787,three,/content/speechcommands/three/85834399_nohash_0.wav,testing,5.0,Kitchen.wav
935,-246.9835764103612,50.99962565526378,28.809641091089343,15.357679952514038,16.56416395519623,11.84079895520577,5.839248331835768,1.4015539480560562,2.1275837006152347,5.035348839766988,2.190171283567301,5.258967684679227,0.0327267533284612,57.12158879004099,27.597252125986618,15.16587195237662,11.440387612942361,13.112788119614573,9.607631425108544,7.408527851979401,9.949746930090507,6.441660310273466,6.237840053270711,7.188438022246742,5.672410126193414,0.014403416571396136,-7.408764429913863,-3.3706544412866974,0.6848821814597634,1.08095948786486,0.8780681155590467,0.8423186561640358,0.5424861103806894,0.6594507129876598,0.5305616971945034,0.7658121678987325,0.6717855921660435,0.5728986545258732,-0.001828225149262336,23.75503577237113,8.403900565266431,9.999491769285164,4.040516545852075,4.384834020298462,4.650617719748706,3.6072649544242945,6.035102228210984,4.4622810846436,3.8576030894848516,3.4972080264093313,3.7737763061280583,0.005723705810399702,0.8338402991251518,-0.13391186292072324,-0.19216480598801505,-0.14716388152171772,-0.006253328374015806,0.10161809554450277,0.02761214627217849,-0.04238095239260945,0.217950432315045,-0.018071884364859854,-0.015420657669269271,-0.09680957990394991,0.00014144536107778548,21.855835178530413,6.849453530289643,11.23070837440406,4.922539041238975,5.056641734803767,5.978017773243058,3.6736407761205054,5.709689739019491,4.90267599736622,5.085286212138079,4.219950545532421,5.356218204436863,0.005141295104821612,three,/content/speechcommands/three/a8e25ebb_nohash_1.wav,testing,5.0,Kitchen.wav
936,-220.88946110484122,17.768093956114516,34.22014133779873,40.684953118131034,0.46126673421745823,2.3693101542742747,3.2286609881524844,4.548161684062698,3.1794633441951294,-0.8016139880524344,5.372677410008474,0.19898349508577132,0.07375367952045053,97.05266294659424,44.90501681275188,33.28847096116265,30.463410567033815,21.94894876898112,15.48892446263269,12.45172087802796,14.719426222244822,12.761327568182354,11.956227111259299,5.565815410932616,14.480014246322233,0.05207972094404146,0.16500843379204863,0.2044988000045183,-0.26337786395155705,0.27051932809371054,-0.19427219176198138,-0.29240661819897873,0.21943380878417246,-0.055588531743500924,0.0020822972274748435,0.17039319207079992,-0.39061577507256956,0.10088381012618905,0.00041082801838074963,27.72494255620597,19.27825619039185,13.236320085889542,12.166731661686145,9.595155137023223,8.746529858548652,5.407130591743563,6.784477834566761,6.231255493648998,6.157033504431616,3.42208884301922,5.176135372588883,0.020279274398288492,-0.3628720976539379,-0.1919754494593112,-0.09544537180841862,-0.03619129027245975,-0.012585039232366075,0.1937434728000626,0.125790162074727,0.15723093628962903,0.3156456694462599,-0.007593307023014025,0.366951084296633,0.6084497019655309,-1.7188241084416708e-05,18.71245511398679,18.70310957968798,12.77784424108247,11.798279079916442,9.377940694511057,9.94791487534499,5.420708668425273,6.971637435464372,7.699737992761371,8.412316092475008,4.087099255914613,4.899964751390136,0.015781788850957882,three,/content/speechcommands/three/94de6a6a_nohash_1.wav,testing,5.0,Kitchen.wav
937,-184.35263945980236,49.68608906563716,-9.423854432792393,8.745561858202084,10.787385370774272,8.05773430227969,5.734657230597708,2.4277652303368544,0.4413062396081341,7.868226205505037,5.448934791198255,2.7606329862479546,0.06545414082938805,66.71420887952418,27.359330092448758,17.2219007146852,12.723954684006994,16.15514762295774,13.943154256260708,11.517397140917444,7.533642994756222,11.022416988871798,6.011399060936505,6.421250403354824,7.712349344205471,0.056214070432130496,2.24254272923929,-0.2671563330799555,0.03493193165233949,0.47305626123910954,-0.052690394371005485,-0.47027646068378004,-0.1750357454574241,-0.01768952663252291,-0.19317720919335876,-0.37815010437229957,-0.6011886504002497,-0.4510506467348269,0.00118007336653048,25.61809272891239,10.475017162653925,9.429268904955348,6.3608633838684785,8.17610121808182,6.5214324341972905,7.16674614096147,5.267958678494702,5.979678013694537,4.883214123456378,3.758495459158738,4.34142065937963,0.01746361457261504,1.1916466407032422,-0.6671071370875727,-0.5003703428821368,0.05903781043117782,-0.03427832900594178,-0.4258316721501835,-0.058958419343909975,0.10563485033201901,-0.048853541688186355,-0.27700602379002487,-0.1953321079053439,-0.28378595021853503,-0.00032753503570954003,24.967869481990878,11.254730722009079,7.378660157310231,6.1792586063433435,8.415382367119053,8.185227402507792,7.115121905347456,6.3249366808110645,6.748732968828399,5.289211682004386,4.0658404615543144,5.100743431089224,0.010968608900179729,three,/content/speechcommands/three/798f702a_nohash_2.wav,testing,5.0,Kitchen.wav
938,-292.84485653167735,6.5086848725390265,54.03272146388465,33.33898651012629,25.001953768062947,12.625577194366745,10.161465259649084,7.227994691130664,8.946309625833294,8.361052070200634,4.1576184509166305,5.540359765717775,0.05011440359521657,19.691772732071954,20.954394487448752,14.106888718620716,11.478137003660624,10.750377072761825,3.912208733028302,10.430318064621483,13.056998890752894,8.861133146545734,6.470143722837695,8.390747714926178,7.9912122311927005,0.018852944959653596,-0.0677757015902858,0.32474209232766943,0.169746351410091,-0.2553673858372341,-0.10029793153566986,0.14840178142486524,0.019041348716019372,0.12663256651399174,0.19560642534635972,-0.15764536131284965,-0.21095374577168868,0.05433249302722155,-0.0003203935320338895,6.9553185020297255,7.929388786091348,5.516012096674983,4.813126915236143,4.886293975673231,3.7409507267535167,4.7065182564357375,5.817503832037197,4.959250010578542,3.6881005326635035,3.856567745600813,4.704413105853085,0.007065958642117166,-0.14243529537577995,0.05937678617099748,-0.001715761856369132,-0.006183044048966006,-0.0013038739176218191,-0.038509130567055086,0.06713131319095046,0.25552037516863985,0.3195585534209658,-0.06440944982876523,0.024835576968427937,0.1671191047586006,-0.00016634184867143632,5.64595983795469,7.439439594487712,5.708773532987876,4.372952637201555,5.073388570195144,5.346667891360405,4.208196038286436,4.888298310512297,5.521397079519655,4.065618170106376,4.412859150634298,5.588665689202146,0.004974894374360463,three,/content/speechcommands/three/e9901cf0_nohash_0.wav,testing,5.0,Kitchen.wav
939,-295.2977454420479,29.418373965858716,27.987386603153055,14.820615299229885,14.312822608455201,10.395724548568996,11.002559222857485,6.562212506055927,5.625359189848623,7.728605486116027,7.690849916233816,7.181657502083713,0.031210702669341117,22.68184342441549,19.83942180605344,9.668297739818755,7.579276492886736,3.751083347260849,8.644853344051045,9.365736617877523,9.390137074777321,7.414681777763383,3.529079329588357,5.459975756340945,3.245586880115782,0.008728193957187519,-2.4604884959838724,-1.48493838940091,0.07770350169671505,0.751292502866403,0.22307822663170956,-0.2795167126652984,-0.10545083719181893,0.3851669499342511,0.2926846498087398,0.10714501139898454,0.003535702481838636,-0.09394813149807717,0.00040438530906554193,11.150614257166561,9.55072505740998,6.705034829039045,5.604189111903452,3.327666510066023,5.983997459376151,5.268646317149566,5.282946768172151,4.4935873296308575,3.0376782237173097,4.200506781250921,3.1995770157734253,0.004305979008507002,0.10312010560200235,0.4969923231194391,0.38963513592595594,-0.22771597649641376,-0.055865817921010044,-0.10816492576899256,-0.08711933576361484,-0.024879467971900052,0.12177158387246427,0.19880308108011033,-0.3161498043931181,0.12283746892951444,6.886633733908335e-06,10.207125029703343,9.414590480089728,6.001168356740514,6.481078308947717,4.8521759854735285,7.925213511182973,6.996834594537284,6.257561012144106,5.5741997194401955,3.9338426368506503,5.1785955208621015,4.712219030476538,0.0035521338369949597,three,/content/speechcommands/three/28497c5b_nohash_1.wav,testing,5.0,Kitchen.wav
940,-195.61800754678933,49.93013786991185,28.61757425424244,21.583587082029116,5.721452159068206,-2.84875139637905,1.147371996425024,0.5500587643705046,-5.083807599918954,-3.54488871030761,-0.3192158962086771,-1.575043839968969,0.06878598328330554,68.21649043680132,25.07122021037175,24.613626357799497,33.72669398927031,11.464989735405357,15.964316077907483,12.99110059009593,7.048305279308749,7.478346162904933,10.32201938410867,3.6832625254623204,3.4443240651890985,0.0744641549915152,-3.356613041126089,-3.1072803293415125,0.7993748760055744,2.299548522670506,1.0731174382778854,-0.22201976623436556,0.1961424922057867,0.4163278561931609,0.1702518436597902,0.3511833579729422,0.2690475434217748,0.028601965283966062,0.0006029233336448669,35.791540669380474,19.44095651970255,13.484188971223158,10.327521884410391,6.832623510185033,7.516436322285028,6.483277557338058,5.17941345586897,4.527795260352517,5.1528958566257606,3.851829127161894,2.926146956736766,0.028585788908797125,-0.3377014636200992,0.009481633209544664,-0.2949187911710361,-0.5363726991961476,-0.13530403287181555,0.0003376491237999583,-0.12606270881469067,-0.05520272886823279,0.22483735801956933,0.17584149149572956,-0.008483361478528373,0.17196108986252648,-0.0001765732342998187,33.6306957077446,20.66153811200582,13.72855484135837,10.952248089155725,8.480033824694388,8.50946025396614,6.927864510273907,6.458660482121981,5.819499263688907,5.35524237043771,5.784380840686434,4.102745635760115,0.020638589407051842,three,/content/speechcommands/three/563aa4e6_nohash_2.wav,testing,5.0,Kitchen.wav
941,-255.44580883290837,26.657726624112648,25.957453486395885,38.51811770918761,7.185808540944814,-2.0867965122331604,-0.05481725288956696,3.7400712258779336,0.07881274050379328,4.568394231555233,3.411143723616903,7.8251031441651655,0.06452659366186708,87.32134568244,25.74766037021304,26.5787857625579,22.38695289622182,20.423203870060508,17.36035080605845,14.489682788818563,9.349691021405105,12.84914157155542,6.860058014553266,5.836333770042706,7.864446250995036,0.06171367584842586,-0.015706738492297284,-0.049965586008023526,-0.1314189743410168,0.21006477785600958,0.00789694075765093,-0.19817850760085282,-0.20086596577941032,-0.15585172185113264,0.1373816559431022,0.11366701488667336,-0.11609141501273014,-0.07463414888954333,0.0001478795442850359,23.691881241423612,14.815872923619562,13.545116545354244,10.814709507557582,8.69938868656455,6.425977024186043,5.9741461038802175,5.0244506600324055,5.712199270994863,4.434616418951327,4.334721144473793,5.126810531620596,0.019828479517692607,-0.31428539635172875,-0.1517123676381923,0.15294179345447462,0.10012004514865312,-0.20548802131236504,0.18246440350184762,0.263744813456464,0.050279347131588756,0.1643445124391853,-0.19875868357655727,-0.23402331693419945,0.24573186305870903,-0.00014700895796219507,17.189412460907818,14.879868141409801,12.974511888361144,11.651052501253348,8.013463266250058,6.8669400311409605,6.313582005006291,6.174251688925656,7.32225752423589,5.627439005789063,5.394140360511468,6.304956380887201,0.01178305228410826,three,/content/speechcommands/three/f0ae7203_nohash_0.wav,testing,5.0,Kitchen.wav
942,-235.7781457410565,24.478285675588126,24.09522952789149,45.46608104965081,15.05325239537126,4.17073728779934,10.703769552865051,6.67794681691824,3.2766725769877367,4.925727571197514,7.669634313378174,4.075586973526008,0.07547100237570703,110.6408417684609,25.254920519268975,22.653540455811495,32.77218593060296,10.276046864131331,15.01688134551532,10.870097649614248,11.11004732169275,10.47428037973119,16.766982509125924,12.210380157950173,9.617110989589516,0.05614738602109166,0.1265084236951231,0.4043812171612281,-0.2089979646528847,-0.0009011609003323887,0.3346576369572784,0.09369804208031243,0.13377164324525612,-0.12125028198584337,-0.2552642968092679,-0.16770903869443785,-0.43671840170108095,-0.14084964887113363,-8.888218191362196e-05,44.00180418701427,10.633929518277915,15.277812451803635,10.022256343015439,7.9432548331402915,6.355617812331802,6.989515877070257,7.250839273793164,5.168549928441511,7.09329658181789,6.015214833266104,5.209571218246667,0.01836840681343837,-0.4578411184639284,-0.23333079800890502,-0.05663802609512499,-0.011523194083802816,0.1741417654467897,0.16049405926754912,0.2922926614255814,0.12615968325688526,0.03181648646452491,0.08954598279237619,-0.0721884975675606,-0.03323093266928805,0.00017476429541905721,41.33138948506464,10.277427704095171,16.435722567991764,7.2515305291381535,10.3522913615672,7.942446511114863,9.07231127100594,8.304598823180559,5.423127586477141,7.303637708888088,6.748155368407485,6.002190837672172,0.014701718124331381,three,/content/speechcommands/three/c22d3f18_nohash_4.wav,testing,5.0,Kitchen.wav
943,-231.51824156031918,41.86708255544694,39.337191331930825,28.191333953044296,17.495354545910807,-1.1661141102356507,-4.114632313249058,-13.519406215151118,-2.0744002543854,3.7067091426662553,-10.253083319339586,1.0146838391753539,0.1053463343414478,87.04338734880992,58.602605540181735,29.254014997432865,31.96863730648828,8.444338583535728,19.56014086162615,16.788622203554308,23.106902534626236,12.868027497385961,8.164531295937072,17.677432941594233,7.325360005137856,0.0794313652276974,-0.6122406206714609,0.6218951351023095,0.04861820002160296,0.12089047927378375,0.3239673598232705,0.2780307221219171,0.06121430874370375,0.03835117149832082,-0.059373665418341146,0.03590939954829726,0.06798286859431209,-0.05060884746883939,-0.0002398312452339357,30.598536124354148,21.93676212077612,15.683032008930684,12.56197791719727,7.6813300512775875,8.40237488173165,9.479035187880587,9.438478340945299,6.954272052283303,4.92975750267993,5.528424931446141,3.497944131561149,0.027601179031598734,-0.2579787607961677,-0.3560650331867508,0.15567710307698177,0.16816982876232772,-0.10858869812813789,0.08321944564591525,0.18280234544924318,0.34755951373576216,0.30596809621403354,0.08783138987211808,-0.0967581130778413,-0.09471622430436402,9.761018057664235e-05,29.737855605937174,22.35572545994648,16.79064407283787,10.440667241095015,10.30943684586595,8.470759126225188,11.874656514298701,9.952428508842742,7.4661877520611855,5.915793954251669,5.519581193734311,4.729689946481997,0.026903579708178707,three,/content/speechcommands/three/5f814c23_nohash_0.wav,testing,5.0,Kitchen.wav
944,-222.21568391714163,35.6062125356039,31.722272201235974,17.259549267089596,18.92159728934825,10.416427945380786,5.057492063501665,-3.2127783120363445,-5.688940234021365,1.8199280163002673,5.809973812041234,4.759249670120932,0.09188650769647211,66.48403247957405,25.79876667074489,15.34038855267075,27.562562262565155,12.27387609052895,13.858400491217981,13.276403193338902,17.08538212615059,13.032215480663996,10.619251738393588,6.397002251811014,12.707006932794016,0.06734224666805447,0.10683195893268439,0.3307300711752686,1.0906678737763955,0.9805138603361342,0.13798531647759557,0.029251082655724174,-0.20903524604930426,-0.275811957224952,-0.2958988176649221,0.08485107876009396,0.038411885697987695,-0.047553130263872596,0.001241974893116182,25.594594727502894,10.693916037294407,9.994708764563555,10.57056768354322,8.430907704159548,8.365198680065053,7.560822601709859,8.035101874395359,6.740029574317431,5.20545731503535,4.181087280393872,6.187459251648755,0.017107531348705247,-0.5334549539317436,0.06639835206303199,0.20278568616701959,-0.35017283299862023,0.016277756658445122,0.21734690287276,0.08820466518059315,0.26891173958384823,0.3783612389015068,-0.0712499327726658,-0.2706436774500679,0.17303077370015044,8.89488806327184e-05,23.72433139886741,10.478178638528355,10.170160897024603,9.00938714723725,9.65820404076947,8.908104867289419,8.13371374291445,9.349724149910601,8.4345481270491,6.6428192986439365,5.973235595848427,7.354066842313578,0.00934169659631997,three,/content/speechcommands/three/80c45ed6_nohash_0.wav,testing,5.0,Kitchen.wav
945,-156.40455354536155,65.35907330965706,-9.970671184210799,-28.19811937611142,11.145320626876469,7.1534959129008,6.342376054790926,6.110942162447857,-0.1524207337135127,3.9957542819751857,2.340492429114939,4.460353034961495,0.07255843318998814,44.865142494109186,15.887069592414308,13.407065957874012,8.312114859983652,6.111586261733176,21.119556679884546,14.153331063284256,3.7126578892734265,7.505562792717145,4.647465083946547,4.713739067401035,2.999013902945898,0.042050083638075296,-0.16788918818587095,-0.48060861640565306,-0.09073454413396365,-0.13250052479919136,-0.18242130323732278,-0.07020992763469293,0.013389034879062248,0.0728858137655291,0.355876957976777,0.18566818750733363,-0.11599749947478316,0.019814385864951493,0.0005974594889015987,16.80185490558647,8.58783191767788,8.370919827991532,4.932932178379897,4.980848805984861,7.026187882646714,7.103891019160801,3.7221306178604667,4.6776151837239555,3.955267863524601,4.293618456344433,3.3351648011386406,0.017574602574984347,-0.04973221587830982,-0.13007015310550582,-0.08259352501546521,-0.0400626047182433,-0.083904644173307,-0.12176859616860979,-0.025974957042730118,0.18832726613397252,0.07572934144733143,0.12807711850324494,0.005420372288124511,0.11802378375892165,-1.3759758855615343e-05,11.028084449051654,9.162511483786957,8.684737817753566,5.313828892440527,5.995230647966251,4.686945762504826,6.869391278549218,4.820404913612176,5.936054170111874,4.453405728419499,4.892866072708666,5.103701505461777,0.012135289941777221,three,/content/speechcommands/three/0c40e715_nohash_1.wav,testing,5.0,Kitchen.wav
946,-227.000610266846,30.257253935745094,39.97828155951419,22.889473402780293,14.989060542060184,1.9901274234982833,2.4975527572648986,3.2638307342699084,7.453927248665597,8.451404898955648,6.0550284316707454,11.737440821479968,0.0674954122514464,73.8749551612483,46.87181048942478,20.55151959893825,18.055093983211712,13.415770637051647,15.20911023372808,17.551064803899344,9.672945629579475,7.642243488612908,4.376561065992014,6.207796100823877,7.425744009403378,0.03859273884850385,-7.299189702966278,-4.846873616359931,0.9845051739108324,0.889066783372398,0.14396976590361918,0.7519949717493148,0.2612460812734843,-0.12586672026420054,-0.08840716583409634,-0.13151467958531493,-0.04389908509037423,-0.1353149399233438,-0.0027925455041470067,23.63974552223234,15.497093614179555,9.771069491095124,10.151527470502486,6.696604132588086,6.780638070777982,8.338600984381818,5.661381344957341,5.152921636424597,3.42373063337976,5.530335625953061,5.333884903962526,0.01449785479840228,0.34292752957946393,0.0683646162295453,-0.014485172711280232,0.33166196799227804,0.2985917187964324,0.11508833635757197,-0.12053347001018662,-0.2627998372603279,0.007433949897186872,0.05175604240260358,0.13789716792827883,-0.07137447498933612,4.345271736383438e-05,15.020954102638894,11.623894561898945,7.529810799561611,8.986992639575822,5.4774343897307425,7.066189809425284,7.552301872623182,5.9894089336070095,4.976887556827757,4.577088530979614,6.345938581735616,6.544800963164413,0.009158736038086175,three,/content/speechcommands/three/b83c1acf_nohash_2.wav,testing,5.0,Kitchen.wav
947,-223.5531576766021,31.666700197619463,41.38739893873754,13.826077618989734,12.807805334790972,3.195215491151397,-2.5371877734637382,-0.4972605567377226,1.199369112934657,8.470331426330684,8.766285583780089,4.960568593373094,0.03452920325100422,52.92381676514899,16.946193208216346,19.77123843533121,9.605918882276349,5.246842500135731,6.9206619231352,7.149135641719544,7.614720170199537,6.9527162252224475,4.370377438086044,3.2930033690124287,6.310774498047111,0.0064937951955943585,-1.6197408500403345,-1.8220399086307,-0.548130821665485,0.23101216350836085,0.23491265687965304,0.5156345722998332,0.8684300754544617,0.9619828292990714,0.4118240124481005,0.03588002678200423,-0.1217670885789394,0.38358863507803864,9.862023095289867e-05,25.346287766368544,8.913472686236002,11.698558753762502,6.697074995407546,5.445100369202529,4.928957742287679,4.690651650935981,4.066880504515314,4.836918881979114,3.606087231457232,3.545930114629642,3.391974527305305,0.004052835716130956,-0.4646136441805879,-0.5455664801075204,-0.02954266529687721,0.4708371430411886,0.07458165227618672,0.11556366974476115,0.2734736275814156,0.11899930023803693,-0.0964003604867036,-0.08744371010147949,-0.3183940235973319,0.008140412931131604,0.00014327758032342663,23.08773896451778,8.241583159111105,12.82530434620737,8.142812146709359,7.365237475106649,5.823452922883677,5.956213624199338,4.688854065311805,6.433199761771687,4.505212840398271,5.110384501511325,4.118269343763261,0.00359790139142194,three,/content/speechcommands/three/7dc95912_nohash_0.wav,testing,5.0,Kitchen.wav
948,-208.02914668979508,62.650973537831746,26.72386257719264,12.865128828366313,-0.5855091856727661,-3.340898204511361,-4.247454324726043,-3.250695084959524,1.5132488798108779,2.8303716334048494,-0.2958411959651116,4.176815046305799,0.08401649800362065,78.14050736394356,41.690694594988805,17.48074313199566,20.6813497598907,16.0382454820975,16.76334146136973,13.41700971409957,9.850263107119895,11.60046464137865,9.952881977694513,7.5816684016128715,6.051953416328121,0.060284373761480006,3.4983875665024464,2.320122642305236,-0.09584792277525353,-1.381790017810201,-0.8914639305130728,-0.9531913899408431,-0.6607361566080686,-0.401853798743044,-0.6074577105335932,-0.24639417254805532,-0.261917521894015,-0.32186466206958797,0.00015500043669054584,30.900745860344447,13.000984477679198,11.794798760173114,10.7693316061501,10.091827054694804,8.559243549642407,7.1719253903454785,5.292839775361454,6.852562143361468,4.3078832238903555,4.582963074099333,4.7908144368968415,0.018492908336117057,-0.6353869286788324,-0.185614315447752,0.05429521750663765,-0.1505641017576099,0.28555778785248703,0.2147951313191492,0.16952683425231801,-0.093576818043791,-0.1535463232273289,-0.10913304106443912,-0.11545235043489435,-0.18605252775985406,-0.0004103033492962519,34.34545710628405,10.798384866120976,12.101702875037194,11.874907242844387,12.230731314375596,8.948665760463587,8.163942691699818,6.387469718264183,8.077076170827713,4.653211186739504,5.687628065539414,5.536495417870537,0.009498226974378044,three,/content/speechcommands/three/ffb86d3c_nohash_0.wav,testing,5.0,Kitchen.wav
949,-256.5091621246071,6.88803600510979,40.63410464575438,34.85512364300679,11.93491050114417,-9.469016412975915,0.45396573583742306,6.852633839673031,2.871467451235972,11.219222821658075,6.634672761332728,6.333448574104317,0.06955348909832537,61.96721660340786,34.53094566684639,20.785474641905623,14.637400654820988,12.7377976102232,23.489768135793703,15.239883371350167,7.761890892318552,8.960123397112886,5.70712474409322,7.2167534519700975,8.108060964189777,0.04218591985642836,-0.4181584346728865,0.2509391549311605,0.438340205940825,0.14260673495764747,0.16633440955631507,0.10620742856149437,0.1533520308606991,-0.04515376279444487,0.4438914896484853,0.2099183513368051,-0.17121339184577883,0.034826259301224106,0.0006444586981688776,15.687803270435529,9.482258351879672,9.012384399859673,7.294634945479072,5.777259866139974,8.094376811053168,6.879395093374386,4.32225259591718,4.715001349140079,4.710474130283949,4.588888441710069,5.012934145329355,0.012695700174232088,-0.10858945882585165,0.09683672532280063,0.05103926616739229,0.04867165549140869,0.16548657455612664,0.19886572853425874,0.4717325162300315,0.22682559398726382,0.03763316999449658,0.09163386463945628,-0.03699211880435769,-0.06877933054337854,-8.407657345136007e-05,11.871778261662541,5.787577378648624,7.6016317748483,7.442513316980644,5.632350093690824,8.313758185734962,7.313454499989642,4.895323062189162,4.9523317223413414,5.948737758040248,6.266647168718326,5.847584784615842,0.0073642003420265655,three,/content/speechcommands/three/f0ae7203_nohash_1.wav,testing,5.0,Kitchen.wav
950,-274.729908048001,20.010350538558253,21.733206460838975,21.845761056517837,22.893876951603087,12.625495716193464,12.864109749362715,3.7225633970797007,3.4014008517660725,3.8901774826839612,-4.319522479957653,2.1173456415939005,0.04511814758829449,28.4290545305978,20.608838960154706,15.821547006078474,19.862793847786147,10.098996061332208,9.302893263314434,10.227744679313234,15.461403796281488,11.64035645482234,5.944690173188295,10.654221689471562,7.352934194621921,0.016440949828258222,0.830608035457751,0.49818558052123973,-0.18452742707004044,-0.44791128848497214,-0.1033792434275414,-0.010103735365930223,0.061890169243424525,-0.18722617444004322,-0.30407741674389777,0.14226110799762937,0.21550962705048524,-0.032350717894677465,-0.00022398731247945264,13.756625310352009,11.433020834134116,11.87565591679147,10.834261040570015,7.146479414636717,7.3586876609482585,6.395307531573759,7.524606918464852,7.94065387316653,5.870228400475214,6.8847603996008555,4.626861618618185,0.00816897301302153,-1.240306130434173,-0.8452741284202894,0.27432579955413483,0.26574163572090015,0.2708189261305326,0.09966975349221985,-0.04029132538384924,-0.3098636256656347,-0.18543362311906306,0.33311240793145624,0.5375737851146799,0.4318991751749148,-0.00019409383336702982,13.961419748804392,11.954019343874913,11.414751708485468,10.868128108165573,8.378254223996047,8.40411249751524,7.148670822462581,7.6518783951755305,8.410101794918031,7.889296616770471,9.058636339451452,5.908280600477251,0.00546904730885811,three,/content/speechcommands/three/9dc1889e_nohash_1.wav,testing,5.0,Kitchen.wav
951,-241.72292313480926,9.954069620854483,32.97286570493161,35.41031565788707,6.4365535127743225,-4.989710502641211,8.989624421420555,6.067557464394296,2.4779123037438686,-1.7487228827494166,-2.914020776368242,4.676537417506983,0.06844845606246963,65.13205316582277,28.224621242339193,19.55694723068109,26.258765592195118,17.855338141447163,19.2763553605641,12.508865988293186,12.145211816886071,11.02326963157897,12.593709024893519,11.35263547634813,8.033886005269643,0.04092372600481285,0.42725539362772136,0.3410017282199151,0.3116688395736842,0.4337821424024792,0.19324748524041963,0.27475922043623585,0.2910102505737342,-0.024403445591214417,-0.06064965425405075,0.12735381943167817,0.15998374076125463,-0.015790614247911804,0.0005908963540869374,22.30907049353919,11.867035072144036,11.988801733230291,9.99586100722772,8.388761064823798,7.887006363489506,5.354833068655566,6.504092104677142,4.715031541954531,4.860397753185612,6.204704056086834,4.43168094533196,0.014898357341700983,-0.18088134815779236,-0.14040355427114093,-0.019084762764076637,0.02982730945810257,0.0974276933344477,0.18948939841025453,0.12268711684056945,0.005227192869378783,-0.10576417307052223,-0.011655674148094104,-0.09751531905699416,-0.1429773055752143,-0.0002191849673787753,24.660810904673532,11.54381741969297,13.672332794194062,8.68787665374392,8.918092266126981,8.727916776890087,6.298263341345957,6.749432970404078,5.679126994588278,5.579731811164882,6.803242563332466,4.8962829204175815,0.012828625595239309,three,/content/speechcommands/three/692a88e6_nohash_3.wav,testing,5.0,Kitchen.wav
952,-264.2727854534106,34.67431593964136,37.17261746927318,42.21750765562976,19.251794578653026,6.559371923569069,4.7598038989059654,-1.4127897347327931,8.332886515719848,-2.2763513801100106,-8.477927262924688,7.9740820545338496,0.08081384573597461,65.15779198836121,33.90491916464633,22.463935860025135,25.13656795819164,9.191622237264982,11.00736785516558,11.09184972789892,16.100309103929536,6.7879758362129,14.289459357056993,15.647497670663238,6.712794702391972,0.05621431321352716,0.5063295610389197,1.4520668741896172,1.6213305136120286,1.1813322992679862,0.4472847923852373,-0.2298430633352343,-0.7895201377919462,-0.65497588235272,-0.274607648642853,-0.28258702448622414,-0.47423572548497245,-0.5761125488271202,-0.00016562616632830713,17.49103202102928,12.502433400995317,8.440456567945748,7.677346658800255,6.1949415807735635,5.912682563641316,4.2082622077483345,4.949483291677821,5.195655212896847,4.727868872895403,4.61231630091952,5.432135244447235,0.014295083606659154,-0.8928043774221047,-0.4166857308344326,-0.10709270672330576,0.030173153897834835,0.6491509986457601,0.6110374889934536,-0.05028587204727799,-0.24006498219344483,-0.303963689758368,0.14773069469234423,0.1687334378451616,-0.26624364744996687,-0.0006000895053148269,10.91137212271807,11.101485361360567,7.750044076244344,7.463117082262809,6.145855381975735,7.438049176783447,5.264458419700791,5.694517656828131,6.736920841002755,4.604063178876783,5.006295974699624,6.796745985756391,0.006745724878681274,three,/content/speechcommands/three/b49caed3_nohash_0.wav,testing,5.0,Kitchen.wav
953,-299.00051051573456,-15.187199190766385,34.60968339502787,30.44188964729844,21.73966726254376,10.40569101422244,9.597082111506634,7.271677225775332,11.711373490382307,10.765031210890218,3.1130802097092163,7.016573268466744,0.042547181772533804,45.209095971119645,18.096270828431226,19.307692076381198,13.598317749953738,12.93471789961732,9.484731165000927,14.632284393346744,12.141384104179096,5.858628400829956,3.0503120541393076,6.390335155448287,3.7298394219098348,0.012189087972654349,0.19339648472325807,-0.1199613827178174,-0.026996194236999366,-0.17801457110787242,-0.10136035157684938,0.12040068445865136,-0.19806815815734746,-0.23503000887251907,-0.2564741140315342,0.08716541203976913,0.21555803680751282,0.18876097757125507,-0.00022802195481715665,15.561372233795886,9.595627638881775,9.919901810831668,9.67453261003628,9.073805680234782,4.618974955475511,7.752609978343223,7.924978226578744,5.6016853771015915,3.244666524182515,5.5447898690931465,3.573156809378455,0.006054977821396014,-0.13719712838508638,-0.02493582342907897,0.07931160747433026,-0.03395823128344174,0.061444951183149736,-0.06596798414829799,0.1971629978273435,0.2956010113533804,0.05139849248034298,0.11485772187362787,0.36218376661271967,0.1565770552820652,-3.155395388603211e-05,12.705613085755285,9.473178544993964,8.206271126759995,9.914358841327486,8.548191276335281,5.184067502639257,7.617692992239819,9.52817416430032,7.544664414348306,4.448156134763158,7.05396279495137,4.7102140976124005,0.0045021262603312994,three,/content/speechcommands/three/6f689791_nohash_0.wav,testing,5.0,Kitchen.wav
954,-275.8149820961702,-3.7622437229292953,35.977165472593924,35.68827975333149,25.318504458182538,10.770638496101133,12.893829345073183,11.30560990751762,11.671429096302663,9.467587221742313,4.075260167241675,10.101366666155565,0.05205643316730857,73.95056538370211,43.717395927041544,21.12346908021769,19.202242844797322,15.282674333862976,9.064435282637136,5.804748068556206,10.92082186241507,9.411974400351976,6.547052650137346,10.196853682223269,7.066601751896122,0.027763232362767714,0.5565430715329743,-1.0730324454836548,-0.32993778418852615,0.3473819292916383,-0.7863026487056071,0.027274503557815386,-0.2297204741271845,-0.3647252019888156,0.42911250620844704,-0.6637704370976346,-0.016225324403301104,0.3187953286979976,-0.0009455828657073359,31.45971608726696,20.13701712612493,16.37296620265291,12.235709577751331,5.734080711471413,7.9055880495283075,5.478232986966242,7.752108489996396,4.860655658280508,4.632747357496663,5.939066052865708,4.336487463427263,0.012647163482073849,0.005375772295639081,0.07366326074545076,0.20614962776970197,0.3870188760794157,0.05342908086920399,-0.07420138807936988,0.09356458699632461,0.02957257735547536,-0.0017131715848205313,-0.029985752650384515,0.35597846282244716,0.052941411775021645,-4.8770258824030556e-05,33.28732797586986,23.870704757819833,18.147876863234067,13.829956153791438,5.50881791412145,10.879680986249637,8.84851460818782,8.50013383217137,5.904140670640171,5.9253082662389325,5.930292573917352,5.438138618892169,0.013935059392757103,three,/content/speechcommands/three/37dca74f_nohash_4.wav,testing,5.0,Kitchen.wav
955,-273.9898510202012,23.777714984800397,30.2021309668012,43.22672460076364,27.03903764746596,2.7622897827819335,5.424556428431133,3.735211670028931,0.03877788715796221,-1.320134226544379,0.29719836262777016,3.950093841238126,0.05377293849596754,68.0114072462761,34.79820297518365,18.81580079665931,24.458115661259765,8.817525144420305,19.683339153320166,12.694570726906022,11.724836637147407,14.26997931566324,13.363542282699106,7.522952965867446,6.63221442695269,0.03302794535035255,-0.5314412982043178,-0.5796765190312319,0.23435257000240337,0.17769220619553727,0.027759556586572663,0.700180833587576,0.3632694761312699,-0.03233565640211375,0.2727247282424181,0.21689496833416488,-0.2944716845633965,-0.08185688220894109,-0.000161202143757574,17.724915761820224,10.981690895526437,8.891656964105632,9.109173975782587,6.752115289179586,6.640119498833303,6.018609223208272,5.3839528235006355,4.987368425528349,4.444431803784488,3.8187793084510813,3.8471002654970294,0.010757472226702838,-0.4130198939652473,-0.003911801766374445,0.16407095594906002,0.2054533097818831,0.13999911659399242,0.01978061204569871,-0.036765482691032206,0.1041494170986302,0.1078465087635396,-0.04551662417254813,0.032180375860516544,-0.13937227475960665,-3.590167810519536e-05,11.644287181046542,10.97736224930096,8.997916153450499,8.372233462814384,8.061685044071103,5.15506882429665,6.340174752696038,5.881613893724836,4.94174272207128,4.515766471821235,4.2903063609925765,5.160121126354917,0.0058668459421123515,three,/content/speechcommands/three/d9e9f554_nohash_0.wav,testing,5.0,Kitchen.wav
956,-257.7507430568983,53.25059595592875,35.925905179633574,21.462031460769726,14.196787715454384,10.860675602753265,10.164730557769825,1.6640493309020998,7.3825078873534835,5.821812238584675,1.840078259017418,6.148757191216202,0.09751567337661982,76.58057711297839,48.92009797198428,19.41649429467533,23.979407200029737,6.3567166942888935,11.65500856257476,13.497148135865329,19.066472620502093,9.457573222490096,7.459667739499601,5.620973845053535,4.500963501465346,0.11696732095724421,-0.0871635903846555,0.05208998343881045,0.34525233260768917,0.523652927460091,0.37149802633780565,-0.10693117579935868,0.015513255746129294,0.3828669903928492,0.35244944960002617,-0.02640081213822049,0.11925774900318283,0.329669943874206,0.0006591273291457084,21.398006274595943,16.286970855060225,10.347401894595244,11.997119810578134,5.055912375026946,6.201460197063971,6.251725983568531,7.321569166613456,4.4335093979296385,4.3068596154798255,2.9580235579615906,3.1575219021970793,0.044657748446498564,-0.1374539984757746,0.03423876522725114,0.13441613785801135,0.06070859744769237,-0.01880181724377703,-0.16113151774769474,0.018222615176670585,0.05746628161045309,0.07738262508203893,0.09781363750064151,-0.04095022561261102,-0.27179146156293493,7.00315460562706e-05,13.381626865383122,13.247103758368239,11.364646893195623,11.849926157890616,6.517508698486601,7.3658199332423795,6.920640369422904,8.075585030607579,5.570790578874893,5.763346082864805,3.6224235178248088,3.921788751656364,0.031354601360928824,three,/content/speechcommands/three/d0faf7e4_nohash_4.wav,testing,5.0,Kitchen.wav
957,-157.40873174430962,45.89534166107497,31.250924380587932,13.02189000945246,4.561655721099205,-1.5931905282946621,1.0640182037915826,-1.2862055028970827,1.1096507749581181,5.871362310337487,4.647038298516325,1.5448743232580724,0.07049254109733738,84.93911966015872,27.16722014614564,22.52802997676301,28.25427490439185,9.5200131957501,8.615904643770012,11.200570649656253,9.935927490038287,8.126607211502142,6.115090092732071,6.217538270954777,3.9123974010783864,0.034461718163477054,-3.9712774983638557,-0.46446362939260977,0.8240172967444448,0.8190379190738131,0.5016832176230014,0.4608312007747168,0.41671747691301664,-0.18061426724450785,-0.20424081079295905,-0.2328635267211055,0.4030133630791901,0.33974207583994426,-2.2175211098886307e-05,34.89264937419792,12.79387646129044,8.294745715367124,9.811937513028317,5.75656470407176,6.505334715372996,8.255739362732028,5.635392056869502,3.727872580972949,2.7468613714953154,3.888626369880593,3.5147112649800523,0.016625969183141857,-0.05649399573459609,-0.3999740279778123,-0.23372945420268182,0.06030175951566814,-0.09161992274612023,-0.19310225334576786,-0.2280955503030103,-0.1331951872004486,0.13147589098209958,0.005438966138416361,0.0010712164991020087,0.1924941396763444,-7.452194889386495e-05,34.12726689606357,12.573566581049944,8.344606036439814,10.65594127008672,7.222115720715963,7.297659300608493,10.468990789017758,6.568168265265811,4.624400851571778,4.174895661602909,4.439052869149701,4.539439064990537,0.018270682286539594,three,/content/speechcommands/three/d0faf7e4_nohash_0.wav,testing,5.0,Kitchen.wav
958,-236.9070382399605,-6.927688589196932,13.581259645585767,45.99988072064522,18.53236350321304,9.147950146237903,9.536171725461596,-0.13446245269075857,3.414237857674545,3.607981879387472,5.769018960711064,7.173060983231814,0.06090576108545065,54.12333496411274,16.09664541675846,17.67891101692444,41.304040597591744,12.232477986438033,15.95275523089994,7.81613203100647,16.27768465510936,9.529714982061034,11.662547443317127,7.730173263719678,7.211041010584937,0.039778188281296756,0.43038305700389584,0.3927538075003602,0.2303135339566964,-0.05106850776243125,0.019951710019592915,0.15498268504215626,-0.18480320067768588,-0.12235371032680346,0.05777594610366828,-0.12974607446157324,-0.38401314586456897,-0.05630886047515164,0.000982999921806397,19.53221861690161,9.844302914193397,11.507133990636545,13.847897304639773,8.880213277368592,7.886244634470919,5.1253987502469025,5.959584180431071,6.067669826999446,5.129117246417476,4.632989454623496,4.502426563084421,0.016143031219295813,0.0604069470779109,0.08493291433796601,0.31155643411718,0.033019336086689915,-0.17654976160767255,0.1868396825155897,0.341062304813871,0.1357642194128937,-0.008205398715530521,0.050083083683778895,0.0667648283527844,0.2685448936827841,2.5921563307444254e-05,14.103095887733438,11.363615541533635,10.811812197767773,10.784341744670343,8.893347944806004,7.829026909625354,5.670153044836691,5.62612918665506,8.185855947432497,6.414819309879595,5.9958806483599645,6.2872393325835665,0.010063607765792182,three,/content/speechcommands/three/cd85758f_nohash_1.wav,testing,5.0,Kitchen.wav
959,-225.93470235104053,-9.300274860829402,20.311905092858638,11.74289840360354,15.531168051702926,8.160540947628986,5.190258299016176,3.376251854942492,5.523377860779297,6.129443165203968,6.151739799527936,6.5014744957149375,0.056752181611955166,127.14069725440461,29.507425783916474,28.396575184602625,17.944469239275524,12.545253002494087,9.838506237877741,15.414660034757492,14.900724012520298,10.641028499795052,8.490974647063291,4.733485411376633,5.03872226995449,0.0497403391810281,7.864154201249283,-0.4022501083105757,-1.0457982170560154,-1.648893826666061,-1.3018417249825187,-0.7587070630357603,-0.6616302940537196,-0.6080276420931429,-0.6627649700827171,-0.4779017520393588,-0.19562288684234944,-0.2527529714140283,0.003563156591788415,29.50121790868254,15.562014456625139,9.71925824701839,5.787000570699475,4.997002914408681,5.223710876220911,6.029167249837411,5.139506068467392,6.411712228047679,6.643339867578264,4.900329976631371,3.1964325969036556,0.012588812675554093,-1.2557724626275315,0.11421549015286511,0.3678675411183967,0.32122693279347253,0.10710221617205742,0.21179792238485232,0.10420201789739764,-0.10874394588532434,0.09942248137577941,-0.15374710296575972,0.04675400297126743,0.15078260059344645,-0.0007331780468424161,33.89467339951097,17.129815936333774,9.062248405253763,8.038934652864016,7.250087692579125,6.737077139389655,7.824212827139137,6.766126488182061,8.823084405984668,9.608422390753955,7.166319865007636,4.120950259230432,0.011050828118491037,three,/content/speechcommands/three/022cd682_nohash_0.wav,testing,5.0,Kitchen.wav
960,-307.5015050030641,14.044818738548898,30.991434883016417,22.34885857618916,24.74687068519411,14.821133021518344,8.017560537278381,5.085808215438722,8.122190530336827,8.533766466227434,7.1817733788196785,9.629097109242784,0.03473447688156739,38.83483415940994,28.597857296001784,11.362308365315968,10.955328986024696,9.11698051692802,8.241588213190271,14.689975744660742,12.30702605588388,6.438266782582052,7.75756441944734,4.733388804428181,2.7128708048787464,0.010482043115135257,-0.15898432890876832,0.21834931323875004,0.1739326285022711,0.15030617251610964,0.18696049916304855,0.3912611847280543,0.3420126077312312,0.06493042188667353,-0.1396377582586707,-0.13424687832067325,-0.045147557814771824,-0.10947240527295041,-0.0004459240984532141,13.511399303893608,10.516880412233428,7.2586584376238825,7.540364114403829,5.723673831549777,5.968789855628156,6.7653020736127605,6.952970711195798,5.71446453156632,5.916515566005449,3.7291061905598126,2.53395669255131,0.005007976345674327,-0.3512389510231742,-0.38605427549209753,0.10105513450696861,0.11834214297476464,0.30473579069668316,0.3413023822463137,-0.10604741696638917,-0.3090601583654434,-0.19239540331075042,0.00946507774559257,0.01614976483203246,-0.021174256746594487,8.908125261465708e-05,9.467580562183626,9.414146092171416,6.833802140107612,6.865813754151853,5.70701531454469,6.22667163109789,6.702820283441106,7.554182994074786,6.925066129418419,6.518931290647783,5.201489806716972,3.2903344646854107,0.005184993507270588,three,/content/speechcommands/three/4f8ef132_nohash_2.wav,testing,5.0,Kitchen.wav
961,-247.48905313606878,45.36477723710155,54.095578639424104,29.20099427490097,15.237680791744305,2.4047199573725466,5.137895304061198,-1.7551936056328354,-0.8147610030247839,5.256405243169641,3.7766204131928154,3.141491551244167,0.09363556432072073,56.54637232517116,41.97969863597401,20.76066702988564,21.062655066510807,6.2077399163874665,10.963583120352297,9.803516506433388,14.491349417788225,10.715593739661651,5.809205038726235,6.588055685629941,5.494556924122861,0.07185557431152687,0.00769794083481473,0.20507997618808727,-0.03582879610145998,-0.39462542328000144,-0.13422522560861183,-0.010368340786631227,-0.032846308000878774,0.03556018669357011,0.001690072420540387,-0.011448975786893233,0.2062949129202386,0.16492951836444536,-0.0006020391179669288,17.869416521449324,15.765417979779281,9.551748922737247,10.226984922936238,5.1272791535663975,7.543137077072935,5.515893669135837,5.673594431860224,5.025195740521824,2.8583403103448615,3.268023402751054,4.090660451378694,0.025560891846467742,-0.0812271823838671,-0.15448210174212249,0.2031446208749409,0.24074787358322336,0.2882597373347612,0.06047143348975563,0.029188041846089873,0.14598569833881272,0.04256405634577289,0.15446346449256032,0.011894707494565004,0.12279406221126384,-9.713073571523031e-06,12.81655998453696,12.954971662702935,10.290514873062353,9.827372205484858,6.8631549557059435,8.074573245626288,7.20236009187702,6.123392008152654,6.420204333324125,3.943813526183,4.274665338524237,5.508142118095291,0.018667747777645342,three,/content/speechcommands/three/d0faf7e4_nohash_2.wav,testing,5.0,Kitchen.wav
962,-264.24565633084023,48.611915461881026,27.535701919947336,46.43223074110709,29.287121112181666,-5.5976716050921995,11.469134060710324,13.372999433824411,-4.9596763665514825,1.7627694338512505,5.073580765931169,-1.5479877123642447,0.07055470248451456,72.41346393932334,33.16798718188093,24.957006588565807,22.244992559976122,8.859950810758093,25.76439901205207,9.53166219727092,6.8401309852951275,18.490177279514455,8.681171834915602,5.289317918944297,10.495927478850561,0.03913661203262281,0.292499767947704,0.7650086732184856,1.0232306902312747,1.0143436002584885,0.6799406181732331,0.4582250530118439,0.09116250613064701,-0.02786635355163438,-0.14933296172102736,-0.2647959620501756,-0.2832183207013473,-0.5013456349428402,0.0010825039278114996,22.963754187937628,13.379389806259798,9.913499582932385,7.617542860579793,4.964119409756818,6.949618526943478,5.465383483237389,5.536791948225032,5.27981869391878,3.923777442636076,3.4750779916560526,4.347481966409356,0.012690377801778297,-0.23470555731586842,-0.3296701132626175,-0.036959591322540085,-0.07293857815719029,-0.273482674323312,0.16379081613351582,0.15545004736008264,0.11299507750616004,0.16593032544401756,-0.018899963839848717,-0.11875895011938709,-0.2542118318576419,-5.955230444669724e-05,19.65789461434529,12.52730956510968,11.243304927593737,6.314231652131534,5.3916060055258095,4.321362596048356,6.820702864554433,6.440387881250711,4.915613170932523,4.897613709411101,4.078089209394677,4.69416429563047,0.008688056037808279,three,/content/speechcommands/three/b97c9f77_nohash_1.wav,testing,5.0,Kitchen.wav
963,-165.6693394431697,36.940859778613415,36.95221089418263,28.23889681099532,6.112922027804512,4.408492034735455,7.660491214644168,3.1029110168464094,1.1593177606264118,6.489976287154451,1.9101884843782677,3.2752814641607095,0.13292417337652296,102.7843056934114,23.189752009234773,19.45761206062187,33.4087372783056,9.008171171818534,13.131745779427183,12.672515300518144,11.490826237771785,10.333946869900403,9.937410068338117,13.07432957913083,7.149799836886967,0.16193738449951908,0.5765734553239383,-0.14055135207863031,0.7846162102137144,2.181696877907432,0.27880662312236326,-0.5434683737593689,0.25182863116835097,-0.6988979471035461,-0.6841029616636557,0.2868785175260116,0.007628940156619234,-0.6463641449393429,0.005954180153146867,33.0345821855925,11.68288248393335,11.592766164674856,10.658514430354456,7.223734424481543,7.7239552021764215,6.942945184271747,10.265717632834019,6.069522957797249,6.9934647462660795,6.445617135305691,4.112414165289436,0.04488124268399015,-1.6455758647533836,-0.09816905519422577,0.36501373056880587,-0.6379144602221649,0.12872701408445938,0.17765318872775848,-0.024552154481282132,0.2855773217400506,0.3518158335759922,0.4092954252559978,0.15391436014857743,-0.04730508265342799,-0.0014749150723218918,26.795375408266818,11.729460809341024,14.239628571757134,11.766730001471458,8.202246222167656,8.462193510727799,7.527894597157909,14.345961672042584,6.3679342373095515,8.23661952813672,7.512655955846141,6.0997894215204616,0.02598509890178201,three,/content/speechcommands/three/e1469561_nohash_0.wav,testing,5.0,Kitchen.wav
964,-285.184359848963,4.767149294720562,32.22654570754712,30.166758897457974,22.379581791220584,6.283694305535011,10.106233323756266,5.609912697548968,-0.3921044026329292,5.800171687899057,-0.2621162347991649,3.070330558701447,0.03551269878516905,50.18404926868378,30.705439322337877,17.426669256208672,24.091362548151494,10.577171539955454,18.865387825121875,9.540884352385197,12.674543916425245,16.78139955960875,8.469065322025683,8.308259897082703,9.365375287576537,0.015317958355750264,-0.0888238611735911,-0.24193685458250594,0.22947274859475278,0.5401525689342834,0.2262094609384367,-0.16574603593734055,-0.26195952637466546,-0.10254416153960007,-0.007216175351881327,-0.19447694286266604,-0.23090458382885068,-0.17343130532460146,6.87516144206447e-05,15.657800815702771,11.297026560610293,9.184796545405202,12.381330486385718,6.61478219717343,11.26696826304779,7.233091028614818,5.81559144418894,6.79942058243674,4.5246588154997625,4.313352558953865,4.304099175776092,0.005332326615246154,-0.03019552394988144,0.04756004035849202,0.12065710665525392,0.15154313902102057,0.28331624183182974,0.18263183718948012,-0.010960708248702981,0.17904496831044767,0.0017473614053352903,0.16707889073448254,0.038949811901024756,-0.21454136725378165,-0.00015304467330376308,10.828425271209118,8.76799502343466,7.5383105150227605,9.433445479855699,6.7557908512029075,10.590772147451327,8.600019254657177,5.777206573266444,7.127154444740946,5.616562491521829,5.062557028012401,4.989939524357121,0.004374611227820379,three,/content/speechcommands/three/9dc1889e_nohash_0.wav,testing,5.0,Kitchen.wav
965,-216.64143716370975,-17.970578325080933,26.922680378831984,40.97017873017301,-3.2895806997085137,4.604095554697986,-8.64557169372765,7.4088592253467676,2.775612159348636,7.587152923677736,10.410983901956058,-0.45438427218328037,0.09059568532393314,95.26376656511842,37.376824850442695,31.044985878033373,34.725624966593614,23.812800031268814,11.55372792913917,27.22095679497886,13.258236532729295,11.20627984142226,8.36032337834527,5.278105918323081,13.325238538617333,0.08439003118430537,-0.3158971494254773,0.43658658178782195,1.3572909836521854,0.7392650311559663,0.16137437809367464,0.011197142345354122,-0.39635140953047227,-0.3321073352372562,-0.3418241833158097,-0.21612136279296165,-0.19488123932416215,-0.0425685303293859,0.00032174316865782586,30.960163395733424,26.424886996736095,13.481192875695994,14.629513252998148,11.998691380217844,7.3668323944149146,10.376510773723226,9.265384884110425,5.107301502593889,3.5625987947511333,4.419003232324809,5.539172924761604,0.023725668428301868,-0.7888811201737875,-0.3350476152451468,-0.7023238972487184,-0.36273666448452896,0.44722961085694135,0.30021310821465946,0.4040276081017518,0.23823655725069834,0.049876853683213825,0.037610206451931825,-0.18736423648264847,0.12061515815478083,-0.0005655070145924886,23.836403287955896,25.10337094163866,9.856476534719567,13.651089002496976,12.756617928788184,9.22951282668682,8.631394362568626,10.391719189301867,5.7253103564979435,3.9375764960720776,5.496679693680438,6.7778485554948285,0.020252946976759858,three,/content/speechcommands/three/9a69672b_nohash_1.wav,testing,5.0,Kitchen.wav
966,-226.84780031884765,25.696258250253372,33.28151212008431,16.50361687798009,11.795604111550665,7.222141336315767,4.7473004139651165,5.074628218074372,-2.892849726591579,-0.36252083996000867,8.863558487100603,9.022110174948734,0.043105353002569506,51.477870306225604,6.409080855890452,24.292679961956416,13.541366050163665,7.508937351989025,13.019535418132241,21.527541274040665,6.376874108034973,9.537748789596147,7.682896607750885,8.971741199182288,6.8559716705194695,0.01817632587381113,-0.7072139942653197,-0.22648213989667532,0.178854249024428,-0.6163020515191125,-0.01998748884831889,0.342103666503003,0.22913864757463392,-0.09687590957996485,0.1072457503018913,0.10475984617979145,-0.16525135214297731,-0.05052079813416647,-0.0003008503742791988,23.679912208309073,4.404872656147779,11.553106766211018,7.610766650739279,5.850251171084978,6.638567651961904,9.700373174504234,5.005232701885444,6.105358587288378,3.550957148691764,5.784144525144042,5.290197002831627,0.008676156326108178,0.054840383861894375,-0.31750968517244355,-0.23308310721838518,0.4977835146908242,0.34309243510940834,-0.21164630214252952,-0.1437684298866116,0.0704323663490225,-0.12753847066089807,-0.07235761881687787,0.16330028637464092,0.15694211155997642,-0.00013859706142773994,23.8512647234848,6.342076635786627,9.670968788529423,8.815588829148709,6.429675444824865,7.586806727486979,9.437937403514015,5.544808058000778,6.558996149629288,3.3610308369241255,7.01535190136975,6.305015863583185,0.006411776895160532,three,/content/speechcommands/three/8a325749_nohash_0.wav,testing,5.0,Kitchen.wav
967,-226.4544680547954,6.637631161275631,22.832327889628417,24.405556217304635,16.809919621432392,1.5526691673412847,5.662367497220764,7.794988743420678,8.658343196169003,6.960144089568448,2.3759277565836445,6.806522804650907,0.05157422571210191,88.22483128867212,37.155011886749016,25.729681178023924,22.524981974013436,16.696744075318534,15.638272299918833,13.968904739903044,13.073976083305284,10.583586381812111,8.105263478195747,7.526719315206334,6.154042802151098,0.032723727230075966,6.253072328205763,0.5475686461665291,-1.8813319728409013,-0.8165968583535259,-1.366581442976778,-0.5137428103532815,-0.3144974259724069,0.255003953301821,0.5506696249988692,0.10388350408393383,0.22648978666164457,-0.02056751509675058,0.0021061851012129937,35.802469889577466,17.296302983404576,13.246550570029298,11.589475078583213,4.59283496213021,10.140121378556985,7.346790042796299,6.03671150117485,7.242484933173586,5.221457465508836,4.2648512859290175,5.487381550689509,0.01275843237987503,-1.5886151167536104,0.3244258152662495,0.11843142229027197,0.026172741484095288,0.24078684161696595,0.051744200257037916,-0.07653520064608475,0.08388252315741103,0.08679629497185613,0.11436758622038139,0.1744366581635129,0.08399884968366506,-0.0007665989920496941,30.788532656480736,16.659952658317657,13.42148341343968,11.383447859594499,4.883638020529622,11.080584667838835,8.468316792877108,7.21219934551705,8.529197867539393,6.229480507635465,4.936380879517823,6.912532106227622,0.009303198942849398,three,/content/speechcommands/three/370844f7_nohash_1.wav,testing,5.0,Kitchen.wav
968,-261.8280893840915,13.311945551338525,32.06531813398018,23.403887210443727,21.41223090975013,13.662820868834348,10.555720475180951,5.639276337936488,3.3717389123609713,4.747067183817142,-2.9439066575316915,4.451601418469368,0.04443883241037838,59.423249098837346,42.456620182217186,17.86114198250441,23.05989653917273,14.60069965397585,13.003842742934506,16.861299938430136,16.706957265293887,10.514457383077321,7.201862008164127,8.55376297263408,7.063042986326439,0.024053120499725363,0.28221024665509364,0.20364933489131853,0.006602436493490667,0.3254471895774584,0.28965670431531654,-0.06512014216842281,0.3134622607865739,0.04029452218187837,0.08886587419600948,0.057436427667351436,0.1381367574812997,0.20115905904905024,0.0006464786166625638,26.0349786985955,15.527873726490148,11.748147635549634,15.017819964062253,7.73293913373763,9.656966209956515,7.862429355267891,6.2171990615962125,7.152249857868753,5.572545201422452,5.594675650535632,4.954111539683726,0.0072007367632860465,-0.532135688790881,-0.4227477456391267,-0.1325570417756032,-0.04371276956028846,-0.03866885252270258,0.14823981622767696,0.37704359133890486,0.33938291838863094,0.2434012847140584,0.20157614237646068,0.16244244944157804,0.43610209464673805,-0.00042916098609566686,25.348249144940073,12.174695096194258,12.842302780695958,14.415438641754372,8.365090715315635,10.75142761494764,8.076642668701872,7.252157920055589,8.143796134082466,6.66347181233632,6.757135091257953,6.074623698751034,0.005019353920105721,three,/content/speechcommands/three/6736bc64_nohash_0.wav,testing,5.0,Kitchen.wav
969,-252.05379426812223,4.682977335075685,37.376319395186115,26.919393610499974,14.559071210127266,-4.5275034682774,-3.42484113131343,0.5776561792688601,8.481629145792954,9.124766151658147,1.2701039455833731,5.277718546708039,0.061256709857843816,76.32414622620524,46.773811304809044,26.41904695188558,24.148600252046812,19.024327582279383,24.82224223450224,25.016485326220163,14.975996105283473,8.400281929723102,4.855321022478329,7.085527266171958,6.267833063744851,0.0406748201060056,0.05612715271574724,0.4341216319606019,0.025930523582606762,0.22935584683721086,-0.10772630497515452,-0.0542869511416073,0.32709463716651915,0.01828753905174778,0.07372180934816366,0.07813010026785411,0.09505661894068866,-0.06932012483292337,-0.000325108487759867,26.57533502387927,20.755576110641293,12.994687960721635,12.838688260353566,9.769136529844612,11.193499979847148,12.156367733703515,6.76416522158697,4.291402769202426,4.314844383086345,4.786140725612983,4.064718512438283,0.012468615664288925,-0.7346762834156133,-0.15314462310817803,0.11331998536571414,0.0925425470201534,0.06928790071981593,0.2184682276669117,-0.06470641968092222,0.05168522997016053,-0.002704646688372906,-0.00991230891781747,0.025712235454993813,-0.0006904530008236875,-0.0001381198565165202,26.170429276824784,22.671084054743442,12.053119804507112,10.199859919329464,8.155879086511698,12.756019081991491,14.970122353669241,7.410017608659209,4.17602223118317,5.613984272807306,6.296855851237362,5.415745572301407,0.008193760511505341,three,/content/speechcommands/three/b1f8326d_nohash_0.wav,testing,5.0,Kitchen.wav
970,-194.54976053365144,21.10671406959438,25.38864052176704,23.267294750003146,12.033923038469311,7.811662032441214,6.174057154858335,3.2035604388276258,4.8100455120393075,6.12681494636907,-4.247250196799276,-1.054600427578961,0.10253223363542929,110.13144371300089,34.3960182928774,32.10562472004418,21.625765742136217,17.96257977383895,10.070339898328493,13.850981741418583,13.40848875905963,12.210558594657138,7.649007714513365,10.8467372284618,11.137185290673951,0.07548913668144307,4.622811583589395,2.567496737238107,-0.6587731101825838,-0.8187736915264117,-0.7836688675978978,-0.34005732648579995,-0.5945948672682599,-0.1584851404150528,-0.028283490005758867,0.004964349680757974,-0.41022565238818987,-0.4641017756803193,0.0006088479872672788,27.88727021750244,14.10623522421507,11.307149582801634,11.117894922892948,6.839592378439478,5.859358357124972,7.0723445965753955,6.8025955540338465,6.709681521574177,5.248030050337657,5.474518302324597,5.026875347242313,0.02318341801073195,-0.40145413976843636,0.1778434672490962,0.0796813113232347,-0.14854532468956402,0.05944340412666798,-0.12582996714709924,0.3206237534725137,0.40611646089724746,0.05773601236408599,0.017484180620080517,0.049973250531295046,0.27581394571883927,-0.00042747979362805686,24.537235556167257,10.327645683074437,12.393079165723417,9.883292418041355,6.560422979122892,6.399901093349726,7.646663669406206,6.341678569078509,7.356372712048181,6.433925380904818,6.243285973988466,6.0410405458952585,0.01265831603925013,three,/content/speechcommands/three/9b3ea809_nohash_0.wav,testing,5.0,Kitchen.wav
971,-243.533257673642,41.469047129287404,3.3600795684358924,23.062256165567774,11.060470115271658,-4.491317878696183,-3.078253843697907,5.933556905270981,10.080886942649508,7.953276916000146,8.225395302704511,5.098719308360882,0.026758619846077636,51.81449815235885,20.716560184032964,20.97120116835288,18.990176054315082,12.812100815188396,12.276971545437773,15.259684956072396,8.629753269375072,9.515380969802223,9.145890769591059,7.4326980901347195,10.382531311923826,0.005951562734644618,0.5145477040035519,0.48130433090881136,-0.05189997473210367,-0.10951694700521394,0.08187435673566515,-0.1191458149136935,-0.10580887334341693,-0.1412256763467708,-0.037123495092629986,0.048539654817823505,0.1770996591580447,0.14546896638915532,0.0006723448694232971,28.900213736602314,12.27943451325196,11.788709927380657,10.053072235250657,8.251077808259613,7.140547899289519,7.3378754658225676,5.314705187783192,5.75258771143774,6.090264686765749,5.427582842162776,4.7892983844162025,0.002893234530081904,-1.4421699703451565,-0.8058484947083234,0.2142434611827562,0.1935533579034105,0.36416294212755174,0.5559961102854402,0.5216355029866827,0.09956152174522466,-0.022103586544744345,-0.1532155674065726,-0.48038154767817554,-0.30304327930640795,-0.00023298850283026695,27.375199124422096,12.458770022897744,14.753733711065681,9.830360837395588,7.988060018847853,7.861231484961051,7.27921023920054,5.659740037138931,5.833982457681625,6.913340433933735,5.548214984822121,4.750610253719711,0.0029858328618823727,three,/content/speechcommands/three/dc75148d_nohash_3.wav,testing,5.0,Kitchen.wav
972,-306.3428096007791,-15.56429210656525,49.5259363248983,29.258002413002338,21.084791186067783,14.64697627876538,11.66835586792579,8.01344437739438,4.625491337943787,4.079162283557064,2.979247846062716,8.58366398468663,0.035079238819889724,19.31562714999192,15.976867873322073,8.490681672769508,8.259550590796401,5.475778389995825,3.5922340234392633,5.1232182576716445,6.554083153890254,8.504224756197232,8.637113277110041,6.724573678888514,4.398016434265506,0.008194909813586804,-0.26589348450723505,-0.3378310209990322,-0.15883710753115932,-0.36256422283910333,-0.5759386939718528,-0.26228643581211036,0.18823276267287217,-0.05401387976091289,0.0034192406466602514,0.08381518495685887,0.10298725835514574,-0.14799773775795616,8.763168607988666e-05,6.813514374480574,6.007380721699423,4.25007082774212,4.758197530060738,3.068276731153758,3.1554509307246743,4.240349511947789,3.0047340390597204,3.902848015790639,3.8636454277466403,3.5951583136506757,3.293842621965678,0.004060383417468423,-0.325773141850262,0.209274928380343,0.27065941237868124,0.07032119162778395,0.07181316708582491,0.3082051930306797,0.026543073558328877,0.006485832361057398,0.22795961068697485,0.09473240118443552,0.21406063887523497,-0.1258815996456729,0.00029854923486709594,5.7505579046243955,4.875569096553772,4.460704675822415,5.4888440024515255,4.1962510895674905,4.230312514043694,5.255421523771951,3.8539120846122774,4.325141754794912,4.2538347909735865,4.868887689504334,4.385688335172422,0.0028780447295417076,three,/content/speechcommands/three/3c165869_nohash_2.wav,testing,5.0,Kitchen.wav
973,-305.2321112456623,22.75819262028633,33.16298484046402,32.98487839340444,23.767615868889497,5.863868877716482,6.480523596322751,6.163203735461308,6.92756313469874,3.759208241272213,2.0856644464052065,8.481416221708354,0.05320075893541798,43.600665638929655,26.104963497501075,13.662402391439988,12.569264244309025,6.516646961811797,15.516249460391732,13.920672659942252,7.536319754341137,7.680349949417046,9.078003349699172,6.176188930895455,3.6356801669732546,0.024248545910028917,0.5006903851895884,-0.32004514005220447,-0.1581608368454238,0.0297755932092107,-0.053085995402579474,-0.2734437538901961,-0.24042753407356635,-0.06423340771428206,0.05737172712527034,-0.09152340521982304,-0.2478883258897413,-0.327944873431845,0.0007823625759732338,14.532076826250728,9.500493503025368,6.385348199704914,8.036585827265114,5.417016325147681,7.783198726232196,7.246059866730568,4.098499389313262,4.726211024139329,4.468958315382404,4.559257806411841,3.4784779931360643,0.00824395618246613,-0.07937987958379343,-0.1937489791397745,0.14969693072290208,0.28031774424666317,0.08489699883034471,0.1975599460125587,0.15796538346750155,-0.02059366945752211,0.196824051175783,-0.05297182427241947,0.08851324858641378,0.14430428108854304,-0.0001375229408343633,11.854280749682076,7.430845010431046,6.129700490978685,9.134831071442656,5.633355315983091,8.524397438450219,6.831713759596693,5.049289278819111,5.387272304422684,5.334332506048777,5.874291126115564,4.686972322067017,0.005160290463911801,three,/content/speechcommands/three/f292725f_nohash_1.wav,testing,5.0,Kitchen.wav
974,-188.6648238989274,29.47137726261337,31.381601809777308,23.691898609723715,19.51135171205201,6.621316724148851,5.529566779912125,-0.021189191877396096,2.7746202754087013,3.9975355628704756,0.6499572795593014,7.862047898566944,0.06753489759285003,71.43054650515226,38.34074911256329,19.335680209208093,18.622872558152203,12.945517513431405,10.428661582327342,8.160064422544204,10.33467159821166,8.705379119430383,7.067958182631463,9.73638631187961,8.988879872200869,0.05132825733312183,0.7312738298273967,0.8601619453935715,0.0841044100445409,0.12553942705263607,0.3263387419229294,0.13417417802454137,0.1439462100970446,0.025233596086162012,-0.020316341405429483,0.273693266108593,0.06779972798847415,0.10212347563264518,0.0005674689046798214,32.851032049039844,17.805636967406752,14.335846812234276,11.16054660503152,6.929860589534794,7.142064002120619,5.418173468058034,6.5061514322687195,5.256468173535119,4.173382333799519,4.821110472443724,3.8308970315830915,0.019935839886101106,-0.4300061956904268,-0.19440322048862638,0.039858029123785596,0.20582531425418332,0.4335478437053727,0.12415440113377157,0.05617444653474749,-0.24975089965362116,-0.04247206495280231,-0.10493858122535708,-0.12445444405273316,0.025967278183429816,-0.00014529799421628316,25.237712169246215,15.356186453910409,14.826987470438665,12.383061054884271,8.084711053286332,7.735340795019702,5.947422559291687,7.501391345056867,5.6565908160111205,5.6698653944332325,6.047940844221323,4.90760815679589,0.015033070331911773,three,/content/speechcommands/three/e41a903b_nohash_3.wav,testing,5.0,Kitchen.wav
975,-240.90408431861854,17.09386911983825,18.9303818131875,46.80859026273786,5.764752956896655,-1.4274769106929859,1.6667040187990492,1.026832192883825,1.1670505806759504,3.663632810386696,-2.8795433042534793,7.0732040350838306,0.13145316200098023,100.87840684071065,23.204209944647637,29.18206737323704,27.894411442473448,27.37402271730888,23.66283611486565,17.415152810376995,14.336402792097022,10.121368428037293,7.806929174579349,10.960603056918195,10.241654138903632,0.13417579314828845,-5.891075064795707,-1.7549646982788702,1.1808709696119035,0.8351730315402015,0.4977290364529714,0.42325028446875657,0.65241360018948,-0.5893734334958517,0.41521707992866685,-0.00572104978874843,0.9567078371441401,0.882201282818764,-0.00022855208766075873,45.62359361027937,16.726776928026762,10.469218307433922,10.60987692391345,12.916881232038584,8.819115345484587,9.34662479709079,9.35250066110607,6.821561101416668,5.590931053786698,8.558586023305894,6.256804002399984,0.03930985047629623,1.363139820338137,-0.07282012402635475,-0.16614962178179205,0.11395055839330143,0.0169766594934399,0.2567439513695876,-0.14243796450249716,0.19586703624025334,-0.05092479854561797,0.303630880548392,-0.1031022225116672,-0.012929381346226046,0.00020375438034534455,47.07411126435751,18.823241100945562,8.9219353278168,9.692405158830773,12.250493644227632,9.16088540481871,10.984735642096554,10.180856186270406,8.029957877503461,7.221974315497165,10.233384415555609,7.913335524818545,0.0180239380372156,three,/content/speechcommands/three/44260689_nohash_2.wav,testing,5.0,Kitchen.wav
976,-171.1492395558252,54.942349675585945,11.817837587775013,15.963080485405213,13.431600648653054,5.344902995006411,-0.2657622143634833,-5.163268592664367,-8.105473053139324,-0.059787796547403405,9.612795255630083,2.6408050885512466,0.14413956686621532,73.68404567591564,35.82665240107122,27.578302642408566,27.05550441767861,10.597856706528386,20.920044213862386,19.744049311679724,9.688708013679149,11.29718938384635,14.606915216183626,10.398235355992275,7.271394553068989,0.12480298047919074,0.11072001284146732,-0.08580291779755604,-0.05366194654232428,0.17462117181992623,-0.058078411513973596,0.0032691860051525944,0.17624808120686572,0.09696425777510248,-0.14972921993035102,-0.03196191370958237,0.21354832121325623,0.1112769943900883,0.00023366534902203467,26.398126902054745,17.84141200148362,11.931325090194115,10.02498973639048,5.795601538442978,7.645147414805454,9.837864978583445,7.1728859341247855,5.7631402301731836,6.630152786729551,6.548543439931623,5.3151136616883035,0.03675514952186166,-0.06601767710474439,-0.18058673729430452,-0.46787060554986387,-0.5528469867326324,0.018106382730274064,0.159863653306464,-0.1852487552755741,-0.11773574001588964,0.15654004071674704,0.1544896770807691,0.265969938867144,0.10374304607437317,1.7468445003032683e-05,27.687546103167147,19.204965365293177,11.117368968428641,9.28380702992319,6.280200237106741,7.228857587287474,11.153926178713013,8.901357350507432,6.050117841652082,7.131504814219178,8.347773998478882,6.658280392883556,0.027472315952143417,three,/content/speechcommands/three/9d4bab4f_nohash_0.wav,testing,5.0,Kitchen.wav
977,-265.1419709702574,30.759189474676347,9.780660505719613,25.024250390245882,15.717504195744858,6.959848887532919,4.597347564873977,2.9063310517717733,9.441156909564466,7.47827618788445,5.1634773240232406,8.559926857557876,0.03918662783689797,59.8868080367219,18.324721356294877,28.109435635489458,15.508223811680237,21.125647220385748,6.588130177832439,16.434296896167368,10.033511660978206,7.569993092160238,5.509582977939194,7.508221219662905,8.461598797075075,0.01410319680791573,1.2425687724626608,0.750360927326586,0.0305674163582054,-0.4395031102448001,-0.594568103632331,-0.1324479483004385,0.2692962536373909,0.39624727666999343,-0.1413678564963601,0.04679572300034575,0.042803459872850974,-0.0985541207303862,0.0008936689625824651,21.571279533009257,12.199917871735215,8.545625318105905,8.4222871786958,8.694170249032398,4.7070439680388185,7.1180896264065,7.032725847425098,5.703812789672468,4.216925505627343,5.4584379388125495,4.8495894368907875,0.004705810602295329,-1.4786233061401846,-0.6585930021754849,0.14193406579532689,0.22246774434372174,0.04832813246881003,-0.013581346036426052,0.064420535271736,0.11964877341857569,0.27199888144708023,0.10736364268500796,0.1421977521495741,0.04577733398812762,6.309431046247482e-05,18.918983030725002,13.462155120870047,6.535662008936909,6.99225829289534,7.363011044306365,5.248921077916638,7.88795130057812,9.428978034211907,5.955299201111243,5.800787159491014,5.679954247466223,4.950285263448509,0.0035829632118856225,three,/content/speechcommands/three/26b28ea7_nohash_0.wav,testing,5.0,Kitchen.wav
978,-197.19516227582452,12.156677140329808,17.858079281170138,17.2026107956619,6.246490218437435,-3.1612516781573303,9.47940652668005,5.774208640953925,1.8883225674594475,1.715991139435384,-3.0250752498149334,0.8185950434191798,0.07589082204503939,53.69632758730932,31.807679092904728,16.94967577721262,16.225284255557575,16.59548569437475,16.12763251913878,12.702650402202213,12.863238596404358,13.459107071980018,7.937028986360272,8.964637247020114,7.264075497978574,0.07146077822785488,0.19317736938003255,0.4946553097798597,-0.09022928409135343,-0.47959350141058976,-0.20041933254445185,-0.1048505048065849,0.06511060937884115,-0.009221806503767945,0.1102251142514534,-0.1390788861313709,-0.04257609640111014,0.16397442722762035,0.0005698870386808149,16.79775014200108,13.451354245070071,10.477288824787841,9.015168299399578,9.883412428370152,7.574383300529872,7.723747260765365,7.12653167773408,5.968223026424081,3.5602667373511188,4.439697166266998,4.418241865077543,0.02339365605338183,-0.42552909562883673,-0.2422742470092996,0.035555352704033184,0.18304514223821122,0.3124679270768567,-0.0853139226169439,-0.13237975758373774,-0.04780740060122722,0.11325374806056215,0.21101278970593612,0.004960558105788282,-0.09595218490181492,1.5017266074816385e-05,14.350295010956762,13.18256520714608,10.764410100373782,8.886933585499122,8.930237325283313,8.931370759335692,7.34950395984932,7.805298292493736,7.16065097408575,4.34511512171217,5.744598190061561,5.819448455492459,0.012759705072322795,three,/content/speechcommands/three/210f3aa9_nohash_0.wav,testing,5.0,Kitchen.wav
979,-272.687054920988,-17.121429791208207,29.644304706587754,23.780046666337935,22.999016567133367,9.0441505930689,10.077014706651388,10.80368260619823,7.0207802930972365,11.347146048123975,7.919805370670156,7.5403484047636,0.04767115227878094,46.680105953217414,27.61819691562166,19.787452889939612,13.343248040754204,6.886731384653265,5.952812666071726,8.186537060707579,6.617262051894521,8.09402001181807,6.685827929029914,6.1040707410193855,5.885998274965932,0.008855200268719624,-0.680092139912123,-0.9653929429773951,-0.42541521623648887,-0.3220959318035049,-0.2957092435374945,-0.034107905641917714,-0.0060652572168661874,0.09231361877682254,-0.1333943506306498,-0.17587948359575906,-0.08179562867958623,0.199999863302582,1.717527066507647e-05,17.21504130582745,10.25898058192871,9.006296504259725,8.808712265837435,5.395026220033996,3.287299912460286,4.430759536868905,5.382218270211764,4.927403239698738,3.303105269184532,4.754344223874629,3.8280683965531983,0.005476484719719694,-0.16602092422763046,-0.14015271464198473,0.3078369976025409,0.26109743291669596,-0.007900967941204703,-0.11390603865955136,-0.18838397592922185,-0.11249489201455566,-0.03805648204192593,-0.025945450263351065,0.015899901387480674,-0.12319121287346817,-0.0002791879077752431,16.115272949603938,10.87608629155091,6.81687010895573,9.083372950151274,6.055968257033189,3.7727899746719036,4.50810902105563,5.9851277089802135,5.6588973780353,3.5496121268325402,5.434341888198339,4.924236101027428,0.00399172133375024,three,/content/speechcommands/three/553f1a79_nohash_0.wav,testing,5.0,Kitchen.wav
980,-240.97262205175127,-1.7178780669011022,21.125774611764715,45.53939848449751,-1.0213937425143964,9.9860280887228,-7.348547189664656,7.734793413375673,0.8311565775478833,5.535581485057207,5.964553123579661,0.7349310826626305,0.0871200225665234,112.65841530787095,38.925353098418746,27.126232727438136,35.33046939985059,26.361690600957107,15.605142606575543,30.592885519683243,14.705785264139129,15.9377167474863,8.572850875158938,7.207212195692196,12.135171045871838,0.07989274284777591,-0.5490680421997693,-0.16625478071321875,0.06218854735092163,0.3414796808697951,0.09183572577252207,0.13410099664289557,0.008340924549105833,-0.024463821839852646,-0.1776597066369202,-0.1333547722414322,-0.00603999873409109,0.11619566739490214,-0.0007247606352452308,33.59650220924109,31.03810405222505,14.135200971759426,17.741693752059565,10.559115272834445,6.963051176166648,11.146291823339421,9.311935799928138,7.362584330425943,5.139642808795952,5.20240034577678,5.521950297795929,0.0247726032742561,-0.1419003769477873,0.18539790520230834,-0.11469387321143204,-0.035848223003279146,0.19419942063585793,0.09042195497413523,-0.006596528754731542,0.17569516988236428,0.08108570659928223,0.08615702354175726,-0.04055799374447286,-0.42708763530433363,-5.527269095182419e-05,26.37631828293162,31.171983706332398,12.43539866146784,17.11864307765449,11.54058540539119,7.977510286168401,9.971022301699948,10.200945108284987,7.830777059510066,5.067286940634506,7.044789557662321,6.59920011190158,0.025184787963126714,three,/content/speechcommands/three/9a69672b_nohash_0.wav,testing,5.0,Kitchen.wav
981,-276.5026562122972,5.61644966726814,48.486400199518194,29.668335607536566,26.094808058216685,15.31540602783873,14.49603139500205,8.122132856084308,5.989546379285732,5.374019320236691,-1.4375794659772767,6.2032562618480505,0.06522026541642845,64.58345793490665,51.90608034768176,20.231785765994886,21.347420825304855,12.427111479972202,8.310179969362217,8.09790620753684,9.721833154084809,10.10376898810126,8.90673038692798,12.248816529960507,6.018320444877826,0.06239190900095505,0.25452653034780554,0.1364425391279056,0.03512572670520709,0.022289817613324867,0.048544302771105434,-0.23769431612165642,-0.10452507881489481,-0.15885710119765464,0.03890018708071043,-0.0189703815448569,-0.0034163169633589425,0.039243099934175976,-0.00033310121826587183,22.886684142898044,18.748329748826375,14.59493421311281,13.949597096319716,10.198183981184748,7.968925536730264,6.720545615774209,5.281375871495501,6.4065468179905025,4.849767565568832,4.91515562660977,3.6792126992247747,0.01979494802242183,-0.16791142052989774,-0.06340849289227878,-0.04781258641844275,0.13906138002546958,0.2288993915181741,0.054950500037641584,-0.06386531137381854,0.1352957897402048,0.010978541767568177,-0.13472110162578985,0.1934645785240946,0.18059906862230193,0.00010791141539812088,17.60384730781195,13.349739609352065,13.810575741086874,12.749413253926688,11.986194182984315,9.252267912943331,8.016654447973664,5.946306036834286,7.453436104546932,6.264310814753002,4.983266110747783,4.983055423842575,0.011752209033133454,three,/content/speechcommands/three/e41a903b_nohash_2.wav,testing,5.0,Kitchen.wav
982,-276.92772406409154,-5.894955158693098,42.28698054779153,30.98701135115391,22.96610879567064,1.546329701315815,1.2498985635341406,2.9912651799288206,2.604696457007616,4.772586613390271,5.84555435001289,11.278791400889375,0.03571997629478574,39.95180573739227,19.9723038456992,17.6511406325087,16.56705567094966,11.564902227212034,14.224501102445894,17.005782999160388,11.739928275273783,13.809703412202962,12.83762432628465,7.54898604429964,8.544732610990431,0.012090520629711684,3.5462505580449233,1.3988255167772237,-0.9060707903916053,-0.8334464419721724,-0.35301558956228213,0.35180000101136705,-0.12864075385063714,-0.4775484175114534,-0.035125405124133376,0.1522360188645976,0.00954749212632746,-0.38622628036799217,-0.00016129449490577945,18.865124332194213,9.992278001092465,9.776608862582725,7.018887744030748,5.9929840169045745,7.778527257535589,8.681927466210906,8.44092118757686,8.15666472724256,5.156191102213128,5.777750142069758,6.361316884375359,0.004459931933689833,-0.7917964261111934,0.17224179627577038,0.41592918650283567,0.17366660223664618,0.1177918602523438,0.25930411803897563,0.23386764569470772,0.2116112958893275,0.2565356176150166,0.11988757756247696,-0.166328550004311,-0.09092994704521201,-8.139548202355703e-05,18.950193180667753,11.826763429882464,10.315143764182206,7.45841348998984,6.077060903213024,8.801838213881668,9.335868104842545,10.032505585022104,10.133490677367556,5.679629836992373,6.896008822456907,6.750909927383754,0.003345528057208928,three,/content/speechcommands/three/daf230ac_nohash_0.wav,testing,5.0,Kitchen.wav
983,-262.15785541472326,13.809117678270933,36.7263420322658,22.193505502784745,21.588905120722217,2.3111669729601805,2.791170835008659,3.421258672689921,3.5965883056176775,5.312423574848091,1.6587676239241969,4.197658009252435,0.04255282596568577,76.58175159026798,51.54545303899903,18.8849755362187,16.796869802230347,7.096222333331789,19.07437567600975,16.29531346210651,11.54225997044819,10.716269251332106,6.961954517186614,5.915070112277705,7.327569976752088,0.027801117345028062,-0.03287472887697343,-0.2466128109501502,0.2876406934424565,0.2804345677900823,-0.06621627885724826,-0.10544386390895279,0.3079481635722795,0.2371513074044742,-0.02069798412979244,-0.2229758572926043,0.014709004929126688,0.27714502368358646,0.001032534716350417,26.098675821462717,19.01193051506145,9.403792631538783,8.071262952489532,6.953423031301114,9.293817563705918,6.7905218666761336,6.002423858067767,6.093283405082456,4.681727946817037,3.3455186767598515,4.217629977826898,0.007433257972800686,-0.054087191644261644,-0.11477288216494941,-0.3097500537396731,-0.15901633777321394,0.1733723477762794,0.10347592356988713,-0.2237462921920078,-0.16958325507499755,0.12404394667209324,0.2735858279879647,0.15091527738613503,-0.1604630968082019,4.0969594071308775e-05,22.33283544432035,17.491437876128657,9.904403527956987,7.723365979511739,9.005554980273734,10.516681324880702,7.617914173753183,7.949689488109237,6.681358919035787,5.800025473176823,3.8164408593957537,4.825741981071968,0.005166049299777052,three,/content/speechcommands/three/fe1916ba_nohash_1.wav,testing,5.0,Kitchen.wav
984,-287.36481010241755,-5.223363190847131,42.61095593750193,23.872211497689754,15.2714907916143,4.149778989260847,4.656229590008099,6.657001467370952,6.489012887781076,7.353450669632482,6.772264088869368,12.745813230160241,0.03652916743885726,37.80211541069688,31.24403455336315,10.638640388446687,10.765588698860013,6.844853923954339,13.088512077362331,12.170393436822613,8.840826278654749,8.885374349057235,7.032585048239405,4.772699239540187,5.044192810191909,0.006327878993196171,0.21817833913352233,0.6660236285539427,0.2657753704475487,-0.06891731318246042,-0.3054878593310705,0.046932029370205915,0.28318248753046105,0.04647319720220813,-0.029766393420328805,0.10752902411801901,0.09298326349906547,0.15258817102757108,0.0002022893919098762,12.186762268429185,10.40216567568819,6.759552544293265,5.226031979871728,4.693460680799774,6.357774139500666,5.69121695427168,4.711471517941283,5.023656341890334,4.0961556356369195,3.4978318465938183,3.345474570884094,0.003096661890858855,-0.3650855432084351,0.0418400532822016,0.11332201940724691,-0.3266654414237353,0.031268990567547776,0.02009262916459716,-0.30637860171910175,-0.09348301756284604,0.08282775418564707,0.18064328099229363,0.03304114090660999,-0.08993886214034177,-1.739170402288437e-05,8.452234278039032,9.134910337561752,6.816134548421646,4.415516011891292,5.021035040264668,6.590438237012524,6.374350990377582,5.556170730322673,5.432104163336559,4.780261070088958,4.4538053429504245,4.135416309208562,0.0023451517303122254,three,/content/speechcommands/three/5f449e17_nohash_0.wav,testing,5.0,Kitchen.wav
985,-245.38665809140758,28.33593429994378,18.19344360462909,27.762884220556266,21.30429255653543,7.395843368021164,3.9417655709469552,2.717939013348711,4.671955309432992,2.3549671262727156,2.1955129370264292,3.0067672309248734,0.06128275548689999,80.92582815502048,36.19339729525838,28.52737855928364,22.73339067162893,21.374564930798506,10.994503384774866,17.288059352689736,12.294418569203323,7.230467994414888,10.036358689796202,6.564345365324203,7.63433961493351,0.05553256306534564,5.022198729694824,2.822683532307398,-1.6957901259352963,-1.0399714502908948,-0.47815053206087926,0.09215863113722539,0.23963873816976444,-0.2254253618360357,-0.620343334560503,-0.47703462760298654,-0.167730924314483,-0.3541657959538667,0.00033802268726210443,26.228864812079728,14.314034844644313,12.418940400345871,11.914591145505925,9.637060324401975,7.412326514866866,7.803393425806676,6.835020330174441,5.221079555119132,3.8775320291971913,4.533598786319431,4.669682786443102,0.0172558837960311,0.9360287578919364,0.19843787643828534,-0.5218937215162341,0.006795103652621274,0.1474956574777018,-0.1504170367651011,-0.17792975791169235,-0.23213433737720174,0.21791779849058301,0.05628655594168833,-0.12915220369106079,-0.1770367725732316,-7.731591661771139e-06,21.134360678243862,13.172436271256549,9.289409296769085,11.028201965745042,8.221099808295865,8.799815180250345,7.867239964255224,6.948886311039869,6.740121385848054,4.1857045737481196,5.310511951336976,5.140130095878064,0.008859015852897145,three,/content/speechcommands/three/6f2f57c1_nohash_1.wav,testing,5.0,Kitchen.wav
986,-254.16726118335788,13.583630675274701,34.7525091192571,29.82532904285272,22.385922338712646,8.498364300846024,4.988900817325481,5.115256200531637,3.848800991702542,4.271633231003049,-2.3364916248646166,5.810721999116683,0.0928244074457325,100.16077577203319,60.8869896743492,19.90784099834617,18.04293736053315,16.40428497755879,20.56206150996993,16.874919274875246,13.467113114902007,13.54240911412902,9.835461134874128,16.914415075141466,7.266313483518456,0.10070287258027832,-0.19396504362329703,1.003197822599993,-0.0665023828942614,-0.08442774612733561,0.775296033295319,-1.377828072541061,0.2859034591967643,-0.36252708216953483,-0.6554046950757432,0.3832152870180511,-0.838938943516759,-0.0590130715919537,-0.0002616320646578266,33.882744567277385,17.871503936597747,13.792808389224964,15.040591589578158,7.732196210032107,12.146809061347282,9.075237037372652,6.779190391888015,7.311425958943812,6.723253423018785,5.792175443470731,4.5420395920185,0.039363092551741884,-1.050151454529519,-0.9748201890654689,-0.11626261137071173,-0.38354163634469635,-0.1940501674461449,0.7608908625883228,0.4405391689286644,0.08654059622599294,0.3400250274405086,0.17825079886311085,0.07795136927214727,-0.0876279907995397,-0.00035170186311006546,29.47732732651388,13.070223627664156,14.109955565952149,17.900443770988918,6.589353956795721,14.1960650564223,10.112517135265575,8.445542730493884,9.035174415483239,8.13051059793971,5.203307667812569,6.076241530485985,0.037589307283486834,three,/content/speechcommands/three/e5e54cee_nohash_1.wav,testing,5.0,Kitchen.wav
987,-288.43957938405515,-9.565923145201964,41.082542067463294,34.640150819431,26.78320078199618,9.800254052280906,6.369830134146457,6.916047045967092,7.903637936495308,6.725401137637099,0.8450690049120935,8.118578233026723,0.03657612984534353,35.98821395055815,21.92169898043395,10.877848159484316,14.540743594939071,10.352007707548353,9.249839696723546,12.743158830895421,9.569433150351003,8.604171804137652,8.398320374334094,10.759248286818707,6.589300251658642,0.0075936062760778664,0.37281323071012057,0.39491216054143075,-0.03764409125546724,-0.17603391515332956,0.1206426826179969,0.029663710767795032,-0.2403062583906592,-0.16672098839771382,-0.24201629152578596,-0.06030438894476246,-0.13898286378272537,0.05774328380410513,-0.0001376277256396509,14.29611669712649,10.567230882069827,7.286806594197434,6.685349466799746,4.479409617629827,6.208781387373109,5.595623586127816,4.528584623544638,5.236831975794595,5.260579250032439,4.2156272047997865,3.11010470166855,0.003034592298292069,-0.3319292207057553,-0.021596674262392077,0.05001782636225496,-0.06724042783828223,-0.009015869004457026,0.06175154895915173,0.19022403855263534,0.05685007500796928,-0.15328224642379204,0.04041821599549949,-0.07858342535748543,-0.16909245970961032,-0.00013673870513836544,13.979498307460856,10.389997979159046,8.390882068024528,6.367725466348321,4.571311823092027,7.048969756681299,5.531490166069851,5.141044008662742,5.143214717118077,6.264743521305795,4.6670382087704985,3.794874459985055,0.0022169128826115374,three,/content/speechcommands/three/0f250098_nohash_0.wav,testing,5.0,Kitchen.wav
988,-304.64531486153953,1.274486557320478,26.113154930078807,26.671205280669763,20.364925059530613,9.165886378101877,14.147684485298353,11.492273105698475,7.144896839312299,6.820284287937372,3.4067944724836345,6.723732827878954,0.03193209343589842,13.031087014832458,10.815932977316082,6.543499862650653,7.75259234109059,3.161187293576901,9.144476645545785,5.383324100652598,5.830004105609537,8.666545256921447,6.057259459061206,5.224996985632638,4.707258706961211,0.01597798970466168,0.011742198236040549,-0.02029514036219594,0.024448735471166275,-0.3274764261631315,-0.11238853914854638,-0.5097078987710595,-0.2187728500199157,-0.18034658209114213,-0.34877641377482654,-0.22292234204054037,-0.2269020649478591,-0.17927966636261863,-0.0017598899261605356,7.059095529749134,5.875811269718223,4.668038051335194,4.30752637601651,3.3124403770216757,5.00703733213229,3.8636707877184273,4.045344321379089,4.476418638778505,3.974107903435091,4.258011753536614,4.006165944616192,0.005636200821024523,-0.20868243103596834,0.2378954788273807,0.2488944495258675,0.0890402480090577,0.22891977169595634,-0.05227831783977409,0.17090859434907316,0.047604866753214264,-0.20761346994745308,-0.283195252566064,-0.2251094008878512,-0.027384653539837316,-6.283496816953024e-05,7.281962012871161,6.245282940990844,5.6489978657503865,4.805980671142008,4.756587725586965,5.952076656182323,4.668853901124995,5.06768425146237,5.33511613174522,4.68777210308728,5.089263169252304,5.769314600481934,0.003708465715485413,three,/content/speechcommands/three/90b94017_nohash_0.wav,testing,5.0,Kitchen.wav
989,-225.8509004792999,55.45749378449331,22.664289513931006,10.962267670074926,12.959643983429498,2.842638117069135,10.886880763917006,9.093043746813937,2.77380619443629,4.861720531808489,5.99859820228589,7.249450353083372,0.04183997950800087,36.20179695788079,16.67113456042704,20.327705195065334,17.8552536751322,8.286193119483363,11.512996831988216,9.262246639494396,4.6659713158247635,6.532556878357836,5.548509885254925,4.705577071940928,4.784422257656014,0.01585424679434323,-0.8124195032985401,-0.26686863082380635,1.6196007229170724,1.6160535549403112,0.2123340038659969,-0.17569883229082012,-0.12198654050458027,-0.16617179157404005,-0.4788690300175139,-0.11227374453147446,-0.25657202982494315,-0.16562484168938588,0.001499325544996695,25.535249671497926,13.500279363681635,13.31707142504676,7.200879796613353,5.501679533875596,7.586708263146946,5.851404613328918,4.778283533619761,4.793498601312906,4.454765185514983,4.332680948024289,3.797256586576994,0.0033531132588695035,-1.238280907142041,-0.4128751751455509,0.05817447092940108,-0.25705384416857835,0.6762725381176689,0.9628399436219818,0.49436840928033526,0.10091480971809745,0.27625089215137516,0.030933309804915324,0.40663907181608105,0.22831291560715578,7.799356466247922e-05,27.3434950620031,16.836249390909707,12.046081871144551,7.974404211408966,5.949363595907895,7.238547560158076,5.487487629674421,6.002185891191912,6.520796110819249,5.260699953746006,5.9272040397157415,4.584658255865047,0.002566189769376063,three,/content/speechcommands/three/5eb5fc74_nohash_0.wav,testing,5.0,Kitchen.wav
990,-299.90132246783264,19.171736632366738,37.36965599220973,40.10925274575858,20.66152406508183,16.65422857982363,10.97804774956178,6.244239522540057,8.27921991360472,4.765779197694387,4.434960078861262,7.564727646110073,0.04537590767722577,41.7553016857071,20.078636612004935,7.7167940001941036,20.403285021457258,6.946000160228226,6.491861384876454,8.610898033973209,9.552482366460296,9.260449317656528,12.93609626648318,7.730135727665982,5.322825451221019,0.016809605939313885,-0.42573294531299294,-0.5929521726346616,-0.29450829043821386,-0.22819970579313636,0.3232594104587645,0.019423092062407395,-0.1031985573702405,-0.17685692400757722,-0.06589514401136842,-0.20909290519823137,-0.2416353905036369,-0.12167351498260766,-0.002175180031166923,19.12069852525241,9.90810695302942,7.075907452766522,11.404034620681287,4.297365467461157,5.123594060781732,6.354488561099609,4.149422471160827,6.043120730000602,5.438166921025393,3.9269153602627407,3.2184837000247177,0.005950721926764316,-0.7324256028516098,-0.25002362297545067,0.23776340578149313,0.29895479088539717,0.26503353560364074,0.08944402704477336,0.05900557302220033,0.08827272970339196,0.3216185536296097,0.21512877172113107,-0.06913796184222258,-0.0033946956318517667,3.287593523661296e-05,22.908645487794477,8.962813816845175,8.349182914475264,11.178904806070427,5.13952255019071,6.995136531893854,7.76369887934585,4.952907639898583,6.574024908362455,5.530981850990614,4.9212542724861015,4.158808337053607,0.0049457518601505445,three,/content/speechcommands/three/fce96bac_nohash_0.wav,testing,5.0,Kitchen.wav
991,-229.7346340059598,30.57644344914728,30.091191172241295,8.999039482282566,14.737421520006013,4.780399988234138,2.856943095649306,2.459298053418735,1.4523727565834652,5.4695515358927125,4.061432287487861,1.9272014038398186,0.050603838404640555,65.22089724498834,26.083221731606546,21.378639973754147,15.00396003039782,10.303460012969284,10.300821380131401,14.755069787490324,13.276406366467537,11.178399515910025,6.513551439936068,6.6892611582953165,5.699788144796897,0.018435220618340274,3.038365066541681,1.5139873262988945,-1.787272013394512,-1.3142740381376627,-0.7337486964013537,-0.12308617571117264,0.7813950247026803,0.42388699257373147,-0.6448548629322036,-0.5139441540797043,0.408711873848301,-0.18582076854509227,-0.000793218552585571,34.920300597206435,13.828143041226255,13.430573940062857,10.191637749817005,7.975325376709469,6.157336836574709,7.511448293056325,9.60894163201375,6.648795002829266,5.012698400997778,4.436250081422868,5.29652866428562,0.007504254665557634,-0.39340755586871695,-0.08148777096641051,-0.029156125746419903,-0.46082136017477804,-0.22176773098379882,-0.10283503656378948,0.11880436734572039,0.38851177209006266,0.12137015954417757,0.32857898161793836,0.5664364883655219,0.2507585073963959,-0.00023789536207914354,29.081799485160833,13.11729562424732,11.36969293286632,10.714397358409292,9.026340552015284,7.158790342208982,9.204351443709507,10.242152678184247,6.527074113955674,5.613988445012582,4.7457754711183995,7.328524573111842,0.005598473302513111,three,/content/speechcommands/three/28497c5b_nohash_0.wav,testing,5.0,Kitchen.wav
992,-262.5972941944839,-3.3702944775480947,29.69732118608046,29.860613005538788,16.768028851503075,5.643250947933065,9.52369099329065,12.645155311131742,6.633166426924587,6.371968966434091,1.0104020989492373,3.500885462512205,0.048375353682786226,63.601145774747444,26.24218286412313,25.651961024460228,17.26621075908407,12.75762271799332,11.529709349739417,13.60999669829313,5.862999378181606,7.380123052756503,7.72802906669489,6.677705889161146,9.94679782800351,0.008409143119793391,0.16392680528625467,0.740593846572201,0.6446334089062336,0.19515236830872826,-0.11366764588105849,-0.08051265206625932,-0.10176803693231008,-0.11670176178302892,-0.19960432771505557,-0.2393051843788932,-0.0784561392164988,0.16930645740936892,9.187683463096619e-05,22.734926133574753,15.761720015632164,8.975163094117129,8.981264559874834,6.735027070572428,5.761441799835845,6.7197114966790545,5.804906429390982,3.695901934256629,3.7813629656501373,3.891276029996483,4.54769684260596,0.002739838345802411,-0.03995247719829725,0.26308494598378407,0.18850671672060765,-0.013984825719497707,0.07560455968306953,-0.034512589581860216,0.1525824070436403,0.1420304724306615,-0.04700456425644773,0.03854999750620699,0.19788574806703654,0.12301526113551565,4.6547626455624896e-05,22.792015645569343,17.313070587274854,7.410849356198037,7.941439252367708,6.80095845040341,7.275184794605358,7.45332337764078,8.01331509389554,4.365815152039154,4.279169672313926,4.936701666792547,5.456468366532055,0.002101761351959743,three,/content/speechcommands/three/553f1a79_nohash_2.wav,testing,5.0,Kitchen.wav
993,-292.13482813985604,-4.943077720143032,38.602269327351806,23.07235822767923,19.193083176546615,11.335117130403876,9.429128692314865,7.042187660974778,8.17981787123244,10.272386347974718,5.312215965069951,10.51153912359343,0.04310506669571623,44.053201875918774,29.106025829688406,16.95648310035246,14.029998365189575,6.965765974294229,11.564912892423571,12.196771273521803,11.356315828788134,9.350806566685064,4.267838493488784,4.161231104407999,3.695120625364241,0.013545818046561383,0.22448829290635786,0.05747662038323547,-0.08153642209402787,-0.10315513755099456,-0.2516565242205636,0.13787043828739595,0.10375378993111012,-0.140765237460169,-0.31085324643242385,-0.10676954762301914,-0.02839244540828848,-0.17758841675055792,-0.0002632370639231897,18.173655166398397,10.852458710927989,11.710741814506449,8.124137139419188,6.7365569591857914,8.585672703788557,7.525296100239189,5.201339455766559,5.867769842098089,4.40992137435042,4.468823881349413,3.528663325346403,0.0071953627294301156,-0.29053884792131346,-0.026149524339447793,0.21702602331429333,-0.1294800934838913,0.12122695757213667,0.19017244834456073,0.1691145230260446,-0.01123265503294982,0.057015647545404315,-0.09731165555265348,-0.1467805439842871,-0.1297391104410085,-8.756183087825775e-05,18.408781141554133,10.200353076604882,10.927602359140009,7.35438656456155,8.331416754766998,10.519859359256728,10.006901042852855,5.345830620491094,6.341846289735255,6.665600180038558,6.352361932058732,5.353049594251186,0.005173970220695852,three,/content/speechcommands/three/4c7c95de_nohash_0.wav,testing,5.0,Kitchen.wav
994,-221.32750262559463,35.59634792051509,25.637954722117954,34.6907352768051,11.502385995021712,4.422603961712643,5.206759041632523,-1.7192897748804485,-0.703563907673048,4.320299698828109,-0.3876014412398643,1.401999914238354,0.04727533500408754,51.819332143079656,23.90597177172866,20.529027523995612,40.65173302636469,12.191359175036062,11.789914762914792,18.054456787297596,18.217162567010018,8.678159373296149,9.60540109274409,10.083810307335611,8.33080771532403,0.027328510671311076,4.594976427749919,2.3270610723754053,-0.6056899948004325,-1.0624120964368757,-0.14266720132287672,0.15032791975874107,-0.14769572762398345,-0.17445148920450623,-0.3960497009905082,0.1930515497396952,0.2122774737997229,0.06579272380514853,-2.72758545414094e-05,30.412536426937173,13.727389437530299,12.02897455198676,11.655065097507379,8.580765221449598,6.4050197957735175,9.630360948825622,8.769347891142605,6.120937884933858,5.5247633532899965,5.176795837359618,4.765198889445273,0.01053824466016128,-0.8729699448445738,-0.5592230064087907,0.3774466013616772,0.058938371118128545,-0.08983609365288461,0.21287286237073832,0.21178842572191345,0.3038141253581699,-0.031897691279726505,0.038807463143898664,0.5295625581728064,0.41771536727546477,-3.6673371990521746e-05,29.676864549366396,15.95649443253941,11.73832049304395,8.70662774992157,8.95711509874674,7.063031782276003,9.40876077736156,8.866450364954476,8.677713776130584,5.7278656060086695,5.903621789418549,4.657642473770539,0.008074537082348645,three,/content/speechcommands/three/cd85758f_nohash_3.wav,testing,5.0,Kitchen.wav
995,-256.95664741985274,40.156425717321596,35.67383101831871,48.55225669604534,13.133482831099288,8.364332187336302,16.095547764553004,11.856600279434035,8.621897864120623,2.6577083497438405,2.421546264344429,2.8624320616047605,0.08214267820585519,90.65045381271393,16.156727197580814,21.304133354345435,37.63977594191151,16.071606767458093,13.855840093456933,4.875887304903304,9.561733111267259,9.676858141264415,13.2844291236141,6.415904262584578,8.383007700359212,0.07112878264116375,-0.547673783857986,-0.17382802079758292,0.2498857690036157,0.3304131060059465,0.4452301541175103,0.07958182866252657,0.03049893929136226,0.13149068295374736,0.08713544021920241,0.1058336308956172,0.10644146958420475,-0.1436886832741117,-0.0002996890895789669,34.87548884759001,11.773582884113392,12.154168175923653,12.123406957546118,8.206908258263606,7.0331476056587645,4.145775511996584,5.654269624296739,4.960523758603861,6.384358724383256,4.390557876948267,4.33962484005666,0.02228307234633324,-0.8570777000471007,-0.6865987692560308,0.03220242157933792,0.527670778593708,0.34390708471901565,0.007729562121968966,-0.01525469115072949,0.15256794452572783,0.06298070930192985,0.06444462485539569,0.05427867855228889,-0.29243665211449676,-8.3408256371816e-05,33.998936465543935,14.97711117221382,12.148128943184615,10.811047780611728,8.70433583616117,7.539656338609798,5.746492744259618,6.319323455760615,6.408340131794953,7.323886275163381,5.828845473652524,4.7059369331644305,0.016206840628506504,three,/content/speechcommands/three/e1469561_nohash_1.wav,testing,5.0,Kitchen.wav
996,-287.076044985647,11.821988991416688,24.66237669931635,22.057277881693988,15.933452916565965,7.694742702387725,11.196853847761908,6.356755300649446,4.816508744203908,4.364417097453044,2.7048448690640594,8.008052773120784,0.03593603422632441,27.004844932349176,16.361249199674923,6.971640491451062,9.094090056163228,6.128992168112534,8.724609160501473,8.665292412799115,8.345878939128164,8.533356943077033,6.471452651634128,7.638499237083343,6.481436563454315,0.013021730604794371,0.991960239742439,0.4400051268830177,-0.27712610924328257,-0.4210058151596365,-0.34117993184285034,-0.012864083833708177,-0.3224970559336142,-0.4025132525283372,-0.33699985658944426,-0.06409774306977478,0.3461434068119758,-0.046054605842363504,0.00010961708762953358,9.690502349177018,7.952333326183549,5.415056646610826,6.66966593814014,4.8895398536175865,5.727404474564073,7.001523072578144,4.226874923565773,4.579706587465451,4.395271753221908,4.778013402697797,4.701841907132519,0.006912704554025055,-0.025754337059684454,-0.004788622633860928,-0.23437085444381658,-0.053525569255533215,0.06260031975728857,0.040370602912701635,0.07955033629535749,0.09821009994806774,0.2146631249939071,-0.030223838071554533,0.013710183726053593,0.0995997422996,-0.00029782243072986605,8.893281463910087,9.093160428281804,6.177756340158583,7.304689239110604,5.897567780123502,6.099901727863978,7.614991423894305,5.112516786074835,6.081632370049678,6.040863413340481,6.332567274996509,6.332425066725475,0.0046869629587637015,three,/content/speechcommands/three/1b4c9b89_nohash_4.wav,testing,5.0,Kitchen.wav
997,-277.64059444986276,24.30974636621645,37.171598293887385,24.786694754466165,19.333694138941365,9.798835404319375,9.022786471674365,2.0585745188536895,2.945526154826436,5.414765789150232,-0.7963344840674763,4.520417619041295,0.0350027073873207,61.72549732761049,48.66341098810266,13.749918530096206,19.50439041079971,8.10615422056216,11.274685341588489,10.639988526565118,12.316288775882086,12.699518392110303,9.08294699651351,7.211668708668387,6.721900342716029,0.022574653893040066,0.22277393229724257,-0.07030425686658105,0.16129724374195484,0.11544955761264815,-0.5026062673344147,-0.36520915122004405,-0.0640969315742998,-0.12300217675581727,-0.08696447687644673,-0.17320698256796688,0.06610399236275688,0.053439900588096584,2.410983847033593e-05,21.287769038674703,18.459622237883686,9.045337483606085,12.403239268206042,5.388758099837552,8.024171165155055,6.103158276341567,6.087877406304966,7.040995877325501,5.735396947874648,4.542988730665702,3.7410683163562988,0.007296975213218598,-0.11700701116297031,0.026808057601080442,0.14656516650767865,0.1700567018487207,-0.1669940918962093,-0.2813625392753145,0.13253354093183103,0.11126216934761927,-0.12107620342062747,0.15346483800358432,0.10955329429727562,0.08643074760868806,3.11361625790596e-05,19.681780581730173,14.237625920336493,9.49740050448022,10.97522567424394,7.236041829807338,8.722964884091514,7.600284568720805,7.217882582460613,8.093187102926333,6.318756494104246,5.750896509663438,4.828665447174177,0.005372440908519,three,/content/speechcommands/three/6736bc64_nohash_2.wav,testing,5.0,Kitchen.wav
998,-283.8254595932283,28.36598133922686,31.48555190343437,23.480131703752864,21.12687939817035,5.027654029522999,2.663425085269129,2.157103625501,5.0056288078383036,6.386420026312688,2.9856001318600445,6.614348999313649,0.04283615935128182,65.89321885262738,51.839799903396,14.863119654576161,17.286751707667356,6.895228612568516,15.835134643658128,13.528344993293404,13.21434755623828,10.460647753145592,7.622425373570233,7.472723871399438,6.7909523859782555,0.017329733762158323,-0.22881712332408158,0.28905733138801915,0.1829483051419093,-0.05878055669397457,0.35597949346662316,0.37282497022382155,-0.04404277595321697,-0.07415544321808112,-0.09493710406284334,0.050119851601656246,-0.1336308784945913,-0.28377437951368334,0.0002214982504806211,20.727282587445494,17.606480440374238,8.105707709536935,9.248157229179434,5.675363817225886,7.302814025463056,5.860082706868504,6.413239809371902,6.173166401810679,4.210950047490239,3.962135777824792,3.899000844666603,0.007710433809526755,-0.9608273503191849,0.12217723417493585,0.6400725021968775,0.08785070410114469,-0.11716170807654791,0.17720720500366055,0.06697104060527638,0.19758770069602224,-0.025745670847959503,0.02891167841715525,-0.16117941069761477,-0.17085406511444207,-7.191461821397146e-05,16.5624806014821,13.899281794704674,8.053337217502186,8.408705786963006,7.042731744473901,7.410920628318361,7.119120736949771,7.366500011608147,6.767764501696946,5.059892985240958,5.674860795403284,5.283431328142612,0.005693950558721079,three,/content/speechcommands/three/fe1916ba_nohash_2.wav,testing,5.0,Kitchen.wav
999,-232.44444085839436,72.94800431800567,36.9431878280939,23.003460259010474,27.166672149291543,9.447103762716011,2.778092093689051,0.5701952414777367,-1.1988728985169406,-1.4735161640475094,-1.6064543285180077,-0.32943292920967715,0.06481228268239647,26.110988490908593,15.864515945546913,11.31073003769737,14.231704072136429,9.287254793531687,11.305886792311167,8.94713663386441,10.665969165407388,11.596956889683256,8.753648026822725,4.975978146250111,4.231894525249683,0.024150953996856576,0.420012925685171,0.13338238815464204,-0.3398215372152956,0.018843113437248628,0.2273420279305382,0.03557034419131252,0.007658942412124131,-0.04322538084241922,0.10308473741267757,0.21065976651282123,0.21796303325705318,0.5621235712301741,1.979763469388408e-05,9.020743421986444,7.883942497121082,4.827972683225006,6.101004792678071,3.6905789976235104,6.36483879408457,3.659002326740252,5.636527438532279,6.693637532637936,4.234838770430561,3.243946037309593,3.610809533700309,0.006629237045413841,-0.43579915397875957,-0.17612734542645705,-0.2142966593200813,0.08334084391278615,-0.14489754359215254,-0.17685660964943628,-0.04974464139122989,0.10448674687764277,0.3028774433320746,0.2260085616253867,0.2007257341649347,0.21129383621546463,4.529841244220734e-05,9.118247223350602,8.336817140649934,4.975269463301605,5.939806224518156,4.194827525707486,6.0763316278207835,4.306494107982608,5.898252243364231,6.1339959042286845,4.339945461668522,3.775861942077759,4.296464069904657,0.004929831160180947,three,/content/speechcommands/three/f6af2457_nohash_0.wav,testing,5.0,Kitchen.wav
1000,-264.75003919723133,20.484714978018282,43.41078614827799,28.800196063416458,12.069994555879976,5.692778457862705,3.1000425138241,2.009371802883109,8.041993675033815,6.0882878927810005,5.95789028143618,9.147638448451962,0.061722068989183754,79.1635967039189,46.57242956724027,13.16639011756352,17.225745912110693,14.22785742352665,15.447398983567737,18.454853721846685,16.169548471420285,6.516206094010495,5.991866125629454,4.74762399653636,3.836433625007895,0.0498966075749946,-0.48978232832670743,0.008494640238113459,0.2306900653162386,0.5236836308910396,0.11384824091526145,0.16427026734540462,0.2484308780714534,0.10695351421571557,0.1632391938122055,0.06169890357707585,-0.27750835199540513,-0.3156447543997481,0.00030619741207168946,23.988440798354116,15.152567283504979,7.674651240814373,10.489715425864274,8.099722565702118,6.928572893450396,7.283200743960144,6.619307174754681,2.5183257135454378,3.5094115094725966,4.100523647507919,4.086775263410098,0.01968879108517967,-0.25548780145931194,0.0030576189968760065,0.12380330222522459,0.06942856014059089,0.1436382416370374,0.15923764447490166,0.1153190689039071,-0.07379433830119003,-0.08076470502296319,0.02776672542995513,0.06794613432911187,-0.0555676459096101,3.73061125477155e-05,19.358660121661785,11.309916172389936,7.677309552810062,8.570267631389108,7.768359309071445,8.100577375268726,7.583227925761194,6.678853535848317,2.7284025619049666,4.7770854036025225,5.386939210835904,5.98841871208196,0.014960340341582574,three,/content/speechcommands/three/b83c1acf_nohash_3.wav,testing,5.0,Kitchen.wav
1001,-276.69594922403934,-12.566010327676967,38.60061436181075,36.93249091123019,18.1075147220525,6.424735672388025,7.254884019786145,3.41204020084278,3.618286401791881,3.2240138204708386,1.7357447669800368,5.17079556244019,0.03694746328983456,46.389669868211854,23.51995569183042,20.687085261381267,22.14606679598692,18.382546859646546,11.676491308093478,13.167142458435578,13.60916780041566,9.849645620762672,10.213814919880932,6.6929364259690765,8.645439662212139,0.01085019280334237,-0.06198033935459996,0.4339262292853655,0.3449792403886641,0.023198830440859162,0.10096274341114955,0.12063452547409943,0.04867755820169308,-0.04017293913154957,-0.13496051561333677,-0.15268104357320397,0.20563287024971436,0.1129081863783643,0.000654919673838923,19.520011914184046,12.139636222850255,10.885676854462723,12.785231202299052,9.175068816999431,9.827526675826872,7.656180744574428,7.692147893967345,5.701070076719697,5.492605681076832,4.169640376490417,3.6336056916121255,0.005102354856839492,-0.5098834694595211,0.07361740967770357,0.4002490622248716,0.34288109427464236,0.03222136768731095,-0.06641488128532706,-0.057960992925617384,-0.06887650187777193,0.08991890651237609,-0.08045134494259086,-0.16590008587326857,0.12507295737214066,-2.3966034253438315e-08,20.899208317822715,12.959593399367963,11.96525780033252,11.691001517541459,8.995083769820074,10.978884671102279,8.591128582089587,8.768406623233666,6.386126356301235,6.030356301332967,5.137576498190633,4.056660397506469,0.00432790751341396,three,/content/speechcommands/three/67961766_nohash_1.wav,testing,5.0,Kitchen.wav
1002,-206.72574519300878,-13.99019524004656,25.907652722474964,29.60849771330337,17.733502455688374,1.2048358866671314,2.980641041481731,2.837528647233805,3.6639739746918427,-1.5922300254868114,2.8826922934217123,3.8664645319650446,0.07186370244016871,94.70259654634644,33.831304338538736,18.094533160696976,32.78938582556671,11.238184573199158,18.839512454868217,14.677085149765123,9.79445871460428,14.669575274585243,12.95756443259513,4.537561663867185,5.532132813476962,0.06439641634644336,-8.239519881024538,0.4551331323234329,1.1250135124872818,1.3865749658623212,0.7240431028202801,0.300536173689156,0.8044110627806865,0.8590653379448804,0.1928351008831697,0.7183620546587055,0.13326960996973078,0.2534284066761879,-0.002592206121452393,29.19573210178356,18.38962472539297,9.61149795317195,10.972700492113116,4.530368853979539,8.191772242679763,5.336877309255653,5.6435955025792515,5.962749110507995,6.220956064977507,4.148619593680255,3.1286838188996304,0.025849651734822565,-0.43044716655947846,-0.09807658169749481,-0.08876174920290084,-0.048198660744130706,0.0031100871247823274,-0.18878017691108642,-0.21836073654684404,0.032050771376803705,0.35200970497241413,0.14747964420159645,-0.008442224451004836,0.03920932068448971,6.88826044400533e-05,23.82904325236603,19.76663902042965,11.696974336800425,10.628363945845557,6.092579182913316,8.423729372104678,5.312472865415108,7.750489708658453,5.598922892417995,6.674616363350017,5.691958414767004,3.924847942519851,0.016032742407186114,three,/content/speechcommands/three/563aa4e6_nohash_0.wav,testing,5.0,Kitchen.wav
1003,-259.6384466439945,8.109825125318565,30.041158133488178,20.226669354877146,17.43612734978191,5.4223193473868605,4.763440978309906,3.2946193255265346,8.384681773495236,6.152937568447902,5.401040135085976,8.151251087989376,0.035768386122072116,48.76968697159356,27.61882295267036,14.142893469808325,11.287861212293766,6.595858099066351,8.592587463298909,15.111616876527547,14.643138350537876,5.294375201709119,6.239204447579082,6.308661721604868,2.739869239683459,0.010110045279354822,-0.35986676664280765,-0.4682759407961493,0.6194359333002313,0.00041907416914569703,-0.04067799191538126,0.2739073504686274,0.11678365706641702,0.11894864939462181,0.10829321104710235,-0.23408884502824698,0.02687670122731618,-0.1891120320257728,0.00032425113022327423,17.692046833658598,9.667453682599007,6.951558821269018,7.7779227159496935,4.414912720418566,5.4811802886546035,7.09154481110745,6.992104432579865,4.717745375718077,3.8715018481963708,4.312367709778956,3.2636757261466802,0.004744662256370334,0.020865490520151297,0.2396822452180805,0.11705278269757073,0.13255941431372661,0.3204962712017082,-0.024534958747297195,0.10767267808349026,0.05821698529613547,-0.08682048512634193,-0.1298282415308132,0.08576496829495911,0.15629806295543391,0.00012985666592915852,16.894469982387506,9.320158779554227,7.08606015012017,8.895517659921095,4.735079400944492,6.099571606492944,6.073155773556567,6.22929795426644,5.7977056546656405,5.006981780061372,5.28230543762866,4.974025745535925,0.0043563442764360085,three,/content/speechcommands/three/2d82a556_nohash_0.wav,testing,5.0,Kitchen.wav
1004,-173.7917178623531,16.651433969279786,50.27378691281895,31.059039385686468,5.538526800165646,2.429065728096291,-0.036760498287920884,1.7970902130888131,4.150891604190964,2.047383087399932,-3.4160977783061743,2.004699104298974,0.0925044312607497,51.69354263778521,31.01542565602301,20.131532577693026,9.87429716974758,11.290260540212337,7.17069756157698,8.860335552077554,10.002446416897886,7.956364388324564,6.3625839000817646,8.144352834808595,6.218330231436979,0.08767886386022349,0.1793892463785391,0.3256875177030776,0.19073678726764232,-0.1123450196664479,-0.18808484493120706,-0.08068311137239725,-0.2251499642287963,-0.16343580570729127,-0.04917731841829688,-0.1618045553478128,-0.5050253061640405,0.006260817108250621,0.00036972881324829596,20.038615059772187,15.61619820162918,9.283646310593502,6.599801742041473,7.673365190798314,5.34776098522458,5.577330899570638,6.611533817521082,6.4415644393180544,4.423565273748775,4.937426286475938,4.969464026796223,0.03367172168633982,-0.6840235302663643,-0.452786613134171,-0.19062677489297453,-0.19381142737308252,-0.12055844502155365,-0.07381907680621366,-0.06255616038673614,0.15338992428022058,0.3670027183036478,0.3004784954024278,-0.020371988750604596,-0.04602616978988925,-0.00022780392318964005,14.015755449036387,15.132744081290708,8.560021022462179,8.630828701990922,9.17802614148436,6.392222308314319,6.771020203662645,7.668158117952597,7.674472560838343,5.816709155052415,6.776669284227782,6.581287632925513,0.022086898494233714,three,/content/speechcommands/three/97f4c236_nohash_3.wav,testing,5.0,Kitchen.wav
1005,-212.6383570761925,23.995263959592542,25.341731243269905,21.470017172638176,20.168414808784238,11.211785243325114,11.530939964599911,8.155959671881021,4.062896430636931,3.9575608231074364,3.7443302944524053,5.775757705553698,0.04161253880010918,71.96781763065867,24.653754492118303,12.670317307234727,15.322451581954532,9.562116108530669,7.136788250632482,5.162934485445234,6.643399834700117,5.1903660964787,6.4519407573384235,5.246808570546755,5.197608690424111,0.012405430452693314,-6.592393851557802,-1.7954705562861113,0.9107719606335398,0.9406559045107207,0.46340863666646503,-0.07095607632250077,0.2547513069629342,0.24234650885184933,0.3790371383300387,0.21394971250877962,0.16523270007702195,0.38436264579232743,-0.0003999623079453745,26.98166407906823,8.885553244698578,6.42261120217055,6.233625712353552,5.863219632657167,5.075312498425584,3.96990155185359,4.530430034930084,3.3474197596075403,3.867423580854864,3.993889744752676,3.9376935338674826,0.004925980040874029,-0.5577887485790896,-0.4852328924396716,0.18604629193985847,-0.026268014184644174,-0.0863855368171345,0.04610408359929323,-0.0012752824776660176,-0.023867201669949652,0.1542865749816589,-0.07684928255568245,0.3471262258620937,0.2789740953626569,6.049486498037974e-05,27.61074329981691,8.21856020386412,7.097461358342498,5.595713393113367,6.747140665704974,5.794184209030215,4.839103661848368,5.178022073315715,4.569980516803303,3.98145917351931,4.725649489970101,4.962313709172776,0.0037776789388069072,three,/content/speechcommands/three/37dca74f_nohash_2.wav,testing,5.0,Kitchen.wav
1006,-251.46316195589372,6.291521432554001,36.89801616197683,31.843173933243726,14.57079327974489,-3.2788668689767015,4.742589833308143,8.053489511084422,5.4672190376649485,6.796007480499849,5.425440734261709,1.2033999458576559,0.07706002675695345,73.6724189328082,38.027910596185606,19.75930770493919,17.72829380645323,11.339092337740059,20.40322874092186,16.990123863497264,8.914502459303469,9.960955105695737,9.602513710142473,7.826345705062718,12.168147076511788,0.044909962915014645,0.11490621538034006,0.002816648961989302,-0.43201409272196356,-0.048314805621606456,-0.09190271747893568,-0.32678008760275595,-0.009489284965511047,0.4168258664300896,0.08797626432585683,0.12659798546854478,0.29677746574490416,-0.18167137022419222,-0.00013998835798232785,25.15019047946224,14.87443996357623,8.994380681116093,8.854008173382887,6.521735580746503,9.460204231043141,6.737588995613582,6.128904935228056,4.510543322292108,4.72687918718015,6.226625158665753,6.039002657310255,0.014668664642351763,-0.432594928216893,-0.4658610614987147,0.18957963954637932,0.20275760064488027,-0.012399698160268712,0.07412238132535769,-0.029717235721020845,-0.14040081220226963,-0.02581844802310111,0.04386128093996125,-0.10904613754971255,-0.15131701813213627,5.6665390729904175e-05,22.980838983138725,13.614720430210554,9.343794755497985,8.260152196507109,5.87974421219281,9.847951391501885,6.459510073404321,6.64410083596315,4.423080345393758,4.976073125634,8.35048583969871,6.436690289172307,0.008735967078937172,three,/content/speechcommands/three/ef2a3cfb_nohash_1.wav,testing,5.0,Kitchen.wav
1007,-284.39308523218256,5.8436350768926015,51.52185094705227,27.304541460970906,15.466267931511446,3.74455664373778,4.410025292950058,4.374768143572565,8.024395484438937,8.966434758943992,6.113119713049901,9.877517457776278,0.053036784345749766,56.13899246832687,40.84484618807934,12.881849685861535,11.353440392448237,11.827881512622863,15.495100393452713,16.53114719919084,15.98785736333779,8.424952391099756,4.966686807737112,4.273762812341015,4.774457484040083,0.02591446213561056,-0.06012688245192888,-0.1618860095728459,-0.04166950020188982,0.11751426496136681,-0.02062032708058386,0.4366866770602396,0.2886825134703763,0.13496940193525148,0.021630563315169573,0.10945083429063145,0.17059854751165382,-0.13057308970146933,0.00048700023081994824,19.8481817359415,14.429393135096449,8.103104970603221,6.639069453268206,6.811220804939255,7.197649384375168,6.8990534497394504,7.479196100953414,4.027159820527292,3.7719515053648216,3.8864688847745943,4.414903796744151,0.012685994839723038,-0.2104937293497168,0.33345684464184655,0.46917683907599916,-0.02779494138635042,0.04063976097397178,0.057515534976933756,0.0918659338740806,0.05961138128769748,-0.006849998031857455,0.10445149820701598,0.08485486668315989,0.22507359284041423,-4.021128018697103e-05,18.54309781112686,14.327529396819363,8.089672601626827,7.0000200062143465,6.648773765035814,7.9032000002826175,7.277712064545611,7.807714623407321,4.702429616614192,5.511238732880935,5.734172311613951,6.257425878689172,0.009004347022940732,three,/content/speechcommands/three/b83c1acf_nohash_1.wav,testing,5.0,Kitchen.wav
1008,-283.65432627181303,0.7081631355629613,46.71806778397239,20.969103472528353,17.314190620048024,8.861089932632872,9.894431559298908,10.152233000101637,10.648457299098244,9.676661708803204,4.449633402029502,7.426374560272968,0.03181341593153775,47.584863391985486,36.575616426429754,11.204615796669776,17.90617667717011,11.971794293272405,8.696491117767735,10.063458220977372,7.986225314053077,8.314597391046924,7.109677023928318,7.128600456805467,7.650344439878777,0.009474877860495553,-0.08028352881482012,0.20624221726536032,0.4794492268823348,0.28893068003025096,-0.08614827808866855,-0.10237806551895694,0.12793550133543666,-0.05154424467139596,-0.025458125416819948,-0.16864726897814233,0.1200205810027388,0.013145031962877045,0.0001895451137135106,16.945179102451057,11.516210008184034,5.345541008648016,6.8677510783316285,6.136345647781356,5.110941380537965,5.066955274688595,3.5222444122483223,4.589628906403703,3.751617417390598,3.8504347884719903,3.396879258749902,0.004073537845274061,-0.7806819653294459,-0.5441020272783967,-0.11571920712444642,0.13596661356992723,0.38116022040861025,0.33823458302559467,0.556025072806311,-0.002843723649701661,-0.17305934003133375,-0.033604845036847956,-0.016726359515891225,-0.15210624765977,-0.000269040713707606,12.650692922531674,6.668974114818124,7.287792976996963,6.380796794305813,6.348834246757387,5.699622513577069,5.221676741431129,4.4723044729059955,6.2506046612221215,4.683224690672781,4.650424860137778,3.8854033102245897,0.0024487749739521103,three,/content/speechcommands/three/85834399_nohash_1.wav,testing,5.0,Kitchen.wav
1009,-291.192197086702,3.3304072761387498,46.17943813111571,22.135707049548067,19.991720278900438,10.210666322868626,6.966952557138314,4.161215032065028,6.606343302268889,5.888841509198892,2.2957045814119685,5.943085151960251,0.03330474393442273,43.385872056385956,35.442393092319826,10.345236767455948,8.675547247685591,5.753546378724145,7.569303756195233,13.92632099821612,11.863824025180453,8.373109379304728,8.751797895976418,7.038235960182723,4.9226175580714555,0.009415594539096779,-0.11726014399331572,-0.5592579715656864,-0.7220989514179145,-0.2854086291291368,-0.17386712995948564,-0.3997953939122488,-0.41719237219131833,-0.5070913157514939,-0.13736700298656118,0.0794437540879411,-0.0982229668595968,0.026540653353287615,-0.0005093465048459268,15.901297983139115,13.87813889986582,7.3751941193826935,6.163005487198059,4.2623649799412,5.035296201942486,5.2835073862934205,6.319515873474486,5.150288677139955,4.38190676066657,3.6872388386696464,3.8798199129650177,0.005095347047155858,0.24992998443572864,0.10929705298833478,-0.18441136765697005,-0.386431901825578,-0.21617887049831708,0.15671332545834257,0.052162215579593746,-0.1348440717636106,0.13131286472074555,0.013957027899979657,0.30632059989116045,0.23429361104015115,2.9666349291801453e-05,11.722801189590639,11.783236821500648,7.241876979724152,7.154086525859958,5.469144102310905,5.22498806984579,4.718485495153831,6.66492380706602,5.785645191365853,5.317603450532177,4.619193682547247,4.5594508678820755,0.003972620712423438,three,/content/speechcommands/three/863880b7_nohash_1.wav,testing,5.0,Kitchen.wav
1010,-248.74120869311912,5.146704518076888,33.115235640523196,30.885966934580907,10.431315312381567,-2.4681002202015145,3.807519363959848,2.8407791009685903,5.88681830640888,5.655378688572988,6.16675269247926,4.110430948404521,0.054234799928963184,66.40083298457374,30.68921775467789,25.247364514982863,24.965923836984913,18.065291956158212,18.297765178701987,18.378702054376053,11.741440138599344,12.10133962907397,9.606791301655758,7.29220443403383,10.184420470808744,0.020315911034677663,0.0675621712580965,0.08687124580202427,0.019370740359051758,-0.250514806787433,0.09102919923082556,0.21156083611363535,0.025672336814448013,0.3501548579567719,0.20687865218363305,-0.17789364804825564,0.016417680857815944,0.18594191974257834,0.0011057103833844585,23.046997842032393,15.14627345291541,10.508559068270236,11.160487622606341,8.475393493838114,8.70179757830775,7.528274113224299,6.361409545838847,6.313571845424489,6.6933896877345225,5.181352710886415,5.123091398401188,0.006289356074683973,-0.2316492958420175,-0.10297188987893761,-0.12999369372839276,0.29308815755394874,0.6698403061983044,0.434271631335634,0.39763468820115033,0.13398063320606,-0.16099893595216577,-0.12470912948455487,0.07006870585190204,-0.11139495274605839,-7.943958044052125e-05,22.048359662995022,14.65629502061035,10.719987923222751,8.183987225642989,7.343841211651526,8.443791617176375,7.63081223918004,6.812847472990145,5.82316437353827,7.497659828787179,6.239833076969793,5.454343727456308,0.003547639958596946,three,/content/speechcommands/three/dc75148d_nohash_0.wav,testing,5.0,Kitchen.wav
1011,-245.5085407879953,20.765811175788606,17.427991757190867,31.588850608008485,7.878863155877451,-4.9153721903135335,9.864504936128139,7.472072926463847,3.3304894627769825,0.9201947382886135,-0.97174657830435,5.640030958056498,0.06578599847853184,61.27322624028258,22.809696597965598,10.24105487550857,28.224159922387834,14.73971017101131,19.97219572701323,11.430550847764023,9.291273787217964,10.755775768425888,13.028745740568677,12.343733801769504,8.990356595949272,0.0475301163375633,-0.13430664108317608,-0.05737596460860225,0.09099235974915418,-0.5167491616983492,-0.2543614698612381,-0.01260663113082337,0.049800091655775355,-0.2971366332691277,-0.17281728501944027,-0.2994471497420157,-0.23478171978701384,0.032484857862614326,-0.00043498292084663147,25.174532316840896,13.403268382805162,8.02753937014327,10.136130941682332,10.159119288159877,8.17895454782039,6.746889486985277,4.7956506540487505,6.271145271636222,6.775935601390071,6.947536425451594,5.3629809276121,0.019047929497130967,-0.32398624472394316,-0.2734717364351997,-0.01995630964254917,0.05618394133618813,0.3076810234706067,0.23644747845287223,-0.15649538463520946,-0.2385200046518111,-0.34102454290358913,-0.12955442737752154,0.07837862319234278,0.09309733181572465,-0.00017599109560251236,24.70853305180128,14.60158069149189,10.513917158336904,9.832449265813612,11.144177991753208,7.368700397952888,7.39365495899051,5.12645942883954,6.977532748802206,7.775614367061104,8.335477891548916,7.031476395197603,0.024236401113986374,three,/content/speechcommands/three/692a88e6_nohash_5.wav,testing,5.0,Kitchen.wav
1012,-289.2867981003511,48.48669098927032,33.98549778222359,16.877789046177924,13.122742961308312,3.161749078434491,4.0305832256922445,6.234972129099424,6.029746597391553,2.381699199173505,-2.0686659994122936,-1.3862972025079219,0.05400261760223657,36.24983039594923,30.805384800651368,12.06343861745748,9.918223222702995,5.244732236403629,11.065376236535347,14.580981690359435,10.757817445802297,10.424004683062165,8.578181926522598,7.281182979498071,6.318032367458688,0.019860340890598484,0.24788546577076248,-0.00043440748097172706,0.03837323219944653,0.10886377288846687,-0.24725055159361276,-0.2155944398248739,-0.5072135015904802,-0.2899359840284764,-0.3384448494571169,0.27896595720185896,0.12103264230102027,-0.11902565327664669,0.0001684208550760823,13.603450192887085,11.947166841688228,6.664350390357999,4.986356287621105,4.160687071135721,5.83046844270461,6.442963532155947,5.805585070068457,4.793839813138224,4.138178782490077,3.9039246958951375,3.959338280101776,0.006993190661104766,-0.7110169243975804,-0.6904416962993898,-0.35685550803644805,-0.2618490515322885,0.1001495352048981,0.14281477593674688,0.21641082279337287,0.29911949006477034,0.548703912474325,0.33526613853132314,0.37982711302072236,0.5755356320316826,-0.0002621317903200785,13.507466725994615,12.630109335943883,6.82922966705058,5.215529598666282,5.077777448911627,6.638612758723617,7.511631003335456,6.888299437459406,4.573944064567402,4.388686364561989,3.611585686492351,4.252234759772432,0.00581001727053917,three,/content/speechcommands/three/aa48c94a_nohash_0.wav,testing,5.0,Kitchen.wav
1013,-272.37272544412764,5.7708080084448525,39.12231091190985,35.478211291296304,16.31295073081886,-7.247200823199758,0.19337400813840855,4.376110952295527,7.334327047817757,7.966674913968104,4.819920182517817,5.434809171452254,0.051006100431550294,73.14828190456785,43.97808798135218,25.37461324675874,21.931949503376863,17.671691247783514,29.86831706879181,23.22125965187274,14.298882439061735,13.123233669549823,5.818892217392226,6.426294170415905,10.03445007896274,0.042377571248393586,0.8058491384706944,0.5894609507169561,0.3421811773251318,0.07290615573214257,-0.3644866361840573,-0.05487081561282052,0.4957731641683892,0.5191270053740589,0.19821509242664612,0.24520504411260752,0.11945946804881749,0.03157223215412855,0.000889879981836965,22.169534855599796,16.2313899998214,16.20046583568995,12.75038843350688,10.736281589809254,11.626402893051901,10.403463210650385,7.212668650702234,7.017227907376238,5.668282155148079,4.647311322403462,4.874711062575798,0.013041733933098246,-0.30496606506793,-0.06264476837959236,0.03449117952305822,-0.005027328908748174,-0.008632851377781137,-0.20761657563475186,-0.08423776738171054,0.0460348705370284,0.19344195811975634,0.04186671034698518,0.11965357915345146,0.08692687982201347,2.8718262910842896e-05,13.04522369360558,14.109563111611864,14.631648270311915,11.190673517882646,9.041319082551158,11.305097094041797,10.745605706879536,7.480610453750244,6.8464515869445455,7.476545235962228,5.4620365016567,5.927974357975745,0.00767557262918325,three,/content/speechcommands/three/b1f8326d_nohash_1.wav,testing,5.0,Kitchen.wav
1014,-309.3254034452532,35.06811167528271,41.58064147872808,33.15322843346717,23.898674782845898,8.997841486101594,5.423942417556873,5.591243240009646,7.0386322812166915,4.888336771934871,1.5355148866984587,6.210859064230503,0.036737771640563834,28.43528249998704,25.466215226746417,17.758430593532108,12.019294524780614,6.0972381516649685,11.884317056202867,10.157959387907237,9.102407641752594,9.164968999763746,9.064745221659772,5.57628659870246,4.724437843787682,0.010393843663277759,0.6872029848552391,0.21500820141543553,-0.6118308066125773,-0.21911043316109172,0.15664266737850077,0.20422061260742957,-0.01877113355188431,0.1788235864939492,-0.1378436076232763,-0.4567523932151247,-0.40040070103542114,-0.45144397678038933,0.0001507851162127086,12.141042132051053,9.547020454628464,8.68585413764455,5.163093339085249,4.8433555584682795,5.548956864180787,5.52651973196029,6.054437134526457,5.864419322119622,4.4952055011659775,3.817392557732424,4.080181646810373,0.005588320013826952,-0.36837388869782606,0.15867606695439943,0.5715792083171651,0.3730669888459922,0.1702275650895938,-0.001362953604441941,0.2808601801234299,-0.01196085859569758,-0.2517925778386988,-0.22895881675821383,-0.17134166546282592,0.2783417632071244,9.409503804312812e-05,11.15520509451834,8.37695584133535,8.326608286148478,5.371109802945027,5.664756885344815,5.791360054032104,6.045221375955973,6.468457537902666,7.26143004592426,5.253462947974217,5.1123428339384835,5.5076483456156105,0.004326217696220879,three,/content/speechcommands/three/1f653d27_nohash_0.wav,testing,5.0,Kitchen.wav
1015,-280.20180533852226,-2.9375038019732242,37.00172387778047,28.699150362519564,26.99671661757053,8.316353091457092,3.397354260918026,0.8643204042418089,3.508550864775564,2.544749959815129,2.682357581716512,8.042633492117268,0.03855702336295508,53.73241942955795,36.94092075521331,16.18419155393465,13.60029103311665,13.026561960867083,6.319650386911682,14.66833473272369,13.886839910645408,9.114069443557767,9.252038394419941,9.9507061423208,5.1751898831110035,0.01568004772028486,0.36413501123741393,0.14022953839057073,-0.06056285178348822,-0.40205404690314445,0.09109957358843827,0.4687209023208893,0.2013016174138393,-0.1287140404959706,-0.18426127461495706,0.13996053580517737,0.1045502585175139,0.2936478614406011,0.00043325985391293805,18.90474324812128,12.480609265993802,9.229501751535162,7.6673674505355685,5.47267766685522,4.297419216403577,5.3964867772378895,5.882265927296685,5.259976004280408,4.02618777985246,3.7055457314543716,3.4503154294862948,0.006760524644164894,-0.24781386340653172,0.0026554532296709493,0.3018363212635985,0.2133460897508817,-0.20380945222731828,-0.14236151515116605,-0.33031500664090235,0.08133013706381943,0.38147666092778487,0.38882301008691816,0.012816197322775332,-0.16706534735326242,-0.00010229206333557764,12.881870386783945,9.399823163560027,9.104229553573717,8.441327406967211,6.458686716684547,4.966407088570943,5.177692258220288,5.915419694513636,5.632395886382873,5.333773393512633,3.8301187067534572,4.224265065402852,0.005242460365441648,three,/content/speechcommands/three/5c8af87a_nohash_3.wav,testing,5.0,Kitchen.wav
1016,-287.7504394210854,21.142058718188792,23.30696084262298,30.05843640140928,22.925945031713177,9.270650723874763,8.025096642389155,5.473811825315093,7.324038184948371,5.793803102347851,2.4276555320805087,7.69984808727617,0.03714740526629612,61.16471540877916,34.00124513378943,17.06959757862367,17.744878732198167,6.699020573264856,13.656230492405577,13.568863417836722,10.922110624990438,6.989566771377661,8.517188655610957,9.934894342327773,7.047219850914446,0.016420294227348742,0.21887181221369512,0.29635883350596165,0.27294952837814535,-0.3252980759978029,-0.4332280011915139,-0.28205129269614476,-0.2794982939258884,-0.17881428846926578,0.061171008796208355,0.12657188939458497,0.030954197167841393,-0.08285137315790064,-0.0002491307114401171,23.773460499851772,12.509287435612038,11.300681789826214,10.650948200713009,4.835756824799836,8.286102258145169,6.15434800988826,5.069996131671901,4.032239676442277,5.0504071067572465,4.302011977053079,4.74458958849647,0.007553771139343806,-0.3849148121373427,-0.022655296288908448,0.0868679864214523,-0.03371034237741135,0.04130667457836547,0.2749982684110349,-0.0590322232260372,0.04912076823966152,0.18005510806487113,0.22254812781663508,-0.12047325170539998,-0.03898016627465726,-9.388656665881475e-05,16.55941101970309,9.349162829684374,10.395742987989166,10.213396897235596,5.309518001626119,8.114942767838766,5.052611532348996,5.482383877492847,4.645580199126183,6.309601590406763,4.227814046210866,5.693042696759491,0.005642272281158347,three,/content/speechcommands/three/370844f7_nohash_0.wav,testing,5.0,Kitchen.wav
1017,-246.46397702253478,15.124838297070115,44.98557347027519,36.298672979695255,14.183600801556729,-1.523471559579702,1.326309649037774,6.798786222470563,-0.14910478576707775,-3.77528465986248,6.0249119301889245,-0.09143723744988974,0.10060444354894571,71.4910049985037,33.25551335406072,13.612912917838873,19.432938102226743,9.381847783103645,10.793544322875423,18.012302068207333,12.320872084603069,16.485815674644662,19.439484644193605,6.507601827496611,6.989626657789718,0.11134057691159512,-0.15931944586800417,-0.20689565478177702,-0.1185904045428875,-0.38887574244299006,-0.32161842903950427,-0.17746096183619983,0.4709725019681089,0.9039733503235536,0.6216174294918103,0.4638845162430051,0.020300640697908684,-0.1734958180233606,0.000501278156955396,23.166447487939685,15.243003767580197,11.097200948520317,7.43922772339336,5.980521651607454,6.040629042688487,7.998361926593188,6.088092076495015,6.048073930404889,6.242368198076192,4.990812753400562,3.5691017715265314,0.03717367861974509,-0.029968569630500496,-0.13633170993345575,0.02644297339023408,0.24508868551962404,0.011159881945229492,-0.08080419509607197,0.011530700294466753,-0.24365749350336507,-0.15986364027331715,-0.12702480937998212,0.11230878754314319,0.0754777486787584,-0.00010673853879173597,16.10831542666377,14.298175879412769,14.032562000534922,6.4716632794528355,6.161417005335797,6.459264841586017,7.953420362545268,5.679384634130536,5.115124599356892,5.149230920383133,5.323607448142728,4.578954477167465,0.03259056153063715,three,/content/speechcommands/three/9a7c1f83_nohash_1.wav,testing,5.0,Kitchen.wav
1018,-256.35448424932747,19.868705308780967,10.18335781209575,17.420450961880896,11.013105970717143,5.993895948222011,8.583833711948259,10.376628043149024,5.1575626109249875,1.4334160613313487,8.89058673895732,10.475927713544765,0.031154586031334475,44.775911740028846,24.700483053751334,15.214851367159351,16.227129753049013,5.9113487063509735,13.668231986650943,14.182339286776473,9.999259907148474,9.024957390026309,10.262310153824872,3.6746917592365747,3.5228285407338076,0.00974852354448774,-0.1664528171644076,0.22235951948556246,-0.2566456424964578,-0.43625613446572925,-0.40130582514994834,-0.12665400371310562,-0.11435209258588122,0.08904104924504797,-0.1800267062819882,-0.21163419936549338,-0.1939332651978836,-0.05796075371687497,-0.0006470540238003577,18.281499831957984,11.548988178623857,6.3656604079973995,11.908100233367625,5.7180189007273645,7.30019522302918,6.4956543760227605,4.42494844124079,5.866625876816657,6.150213862290426,3.841666649420397,3.0540829717051623,0.003908871440130676,-0.4743099546721434,-0.022027042563725747,0.19512673723397847,0.23619457691752602,0.396677396244279,-0.2515135579996881,0.01678968300385127,0.18443014186409504,-0.09477068587957742,0.39780105620882283,0.06786443337814253,-0.074646295586892,-3.097541630268097e-05,19.433741782539176,11.11299897210111,5.442817348258036,11.458741236064709,7.929776022633753,8.180436585809877,7.614069453804288,4.760289567760574,7.122143293404007,6.515860743930769,5.193228068287446,4.138308981889456,0.0028401465849892597,three,/content/speechcommands/three/c518d1b1_nohash_1.wav,testing,5.0,Kitchen.wav
1019,-221.7645395164774,10.568345555987706,25.33350537584702,14.78953292195719,6.681401663155911,10.48167339290756,0.8824740943304921,8.455987671908888,8.109393644476349,0.6648497290718488,4.6958552554688575,5.0796171612090495,0.05574500298826024,86.81150025330567,39.542992212965416,26.160827831678716,23.990298687023582,15.333909077365611,10.265782685256111,18.94293651001437,10.143407869996771,9.470007842793244,12.60089514496449,4.094508480591453,7.258136805405661,0.045544426877794635,-2.486243709560043,-1.2131066588162238,1.098652684676424,0.9617945142046408,0.06666797481450841,-0.2217175515962432,0.2993118579800308,0.6803348843005577,0.31056692511735723,0.10878656921339823,-0.008128854413703994,-0.2628240161626929,-0.0001743113802325341,27.36367262946979,19.1101972046007,12.235930884161954,9.21854663820695,6.391308857109363,5.690113101260049,7.553571200601602,7.837412639180748,6.2671379394079425,6.492640499428372,4.174823903939799,4.162158928797068,0.020303843263036345,-0.8460891101213615,-0.2908473708658645,0.279251967931463,0.10198432846905024,0.1379149322797982,0.2431005291421851,0.40619406198400043,0.17090026387387258,0.12183201351565277,-0.017464388500075322,0.061190786814192176,0.0954535848988994,0.00011948371926943462,20.032053210275734,18.66046417697308,12.944225055312339,8.939487687854323,6.5619932927838445,6.001138779853577,8.421390030141076,9.400011190025934,7.477511028278324,6.5862912535919005,5.671195255695558,4.911443184787051,0.016192191871917103,three,/content/speechcommands/three/94de6a6a_nohash_4.wav,testing,5.0,Kitchen.wav
1020,-185.28808312166066,-19.90162017719667,17.600851340531708,37.41284794885786,6.051788643044148,-0.4387203301102103,9.72557297050834,0.626073636293986,3.5737358977375697,1.9115523819126201,0.22282802613981745,6.262954898862931,0.0807490527513437,66.29158399304734,13.523538790729354,21.12124070389919,37.971379530979966,12.411239348988369,11.6513863373794,5.66948287465675,12.345285353172994,10.030576896728395,11.164002467616314,8.827897829383211,9.753904537316995,0.06930650586896535,-0.6979926078115172,-0.34142957713445393,0.6141516291903553,0.7833751710474711,0.4886403580558803,-0.12013753716524746,-0.3446593962112064,0.4416042837964605,0.4660824877120648,-0.24248781724868285,-0.3468132084011714,-0.077893917345787,0.00039447904113800293,23.385135063734996,10.939320881331032,10.952688879143096,14.247914282812474,8.460950480767764,8.228638097684394,5.178615172505482,6.1858383936125465,7.002396847008356,4.642498957429959,5.574963561343839,4.470725025794013,0.024368856508585036,-0.3363441842505997,-0.043698858864993424,0.11881704711477248,0.19316313149012257,0.1930986843145462,-0.044712291140994245,0.08114604448626957,0.13060632137649827,-0.1873077960965178,-0.06281387277954821,-0.16274503271456603,0.1954074687313673,-3.3186376094818114e-05,18.128589323698,13.623262689682052,9.206203874984897,14.0854461869008,9.313452654212396,11.138353246844776,6.4720316247350205,6.2334761929315246,9.475996284546829,5.919190474847492,6.074201702247345,4.618548531046616,0.013389939568375057,three,/content/speechcommands/three/cd85758f_nohash_2.wav,testing,5.0,Kitchen.wav
1021,-238.24853348168085,2.9877198581172784,19.906766938805518,35.60662185226913,16.428344134904528,-0.7524716849427797,4.4429832502736835,8.232842019088213,1.873782381580626,-0.2610385218000022,5.45530937103523,8.871632774221807,0.05432951243710704,69.02467011337369,28.848527635108688,15.219388627531043,22.22158427263957,11.053437205922634,17.107895458890045,13.21522075387455,7.142526866052147,12.190680683623558,14.671308304570998,7.780561686340209,6.305276329294051,0.05988382944142955,-2.3520903792605186,-1.1792810960942086,0.6993374795918299,0.6445947547713834,0.7331566135803708,0.40811913040060094,0.0735384964092479,-0.043781885808449945,0.0904601372353492,0.010132750956715151,-0.03411750160018124,-0.33088359878771456,0.00039245296389825885,28.221033060832394,17.788454274421262,10.596750963515507,10.544259090386381,6.65077495076418,9.152408766427758,7.296641328900233,5.830732241423896,5.547884643547143,5.841204942113415,4.973875799079659,4.107805584818457,0.02487108807578546,0.30093563485172015,-0.012363724185018772,-0.032354636065474666,0.042407784765135285,-0.004699629701156738,-0.004533186122785201,0.21192730390341535,0.1816955106689034,0.06666375336478338,-0.0176370354131523,0.0278350284709972,0.19678338833279055,3.1299578646818795e-05,22.19488548669011,19.63187335565849,12.091189865529545,11.190443152027617,7.324478265684576,9.571480585246395,10.026979184187592,7.735471874930948,6.167444917239137,6.324723097952885,5.993038148182074,5.2029764518552195,0.019897598451376036,three,/content/speechcommands/three/563aa4e6_nohash_3.wav,testing,5.0,Kitchen.wav
1022,-228.66826737526185,35.56941983803135,35.224499818146725,17.4999068098613,16.591461861792084,4.661139636484959,3.7944158821401155,0.9405032933234714,3.362074382294021,6.474547041138087,4.1692012036584805,6.052289489237589,0.04827213840326294,78.46018031863625,39.55622811961435,29.134735222750912,17.448505756878024,10.349987259607945,17.202864968945743,17.40561212095975,9.926926408610342,7.394979134820362,6.7395647474313565,6.603187344200038,6.947704772496901,0.029144395423069173,-7.297159669059258,-1.6615708045134263,2.656218091990527,0.5715112272023165,0.3686150380448515,0.11989315708219338,0.5078769522074447,0.5064208541317616,0.10051773682434806,-0.2015668506748191,0.5401753777920473,0.5894325762375261,-0.001722848343272363,26.324738368084972,17.599164970672913,8.60296234747226,8.184536947528974,6.37673851289432,8.279851203092353,6.627511164095625,5.135469870401147,5.365827199651479,4.245313676030783,5.265595939150024,4.331831453166608,0.012601250642740104,0.03769334958394902,-0.5279515480839343,-0.10840026791385876,0.2265277152426415,-0.057260313936174374,-0.07041113715084843,0.04474114937137064,-0.1134232969859791,0.017936377680978163,0.17703841832302072,-0.1290966486887208,0.06286211271247658,6.76690290371577e-05,21.19556373347588,17.59493691071903,8.483989939783458,9.164395360450436,6.527883741827747,9.888275904188335,6.698504554218879,6.579262440498935,6.935090224107509,5.096821161498386,6.758143792696302,5.096515453208511,0.009030830393900966,three,/content/speechcommands/three/b83c1acf_nohash_4.wav,testing,5.0,Kitchen.wav
1023,-230.454708602994,32.08998468215271,48.18045322992535,28.53366540673911,12.405654835964203,1.9338934464064224,-2.043368673826715,-3.530396196064155,-4.286081889596346,-2.733030385478156,-4.181865880002455,2.023993168767021,0.049306980799883604,36.1679332091519,26.386030836910827,9.308871730433186,10.150631063224818,5.159936597999595,7.882312237406176,8.407959021258563,10.041157306330227,8.340716774457738,7.495480877402793,7.183229097291667,3.887469475440771,0.035768416484870766,-0.15710740426580713,0.12170032253560782,0.1667577879666247,-0.10080328301217187,-0.06299037568549162,-0.08431001282986507,-0.25160407728965145,-0.4131022305441812,-0.021841139924638178,-0.05915320676035018,-0.09530249127650589,0.045131247828608834,-0.0009930525275488053,12.86364668722879,10.377728356711684,6.483879072129789,4.982105201549884,4.617062484344528,5.5496552796198015,4.170801592281842,4.195426372593657,3.880635859151236,2.9416058904186433,3.455293436622413,2.7857506516832786,0.01255712867086364,-0.23402199752006064,-0.15193386646126966,0.21165978945245126,0.09983142302726046,0.0711338845120661,-0.1300546866276521,-0.034334141729501326,0.03487826937469765,0.0026211830536649514,0.1307953061128476,0.025605165659082076,0.061454476397766494,2.0685698837041854e-05,13.017737101479176,9.739114329285412,7.998718404928923,5.231419330688911,5.755849466296891,6.742394747975448,5.159414104365766,3.95409959007956,4.829978017019939,3.015284734658547,4.383730499124456,3.839348660324737,0.009011006497690814,three,/content/speechcommands/three/7bae88ed_nohash_0.wav,testing,5.0,Kitchen.wav
1024,-224.24896616976775,25.393417416554442,39.97752836215112,30.13369986971519,-4.091769978175563,-2.715275589934239,6.0597183084146895,0.41229848067871117,2.1512795252325523,-1.9785043271884002,-3.198533978301879,2.6299068731766972,0.07561013090889901,67.62821766041203,21.203340716587395,16.05625384306231,24.251198978003103,22.187688238429995,19.94087952899431,13.807302493430942,10.93361234942868,6.500807682752353,9.211367564782956,11.74158831162152,7.927482885993249,0.06540578382032772,0.40986915287554976,-0.14307798497766705,-0.17807515875332453,0.06083326105271861,-0.4952130719293942,-0.7724897923713625,-0.8009731381600245,-0.26797942752345727,0.3826742926393158,0.1485513510210528,-0.29853876671931456,-0.012672882045757847,-0.00017074435468642941,24.87282285840199,13.26632660734453,8.526916199256796,11.377498059293712,8.179217589982729,8.959507197104973,6.539560382537831,4.843622761250007,4.63697555654507,4.672678761899096,6.838158249852725,6.3187922840195325,0.02124007801305312,-1.1716374406162327,-0.7091061754755771,0.7583404097429738,0.9212807542854262,0.12431698609432787,-0.2618812165134028,-0.24853054042260947,0.05434328465644905,0.2514064801674646,0.11028730271025897,-0.04954685775987369,-0.34125784622186356,-0.00014816472927729288,26.88403745153716,15.72993589367154,8.57893804794067,10.60882993831382,7.684921096144688,11.03630707865905,8.241745613268614,5.144859614629616,5.796039916158157,5.256085757547817,6.7773989224821936,7.6836909650223495,0.018384443062498285,three,/content/speechcommands/three/692a88e6_nohash_0.wav,testing,5.0,Kitchen.wav
1025,-198.4176084811997,47.463403552794134,3.48427659328266,31.673843841269676,17.0874503470072,0.6099744531504577,-2.4665948040843078,8.717520386703697,3.9350533516368866,3.076621036464667,6.199134392526849,4.446904081244593,0.13346597072086297,125.09496294421923,37.58847456779415,28.01193782372495,21.52011068157014,9.94715105932455,6.651676906331647,8.124059527326663,9.428022336608365,13.858339976569207,13.3936950987302,9.315738309030726,13.369512709796144,0.1657141623092663,1.3935318748057985,-0.2215985814889971,-1.773648707863096,-0.05862452927922135,0.6487472970419447,0.24293151002058525,0.2747671083298095,0.6885609029944099,0.030410004527449266,-0.2381489726286096,0.028322933357637522,-0.1234869267999485,8.183894979376947e-05,52.63800397223046,14.77444395046055,14.615119464782675,11.820608691285672,8.304918322534773,4.423166689165283,5.267562347364301,6.131366041642996,6.848216721734733,6.051552019001354,5.910186984469703,6.384317286916561,0.04853691196258591,-0.8441996531751284,-0.2141682638707567,0.0872951365854193,0.17715439356915919,-0.08998166070203671,-0.2266420503132211,-0.04937936681463383,0.09460793985443142,-0.043900447570889393,-0.09664845552692153,0.42761271697985737,0.11830938610639219,-0.0001205208400885264,48.982211043052764,13.192483065967243,16.266496493374383,11.35190710226689,11.303842278443161,5.228024588848541,7.195701391460063,8.589481103367577,9.53079626572308,7.258719201979469,6.462865538273794,6.6106354011937665,0.02697820060148735,three,/content/speechcommands/three/964e8cfd_nohash_4.wav,testing,5.0,Kitchen.wav
1026,-209.5637982205717,45.58469710808856,27.72663783883427,13.794670962155895,9.918893408674588,-13.541762134753789,-3.2998195731716042,7.780110854317589,6.978807783467367,6.237846032340277,1.258146809487406,0.5216443321165408,0.06983319949358702,96.95914287256683,42.12240542315059,35.03386359771415,14.975470475599819,8.482108429788541,24.237894243571066,15.905982178425365,7.23627939743761,6.698066732518811,4.135359241206917,5.530343901541143,6.0573273888487265,0.04477356429337619,1.0308718092303868,1.2877457726410062,0.059662744543240546,-0.25699588234787474,-0.565821750484348,-0.5072103228221616,-0.4945772658279062,-0.4183907888317999,-0.2896398638359354,0.03033467471615859,0.17216788114398499,-0.1267085328475525,-0.0008496320055377098,46.18927480813772,16.54758531500447,14.364198452989815,5.254922694313923,4.847413259343469,9.222309247222428,7.0318278125874345,6.138405136463782,4.917487557325873,2.9818158006067037,4.199202863779137,4.324417069478125,0.018908879543705733,0.03945595624610689,0.18464630460139092,0.04394998324478602,-0.0915957091493718,0.1648599993849525,0.2072322759129152,-0.2270678063492952,-0.2979614125694383,-0.10717657058075233,0.005697121233807649,0.1755704560258331,0.20682743368495354,-1.2967766573031743e-05,40.34978461842435,17.951787542294635,12.665815424061638,4.8514026615676755,5.611265350793299,8.546347206913735,9.367858912780102,7.026436897935148,5.452012154068951,3.6754603643166726,5.585793960732736,6.151832128644651,0.013856301544178173,three,/content/speechcommands/three/5e3dde6b_nohash_1.wav,testing,5.0,Kitchen.wav
1027,-282.0000898653814,32.238762094674215,30.362122004674482,20.5870047912741,19.791906507526388,12.226886784837612,6.657665945333782,-1.6069973676811444,1.7162616187477415,8.750387453195081,-1.8101690045038932,5.388409729354505,0.041031154250958934,71.85216822173653,51.14945894322248,15.169736666071591,16.209448574883197,7.101101822236387,9.831597916575397,12.791331283289932,19.121663117148294,12.252788362554544,6.277772881762072,8.775712968736277,6.876523957531717,0.0345736116573673,-0.0976121594614648,0.31673469375501656,-0.11753288393079483,-0.20744579365168453,0.050684291572760824,-0.1904702819840179,-0.20143150257869086,-0.012948139544155466,-0.010057720946395905,-0.33660646167763647,-0.17145178005077732,-0.16254827613899533,-0.0005973389732741541,22.34513872012762,20.271544858524134,9.970439176281593,10.33749357200217,5.385683466635736,6.985607196044853,5.577140981601575,7.495486003912776,6.121685023675099,4.3744904500745685,4.478494697382661,3.8073457335427467,0.012854980226913875,-0.1178163918016954,-0.046388948584935155,-0.11385418490625483,0.17985732984160735,0.22788751963231396,0.3035910575256001,0.3364676553405029,0.023003529451651104,0.11043051966541396,0.27310011013910124,0.2901262881189513,-0.0037807115681307126,-2.7959359188874564e-05,17.275431188768344,14.900065146771828,11.4556954728031,9.64064481938418,6.636265319041866,7.42183905136412,6.12067313454683,8.519517504221831,7.433349015103926,5.100391692853378,4.839719693136777,5.323863318536347,0.009751198083214044,three,/content/speechcommands/three/6736bc64_nohash_1.wav,testing,5.0,Kitchen.wav
1028,-288.7005077971496,9.916849788406006,20.77359965587634,19.116875630907774,16.721000005890275,10.523294898921861,10.476532732216763,9.63172966922287,10.274877089634849,9.84996510546059,7.141054575128662,8.180286576632035,0.03307659481652081,17.172236990621222,17.2199067062005,12.678793008044588,4.0924891867109165,4.1078663523410865,4.2565576072238525,4.9554605466175214,8.929187939551673,9.50451416850152,7.102753356526438,6.216217759192979,3.9504137224737605,0.0044646412174677965,0.562371218219066,0.6052022297049212,0.006673643902350916,-0.05938299231446923,-0.15143135133061114,0.039777079275537856,0.09371675228561491,-0.07157245808450147,0.04581865847471293,0.1939649672606127,-0.09434981250633168,0.11169215093685254,-9.642913937568665e-05,12.400951792019812,6.845012394355272,5.70920947030652,3.4205199534182507,3.4061866552044946,3.7035800382726713,4.091876464772838,5.110301849387285,5.657973623635813,3.5815315631576583,3.565194148625708,3.1128846577973706,0.002643225201970638,-0.11257862392295313,-0.02608905160453913,0.16024551786700503,0.07491983955694957,0.16714200619355324,0.19339282141472397,0.23072731587255338,-0.08948075538048676,0.08101176974869091,0.30711915502689624,0.19444404393646833,-0.009783484538010315,0.00013023267189661661,12.789629888454048,6.943315937411438,5.673745742532459,4.530108208492836,4.297636530297339,4.223085785991112,5.371578092939146,5.836365544751352,6.117150517328795,4.174621480019605,4.051722545569269,4.431009243752447,0.002577281587451571,three,/content/speechcommands/three/3c165869_nohash_4.wav,testing,5.0,Kitchen.wav
1029,-300.8779929567345,-7.025798033222884,44.72450050156449,18.493638210500762,9.496529840308638,8.354005831343624,14.511177637794237,13.292581852573804,11.520927351055562,8.765677146003432,6.291156472495002,11.448372262098138,0.030819772626273334,21.022415709594704,24.973446500573406,7.342671971479431,14.03963072076682,17.46883083710726,13.089141051896751,5.198069762022991,4.911156959391218,3.1853113493147753,4.451037762166532,5.261600951071698,6.444059628723036,0.008285374454229683,-0.11671309212451961,0.5503331608768698,0.5477358711145154,0.10057741813680202,-0.22815362754656396,-0.06795379449226892,-0.0006359911898627731,-0.3220359885741698,0.04371014215343002,-0.07807040371374578,-0.47615655148898006,-0.46161099625666374,-0.0003670021410911314,7.829883443038049,9.023320397112954,5.359814260362327,5.977579710391282,6.579143813615112,5.9199532991838275,3.5949207569094126,3.825650115397395,2.677797833702431,3.0175437195198485,3.6920146410345294,3.8427302213111245,0.004111979828016946,-0.29260594715927557,-0.25470027357999464,0.0857917945210552,0.37423625191186893,0.03720709051259755,-0.08734138720584558,-0.17595094430902633,0.007943172651073086,0.07616036098462896,0.11992721132435351,0.16227371178235345,-0.11838142275967958,-0.00012653755644957224,7.708882221532993,7.481995153777764,5.943853985505364,6.032668748338862,5.368345140063536,5.3291854094817435,4.315341982026859,4.560860669626976,3.695970445315203,3.6945055481232836,4.974494453109006,4.112857443699598,0.0036249674375729893,four,/content/speechcommands/four/782c1305_nohash_0.wav,testing,5.0,Kitchen.wav
1030,-192.95158135510644,34.815034593908734,42.175667991902074,10.982385342703116,-7.426725285657804,-13.3348702112099,0.20017733553774084,7.377782540218877,7.67944239832391,3.5799663789899223,-3.7768832100130805,-2.28024950243499,0.10059317946434021,48.27593246321377,51.15462250593175,22.030597415560884,8.695124442145548,21.772782289050163,19.764905531185423,11.158130486261458,7.8457596919187695,6.064770606256969,6.771566496648043,7.935688929815978,7.751781153869299,0.07534326119672458,-0.0401779134911195,0.14208971147585853,-0.05202535698701598,-0.18932761401430406,0.07710939926235236,0.18801381166961098,0.21537636621611456,-0.0845464356428338,0.2085371175418157,-0.14768731644009653,-0.2823068013820488,-0.023209842672840948,-0.00020900476844080032,14.228722122343815,16.283622619612153,9.177610624607775,4.711387755012661,6.250756241088279,6.955502733877867,5.382206504845383,4.721011457305471,3.462867347365272,2.7377542205569867,3.218202140041541,3.7363433116585303,0.021002237206257535,-0.07806144369098718,0.3740907560919175,0.47163752346178855,0.29974349358185476,0.08850644704263902,0.23589234330804948,0.06050125933801758,-0.09516831838788509,-0.03847579751566187,0.05421681518837183,0.056529884334588706,0.1957094535424626,-2.0810837546984355e-05,10.378966042215932,15.107934161223552,10.860592444058122,5.6363493244119525,5.619749450731929,6.740163492566217,6.532794996439954,5.434804425762893,3.9541893632896046,3.1044019922646773,3.342822996666281,4.399854227851864,0.010205022133111885,four,/content/speechcommands/four/b49caed3_nohash_2.wav,testing,5.0,Kitchen.wav
1031,-236.07191010555806,27.83489395413122,28.189433305121845,-2.538702132403544,3.4244298469482386,2.0335880065380554,3.916478442119108,8.954898448385126,13.693054248595338,7.890794769483014,0.009219451576403914,7.38298769050628,0.07327599346172065,63.55275180398225,47.9320516319704,18.870735078860857,19.56749581958528,23.419999700946192,13.223247804136786,15.14711501680167,8.316325631859009,10.149033435099254,6.484374063656616,9.737927316151048,6.6095643994586295,0.062014164513270145,1.4706321861880343,1.6043950485167522,0.004282893915228761,-0.4893076984201753,-0.32086232201551446,-0.37876570096028017,-0.42128646902109573,-0.2777560233392641,-0.078562144955587,-0.17377827655050504,-0.04332589668877521,-0.15378300188630728,0.0004232266857739418,26.11622560833726,20.34181012149239,8.150361079630576,9.126436582351541,10.777465931047336,7.397618553058495,7.123573464306832,5.144283254508158,4.6952829160578755,5.063982992246469,5.359785175349773,4.415092082651037,0.018471302568329566,-0.5884506904482332,-0.19954797820046213,0.3296548584984598,0.3394294740099498,0.22846921873648776,0.20098589080589713,0.04282389198562241,-0.01808931926114908,0.0054111521940502765,-0.2713968758135199,-0.16315462259277833,-0.19316017493503607,5.632583051919937e-05,23.568513659441507,17.437855331001277,7.359743589554632,9.281455190148494,8.436376516267208,8.044860267787431,7.516412185223297,5.792344562887767,4.6631834058821555,5.718344945657783,5.680280368813457,5.009479963572567,0.011798811943567137,four,/content/speechcommands/four/692a88e6_nohash_1.wav,testing,5.0,Kitchen.wav
1032,-258.34980637274657,64.1300923536626,38.908487119770385,16.469720730250362,1.3545164217108046,-2.0112918692443538,8.271240650151451,3.581219975564083,-3.1605257592405103,5.102004708739111,4.596672428066828,8.876015861523621,0.07189526263391599,62.778241847898116,46.467697673896275,18.687071799514353,20.50399656421287,23.678325650227915,19.53920310328334,9.752671721584502,14.400259757839365,9.447907334714445,8.990870060933824,5.568039389369223,5.474756202012026,0.037911362444282164,-3.329698629651278,-0.9117906645007966,1.3286345460148798,1.0245943599407645,0.9892934814134146,0.1256729051182165,-0.5695458771767089,-0.7139180390062869,0.03265334149815565,-0.35216014270045837,0.10773487535531111,-0.16975163531568213,-0.0007720946544601072,16.798117760273158,17.924225801730405,9.758991059334196,8.943990214093152,8.936743845059521,9.813442569421873,7.168483992615439,8.465901813265038,5.1000481563592555,5.464077440982691,4.389839873881086,4.48290792898901,0.01617531938841691,-0.5278129742551178,0.14245755731188878,0.08006079767255656,-0.11658462874711949,-0.1479277770686597,-0.05101540910274955,0.12024787426266279,0.06371773533025642,0.13120543727892403,-0.08810435673812868,-0.052659783925651044,0.05326527181888681,-0.0003004897385835648,16.520328792405483,17.82062983608032,9.660441531398366,6.768958365129526,9.173521658905894,10.751871171312672,10.558353614070057,8.326531180661235,5.036292012168417,5.802659640427139,5.424248301357756,5.590786917069933,0.014480598610964332,four,/content/speechcommands/four/0fa1e7a9_nohash_0.wav,testing,5.0,Kitchen.wav
1033,-281.2716186659187,35.83562793553631,19.0100561378476,4.391611346932973,6.906321272793775,3.9515088399920515,3.9105488868557883,8.05842547371028,9.11111189051099,6.750895691528838,8.95820232854306,11.559465269425488,0.04978565944475122,48.08093074380467,36.94580389587071,10.936451036240857,17.072247258296052,21.09606658296536,16.930038415036904,11.677739385345582,5.848548332945671,7.223606996516334,6.114780015364677,5.246006689601672,5.050798421233477,0.01914246152495363,-0.9514419240059477,-0.997197140286422,-0.4364215200000722,-0.3340119604830899,0.11579896192487199,0.4029152480851369,0.215577996799855,-0.15141823705789895,-0.2274040083313264,-0.3024839133102718,-0.1122111430997736,-0.14851841057565754,-0.000875250376280277,15.016691712256623,14.175683644990558,7.82021058992509,6.85209442038429,8.840709026605133,5.709448890957458,5.964321528247181,3.995408666175219,3.8280598734257207,3.792679659691016,5.090187626817716,4.060446236311355,0.006946154936864252,-1.196552730933495,0.15898532920962646,0.6126099586656973,0.06351904350321919,-0.2974806616662983,0.3372656198555602,0.15541581266730506,0.021592166078891317,0.3643408501048728,0.017235302652005093,-0.09339116507799519,-0.0025586697954157246,-0.00023185055082043012,11.063115613484422,15.357360863581457,7.294071951810484,6.972405911299062,8.499677157353592,5.768947808407288,6.24045953937578,4.758703932198288,4.321938381746524,4.517541970232238,6.665639212999452,5.082565074346439,0.0046121640860732485,four,/content/speechcommands/four/587f3271_nohash_2.wav,testing,5.0,Kitchen.wav
1034,-306.9290020215328,27.33031460069872,42.10807051552519,19.03230434948795,9.318921789280731,5.961797924511723,10.315629296791695,9.458633123066196,5.724849077338615,2.7876903212274495,3.3795484674342995,8.438307005067022,0.035086896212305874,49.262267419689685,46.30391143213094,12.389511699980737,12.301021496601145,20.521252900115417,17.53965687567995,8.520074067610187,6.163041653095991,9.339870655644727,11.873432924086673,6.742020806859062,5.122622834620347,0.012646269778353609,-0.13524342379216595,-0.4928226048781882,-0.6680939676858714,-0.30971243506786666,-0.09342420173013057,0.14534202974472107,0.15677388494509276,-0.0201304574225049,0.07089283794482269,0.15161901422056037,0.0977511242765821,-0.01680334569356636,-0.0004575027813834529,16.292643445345444,16.03908115731638,7.179427613675553,4.802994481074206,7.785879823950728,7.198401295029267,4.894163207518516,4.820665134545913,3.412243882694757,4.124853117079562,3.5116848070231486,3.5737426606545704,0.0063272349074753615,0.050033970655162345,-0.015093950426071779,0.11982880797646361,-0.03045178806576428,0.08894252690114399,0.15760099279459733,0.026869176301110364,0.007987285332277948,-0.1528597434252899,-0.12730888518196792,0.10385480467375506,0.03180369679300199,6.490138669808706e-06,11.686781976932249,12.66179088933589,7.894833867667277,5.293734038566859,6.546480372919377,6.622498020621013,5.87122711617101,6.528587904051489,3.4921533147183323,3.9721679810334964,4.881253031739271,4.629970444077733,0.00515424117806367,four,/content/speechcommands/four/5c8af87a_nohash_4.wav,testing,5.0,Kitchen.wav
1035,-240.82329101508128,41.58937079502237,43.65832813487144,4.59616583736468,8.24291751723956,3.9445232556196856,6.0862335561994865,7.288680562530277,10.199154622797394,9.310492041732804,5.032475308723261,6.37267299919246,0.08891967055387795,77.52511317751775,62.438466849997106,22.880024435156656,23.4824294794384,20.366009203462017,17.250367019495133,13.930235904119309,8.001370689225492,7.427927450269804,7.573530141706868,6.387534501813395,7.636920219709047,0.06425119342040961,-2.851653546874372,-2.435837496522234,-0.0058524135926292745,0.674665670530213,0.3794868331107757,-0.2690849151245169,-0.233651671519921,0.11350993126344859,0.16914384175495312,0.15495879721967984,-0.02695315353921365,-0.02940051419012361,0.00028773505360849444,20.404025914259556,16.43386501728098,11.886716087893946,7.638888627046383,8.708633980736286,7.5017524109074465,7.050778091797674,4.2852913260722,4.495549996289219,3.8879987599298524,5.500755980276496,5.963146736803974,0.01876778412010863,-0.9956147561505237,-0.4946402548888923,0.016432583171112233,0.23355860401008943,-0.08883044797562363,-0.1781097614216818,0.28245124666838123,0.25052115490030274,0.020482484831232738,0.07707539365399392,-0.04944092313852186,-0.2747334105675698,5.766910811265309e-05,17.87592301319339,16.99700527507245,10.202335151617227,6.384860794370448,8.358729507376697,7.436680940730545,6.601769918738061,4.687517055978579,5.3472509679786535,4.547612984084485,7.413844994260354,7.141171986650137,0.010503798367628972,four,/content/speechcommands/four/aef8dcf5_nohash_0.wav,testing,5.0,Kitchen.wav
1036,-269.8411520563917,38.85946905448635,32.90370822442742,12.785644702184364,5.6102477508338495,10.346778620126457,1.7956155938435485,10.3593817951211,11.672808558788635,5.1101707811561905,4.945768119300042,4.594740242259199,0.05035050184233114,71.45592960912826,45.492273524771676,15.877853979637065,18.268959492861274,24.03738785985156,10.131503911461225,18.215892316545997,5.620987866336926,9.052932595299904,7.579549776171417,8.192907309925609,7.146035415577366,0.02722197581541525,-0.13434567800513905,0.3185337182445659,0.1738846212448667,-0.12369845424568984,-0.07250531967758453,-0.08661622677402814,0.05062673300392038,0.15442410713923838,-0.10964416771861782,0.05756847189542967,-0.0879688512352624,-0.09186038176353131,-0.00032856567732749445,24.006730632319528,19.953111368633795,10.015654058995343,7.254752593197835,9.987826361570935,8.015967014360086,8.754105069523066,5.009639734397745,6.01464603110139,4.459276659515518,5.990441870438619,3.7966909263854034,0.01044633417765114,-0.18109756772121272,0.0744388628976143,0.23694969931299698,0.2067852183423558,0.05197557637603367,-0.1357205267498544,0.06914399061868917,0.31691382136242674,0.23029955679976577,0.20712500770403933,0.061789924057335896,-0.12758849317038676,-4.754463831583659e-06,18.782959138263028,22.290006654473242,10.89647687964035,7.52686550599116,9.58573147185687,10.771359715094926,8.400702196015569,5.83828397758358,6.233048931982554,5.3764575126414345,6.108774556960524,5.088404650255432,0.006908649634839828,four,/content/speechcommands/four/a60a09cf_nohash_0.wav,testing,5.0,Kitchen.wav
1037,-214.74215382000654,49.44157185199351,42.094216193822604,16.47054618373174,-29.73143436605676,-10.547415490922223,3.11956680112306,1.288812297075796,7.51586892257395,8.13741180633749,6.829258681720841,6.006916637766444,0.13360726056271233,88.20137998681386,43.13772539600373,30.299305938118074,10.312333629288053,45.65859228069312,25.229693026922757,14.74566033117818,13.409924114457798,5.512348269715404,6.875556625627104,5.916607052230851,4.841623888059319,0.11726508046696851,6.981344161407559,3.114479363486117,-2.407803327741915,-1.047719624397143,-0.9136677359315779,-0.24718553650838512,0.031387998356070486,-0.12860438017339507,-0.3188643055090505,-0.4406493233287652,-0.43860692089502745,-0.13212919647917715,0.001896910549652192,40.26387067297718,23.978119870979903,12.357797942366215,8.03076224068057,14.964650717787363,10.079412070172145,8.163855217362062,7.2910199802703275,3.4983571266285187,4.0054990511421655,3.9622752274511743,4.495770041710411,0.03446837961682928,-0.9352040700324167,0.028165586266092647,-0.03081348989391207,-0.08664758980233349,0.1610065227913217,-0.061784848682066774,0.18160886835438775,0.040305851013269965,-0.10259121035213804,-0.0787365741763157,0.17247149995752403,0.23590247026488737,0.00045086666941642763,38.672614762034414,27.414162000890023,13.645633217549811,10.981183777852506,12.252062189354035,11.891437063495356,9.50493344322244,7.534432865386867,4.31004635183663,4.738176676247234,4.69668659909011,6.029701316138961,0.031154494955577604,four,/content/speechcommands/four/9a69672b_nohash_3.wav,testing,5.0,Kitchen.wav
1038,-290.1769494380154,14.748829018289541,55.406269379928744,23.003595321273394,9.47087090629959,6.924780878456337,6.346480511019163,2.429685219934113,1.1068960421821163,5.587448536313561,6.149023535142938,11.13289388269689,0.05722288164542988,42.41993165689771,46.33599530731038,24.30224698513464,12.192266382354646,19.115147491548594,22.570253761756263,18.56942419622367,16.030385143047454,13.148331130780022,7.357651425185707,5.545810558758621,5.674661443553519,0.042049177918689756,1.0691080792586465,0.3976239961031204,0.0802799313544203,0.35718537035567205,0.6042003532116522,0.6542735838541389,0.44309278905593424,0.3525546376673564,0.2279898167177026,0.12440951908239048,0.09922493259419186,-0.3752405162207539,0.00036823286885215393,14.387245374851368,16.413698226216564,10.919826605612926,6.262020337007467,7.026829115275354,9.429460691518173,7.622269390509431,6.882581948855622,5.0692433709730516,5.224647340121549,4.404650209851397,3.2690766208032094,0.018633693189187308,-1.0377699774583145,-0.8674309441881136,-0.1164010153518035,0.0358275541361141,-0.006731070351409348,-0.23416433460399552,-0.07297816990390942,0.11295357047503589,0.22184294591502984,0.4780182329514293,0.20862512235162356,0.010494714455664833,0.0001007602239648501,11.398964601780998,13.486332142212875,9.703007238262769,6.328247424613936,5.881719343303475,8.585437715588707,8.191648690434148,7.876502989759101,5.479186577850864,5.978013729814485,4.951993845882017,4.674209279113924,0.011773336054913618,four,/content/speechcommands/four/af8b2f2c_nohash_0.wav,testing,5.0,Kitchen.wav
1039,-292.23913790645906,-6.6809656100517625,34.64844990678628,18.239049404659898,14.032663899843511,7.5421480770990215,9.081994942696587,9.779552748405486,10.123703877182221,9.672543204251832,6.852764914200224,11.051898144697843,0.035929245670558885,41.398110346067895,28.54767590202123,17.11350327397277,13.914857477684711,15.759371100207995,11.212423552619116,11.141724198104018,4.787394015131418,7.211669473852816,5.081623620729724,5.394170504291568,3.8125942839998883,0.012053450017642802,0.17174952656397813,0.10310762510292731,0.009767173569497896,-0.14369192836811825,-0.23069298542394526,-0.28864535401053554,-0.31352331084252566,-0.08729462991180133,-0.1834358614835755,-0.00935194354757227,-0.09793961469057284,-0.132445572950281,0.00034504840450902137,17.44654048235491,15.284913313439384,8.404619418992352,7.295906391972458,9.73007385739842,7.749989069752736,6.743798077166215,2.818277830508416,5.430512352519862,4.097664464043988,4.394780430530765,3.1844674616839828,0.005662144759160349,-0.34893064821487013,-0.017413945755874495,-0.03894022470912972,-0.029392318417646262,0.06760212570468169,-0.0016600515744517707,-0.16986117971467868,-0.032309844982102355,-0.07506521818648686,-0.09554915205507628,-0.13370193898796856,-0.04770944848301643,-2.6524191101392112e-05,19.471664557000135,18.931795468609234,8.431098270467514,8.982919502338419,11.655904424226462,8.907446516950323,6.52202943008364,3.499103612387715,6.683525481837635,5.703657501895541,4.951008246845815,4.569398813617363,0.0039227808017968145,four,/content/speechcommands/four/dc75148d_nohash_1.wav,testing,5.0,Kitchen.wav
1040,-237.9160175236347,58.48464401340424,35.34541363280002,4.588307213974177,6.334886601040713,6.4549354513906625,11.321507987779865,6.031105905678157,3.663659278012773,6.932350201865804,5.314525542018281,6.980430298394779,0.039591808803379536,32.01361879965029,18.945438403201862,20.167001792181505,10.645777028257495,8.330681688963555,10.11785109978109,7.336079066656986,5.101992997286486,4.855297046399475,4.723312806049975,5.200111496789088,4.18302820956465,0.012899322595441217,0.6604487535862389,0.08064397234403624,-0.58705132067695,-0.32604522353495574,0.3569468419785309,0.28971728582113526,-0.08191693212007392,-0.4067516202382269,-0.24009938616496207,0.13371452577072993,0.33334710144750296,0.17230774669457838,-0.000625106115495005,23.3548365530586,13.577082061135952,10.41910028689129,6.748124737168131,5.4599455155934855,6.167822259310527,4.695346022997754,4.28806540089201,4.240028899029824,3.934344384610887,4.358476215689391,4.0397613481101695,0.00491062887548974,-1.882773617471538,-1.538897803552356,0.00012392981683942612,0.4639554931290064,0.48474335063418544,0.5263383844075917,0.12662709323106291,0.03907106814513049,-0.06644417657549546,0.22796690005759726,0.2907579022454692,0.013859658746616195,-7.251873612403869e-05,24.055095925980794,14.985412119022799,8.43679394798592,6.409566634184332,5.98218882788876,6.285189400217663,5.160794582302516,5.148863943603802,5.746182000779413,5.072173538992149,5.456115561672888,4.857042068606443,0.0033237645191739255,four,/content/speechcommands/four/0ea0e2f4_nohash_0.wav,testing,5.0,Kitchen.wav
1041,-203.15112849794284,39.16646713031019,33.71833304793493,6.630556072696994,0.7113823848828167,-1.0513278798992647,5.090540224904704,2.0219349360041505,4.571697117236905,4.847871408637414,4.450902087448522,8.70772087199979,0.05604222946567461,58.82242996603149,43.925745014390785,12.57141665747894,20.219711186552583,17.009405017105674,10.762393965844185,5.78260093536854,7.2423612794932515,6.511366319722708,7.325733912320317,5.463211000092242,7.516767917826031,0.034219532545674065,1.1724222223137288,1.034541672840071,-0.18311163407759665,-0.15666813899247106,0.029347276014716945,0.11969611897719958,0.1955167189562891,-0.09306667002572346,-0.16066673254307423,-0.07174040483315458,0.13257982313570676,-0.016768871797326983,-0.00018850443584303702,19.219010538963357,14.318632908934218,7.254408952176145,7.552215963919827,6.65250280289854,5.200760541451427,3.4754430013928888,5.130735877612747,4.753187276254054,5.96086041082219,4.001909450589885,4.58471291171443,0.010282436330680543,-0.4271392344911419,-0.12780231851718604,0.10728128395115645,0.16544641000244845,0.1517791443963522,-0.09955741242261477,-0.026235582188828696,0.3564071056445221,0.332396458744243,0.2505496030271279,-0.12338472647166755,-0.23562950702302699,4.407539963722229e-05,13.692561424095633,12.525365941009309,7.481938745497962,6.058795721890114,7.02784579729881,5.839998646493469,3.745339569858905,5.688523001566767,5.621762448299103,6.950435084045769,4.800417032936558,5.335965332007647,0.00770483393724977,four,/content/speechcommands/four/a1533da4_nohash_0.wav,testing,5.0,Kitchen.wav
1042,-276.8344138410501,14.669816038367713,49.76842616028142,12.124316610449304,5.519363314821238,0.23530426245889052,7.5701865431788935,5.446302786119846,7.291587901474406,10.374595579163412,5.06264121982425,8.959933346078707,0.047608438530005515,53.173774819439124,52.192605645615394,20.00368759709082,22.260201298704114,22.104102035094144,19.924836676681807,15.606399535782618,12.259291389025828,10.229185477653973,9.486083315419268,5.981564013712934,5.252776319070347,0.016913492649081565,0.7871996130040441,0.7572675943485279,-0.4341793167299993,-0.36757820369726346,-0.36645400219460006,-0.5545271280878241,-0.6382820016597881,-0.48764834655159,0.060324139805003646,0.32024396826169604,0.407550621283396,-0.07793965235923206,0.0004806915117848304,21.03107529950989,20.16583777494721,8.938948162027469,11.715702852405249,12.852796157774014,10.3098848456339,6.4382055301827,5.8283650614832645,5.337881008777689,6.105065581871205,4.2132550198488925,4.632350631224236,0.006801890304612647,-0.9055885785800987,-0.7731370875276657,0.13831994799246558,0.6941042095865718,0.24025082183398874,0.06691626721838086,0.25961236882038186,0.3292128448904588,0.13381371291283434,-0.0032671623893531176,0.011089581398227763,-0.11906672255342367,0.00012023672461509704,17.96586954266686,17.3466679908546,7.955256706707134,9.64752735900923,13.877799486435713,11.751573622470751,7.200055635419322,5.9411413336176535,6.380251310422335,7.179165467325385,5.646154023548414,5.8614360382662705,0.0068846051308729585,four,/content/speechcommands/four/27c30960_nohash_0.wav,testing,5.0,Kitchen.wav
1043,-199.87856784999138,79.03706026582108,-15.31232713013824,-2.6945530890417833,1.6456225723513946,0.15696956596754685,4.199257978112713,1.3647599078098662,5.097174327418561,6.7959453410832555,5.688812413157823,6.978905509244411,0.05457479628967121,25.300838360406445,23.552335874540173,10.435914629731284,7.179772174304174,11.927378572514074,12.419771830390209,8.20026520886254,7.8472693677579395,7.69394301504899,5.286092555413869,3.84185598827448,3.7084096979984564,0.021700414730476434,0.4747255888249719,0.5923195430128937,0.018549193409536792,-0.09798102522337718,0.2946502570767254,0.37506578558642323,0.13490688315299504,-0.20607386412860304,0.16124703395618595,0.5783814616622847,0.1096571783692231,-0.17312754743199435,0.0011941708864704255,9.930098669559067,8.024498216377195,5.5583434905131766,4.033176751735902,5.930147349454302,5.136625327508977,5.500552171532088,4.868604745980615,3.8974366064413553,3.258253958604423,3.2025142992291777,3.4927930224594643,0.006776877598225134,-0.9920312767133918,-0.4720428629161032,0.10780175748241465,0.5658051275671089,0.051427337455244346,0.09715080792124423,0.3133035289556792,0.19177639350361111,-0.030185115969073095,-0.35662079010921655,-0.33530721821658815,0.08661763405631415,-0.0002810624117652575,10.72493231125597,8.003478945447002,5.468266979354648,4.0121315018852375,6.338826908448869,4.736199417116793,6.322173890479173,5.930070290072196,4.204497541010475,3.8475070182172404,3.9481429428727677,4.962336539666151,0.004846189416620017,four,/content/speechcommands/four/9e2ce5e3_nohash_0.wav,testing,5.0,Kitchen.wav
1044,-244.48425470905119,53.25243506057558,23.305086781011962,14.570157248181946,8.391031891795866,1.7127909220129682,6.655177659780143,5.558029398455547,-1.7062744896324533,-2.2774462097322936,2.6037230266221982,7.209044492267975,0.11883960495470092,70.55422739337547,57.273917671969315,18.10104727312133,11.054458034497205,16.867358928353777,17.420144302839024,13.33520023450526,7.839473724244428,11.711680134987214,13.29432724746393,4.145853352167762,4.875797995118175,0.12769186982901232,-0.6999815820308556,1.235632957862363,-0.30200576283458086,-0.5063350905385894,-0.16880645137411643,-0.1273509960372487,-0.28312965181693345,-0.18197484599939653,0.2608310764660387,-0.32814457639497113,0.027427125714446162,-0.14428763026234967,-0.000563684610589858,30.888118068100884,21.55175947644441,12.703391148295966,6.6747862594659075,9.207095366385936,6.473068372810501,7.104808426865227,5.912067948592615,5.43729813042203,4.978070096858501,3.485003159466005,3.7086185441545028,0.04323472168821168,-0.24465725381951225,-0.43011257851275947,-0.04113665304420001,0.040805985514088344,-0.06561657517098697,0.2098242212578242,0.0554532708010365,-0.032040748533368614,0.028617822321701365,0.11375959880406734,0.06403830593070392,-0.08629383183254828,7.878473649422327e-05,29.72337003880548,20.570219445991466,12.32240743542544,7.531487096693859,9.289302278141074,7.303606702251345,8.768417012758094,8.144762423007672,6.463979230732819,4.465470634418906,4.895930690261943,4.597419249222555,0.026335150697347653,four,/content/speechcommands/four/9a7c1f83_nohash_0.wav,testing,5.0,Kitchen.wav
1045,-235.91671747279648,35.65124657170775,31.21685067547513,-0.10204559945871505,9.242964166847834,7.633664828979706,5.124936956630403,3.2380900193293938,1.662579335668434,-2.0798283292759345,1.1549619080515674,14.761826258819127,0.09808124817209318,87.8500406334547,67.76291946404335,23.93673192521778,33.652371895856675,21.410650804080507,15.11671374619402,17.592195480445497,15.668669111695332,9.671094263917466,11.353280079776006,6.241036659978932,8.783356844725295,0.09699603406949228,0.12296414397904835,-0.15053114531231507,-0.32762643316379636,-0.17608697412125554,0.09826084285313114,0.010500760325227863,-0.15934858246864467,-0.22406168468017199,-0.0876577096952819,-0.03700501911308461,0.07339730171396311,-0.2822706653528993,-0.000718097232522503,22.876119966111784,19.35288312146144,10.229585251372482,10.98183595544268,10.009033060810982,5.904870011517013,6.199895573389654,5.590815612783184,3.788055915192895,5.084276032818168,4.293007383276759,4.591867150598496,0.028876243594858506,-0.15006537289729258,-0.14271749324213953,0.10021368665488642,0.03201860328454818,0.1807904920008408,0.11246888277876496,0.20590048329827645,0.10852376392551287,0.15819176512597888,0.19103488728653234,-0.0034109385809467283,-0.00885276549759319,-5.6623729566733046e-05,14.724969566224248,14.574714403336905,7.0563509482053535,9.398410089445457,9.124315019094201,5.652697463346705,5.906001482861645,4.52177396053877,4.119728195615697,5.324410075559226,4.870266748119575,5.471352685014446,0.017092312562142095,four,/content/speechcommands/four/ffa76c4a_nohash_0.wav,testing,5.0,Kitchen.wav
1046,-270.7978972736518,9.326324208221655,50.89530287112132,17.749709900983735,17.593779149249475,12.389340088437677,8.885062658463898,6.679380065989445,11.428486436457003,12.770054590925955,5.160171491080865,8.654264300689661,0.044450454239267856,53.604263479894094,53.66731042275902,19.82547246024703,20.26096306616838,17.305350865716793,15.61257578393106,15.334138475576252,13.833956643322876,9.849498441721497,6.726236811872076,5.919132995261235,3.792232977291997,0.02184484864604422,0.07902010687175129,-0.1178604169807757,0.07522823168183355,-0.38743228905680105,-0.39723107658738555,-0.16388203557790695,-0.014758130565584414,0.18492969168117737,-0.1758976548963297,-0.24995721765079376,0.10825490483722025,-0.04669431317554932,-0.00014623566981284848,21.880825977771494,19.1524870009282,12.859491602098393,12.539217737299085,8.574890670869063,8.040308483301835,7.5945226657962825,9.169322198154847,7.462340568183246,4.133065581579827,5.399999848993467,3.626770320704401,0.009863127657502241,-0.16889606785605718,-0.13249169751117584,0.10075227853447603,-0.08710533170485277,-0.009758828192888144,-0.02985705032910791,0.000301698135704657,-0.08304445036108336,-0.24804682581780585,-0.10756182850578556,-0.06318292750713614,-0.012478753913898839,-0.00023704096674919127,21.675423682268537,17.29742677470711,13.782816199464662,12.90182350358597,9.388877920353174,7.2172017228300875,9.320975395584544,11.507585264750542,9.540563762077323,4.941197579580045,6.911730239420015,5.315115444480403,0.006569265417113041,four,/content/speechcommands/four/43fc47a7_nohash_0.wav,testing,5.0,Kitchen.wav
1047,-147.4897457657855,89.17179707368773,15.769753183980109,-24.118072269237707,-36.68939105389193,-1.274586741080589,-1.4197012356824887,-8.321813191737665,13.156233515245226,-3.791652318809756,-2.847000401823343,3.577291135100232,0.14030284178443253,35.58844253844402,26.68834283910464,42.14227186554811,23.8483831586589,32.782538804023815,19.576439727833332,12.026782582052899,12.649765216356604,5.838100607764279,6.520102018041284,5.8290416321710445,5.695414144184163,0.07396888852084048,-0.2199807941396292,0.03830861391599702,0.9340673323509158,0.2137219111041816,-0.5643321534789627,0.10733492185100946,1.1258493467702784,0.8237175478807188,0.36279728111650494,-0.2948343895499632,-0.4717050588927216,0.07363155977053938,-0.000922837084339511,20.073433165393407,17.613403112831353,11.994096044811036,10.312245283043586,11.62082580181149,8.133467963263119,5.871243815060973,6.24428393408528,4.418084007489757,4.623880488392688,3.101498848317152,3.4462453857911464,0.029702020285505157,-2.9589571943031086,-1.8573127947211752,0.7433739145422364,1.0525096434007535,0.8073894448781491,1.004116848283325,0.723696589827165,0.07505696710764127,-0.10464446001844717,-0.22288642084630592,-0.059675093786512194,0.04832775343240149,-0.0013739096621672312,15.131452173826792,18.75485657465508,12.45991666074263,10.419877906854328,9.901636312050659,8.171824061137453,5.03077647288843,5.724199293332453,5.700874861989805,6.000757976728516,3.8609216040458523,4.123017360236984,0.019347141829540098,four,/content/speechcommands/four/94de6a6a_nohash_0.wav,testing,5.0,Kitchen.wav
1048,-258.3921315989419,40.150532698090345,24.15130499777516,-6.997123131799137,-3.576730777661237,12.7861917585596,17.310572035690555,9.455983133347207,1.4284579945829514,4.255135638106632,7.0814540469480916,9.712387112746125,0.07525002013426274,53.07155272398274,44.54883441633827,19.662601697083016,24.65965477623542,26.982966930647915,18.450106451494094,11.513481439639895,10.382896652208409,7.861808387553504,7.374141047892577,8.385760603815273,10.182567753224095,0.04328629409545031,-4.848560649513001,0.12404884069271033,1.7878742173983895,1.8982378857357436,1.2313622360378764,-0.09264691481201263,0.20092336953766365,-0.3982119870488688,-0.3233770305962884,-0.6393882159706673,-0.5797257478299384,-0.3450110813505347,0.0003079096636464519,23.598659021845656,19.534322716177847,8.275827751938095,12.739389423650778,11.176886385707636,7.2573283913269595,6.5735009136522375,6.308843594383851,5.862762195186295,4.678379589553979,3.749172379442376,4.317494046517924,0.015146883498211984,0.0002834033843204982,-0.012367153662373554,0.006332462170833135,-0.05594079867492934,0.0842186375000684,0.13882429995078926,-0.10563383784722753,0.01723462419655569,0.04941439723530546,0.004409604386832171,0.08402490129275378,0.2503849001616188,5.353552599747976e-05,20.399019122167523,18.899429237095344,9.142686958438595,11.851777188388851,10.548510728612483,9.305283716323261,7.9116124635313465,6.529662721731096,6.62675449769673,5.979805465239338,4.799516390509574,5.096904229666305,0.010354531636858604,four,/content/speechcommands/four/1b4c9b89_nohash_1.wav,testing,5.0,Kitchen.wav
1049,-295.9471161439642,18.348298981718273,21.708741046103317,24.915219177674047,15.502909220967858,0.14414312997652146,4.082941403251714,10.045655685644217,12.874629459018454,9.178682711249095,9.32335647450203,11.06381823245576,0.024345230485778302,30.28916497930004,25.219645473082437,13.324127908798273,14.293007708951835,16.433485156722536,16.306912101877348,9.70622177323946,10.235153217023953,6.291285979692316,6.365573878425774,4.887474780380504,4.103697722420515,0.004896830635467678,0.06976917372139174,0.09905318397650766,-0.19648455939503254,-0.2899205009587501,-0.15644686142757067,-0.37005665612245536,-0.11633171846208701,-0.01604390339609059,-0.13466895579019209,-0.04228012935452209,0.1425227848718015,-0.2987097666212451,0.00017421752695114383,12.89284717713785,11.717519864915197,8.30517963907922,8.543344276397807,9.088644971666213,9.27326085884059,6.043390163740009,9.0377417173626,4.741944807512159,5.548899174161915,3.7023984020293934,4.705456650798783,0.0018252203487448544,-0.6171092010911233,-0.11160693188288032,0.2511813422617274,-0.1115021662570694,0.37839850061341795,0.4019025059032702,0.2799658959021204,0.06324218197056161,-0.019356802715141026,0.25248344030495096,-0.06403236167251579,-0.22561232004237747,6.30947450796763e-05,12.292522272822348,11.15832561741673,7.65601616833286,8.666165466568728,8.646273800714543,9.520756069787254,7.2189702150972375,10.216781715353761,5.912392322281796,6.148031184545303,5.247385647873942,6.237407493515384,0.002132774643789787,four,/content/speechcommands/four/24ad3ebe_nohash_0.wav,testing,5.0,Kitchen.wav
1050,-248.2802820945675,40.54457356267761,48.06309703758285,0.7766371105259819,3.2354213614406326,-3.0606921158962668,-3.080682733304358,4.07851016895074,15.010588947381809,13.308782402753529,1.2375720975910587,1.8385918232081173,0.09222757641691715,67.93299507484788,51.231940314857276,23.162094266918967,24.38568321441704,26.558045931328913,18.48764986968908,19.199254689055792,10.73894183122506,7.22570916339469,6.723403910663288,7.909597652925472,6.1078172374765405,0.06773382069796459,0.05655286651004725,0.18319692634807686,0.141593781250866,0.19354824990812716,0.25928746288074944,-0.2578937501051736,-0.5435183938045383,-0.39946343856836114,-0.17618007240303254,0.09443403091779377,0.055347521954216605,-0.23900484835611216,-0.0007463093967207017,22.770346647670753,19.539434516215497,11.802887162361875,9.13077335490936,11.669282587785867,9.130970418315817,9.350449544340876,4.858601058916954,5.687386645474249,4.267577755180486,6.050981502663898,5.062978683754684,0.018256800960124393,-0.4807196733306209,-0.22040743309979713,-0.27693555970121886,-0.13587353783529052,0.0543138302738092,0.13250754436356438,0.30145658241280593,0.10685392116113326,0.002821794567034293,0.05554349484059624,0.006081876777262307,-0.19248308536340303,-0.00023916816959778468,20.494985757320592,18.792318454045834,10.936249743132025,8.485700064379996,10.113062442942345,8.973314569964694,9.799808462698811,4.722862472411927,7.240895785723281,5.434739993247233,7.041315542937504,6.148039223248392,0.009957191249596573,four,/content/speechcommands/four/4620dc14_nohash_0.wav,testing,5.0,Kitchen.wav
1051,-221.95525221527728,23.56952985535879,49.37156481858737,18.15507540061669,-13.552869542148299,-4.090887998536929,-4.1204091945035515,-0.8468347808079388,9.513101182840462,8.72659167517207,12.18836850578705,7.811037240405092,0.10838099051034078,49.194827238105866,41.83431363384797,21.342478183518583,8.847978255430606,32.62616737453522,20.426756799364004,16.809261078948104,13.50674550995795,4.478865864577061,5.095439909940923,4.2871328406176765,3.833061876239845,0.11615501749198974,2.210048264125088,1.0319898933732086,-1.5496712144418774,-0.3393368211757665,0.09708828732136784,0.016314105985875915,-0.18767939220443736,-0.07411996143519393,0.13259542582275677,0.08671400847012581,0.09904096611477725,0.15641769138398462,0.00048232607303127167,22.185604216824405,20.274127025658434,9.52041938562053,5.847295524848772,12.715568980455489,12.109041309714716,9.417467055789913,6.3719243795572,2.897675478013561,4.07295166152394,3.3037466375890236,3.080441347419507,0.034770675222771566,0.1708550607697532,0.23484456095697936,-0.6763605184810373,-0.23371590948890855,-0.366322572635159,-0.18916585652963852,-0.014798457068617606,0.013051260568261351,0.02532806409794371,0.22000024243965344,0.25052423465429946,0.15779548246866457,-6.964790324370067e-05,21.032550133000093,23.165650926080094,10.6935868433972,6.1787523824015524,12.141132449991028,15.234580415367946,11.508115761323776,7.410536296247258,4.179189661064381,5.6089419078359555,4.251345515067254,4.078617630058304,0.019614585552200182,four,/content/speechcommands/four/9a69672b_nohash_2.wav,testing,5.0,Kitchen.wav
1052,-189.665881478744,21.971856532343423,4.682128382167072,3.456883971076498,-1.6795887785589665,0.7794644641942476,14.23516385436849,11.035724683762332,2.803355049876746,0.01098330997431507,9.445635946691603,18.574973525405163,0.048293981060851365,54.085170576536036,34.491754197775855,21.59181876517867,10.39290188650012,18.155135581596667,15.928488329424189,8.133103235683343,5.1138823856890445,10.193967030750263,9.001880769515013,6.208944589430959,7.806159708340686,0.015368603766199312,4.723517166278003,-0.0009165443895502374,-1.9030185059342037,-0.9505202304336884,-0.7985586403586227,-0.21786495769717723,-0.23320976924441003,0.07862674436150757,-0.03429279822617823,-0.5705176816786237,0.043538643419170645,0.5664449747903574,-0.0002414477207968312,30.19424780405259,15.856216961726382,10.42131214590648,6.460108897899689,8.925382975206881,8.882504545531317,4.7046856138592785,4.589165477664971,5.13630749120322,5.20037792009694,5.407488173156504,5.222916179146716,0.008195139316279567,0.6200956223511762,-0.21559794437587787,0.3297260796089471,-0.07403935554164146,0.011878180284427841,0.17056113578823887,-0.2977199371043682,-0.08685838723109504,0.0007325907660986768,0.06390270439385368,0.05375622523577703,0.08613662835557505,-7.444173097610473e-05,29.393522302313354,17.03912959464073,11.885629539786455,7.8378822425070025,8.353440224189535,8.99316502360481,5.383765910691677,6.133765880498888,6.011848385668242,5.850814778930202,6.462589003426909,5.817904297563769,0.007615195074190086,four,/content/speechcommands/four/d5ca80c6_nohash_0.wav,testing,5.0,Kitchen.wav
1053,-243.73466534492283,18.305400531704567,39.05591452672191,10.07320089570175,5.418408014690042,6.876088397752211,3.251156157138437,4.191086244696166,4.222596528184665,5.110703428058155,5.919879741338152,8.410880831062068,0.03707384745939635,53.62356302519834,36.324023545870446,15.507521326849673,20.2019907828004,20.210703386263106,9.763195805939398,9.068358372227461,9.473257988675643,9.253230276599902,6.79407723941713,5.746373049206093,6.516584902354033,0.023568901349462643,0.46877723295851903,-1.158832397631538,-0.2763554688990076,-0.09091340338419178,-0.05602694050161384,0.04027752793317269,-0.20209975123245233,-0.23775193723700017,-0.05639297136059079,0.07927862174980146,0.19084419833231947,0.2468260771921251,7.558073247632672e-05,17.260514842035132,12.057428227475917,7.89944101653612,6.981728198073179,9.584766987097986,4.212356609818637,4.861216698595716,4.815974806330297,5.050096474827278,3.5246275703038097,4.722188380522197,3.5943335185725775,0.009254010193501184,-0.7127166086105471,0.019644491990632198,-0.045800130795353645,0.09137601228831649,-0.045116060181901216,0.052999628273101076,-0.05998235999356047,0.13174700310609336,0.1713918754202973,0.16846056798155537,0.20016490218710914,0.15091837896534513,-3.816715131203333e-05,11.883105280826674,9.858138129402377,8.324107650135998,5.560396222868916,7.960842824027559,4.5020786039753755,6.097691553096763,5.467801913279516,5.83018712414296,4.277471719706022,5.6660866790793065,3.910948205846892,0.006989182173618323,four,/content/speechcommands/four/5b1db3ee_nohash_1.wav,testing,5.0,Kitchen.wav
1054,-235.6714003166142,38.559618575361746,44.756882995288336,14.565913783285248,6.924913401307215,0.983161823027027,1.4172555062382755,4.699573605734743,1.5795023563003783,0.10472307665963632,-2.269493550106203,7.161463115380063,0.11338442665874027,93.77491699961189,59.46648042855187,11.112650674728311,16.28960093868669,13.582806714572337,8.737346935448835,12.095918220177131,8.334092551795452,7.920270991809553,15.10004585288226,11.36105795757449,6.304467119005249,0.12943869275680447,0.1274870527434528,-0.19915867606337745,0.11773556262072019,0.49164571089001863,0.4444263590256309,0.49120750564702553,0.9485903742825986,0.2768319881510006,-0.19313420467827394,-0.49286935522442477,-0.4520090106814452,-0.19450095505195117,0.0007134681387293724,49.138918859883105,20.904137936634214,8.53349430597655,6.6575328313710385,6.5324306937166705,4.81747879832625,7.494478684301337,5.395731183270674,5.079988674467343,5.733679198299616,5.320426285976019,3.8366523952735556,0.040353872594743975,-0.27509901165129613,-0.31054425805698005,0.04342684796780946,-0.04211004012679744,0.06891105583697016,0.19712942866134558,-0.0938854605859932,-0.03987992936438462,0.1065158139253227,0.22252428989292927,0.053125064444828556,0.03570218549839666,0.0001374460756778717,50.905414526619445,23.282087580306307,8.825298198086095,6.582563285081783,7.215368029089096,5.399631346882053,9.229159191928163,6.729436991003753,6.639845380371496,4.862334965733637,5.744166284434727,4.72326233282429,0.032661132664592675,four,/content/speechcommands/four/9a7c1f83_nohash_2.wav,testing,5.0,Kitchen.wav
1055,-204.36759874722662,64.02573855230902,26.78442574165006,-9.641270964534726,-0.18529765375010265,-0.19269784925480346,-1.751325771949737,-2.0216826969304664,5.710600212306195,8.111812844803474,3.941123199832376,6.992978011114283,0.042629740559137784,32.31578438021379,32.05358899219576,12.733925311388962,15.28335369054575,10.425358522681831,13.964767886557997,9.527851725981867,13.87827567813803,10.68185436403481,5.085963522381914,6.2058328021737355,4.5964507667005075,0.015852246299419163,1.943797683048507,1.7425746009250502,-0.23157567305971952,-0.6107652965197674,0.3394481546164364,0.36744316564154533,-0.6409006934133024,-1.1127522169417263,-0.455975583207378,0.36565306255818425,0.16402074928757485,-0.07349604812079452,0.0003837919235229492,10.104747481525807,10.14449983952957,7.869337852204728,7.010118197295448,4.263263927618136,7.13670968891352,4.378538064743796,5.874680063279765,4.794713759292134,4.383865388905032,4.189310867566841,4.234366078567144,0.006241758177484647,-0.7117221628302796,-0.5945163230006371,-0.09658748885147765,-0.021900112102532027,0.06685434009798503,0.03889286375608155,-0.1771128480747076,0.2830294184232584,0.4675806381551449,0.22973087308221216,-0.17929025490768305,-0.2607527800900926,0.00020133284851908684,10.508908789642867,10.56235554794592,8.437275554615162,6.441941727075527,4.355135911827674,6.649447493302186,5.413652751313175,7.342935469792198,5.035095973963242,5.973421995367619,4.52427378842786,5.809297771670844,0.00610854365368399,four,/content/speechcommands/four/b737ee80_nohash_0.wav,testing,5.0,Kitchen.wav
1056,-249.17316867458624,50.99791482085212,20.19507129536769,14.597315896103565,12.95193307031041,7.483877704520259,5.486671060352785,6.103454077094665,2.4576453872968687,3.688204090362621,3.913514567976119,11.056749435907953,0.10132106288801879,85.39985150003972,56.958644308123475,19.598789350313798,18.20605963865059,29.434559197096004,12.798093336684822,9.388961931112567,10.495387997892415,16.34488226045905,9.812160460498806,9.298095203494855,5.4695621905054725,0.0824742717963538,0.621482966590122,0.4102814599577619,0.177737175408507,-0.3505359165346257,-0.14040810374945153,0.4858556808227527,0.12355564320482622,-0.05561405375848829,-0.17838224589992627,-0.16857001365062893,0.12149378038368368,0.0991919129254474,-0.0005461933511880136,22.539817895057723,20.561810839767652,14.114371839067847,6.60557352165829,13.300848165574726,5.963573089116023,6.691056880312876,4.407801363253343,6.167122199481278,4.653577308640724,5.58186599543891,4.31092300279774,0.02756552400585752,-0.7406414931906095,-0.38111615693905254,0.29335529342996447,0.2873360745261658,0.03426737067460947,0.08755248750416898,0.03677085716248077,0.43500512308988953,0.24373042120720337,0.07986231712497721,0.07145011797578892,0.06587405405939606,-7.869390149911245e-05,16.90367657087687,18.904689418254833,14.973530568532087,6.351251996070514,11.040295952918475,6.86571249639682,7.630863709654739,4.746108357409402,6.492185165360251,5.179267585022949,7.013658151115045,5.071533368779753,0.01824742694946535,four,/content/speechcommands/four/964e8cfd_nohash_3.wav,testing,5.0,Kitchen.wav
1057,-258.4656169906492,31.860997569387045,52.24782216566612,8.484697077052422,3.397757117625318,12.126087540729614,13.633246057881781,7.474435143281784,7.945215394027916,7.110597454739558,8.763329303407879,7.885280693293796,0.06288575998041779,59.88675746009816,49.47027015286952,19.627042088787917,28.123706578789708,29.455296866080072,18.251638701087465,10.16648495973046,8.352263121410052,7.949665292535792,11.432183830850462,6.78006888805452,4.955936834009681,0.03361100534057806,0.2290810772105924,0.2964515420518457,-0.2919810951732466,-0.12935658701054717,0.2401356730327334,0.05340247211860812,0.07364176182443734,-0.24274750558873562,-0.5707265638500685,-0.35167207446018345,-0.3963685763732133,-0.24420868007844754,-0.0011518946097743127,21.491978676085676,18.60908967147469,9.219590117626646,9.911613050930576,9.841883117394875,8.792541043810031,6.430429177182686,4.820538826452272,4.3622622168368475,6.95392618096728,3.96652452039511,3.802284479984373,0.011156867381581103,-0.432583667414364,-0.4199824589948059,-0.2623959637078909,-0.08967165481456085,0.05132368390479982,0.08702718369032034,0.1082380243171615,0.044568134808388095,-0.22968570286511536,-0.07591621682692277,-0.055000471381456105,-0.07218588811861482,-5.022113521893819e-05,21.94090871549698,20.333481228806026,7.641512946234008,7.905369916212434,8.70610373500361,9.671390938035806,8.555329401750383,6.17301721322995,5.106220540625581,6.727700601884435,4.836091505737907,4.302861133650384,0.007958431307162101,four,/content/speechcommands/four/af130f12_nohash_0.wav,testing,5.0,Kitchen.wav
1058,-252.2372668608201,23.25597170126497,26.59992598657658,3.527799400082209,9.271243117000171,-1.1833032204772842,4.356020363768313,13.801329617032081,13.296262626335139,4.2830623765498315,0.8943967003317352,7.941762814992758,0.07464712695218623,78.66626633164857,57.07017914973112,22.754302933325462,24.21846943480328,23.55460007442856,15.903510407599416,14.58879822455601,4.51275359882675,9.12006114127089,8.563972348555653,9.616857985041898,7.450016532430832,0.05453117020155394,0.6470037544521318,0.4621726688690474,-0.24794959859043103,-0.4374420235483902,-0.15807136105384825,0.12423173488710713,0.07938133310349409,-0.06733111724147135,0.03940896050593905,0.1247480121197421,0.35432352055798483,0.25897978075725553,-0.0006345878805845014,23.384272351306993,18.05009950655544,9.478190494903796,7.441521457689221,11.01626794867034,7.121060554743257,7.731206944444836,3.7785595723065346,5.418988737997645,4.816093853765756,6.510060259556846,4.3617487785822675,0.017864322725262866,0.2262368917280033,0.23822692141910598,-0.10277970706409943,-0.1323315184847638,0.041003125851520925,-0.06598717593982491,-0.2771238620805462,-0.21594908485074493,0.07946175282292885,0.3339545519386918,0.23892967863833284,0.15354783304294084,-1.3771218558152517e-05,15.732889475459919,13.67033155953969,8.385320582445418,6.758824292715399,9.387602890299432,7.877220287268113,7.458142272541816,4.777538174648274,6.2442305763448385,5.165163450376869,7.334945089016479,5.006312204583708,0.010859845797123945,four,/content/speechcommands/four/692a88e6_nohash_2.wav,testing,5.0,Kitchen.wav
1059,-210.57233472037686,69.64761011229334,44.704305035894166,4.734921882326379,8.30628822621519,5.834681127199466,7.589620506882227,3.591632537502583,0.248641968952397,4.45205808332596,1.9358198027299096,5.061048298780653,0.05722173663477103,54.44229371225502,40.39060963168154,22.149251643523446,16.337747223689465,15.168403811827588,14.795775415342447,8.703952767000747,8.244245314906161,8.09457964195619,7.7214670549418445,5.06040399491932,5.347173787339436,0.035021016194564415,-1.2107332556478534,-1.4188333994165223,-0.33568600259363135,0.5625960414186767,0.6772654356311278,0.6939790092050621,0.33700479505464603,0.39044558405237517,0.3949773443953387,0.2190791388706128,0.1078948374607443,0.2795942366282642,0.0010147492947249577,27.948491534410433,17.480930973415695,14.88648192376479,9.320325628719488,6.863708553588492,8.021482406259846,5.17964355945208,6.724691400054889,4.180861064876191,5.268829755306897,3.7143522897834833,4.370325907512126,0.014773047941363615,-0.6100287628381008,-0.4796617840150065,-0.20840525360931142,-0.22515491266071555,-0.15409400457212172,0.011048554361060876,-0.2533435288781759,-0.1103374638996716,-0.013329231645975373,-0.07373952014534682,0.01849073754715239,0.003136841951522481,0.0002857666861798082,29.35260219418292,17.961478474351043,14.446721767850228,8.995316969694741,7.478159501426982,8.639199069054069,6.3562583533792045,7.689364254004695,4.915020694025806,6.416688208010894,4.839559211820496,5.801355079516486,0.010921209573628653,four,/content/speechcommands/four/95ba4996_nohash_0.wav,testing,5.0,Kitchen.wav
1060,-293.85489386278925,4.6545345159666915,47.6247392441861,21.653340432518085,12.904406983878008,6.026917892249116,9.81289259442979,8.156227156878554,5.535126755946781,4.858248975086712,3.382165297059525,9.810238117157903,0.028363576508127153,42.440206224957535,39.21147162103429,14.676210277471784,7.637672735330227,11.470320819282211,12.241327273825904,8.724694441426557,8.58968884178109,8.149872262081587,9.487166649380613,7.210870797560532,6.644319245138463,0.011926854373192897,0.5256805124541889,0.5643161208484282,0.45695117146766095,0.22351438331476065,-0.026735490307248047,0.08419603362438847,0.17701900166953677,-0.21684509034069707,-0.18681830907520192,0.07125840716674565,0.42762321432002715,0.20633287102435563,0.0004421772976075449,14.028481406733432,13.555299399508394,7.546740710995754,4.051318260130816,5.954143469458871,7.0637248731677955,4.814160867485418,4.104512332593662,3.464495754278812,4.090414512590392,4.0827830762194735,4.632756000732039,0.00357451730412718,-0.6443324967536322,-0.3480698935523353,-0.06934431997830424,0.3081836808335251,0.2289368766026719,0.1285526692265885,-0.020540065622677163,-0.008187305958534629,0.18851141514061467,0.03870985801040607,-0.10075245003301478,-0.20749176361128766,3.158921996752421e-06,12.45481146047907,12.39256995645261,8.078557416177347,4.867817792115404,5.905587763138,8.23685892563868,5.813800374609133,4.597104095326993,3.9831216719041023,4.3442796019916035,3.7793889466960446,5.49689830029523,0.0025805578491413096,four,/content/speechcommands/four/5c8af87a_nohash_2.wav,testing,5.0,Kitchen.wav
1061,-274.51736750276916,10.794622840607708,37.496105261954995,8.915964755296365,10.993829508090135,3.591075501222005,6.108202740981467,5.474944674067106,8.348047356493199,6.520306369203323,2.9829572365602646,10.806632510708543,0.04293976232293062,49.86470651509216,40.59875947041244,17.766468928042144,18.69200782330595,20.473971621757908,13.554504710791017,11.128996120773119,7.892488975946843,6.669737692543965,4.5708040921497775,6.1770377163874075,3.964293870486137,0.01713347852232748,0.07905920864598578,0.6703533017131574,0.12820595958927397,0.09398962411489921,0.12396322226286313,-0.056549972026772366,-0.09684741932611517,0.011813076308926621,0.003713646732509509,-0.043611426214907295,-0.22351610136224995,-0.3438117533762399,0.00023738402993448319,17.679755590347174,15.44190085589373,10.179536661022794,7.571937663745308,9.988282886726806,6.774974337950699,5.942931255375344,4.377526625139362,3.5770551349310096,3.577934787602458,4.417546620145254,2.9778919678328726,0.00672220001831665,-0.3235154603231744,-0.03839070081909425,0.3191940561458819,0.08881665815234233,0.014757750510043148,-0.17673439193484045,-0.11279737223909582,-0.16502000412489035,-0.1422445640436875,-0.0009762270301923337,-0.06507703030606228,0.07814088349971383,-0.00014776301880677542,19.688868116715167,18.496592876359585,9.611374154946152,8.666966526853159,11.626813596298149,8.35526680729914,7.653939348088327,5.485515698849728,3.7731780579741705,4.499794767823348,5.105131080278317,3.7552314170628875,0.0052538858422917474,four,/content/speechcommands/four/587f3271_nohash_0.wav,testing,5.0,Kitchen.wav
1062,-259.5041061870067,21.19269562751238,38.47716138271427,4.388819315462392,5.578348766856008,5.296926461322128,7.520496643615465,8.150141410964878,6.754297600160497,2.320102057800524,1.5818707783362027,9.646053451031237,0.053878323815297335,78.92135432938795,63.07199586886882,18.460190707154762,28.575174666209733,19.98078091183416,18.613784997691777,12.791875047914862,15.821268804625477,8.919763710659941,11.422301678159323,8.707543791059747,4.628693942810845,0.041430104330638554,-0.6763079046493419,2.1606449912503805,0.05670123963689343,-0.3940218720397787,1.4453900101947703,0.15148690692965888,-0.7052052488915108,-1.9727003126292835,-0.6361480480495367,-0.014336839040515586,-0.23655272586924767,0.3854396845598293,-0.00011378070039133871,29.15356112738193,21.98253390467472,10.588086946720598,11.405079604444353,10.863355330203518,9.848506350504328,3.900191583400907,8.144396024524179,3.9877753376645146,6.374522223476208,4.666697257501456,3.803170507234556,0.015194249598391683,-0.4617437522036804,-1.4216014827607597,-0.0028956535582152537,0.35264940249328436,-0.2912525740240149,-0.026145368200506464,0.16928316752586495,0.5363664585728032,0.12631102350203888,-0.098573632051143,0.25933352901029644,0.29088864633027,-0.0003607278068860372,25.175614894835267,19.969572178268756,12.149674002603128,10.41289244038137,11.37405854631963,8.702304478510346,4.310140924170359,8.40128940197595,4.421433026484821,7.807183153928032,6.292850066907159,4.629756572063597,0.011570939314264195,four,/content/speechcommands/four/1fe4c891_nohash_1.wav,testing,5.0,Kitchen.wav
1063,-133.81337553780367,28.230719790379514,-21.641788462891117,11.485098731262582,10.683620746141568,10.394951598123203,-4.056947124744392,5.065523288268858,14.808562228471688,6.79720547817298,2.4200105005782575,6.381859465569892,0.2049630912952125,131.13022651383662,56.55918156574598,46.41570923750463,24.088204819652812,29.23677796466357,19.46734454837326,21.42529815720508,15.23426574707616,11.489157258302926,7.183395244333605,7.881303291106477,6.936037058711093,0.17572178281489453,-1.303747143930545,0.6768430529138488,1.0099403853164204,-0.9526389494811707,-0.5761661175955222,0.13527374083419627,0.3853921502474188,0.19991260735634414,-0.4147345642981755,-0.028281984257639642,0.17587859505570008,0.2825211328033148,-0.0002823524297245087,41.324276532777844,23.24651982746818,18.856676970721196,10.929633965518324,10.308893017553288,8.150770610112982,9.66036991677346,8.163256809484734,6.914473024345847,5.415127477897048,6.1317204320336955,4.384668671652588,0.04229099032994126,-0.0002582950073550213,0.07867606514226182,0.0821220560644124,0.3745058604925398,0.4196840602645223,0.010994756396700467,-0.07490912568584562,-0.2647299169113583,-0.023557197533453512,0.00433103995823941,-0.008037605916925905,0.3558931415006658,7.234284033377966e-05,31.008925365392102,23.70568942965034,18.81759324782562,12.209506261793203,10.036081801554968,7.536658926903096,9.169067659025716,7.834845029238769,6.879356711014826,5.885569311119602,7.621573134999674,4.944808522214246,0.020768762192704817,four,/content/speechcommands/four/4290ca61_nohash_0.wav,testing,5.0,Kitchen.wav
1064,-166.85169313235727,59.31490362323444,31.086293766674416,-0.42042998521322744,-7.577050664433197,-5.277496540518021,-2.628509256269006,-2.344687325057139,5.436476701667413,1.6916208304504357,2.900291123173916,8.096275891385677,0.09650436175220153,73.41816145406311,48.949523585207906,18.378563479800157,20.31632613376481,26.950611618123634,18.027968019554297,9.584892993122326,12.433116940016385,4.052961908666509,9.821541510646297,5.012189680332053,9.550198598399001,0.05769467147942194,8.70474014428487,5.438214622449131,-0.7555681177240614,-2.268262940976657,-0.5316882617791534,-0.4293215461064641,-1.2079458314895728,-1.6329536803197247,0.17978125190538385,0.4517811387551074,-0.8845365294281096,-0.4005305130472463,0.0032396281603723764,23.750493017813756,18.959622359234825,11.805677457700552,9.694214462869885,12.211797184586738,9.541794672198614,4.861513089339456,7.489563555707774,4.017413971004586,7.25038939099957,3.319500435634821,7.691925540929431,0.020250200316001655,-1.5021659635095754,-0.7631628610885879,-0.033521216030524194,0.7403076419036364,0.22772104087938036,-0.20784950535086757,-0.35951025022188104,0.4527251110757599,0.816132938702598,0.5616195100744991,0.17490951677058825,-0.5200047293529806,-0.0007083879162867863,24.117599539380766,20.11420087632889,13.633871996839185,9.998537855566545,10.185673640854104,9.207375300445154,5.388708073647697,8.965999706219156,4.458440475246612,7.117442475272012,4.1136669808602635,8.503516750577518,0.011641821492520011,four,/content/speechcommands/four/8fe52b97_nohash_0.wav,testing,5.0,Kitchen.wav
1065,-305.5213064068305,18.875396644958037,38.787663775469895,22.68731625357828,17.11220523466189,10.509983160749844,13.63282271078948,10.705028477749982,10.596153514126126,12.705422841426763,10.203640457590875,10.638851036364573,0.03935494559118524,25.63018795315223,23.14255455358314,10.933874718131122,9.934959654051628,11.044953542581727,11.250939490962345,10.227837502555928,6.971902055960887,5.657483457604533,3.7204949749664955,4.179808942148214,3.4683590085590175,0.00887414540095786,1.7024637183420168,0.6138380501627722,-0.1868467404097707,-0.4757090611716457,-0.4981412432048017,-0.4808875214485878,0.13771513427782553,-0.23370539925927325,-0.47550597859579874,0.03224673815823937,0.12169535410258063,0.15740678645485565,-0.00040286280695469147,12.799371500541085,11.175628283702238,6.103480716395031,6.511868781174404,6.2563953028630275,6.162046387043735,5.686240055864028,5.321227687248331,5.140763763757243,4.150887174078009,4.238268966104216,3.138017703393209,0.005971937019029994,-0.36770600721400226,-0.12859061744682954,0.11525219594363918,0.05994636474028508,0.049192433685425384,0.030840811540462216,0.004843611944906752,0.21285337148065947,0.3437897351332348,0.3417946461187598,-0.18255320555389248,-0.18346083486106143,-0.0001967020332813263,10.992485636541401,10.665743068761396,6.03453988681725,6.057660500579959,6.926087892007752,6.59122832673687,5.117109579223561,6.477514070512025,6.319196617705236,5.620132637256989,6.044887683298562,3.8867559581678877,0.006020004463873074,four,/content/speechcommands/four/cfde27ba_nohash_1.wav,testing,5.0,Kitchen.wav
1066,-274.5401702866935,12.899356821715678,57.43191818531374,21.57191784117969,13.656595833920758,10.13919069913863,12.159758708900068,9.52448220418092,8.74536467515212,9.68175740103339,4.795014741355455,7.918401477741735,0.032700482464861125,22.214405477908638,23.514045001838547,10.537975125722769,5.454556245822421,9.940278423902292,11.088539976881403,7.119143033771861,6.374962000125093,5.111085299723883,4.718037906305686,4.619115154660447,5.696408863236605,0.005484729124613813,-0.09743879317996713,-0.07361295335381128,-0.0840396148072265,-0.24614288049724575,-0.042443600324591005,0.21614639098932695,-0.12051471505107751,-0.10532523836311908,-0.007764221603932334,0.08680846670515917,-0.15090663841849536,-0.10922393850467493,0.0004798399825249949,9.077066640156099,9.218150755410619,5.749519219388091,3.3970496389193063,5.523031759902675,5.802310143267179,3.8947624406464305,4.272845972111482,4.158889242492099,3.5957945524076838,2.892597188233264,3.8952609125160262,0.0033822822893625456,-0.2944353238212974,-0.028166525288121372,0.05671564485218615,-0.03659581101752316,-0.039811779789335,-0.12642997422710991,-0.18406208557291462,-0.1755174285189633,0.051558601515605436,-0.08247975708476231,-0.10244717979466107,-0.11988803334304769,-0.00016690213233232497,8.412681699162142,7.50132949557713,6.565690039819424,4.5041810598153305,6.302465174272927,6.346179798565153,4.302698655339041,4.848990776656708,4.911692942421608,4.10822511940146,3.5847741757791813,5.126545904990704,0.00254512990672321,four,/content/speechcommands/four/a8e25ebb_nohash_2.wav,testing,5.0,Kitchen.wav
1067,-264.66549868112816,25.74677557734495,45.64534341852129,31.267061999530405,-6.0314349321997955,-1.3028668750290477,-6.243046670240914,-1.010056717973732,6.765706332427872,4.968678010767757,10.620862788959702,5.275930347984841,0.06683113815961406,54.45090595793809,42.04136482036274,22.345863641585495,14.635294413979663,31.09823001782533,22.523388153069284,21.322236498164013,16.46925707509349,6.506146499555411,5.559960572857889,5.923882600288209,5.052031573434982,0.06158032281574317,0.5541978702895031,0.30181445029890785,0.6048919994830663,0.0921363050296441,-0.25395273946956753,-0.4013831747358943,-0.1350096891760121,0.01208516125874206,-0.2306202616553552,-0.20952699447945827,-0.15018071987296794,0.015112889205286844,-0.00048067997540197064,15.217926364147601,19.161140527452545,9.126099675370744,7.9874176849681024,9.33471104895314,10.214941061817626,9.073952213840728,6.6575110755570135,5.133908253160335,4.023455566039625,3.3894223616640877,4.934437185396933,0.01981596450061844,-0.2783503184036855,-0.17536240967407904,0.09311447954528079,-0.06960825776518635,-0.04285571583062395,0.06715414052687745,0.3357237859935799,0.07441460985275998,0.030312186153618727,0.006030455028385144,0.01988554231065393,0.003030262357697966,8.312414089838664e-05,12.96299523345022,17.526692072644128,9.418159012219164,7.590901853472798,7.891543770994662,10.543123553520417,10.561286229143386,7.272371643031951,6.53698833337309,4.973780560772029,4.578750284608873,6.425838070755946,0.011591976470853669,four,/content/speechcommands/four/9a69672b_nohash_4.wav,testing,5.0,Kitchen.wav
1068,-304.4149696880203,31.007376749431042,34.63087263330907,16.506507804197426,11.451238592058246,7.412850124447684,9.837766145527354,11.043326825641339,10.951120693921307,10.035995841955689,5.021553907315847,7.938798956116034,0.03163790737744421,43.07196009960247,38.7158784422342,17.5118988111297,12.62916116767813,19.923307076888083,16.080636767197976,8.151772835978527,4.123322076989922,7.062373969079485,5.888830752306752,5.755187037395453,5.104585013313096,0.010897608860502122,0.058874770117669076,0.4076763414156967,0.2667969634395868,-0.023075445114536425,-0.03230552993332229,-0.03447587911427255,0.27273426128281836,0.10761398911701779,0.055734347820091554,-0.3837902347060979,-0.36562253815235574,-0.20054708827455214,-0.00022288303702108322,15.86439115712459,14.79191376716273,8.763942544719168,5.120531712467494,8.346721691931778,6.603979776661134,4.897313797266454,2.96719279733915,4.55113598726627,3.60237496433331,3.604403124912173,3.003193719990404,0.005623155180303048,-0.4963875969145628,-0.10163803075706328,-0.029842125376809036,0.0035424345145052883,-0.03156030048799205,-0.035991552997310626,-0.040770206940927554,-0.0466916183973772,0.06272196593850102,0.17224245086899023,0.1718036495906621,0.014777833833949098,-0.0001981280744075775,13.309204194876775,12.657415931808012,7.346689532575034,4.382876255176073,7.443123859222409,5.361324299867385,4.919060618189248,3.3418127801251076,5.510469717040724,4.28969947925123,4.679137232864634,3.638533554503842,0.004003802287122963,four,/content/speechcommands/four/62ff07ef_nohash_0.wav,testing,5.0,Kitchen.wav
1069,-269.8080550087749,4.859413296676387,40.84323641404697,10.911874417519464,10.04629620213893,8.368882267886999,11.085219619346445,8.664314369278708,6.402026263262396,4.140527376602159,2.434846412270434,13.026262798225165,0.04577306949067861,65.39243713975681,58.0537988941562,15.7309140457516,23.904293450597294,22.353015321368286,15.589001834713173,10.372696290487756,9.745275161842686,8.770559874668471,10.493052426891577,8.346325343152865,5.321980147832781,0.02418250068656996,-0.007258120601992716,0.5486831438246135,-0.05125069428154733,-0.2953926016878819,-0.3561239873025969,-0.30829869391197634,-0.19635314032481058,0.08346262241004784,0.0394862224547423,0.07961448669642468,-0.297470520430803,0.0766362458016333,-0.00027630213768251483,25.244353127360604,20.64991403541557,11.358824449060064,10.03237142354045,9.218308644086973,7.695171639335731,4.774908242221386,5.86619049727813,4.226878850791241,5.668060517179704,3.824004577610017,5.1120059086669345,0.011599854361804577,-0.30470713346031175,-0.15086190390603066,0.06211769872933779,-0.14855605473665273,0.22186513902844307,0.24351800892590583,0.1197275938757049,0.27921242829347126,0.32283816709025753,0.2020293773652747,0.09418920860914021,0.08925488094312405,0.00016776857276757558,22.997144866218164,17.119879443149507,11.332814752429181,8.88915346807703,7.38830105392509,7.740156463457121,6.074639276548125,6.219637449669247,4.623268693306787,7.150028384002322,4.823826586490353,6.644358248696639,0.00932913027388594,four,/content/speechcommands/four/1fe4c891_nohash_0.wav,testing,5.0,Kitchen.wav
1070,-187.82382245279487,70.18401814114452,46.36644217163125,16.539241362254298,22.7869804779817,9.292932988839693,4.296929701361918,12.588435772446168,13.053490087370836,4.0125120728096935,-3.053957461555588,1.0317098224910692,0.10946447600144893,76.48401789923125,40.225442027897635,29.827600904347285,24.591630506413612,24.423124262104704,9.679939011730749,14.330124574396425,6.811623921590349,10.313440807432617,6.045532478415188,7.447688661225147,5.253908659536706,0.06238117111151663,0.4369501018686936,0.4619825068046375,0.10802216406638869,-0.04419565719180175,-0.3033476627288041,-0.3143023381590585,-0.2966542671599492,-0.12868397056497002,0.04225731986223672,-0.09083827113143424,0.1387646453756379,-0.0238462146281592,0.00037386749059923236,27.604309745768806,14.038420774352758,12.95742727746227,6.960278223735878,11.737662053521861,4.755839150489963,5.776715432392511,5.471340559081915,5.6899385984769335,4.812080968974739,5.440004143972152,3.8201227845637993,0.018854505631054532,0.3219575842150429,0.6160687854269935,0.12306481588508866,-0.018751765238183064,-0.15785505186446377,-0.24347258599253613,-0.014738223695499937,-0.10955131709887873,-0.25255898267770094,-0.02042328477066362,0.24035010512401442,-0.1721118292324603,-4.6139458815256756e-05,26.45249311166619,15.083189694198028,12.547068643796674,6.088287847473183,10.613089665258066,5.58566336940508,5.367741967359232,6.653297399388454,6.2040922257001165,5.432669068321619,5.673193823813242,5.140354025451572,0.011136220137404335,four,/content/speechcommands/four/6021f08b_nohash_1.wav,testing,5.0,Kitchen.wav
1071,-230.52870822054473,48.59444002697751,34.87727358763017,-2.6734289020126774,2.6481360077969445,8.50168117627562,5.618361568606911,-3.2933600035169914,4.282504750126547,8.430638392531096,5.521709460099714,6.347298754981065,0.06786111125256866,46.263236489269524,34.04895413948644,7.963691753547755,18.170528423543796,27.320018885066,10.055086559873635,6.977411139467222,8.731790939636696,6.5808709541196295,5.816435416548576,5.5427862606194465,4.5315996914904755,0.06932638650182996,0.9229145295630075,0.6143558827831228,-0.11511611592866697,0.1259603723520878,0.562493882003697,0.3002481776280113,-0.23522787443060583,-0.4027623080436537,0.0755160304965964,-0.16206967450465085,-0.3658084756468221,-0.35760057052525773,0.0003715000686145598,18.792772643013794,12.33360875169255,6.346122678503076,7.777080175478056,11.603865404576212,6.1084611552316455,5.007074058858249,5.758981647736915,5.9394082112069775,4.729513745834791,4.840455743929867,3.5844619534662394,0.031637669045683416,-1.0026691248674051,-0.6773155386321145,0.18110209129164592,0.06075932156551307,-0.1263154658651125,0.27606446546255714,0.4460232119721209,0.3027082285404457,-0.3561399463331877,-0.16922748574798832,-0.07223297117712721,-0.2836461510065496,-0.000427067590256532,17.59742484537004,11.261337487991614,7.136942526681761,7.73832656603369,9.26930654744464,7.434128084576312,5.936724548634625,6.71857730611265,7.457362644303675,6.284921763685051,5.740348644947322,3.7319417514616493,0.03056293900822901,four,/content/speechcommands/four/af7a8296_nohash_1.wav,testing,5.0,Kitchen.wav
1072,-176.2789285027186,41.7840010325335,40.350980954725244,8.452077003560765,4.33442184756435,4.59894654443125,8.752945883849328,3.202140495075531,2.527515269579302,5.754151945885971,3.218020921753336,3.8697644597017575,0.0819040018832311,53.160088467662064,51.932554048593296,22.8619575988487,17.04790882497706,19.51959096285458,22.719929279218423,13.40032248724187,11.962903418949299,11.982926550699665,8.593536172502585,7.138091368170124,6.468922751624764,0.057621518616305024,0.3664441508693607,0.28344272268441206,0.1810181213623783,-0.23578822988637255,-0.10359947885309942,0.22855108389039344,0.4369258142708344,0.15114529203296628,0.20466797143447021,-0.11006753101356115,0.1468165675572647,0.3398876352511591,0.0008721144930008919,19.354491698085102,17.370687238449047,9.403835178787457,8.25731606455185,7.7005781881547755,8.281204077906132,5.594131843452024,6.742030418859214,7.712682148725813,5.047240752973339,4.900462857475523,4.5855552519155705,0.02191197284401201,-0.1768470428724195,0.045892314968816,0.23470473868004285,0.09437678797444207,0.07850266109108782,0.16206786540434154,0.1249536343806986,-0.19402393509333754,-0.15018401046565735,-0.011519233091214432,0.15177836542282155,0.1472772322039421,2.4355327089627583e-05,18.242944769004094,14.387169782298846,7.700706745091811,8.18958717932727,7.212156914917755,6.431684064770319,5.636466854710752,7.410654154422979,8.143097475122673,5.317204402207389,5.284278026508916,5.359262326031384,0.01734228177289327,four,/content/speechcommands/four/caf9fceb_nohash_0.wav,testing,5.0,Kitchen.wav
1073,-268.5003697920772,20.960508045192125,39.907637733947354,5.9981436001717245,10.84889866248846,7.026734623544129,6.299235383123343,8.209349335274684,12.656563990390918,7.9607905319482795,2.516809380188768,8.542400805408647,0.04699106578482315,63.34287710943011,52.511887506233954,23.291160676275545,25.28924311184402,19.015052083432945,11.878620683906272,15.723565718262657,6.466656462249573,7.909564850073961,6.675241250558807,8.898979523349148,4.363060859594527,0.017841748841515907,0.07526802786801197,-0.07131778598104203,-0.08730660918548308,-0.1523646555751823,-0.2790491481677727,-0.49231355621368417,-0.0638155028377018,0.04029459811521036,-0.1371963096401219,-0.1260148746306526,-0.24207201558193517,-0.04604817658137067,-0.001038208663944275,23.90901245180685,19.39591454463896,13.85018959091018,10.44188602028075,9.816706905876426,7.345847873957665,8.268202721659106,4.454643018530212,5.706554368798421,4.329263338743562,5.537039990527614,3.882444389545949,0.007820285350952685,-0.29010345218626793,-0.04766911118673676,0.1656428535905024,-0.038747404023558356,-0.354338391019164,-0.13711147778016636,0.17977003997758617,0.15370859090749442,0.08658758923555089,0.11641477842028133,-0.08307358200875174,-0.29334109449715545,6.362522641817729e-05,24.435155050113774,21.19711684291103,12.010503076935114,10.623645518482782,10.186581139994946,9.455590990739076,9.393118713664217,6.009975690893114,7.110612434533475,5.390668929432328,7.013896313447591,4.8955917885551345,0.006203010721299296,four,/content/speechcommands/four/1f3bece8_nohash_1.wav,testing,5.0,Kitchen.wav
1074,-242.6941766814262,27.55979806197025,51.30537889651029,11.693209661325177,7.113315817490777,3.320661634866489,11.919398031721359,7.0629936730453675,1.6258660862037915,5.705540357620892,2.8741803020525962,3.3909426278569845,0.06626457624952309,61.55826759741137,64.4294502043282,25.337449923843433,14.577187414305719,25.85140128951266,18.073800957854697,5.709338772186312,5.877587556816435,8.91041314933296,11.130294998732307,9.81386090516742,9.285541645817998,0.042620089461180254,0.40760119212848167,0.5172134520113523,-0.5413274671866957,-0.4444792286928005,0.48023545384031485,0.4870151468543622,-0.0722685138197056,-0.23431107705123563,0.024405453827037044,0.6175611106056933,0.047628743115646424,-0.40342674362624026,0.0013893267380133752,20.46839796731924,19.035037015230408,10.724403427573861,6.078468777444927,9.285576986418345,5.5280395432889184,3.443951621512139,4.3903546106389495,4.696235646337562,5.06161759089888,3.939755389912389,4.417028566568368,0.014425502318605841,-0.1350774857326428,-0.10797361592823312,-0.2984454608011369,-0.2237871045849939,0.015377892081012472,0.2118572978455984,0.10788936449812872,-0.06446081681865481,0.08620181493359666,0.25825773969649946,0.17256373557219984,0.035030958213418194,-0.00011537134026487669,18.487297707104144,12.5709866460106,10.09245792731162,5.937046442325686,7.864865475770906,4.554375663679554,4.500860234681581,5.626935844172643,4.545348360334422,4.559816305565525,3.7943385658046407,4.8703664096223,0.010296709947445406,four,/content/speechcommands/four/b97c9f77_nohash_0.wav,testing,5.0,Kitchen.wav
1075,-289.38511268588,10.66481025840901,44.73851851497555,18.190369655594402,13.447660772056759,7.727259135624047,12.543651174458624,12.219101537989307,10.035470178872384,11.291357415249443,5.660152764118369,6.342715303843149,0.032806116971187294,44.445478009129744,42.290267263545985,13.212674520811358,13.15412539299285,18.433744988758274,16.81155209344996,7.4248430249874735,7.000078618745853,5.204501861732593,6.4538008835083795,5.259911173754912,6.504726180690115,0.015988024581149566,-0.1154877652014134,0.05096005704492999,0.06474725814506785,0.13546031559139418,0.0017316983291920914,0.18395921098716286,0.3370158358913497,0.18161543744612102,0.11823596043787718,0.08594956333309213,0.20923973299636944,-0.18802055454588362,0.00043068675985259393,14.914426599794675,15.80575821619033,9.609996214766264,6.953305596499707,9.654948061202186,9.573100891694937,5.005228658011629,6.024470095787728,3.8312549699173686,6.400342825839302,4.847772677561812,5.810482993489201,0.005370028147813395,-0.3905512176108838,-0.2155793960361694,0.18888791833061389,0.233676148984126,0.039382209269143806,0.10080965244209766,0.42613028409182263,0.14382236247335214,0.18107284162169215,0.1215246819932909,0.02411260961088981,-0.15411903936496613,-0.00020038802176713943,10.593629675679862,12.966165576682368,9.886667651590738,7.004416878499017,9.274568006360798,8.543838468605092,5.714900155074451,7.182929743050371,5.369084843685564,8.17721404051444,6.414164563501244,6.844708198904307,0.004167686581679911,four,/content/speechcommands/four/412c675c_nohash_0.wav,testing,5.0,Kitchen.wav
1076,-134.7881907849951,52.65091071058551,-5.28851127699254,9.373107934737023,12.666551439051556,10.529586797634998,11.092230081253732,2.4963517749456026,0.3425920119508037,-3.0004633723059455,0.5317163514848117,7.756540987521621,0.15468245174270123,87.83614323680789,45.6810177437193,19.62602616345711,12.946701174248574,8.981596829049861,12.595971676590258,11.630154188318702,13.19334888906818,11.93318898669399,12.423717682639717,11.772683581696189,12.83296497852714,0.17245620484175359,3.580834773816872,-0.4682873515776901,-1.531202868838825,0.2376812046067297,0.16168583248881704,0.3591395502309069,0.09913887733212495,0.38240500269356226,0.0256070058548713,-0.5155136126716064,-0.14763790320709577,0.35324284261086836,0.0007440658105957893,28.78070617321926,20.66428317990409,14.029641900725311,9.918960274159442,5.080404688007756,6.138590183285814,5.92454278907949,6.605821361020199,8.367737408455547,8.175749006252897,6.68823183191405,6.733733035768788,0.05620051032760283,-0.1740038249774377,-0.3958717516290899,-0.22476817649545194,0.25030692555455475,-0.010885089794986117,-0.144949318537556,0.27900003846014876,0.20753749696211113,-0.06632965716118634,0.13975575729893516,0.34091396035679256,0.38812891684612155,0.0001356710990269979,24.720758569797024,20.78597243127735,17.094652364772507,12.893839724343078,6.330895711108925,6.9790306716148605,6.014989681589787,6.955111777272641,8.41234089659753,8.342255897249085,7.537362550188659,6.447244453237228,0.038705121050724045,four,/content/speechcommands/four/e1469561_nohash_2.wav,testing,5.0,Kitchen.wav
1077,-226.24975484713616,37.730592952741105,37.54193649341241,17.764786417415706,7.2086600566175125,4.814337959135679,10.375603819656337,-0.42062884024875613,1.2378702298847588,7.148520637503107,3.668305294983638,6.563833127236655,0.08181972615420818,78.22254214700864,51.49645873099346,23.158499505450212,13.590977260321708,20.102842011661387,10.827062599503273,9.32035881180693,10.868275304486062,12.476393875959388,8.211538376480306,8.757516224685844,8.038027241151385,0.07471880054550473,1.067468317651549,0.9914840936560061,0.03811741400718388,-0.7216797158067734,-0.1893268181925857,-0.06095774012150674,0.14896362210598657,-0.002161288927083714,-0.33511810590908353,-0.22760497113420528,-0.1562206451104527,-0.07389571283280641,-0.0006780834087441044,25.7874565329495,22.06534110907954,12.113510252113587,7.947150527897872,10.046725917151086,7.051013564754854,6.6146319486196195,5.861046192395462,7.105482106270211,4.969589970950483,5.607388091663209,5.190422579789337,0.02792674412437016,-0.06612066569086512,-0.12723021151997524,-0.06517881150956721,-0.041769854415079286,0.028415102425649093,-0.069726951763372,-0.1435287579064508,0.06731936294188993,0.1632052264371321,0.06037900690293527,-0.11551015548878706,-0.2233353983485338,7.2106098135312395e-06,21.301024794947796,20.78059770689479,13.740437883304832,8.973067592060275,8.373164308039378,7.6836314323427795,8.934805711309606,6.797464391267791,7.332621469170395,5.297452952536009,7.07458577032963,5.384754882031289,0.018552357840925182,four,/content/speechcommands/four/e1469561_nohash_4.wav,testing,5.0,Kitchen.wav
1078,-273.8597186026733,20.77863710876653,46.62580629112621,6.967511029519571,7.225485156367192,4.129589828656873,3.993439999146091,3.6450379454920414,9.85900519625184,8.042128588561393,1.1100707546941178,6.191708386714591,0.044837201305199414,62.359103589493635,61.288627477069056,22.92929574899971,26.155772664301953,23.649541017692446,21.381448832923272,14.592251728849499,10.441659010063484,6.524207370348514,7.176187892277734,8.085049822370145,7.661761215623376,0.015527957319062702,0.02980244041979433,0.14747046080672988,-0.05595512590928839,-0.19822171081993542,-0.11901430087271611,-0.23256221509011202,-0.016558365365225865,-0.23131914049060628,-0.016947522264221075,0.10438066993610325,0.07774822708531909,0.08413442522853794,-0.0002360086167050946,18.804863025077914,17.406755517221196,12.401767070966603,10.901055570731108,9.3680885258868,9.566168523710418,6.73332613933187,5.196982912525739,3.802489371434289,4.778694782928785,5.157509442600411,4.181612974169941,0.005134498724464772,-0.0694263732484804,0.12403035742848871,0.14512052858881339,0.27887493035911626,0.26861006654601854,0.19976700951324228,-0.07889436918862026,-0.28306814728330487,-0.036813473847861586,0.0254820387674305,-0.024070196231553116,0.0295437957133115,-6.338115781545639e-05,13.193279368853194,11.342017169699222,11.821960518173382,9.990327348810675,8.797998639709993,8.241943242935239,6.8322044697481825,5.594657700847974,4.981688140944605,5.850978217180466,6.512705938620019,5.0688577219253,0.0037806292563039557,four,/content/speechcommands/four/3efef882_nohash_0.wav,testing,5.0,Kitchen.wav
1079,-204.17451223135765,14.58933185806128,14.070743715126808,8.270055865299577,12.579248741924879,8.019330740724383,3.220465025109599,10.977748470034854,3.8671407013933266,8.902322154257558,0.05990761187249244,1.6758966987545478,0.06307927594752982,92.45840390746866,65.2621185917348,30.039341787710853,26.340369298606653,18.57169104859208,24.62305368356433,11.25135521649958,15.548769618271816,11.991501358288865,9.48048320322477,13.256597993786881,7.771203197187168,0.0457857982163052,0.6866552265699195,1.5115295368126922,-0.5467228072440687,-1.669861385540595,0.35220057456031867,0.1677200309630431,-0.46699754365491514,-0.1150047594694115,0.954437886523955,0.3976282389887561,-0.9582270909321943,0.2560470512748058,-0.0003994846896779153,29.98826732213424,24.372735893661048,18.3593841260593,12.591911950328027,8.95738545906445,12.70881896282704,5.9281617925604175,10.208124122717473,5.255468932032277,7.2790218935176325,5.9583308303206035,6.123306831030748,0.013717315214928414,1.8727099016699356,-0.25945537559898324,-0.7163457899369938,0.1837022442155002,0.3976038845755501,0.6639896350643556,-0.15332282830639474,0.1889937853179597,-0.22306458861124898,-0.07466818238801079,-0.12990287410949683,-0.28430215177956053,3.70590016245842e-05,23.31337549893182,19.594229053252544,17.424672820423332,13.175941593004215,9.562945248872854,11.17367141896584,7.633526613628927,11.016536985886964,5.27388826454894,8.089010580768665,6.570866528859782,7.780007752161832,0.00967536963191095,four,/content/speechcommands/four/47d01978_nohash_1.wav,testing,5.0,Kitchen.wav
1080,-218.05688346532503,59.94609704729792,40.293274653890464,-4.361389327899709,0.14814661469576773,5.611003854218913,8.744580535310366,0.9090535596735136,-0.8450183057069631,0.3052834652287746,-2.3711229577681654,2.5145893669277197,0.05575948185287416,69.11270600345415,45.971138064549564,16.84726780825208,14.218784354452911,10.892972762420644,5.545322779690361,6.8180586998423856,7.497468080401827,6.059531469917264,6.07407038815641,6.377090546397889,6.391781722582198,0.05317231388541039,2.1638792596158414,2.1474512246145876,0.6837381248059607,-0.6034356216838258,-1.0451399198669193,-0.5273006079910574,-0.16800209362270865,-0.2600956976587329,-0.3828178625149472,-0.3044456103881422,-0.30278508896921885,-0.28970645810554335,-7.160668892245139e-05,40.59149695130159,26.584810859383932,10.07017476491052,11.699672396718018,7.886488726948814,3.6776136938283166,4.084328851331608,4.40516276596357,4.593600818057617,4.396180553300915,4.30948164869277,4.486043354118383,0.01577599285527894,-1.2290275976973386,-0.8387644734932167,0.28434032706055634,0.7571763960586879,0.21180375738009766,-0.1061561281203634,-0.05025758244811218,0.2326803967557893,0.3293021215522836,0.3013161807776877,0.06350873512331863,-0.21414762249992308,-0.0006087790553768476,39.706748614633575,26.311147366384755,11.11616177280982,13.479580865032117,8.35248250216326,4.210335810054507,4.649472771967442,4.392457021167414,5.4042370713035135,4.740829525542096,4.784570293760342,5.74397913591332,0.006417975137429141,four,/content/speechcommands/four/e41a903b_nohash_0.wav,testing,5.0,Kitchen.wav
1081,-308.42817884749945,5.618192609050691,31.44015490268215,21.12000985374896,16.775993489370897,8.918728596048418,14.733208461354696,13.19573808964511,11.53403643053067,8.910781096516676,5.194987874162308,10.060350914212647,0.04153968539321795,15.228861041363178,15.760798198466818,7.126345607906202,7.7455745991784575,8.828403817914957,7.918556222455051,5.754868159300884,3.8195450531910407,3.6118127539117726,4.724982618634164,4.4199667630228605,5.380571228276582,0.013869110231040867,0.2694543978492741,0.322331041668388,0.0759007631129588,-0.09509259445150844,0.10046570289476832,0.33106560843179406,0.16284254678614454,-0.02036514649115156,0.23801012052386933,0.08046760740303763,0.23296959489940644,0.45061816355605455,0.0013767869001434696,5.940997399709033,6.388454178419046,4.0204036343133795,5.04375548409711,3.8666741431263127,3.3304463402429496,3.9270296023551627,3.151494476016279,2.9236841230542945,3.1701930574254784,3.2226488464499927,4.744931849124418,0.007904311245075084,-0.0376145245151785,-0.10246263877571521,-0.06315872564498833,0.05677043770107441,0.01413523057189998,0.05363450222288192,-0.01241191066561651,0.043261888065975786,0.05411758272143459,0.21358280154126094,0.13292203593189897,0.28393105907933397,3.144269188245138e-05,5.744898176057003,6.008446408531359,4.894158239107794,4.76784689527749,3.8229951933835005,3.32496143700311,4.2197328012866455,3.73306978175803,4.061124575468775,3.419087190990597,4.149933509719748,5.860765398329946,0.0058446037315941675,four,/content/speechcommands/four/782c1305_nohash_1.wav,testing,5.0,Kitchen.wav
1082,-263.5318537334038,14.731426915104546,47.1340393516975,18.01882882699358,6.784063867709294,6.345296021151164,8.437410672211753,4.223628520370189,4.9788592788605825,3.8490072407927713,5.925429954298854,9.240838021035557,0.04030043038073927,49.139322733593126,34.71580826293422,17.828383893046567,16.7432628054668,20.178217549671665,12.577113777359731,9.029697003512812,8.022661200817492,7.955276170792212,7.514821769191397,6.776132447361169,8.331876071991454,0.021239713443222952,0.4958588888930517,0.4432979101419126,0.15717235445184394,-0.07459942785619096,0.07560482944865862,0.20252469029847384,-0.10802668644364216,-0.13480789552732575,0.03578003860103074,0.12394373411921042,0.04470390916704635,0.15131718159370353,0.0008154771020335536,18.63525841411009,14.836212603447185,9.263336785809289,8.418652844750794,9.606675625360038,5.830637600031771,5.702309933489928,4.9560191930875765,6.047131841195603,4.965780280371758,4.414951414102228,5.5163692060816665,0.005724495324451372,-0.22826440567607165,-0.17396325252022748,0.09056677773497081,0.32111509501185614,0.12083316547695547,0.030129853290724404,0.22639217476701473,0.47362948604920374,0.2896026701062706,-0.0189036558691163,0.003382053005740726,-0.06213957907067833,0.00019401051104068757,16.26990775555024,14.663862407673703,7.634150772965704,7.571889516964056,10.161324663252891,6.658455476213291,5.932194492491059,4.789825436965676,6.903464994000782,5.269428371669672,4.9729963420073835,6.287790680265728,0.004074408205498922,four,/content/speechcommands/four/8494fba8_nohash_0.wav,testing,5.0,Kitchen.wav
1083,-161.734377016254,66.56842931982797,-5.14443634222441,-13.341815372124318,2.549015916009203,3.94586267470527,-2.8176963948683307,-3.1992371231493633,0.36857562033279434,5.830594232795398,1.900782495867513,2.4886330783010084,0.12090943905059248,60.28923899487324,26.866882187151447,25.53596044814957,20.532266182312895,30.99554272633851,7.130036688124655,16.63454997536411,6.685681583136336,8.25608002797223,4.792048215432108,5.766675421499155,6.054673347057285,0.1198896298282929,-2.152790929494836,-1.0025079754220467,1.2642206825674362,1.5013080110372257,0.8385500882243513,-0.19271748481241902,-0.6781162656171178,0.18233986341021524,0.24036630771967613,-0.47028133071429024,-0.4019963806483357,-0.10061778816476341,0.00047536356554877374,28.11837509908195,17.17742830778075,12.098197223586807,10.992055993953887,12.52628525434045,5.124464434318545,7.195435196201628,6.141746429068824,5.176841367037865,4.6358487702838715,3.9018381409805425,3.804759805744508,0.03523568753209278,-0.9145644444436551,-0.19836699147182307,0.9924028495273186,0.7561563754967193,-0.32833435487553164,-0.2931304658460493,0.5218445195907842,0.483873512917895,-0.03096190498296233,-0.14113581762995953,0.19624100130293037,0.03631653036372366,-0.0004272261013587316,26.936567578804354,19.603750154671054,8.8666720522729,10.516418191974054,11.312140082620484,7.209331463395908,5.377510014552828,7.0072175113254005,5.978114575342236,6.033150111918632,4.392980081167791,4.489035863818499,0.02114950605446267,four,/content/speechcommands/four/798f702a_nohash_0.wav,testing,5.0,Kitchen.wav
1084,-241.82306970193906,77.24440400598206,28.01666405591502,10.226360360170482,3.8601783296404912,-8.957617193056631,-3.5221062849645195,7.928992030497618,9.01853804913254,6.53847257396504,1.851814746635202,-0.9128015053230668,0.0745392989483662,70.81871704142986,41.042156452845084,32.71891047166561,23.15829155509118,27.0031526570291,19.166083264088183,12.27132777459522,8.88193732107609,8.221097075008961,7.4129416170054725,6.740079421674025,4.83009987069943,0.07120854320512934,-0.7187916715172763,-0.08424728932404542,0.43881139334382163,-0.5461102036000868,-0.23965974545862798,0.06084119456636965,-0.08334238098644493,-0.28841933044737283,-0.02414366683533022,0.1649389010805523,-0.3237223839985036,-0.1758557753788293,-0.0002654614227433359,21.128011669721232,14.561508135671142,17.019370756145424,10.358436540725743,13.804629757933018,7.648808740135976,6.6309246034981255,5.897725466550619,6.118408424381168,6.678159439043433,5.190518435098982,4.798682563863596,0.02844172503494094,-1.1962502807751927,0.4141918802935411,1.1159900278171733,-0.5108864869938411,-0.19059686147213203,0.37408906864094943,-0.0014279449616476055,0.15786361623324233,0.239445593748263,0.4828169893884482,-0.024917698608283197,-0.5180063734244377,-0.00021558838586012522,14.811626432589147,14.102983829699113,16.5490080665306,9.032189501985656,12.856318765381038,8.725528003780623,8.08287064031894,6.541118657217914,6.9115244758497045,8.06614255432256,7.045853294998775,6.3424560760037485,0.027584183610322853,four,/content/speechcommands/four/3df9a3d4_nohash_0.wav,testing,5.0,Kitchen.wav
1085,-165.17678262037094,42.65784683761707,41.6442053231918,10.975020061473971,-4.694815448843396,-5.125723794462536,5.219303131655142,2.06927439504443,3.195856309814791,5.924658219721273,3.188668701519687,1.1470215732132294,0.08098076056921855,55.296828011909355,47.53567453997524,11.17880324915775,11.473526257201044,17.651883962233036,11.203682652826362,10.656015952146719,11.776745451936858,13.626440703970031,10.494706093654292,7.667101029703599,5.790533579084723,0.05335363132202994,-0.05505257107771678,0.2834170544112601,0.2012122871562117,0.4160434070902074,0.5695209616075847,0.508045121410164,0.2859856739600085,0.024270551119233316,0.03290187695483218,-0.145580099600118,-0.07080243912330261,-0.0775715157989247,0.00045568423886452954,19.246700948769938,17.78357163083181,7.029811653088828,7.574170342060922,9.45040493606625,8.3010106488996,6.07650756628638,5.94313243295899,7.351815934921292,7.216737239561197,5.33181295357507,4.596620129071826,0.015719143345563964,-1.8985856605004272,-2.0144967828944154,-0.633319550534368,0.4925607028735322,0.7458419124639477,0.4392554016790198,0.17350419325372637,-0.16756815255548527,-0.08495953644338101,-0.19567206060707895,0.23151131624307464,0.5830436833825844,-0.000566420704126358,17.221358417313688,16.004513489031677,7.967018496025088,8.057090641147328,9.91499049876443,9.338784955542607,6.127089114549358,7.514783562798757,9.428353646056797,8.910145062636428,6.218554859305507,5.1445785037327045,0.009565940753216534,four,/content/speechcommands/four/c22d3f18_nohash_0.wav,testing,5.0,Kitchen.wav
1086,-280.7172787877165,33.645967580912256,33.217952016276186,11.36909028377454,1.4143849795217345,1.0208316350342534,4.429605478989684,8.505736112152277,7.215841848936739,5.180826468473484,7.199463563762508,11.4586777645648,0.04213210305897519,48.04433380659582,50.07286203808836,11.422221443472191,18.045785065002057,23.854916925569825,19.662764153038058,10.917696884203105,7.0919095848499705,7.89442709594756,7.280212463203786,4.347586749017657,4.733136616173008,0.03121025211480889,0.27446526239728447,0.341437972864475,0.3511917537778995,0.1301465589649605,0.009537859821285589,0.07384115765233694,-0.1352649970809001,-0.36668891241487916,-0.027951413893824054,-0.10483431070197143,0.1963700120177369,0.22470424857785548,-0.000305195729578695,14.78125528439933,17.137723660607694,6.067908527538576,6.30094503767081,8.418588654357933,7.009433901388973,5.46772300870902,4.644668947913224,3.0793453072632384,4.810004563491605,4.009918853672781,3.930998970278445,0.012284688046198132,-0.18985763348693088,-0.06047786838620161,0.1316228116666699,-0.06241089887355074,0.13712223767199566,-0.011767999043178594,0.07477580078726044,0.03808737911626796,0.05505390000153206,-0.09899109210314348,0.08354205962943748,0.15357695857712142,-5.033959945042928e-05,13.952828877020458,14.151993250334813,7.283907586235539,5.1201288045863835,8.586193861913184,6.935301348599099,6.168476845011905,5.254887937713119,3.388704987798693,5.638363119921564,5.07783831484666,5.312393665847492,0.008647543124724372,four,/content/speechcommands/four/caedb73a_nohash_1.wav,testing,5.0,Kitchen.wav
1087,-271.3702266490758,13.22236293760763,45.03003096423455,17.934597693245212,11.15904512248324,4.956150997225596,5.445345469030383,6.710889939804521,13.775435799134979,10.499555108835965,3.63883500193469,8.932190033016221,0.044721959096690016,45.22471130170613,43.13781597870735,18.135050847377645,13.783225856913562,18.433885340067246,14.626023870257532,11.933565985235134,5.520271476548827,7.631482095883306,5.360134937484587,6.569138997245317,4.621264889243836,0.01278181243647046,-0.13464611513688068,0.34795262450158476,0.38934747164376843,-0.41957813004558225,-0.28219465951406203,0.2733697525960775,0.3705675789638623,0.094796876324167,0.03195026100675297,-0.14582794543930366,0.06805260690969625,0.14980739798095466,-0.0003109677726852483,16.001323181023384,15.37970363426068,11.477139253676977,7.272883649246203,8.603572290478054,6.490478448485484,6.581425070422703,4.2063113139489845,5.744990915642009,5.261104801242962,5.028531581930128,3.868051860893782,0.004546721912683286,-0.3678090983364533,-0.2866082200879981,0.2783087461720325,0.33131005025190735,0.20517739868104368,-0.0021136939718287323,-0.06513577826421127,0.09389107367625618,0.21620776759968185,0.1011873793635025,0.1655074665575305,0.06819418326253536,-0.00011995468022567885,13.38559981824143,13.35180790707908,11.367873102689213,7.296135575571629,8.067916028961735,5.373771349578357,6.993427020366359,5.815611061810926,6.557321753385703,6.73092790471094,6.04570113594888,4.637829485830575,0.0030207020581017206,four,/content/speechcommands/four/283d7a53_nohash_0.wav,testing,5.0,Kitchen.wav
1088,-308.90491445582245,-5.3569693154329725,45.52161717467233,23.96807959985736,16.71489989645894,6.955631299730239,11.182271654837509,11.746818918175506,11.653316507113413,9.964772626899402,7.9513979542306625,8.84035970363221,0.04002677998505533,22.444415816320635,26.935065913704722,14.297016621022856,3.813025240429882,7.806276200234095,10.389007804094838,9.682420929357397,7.102559524046533,5.074824075281036,4.0967145917118915,5.526183514700084,5.810681082648471,0.009082705074126063,0.11433471480229547,0.0749311139206238,0.04162086535619701,-0.1811964558846675,-0.5823367569372789,-0.5062073854565192,-0.20725790571581268,0.06575492016374036,0.15964038667888725,0.14592510942387335,-0.12450443075233314,0.11203217068495358,-0.000647978616818305,13.542719433731333,16.719141846938925,8.909970300608375,3.696737938445354,4.7996207367792785,5.868959816562064,5.901362674319757,4.960438209622499,3.968364474307142,3.622322221763625,4.634217111725729,5.254806479699035,0.004943854275225482,-0.3347242915284274,0.011463380982259607,0.17142890231755223,0.23597409263051408,0.11181002006748623,-0.04806036761611114,-0.07214482126302062,0.02768379122340695,0.05205629086507132,0.14485373564373233,0.39357842945299026,0.33204561949218864,4.7198683023452756e-05,15.984225405485189,19.800789502250378,11.117573294152631,5.146998164028323,5.912726129995239,7.573861516012614,7.734689615934686,6.995528345356497,4.8738923327279045,4.72245254792425,5.6784903686187445,7.137076003470336,0.004051088146048891,four,/content/speechcommands/four/3f2b358d_nohash_0.wav,testing,5.0,Kitchen.wav
1089,-224.8085393823951,30.200566140329016,44.25543966769761,14.899371136729185,3.1368075295536073,1.9521814175081218,11.407051561204595,7.527351523143174,3.599420906231231,7.429097715575659,4.7123535771730705,3.3660307357483363,0.06811916932929307,73.76629996524214,56.37408383494928,12.717173961762509,13.891518493281737,25.792090532163712,17.7920260406056,7.788486941219025,9.89682131576424,10.741342385416534,8.03977326327045,7.553414828088159,9.989761184014526,0.054414462178055574,0.8860075316763248,1.2425795539152102,0.34738838001546946,-0.1712597998110473,-0.13395599017396329,-0.3247091012600829,-0.4083090778416395,-0.3630444018558532,-0.1465055548572113,0.08213794716201285,0.12160002592183258,0.05750239887272543,-0.00024193080682908334,21.628974900030205,21.35523398372451,8.8429486435179,9.21046700373286,11.912102602704817,8.435829736039379,7.054282240161102,5.80882766898452,6.671365453931451,5.792016339048823,5.4816082318588375,4.911623210946832,0.01798276963187516,-0.3117474443381487,-0.2978303367911896,-0.15302015128144067,-0.025746866574937737,-0.18656365948667777,-0.30401374856214575,-0.14754973200967372,0.0314904879441789,-0.07230790158304276,-0.21652535726274677,0.01531850259010848,0.03544568423836285,-0.000189869354168574,19.158070195624248,21.770281974896434,11.181665152654993,10.406421256592067,11.847303988294723,10.176584839866887,10.413985486914488,7.601837090520948,8.643820708243938,6.314450029486613,7.3578492632505155,5.7752854546977925,0.012643802523560422,four,/content/speechcommands/four/c22d3f18_nohash_3.wav,testing,5.0,Kitchen.wav
1090,-271.1949120812875,15.042909364113617,48.8549061107269,14.322290602692622,11.543429420778036,5.464248356350927,5.380672815718378,8.8953457767877,10.733184552131949,7.665408821692308,2.9767271791939858,7.343619892630302,0.029346506053116173,36.510330624319245,34.17901151361733,14.802145829579397,16.0293748222127,18.145135979229938,14.128908383634545,12.912370563479122,8.033272274027286,5.094631798896952,6.830682893262098,5.109606200903318,5.763581960813403,0.006211577932260919,-0.5560659032843865,-0.977414000337378,-0.49681400540108156,-0.39729847786512806,0.1496816486946564,-0.0345862300330628,-0.08066509478836176,0.1068992364744519,0.07637115247245144,0.15483964889491392,-0.1591449827104595,-0.35194991204972037,0.0002814666518280583,14.62132215649102,14.70513287100578,8.239224875268128,6.336585029547373,7.092074156886014,6.15707191773995,6.367449727881645,4.901210922433301,3.7869497974336803,5.278363255801655,3.237555338892785,4.514453208870795,0.0033091738182139726,-0.244112989056462,-0.34564556524458373,-0.03349322200889944,0.09813233791799215,0.07229545832110253,-0.03908722050151988,0.30181476302531884,-0.12109114441751538,-0.058948944996419485,-0.3770358950738991,-0.20098378279010046,-0.0454904018621459,-7.085142036279042e-05,11.904682533208923,13.457189939624893,8.149651965522226,5.578539002340411,5.904615678357392,6.778348050692556,7.584212271792579,5.581821259928638,4.970314919799252,5.821195138582331,4.2550873053235545,5.294011077653725,0.003285670137770784,four,/content/speechcommands/four/bb31b82b_nohash_0.wav,testing,5.0,Kitchen.wav
1091,-241.12209551448572,46.70913013134864,55.907056591809805,12.964944132475484,2.460623842385684,-3.989739205950939,2.3028874337938263,7.2431745293025775,9.511370193498749,5.280918032676369,3.6712236003919423,0.6025903152110044,0.07264077759464271,68.24275651527641,51.632265793065514,16.824850508720772,14.619575941315999,19.001514024678354,19.10073387153577,8.497906117841117,6.405982303827247,7.219926712373678,6.800063890102325,8.43517042702303,10.898099491437407,0.062124076969909285,0.35279889493207767,0.8452801676396442,0.9791394471665451,0.8529544312274228,0.1311661043143621,-0.11261225840030627,0.12107736380221823,0.765069069037211,0.6327309095183727,0.06353013195992104,-0.15899658726023644,0.2133298094942683,0.0007096384802172261,22.476751592344815,22.353194057845975,6.58238057723388,7.049493710781441,6.803762032254684,7.144660092881673,4.028804348090162,3.6621649856134506,4.498871200907955,4.1511451440643485,5.251607717780975,5.040744211190634,0.02178743017128226,-0.31554258896776827,-0.07913288767117829,0.014492429830541316,-0.2773868166016596,-0.05487709043737743,0.003549114272696485,-0.054280459546726514,-0.2007256668724983,0.11503168998500521,0.1290411140008095,0.15421435492953028,0.036402242105750084,1.7634003112713494e-05,15.199419581799832,22.349548560592734,7.967925881406282,7.380640662548828,6.083246485071022,6.158808374939309,5.376459692485345,4.316110211816363,4.371761517434202,4.9966290542179514,6.05812868899026,5.629086827019804,0.015132175690341004,four,/content/speechcommands/four/b97c9f77_nohash_4.wav,testing,5.0,Kitchen.wav
1092,-273.6768915303161,5.865999545530119,48.0604083435868,14.00548926902687,5.474820257497774,3.922154591817066,9.182193232880312,6.942538264747322,1.9724407552594447,0.626813885884387,1.014750517711477,9.086394813120807,0.038523853407241404,53.04063797188852,48.42965268576067,8.87288565307252,12.545603080026842,16.742421832773463,14.1104027414999,7.540465057204918,8.738551105317509,11.480434172216329,12.397130191284456,7.42904871145309,4.901050282054961,0.01788464703882091,0.46094743129136134,0.3039458777771093,-0.27250089699025754,-0.3254337947729987,-0.8060312564470854,-0.19739767309936992,0.17091766562277017,0.4708948196318695,0.2887247096602947,0.03735640082917616,-0.23503877305687662,-0.35514567394174656,-0.000248491223300657,16.40501983193998,16.789202851172714,5.679846559427196,5.532025875840559,7.163534829633138,5.767607999927907,3.531076494455199,4.008669159763933,4.150528585648879,4.972154135541605,4.374879631019691,3.967147096269677,0.007570925580419359,-0.2634755250895997,-0.3101091782681166,0.3326145337625749,0.35681205738721494,0.014196445825381125,-0.10229715411139698,-0.06704806674225855,-0.20451045934665318,-0.35232890271490086,-0.17044557802386884,0.12100128061454175,0.16988144955190182,2.0000462730725606e-06,12.034775060435852,13.944388235804203,7.048005480254213,5.810911462885028,7.562842806725217,5.048000386069595,4.47659170131668,5.2227389834314195,4.517117081408847,4.914230331182339,5.519755279152233,5.173309124445502,0.0049528353720099,four,/content/speechcommands/four/5c8af87a_nohash_0.wav,testing,5.0,Kitchen.wav
1093,-228.82034859857364,40.71829441156405,27.9274756336798,15.846197418283431,-0.1074587208275376,2.2091125925229935,5.871457806223233,12.783158496186998,10.284685861049555,-0.33376183090113704,2.9699454105734864,4.442046148781294,0.0804008991108276,69.40437518880789,51.09116173436324,32.62485329720896,14.38959940226664,29.347600717149696,11.50078974860053,14.118130655096175,9.586630974356055,6.1385346077672365,12.331422106076193,6.937600660826265,5.478576385352366,0.0684405976300127,-0.8388859022683526,1.884278286270595,-0.16685736999467898,-0.19097851378921052,-0.17726795449378963,-0.5258081394891287,0.06813963285773776,0.41379175963669723,0.046651325328483956,-0.3169683249747417,-0.4146990194042441,-0.36591653661313195,0.0005866492828053813,26.546300025019875,15.823278297640588,16.067320320514188,6.980388122526585,11.513198746983385,5.197193823797109,6.9833979366430174,5.551692811033544,6.430561197519477,5.005894457541699,4.94787502717753,3.6267320181632954,0.021871843980301748,-0.6684426372486901,-0.22363687173720712,0.43968547868362506,0.15806571540049685,-0.11962153706866314,0.18153704570772652,0.09242419902416638,0.08849521315287857,0.1805579829638739,0.24251353973630146,0.11760077122989913,-0.15267483338450166,-1.2721804281075795e-05,18.577923818891744,15.647834822094614,13.847770522296354,8.055624261562341,10.01083055980455,6.073462127384587,7.940406733668805,6.7951061102463965,8.0322119555923,5.895163663402715,6.349523297299534,4.127843071914416,0.016452054600993537,four,/content/speechcommands/four/9a356ab9_nohash_0.wav,testing,5.0,Kitchen.wav
1094,-233.66464650901267,26.7803084416403,17.955352299933516,-1.2148236139085673,13.144807982531074,6.545141135172356,3.852753507368594,5.02576192746262,15.21148152458189,14.714305557788705,-1.0021243426935575,-0.5177367546714072,0.08636623423080891,85.97803582086128,60.5324615312551,23.829743432234086,26.931268591890866,28.882081070729974,22.393457779577634,14.536629467613002,8.221146709834319,11.954530570408354,16.51659500108448,10.8052310525848,7.673632491389254,0.06258095157570442,2.4047222100940804,1.1154025582476417,-0.43154836405408536,-0.3882649167650458,-0.6729681513864882,-1.6369269997751774,-1.0608019198367455,0.6531982385080923,0.5300502767451445,-1.1525206523722706,-1.2534884687666248,0.25501513791737407,-0.0008365165201887007,24.242027219512615,21.84461773135648,10.037879310057718,8.63504999493122,12.368415393679788,6.457984281008992,6.034926888328534,4.4947298044994275,5.290709477712572,5.973966353524897,7.114848470222577,5.3997809146228,0.020338852184307313,-0.45429100567235425,-0.25701120156138074,-0.25388320447618734,-0.11959375923400888,-0.14823266233074925,0.13490760718758435,0.09982519036579234,-0.08449168896008068,-0.09132418104935981,0.1259666810822427,0.43169112207870175,0.33913575261180573,-0.0006113378331065178,24.628734576738626,23.42492747009151,10.524224035574894,7.938867261544582,12.804377856637275,8.325700227616359,5.311313045924747,5.813620178133019,4.9946526035550285,7.538727810482287,9.174772389369284,7.1701658976425735,0.01270082325820605,four,/content/speechcommands/four/692a88e6_nohash_4.wav,testing,5.0,Kitchen.wav
1095,-238.12163152173866,39.705744501810436,22.276670725909952,7.292174432153114,10.672303123202994,2.5165632072265858,7.0198643344518405,13.274629100843438,17.149137076694824,13.824923866323877,9.354286201893157,8.470891521932913,0.041967931610997766,19.15042170243773,23.687761427694436,10.945963940034545,4.734231599331692,10.750740577190182,12.906261774521788,8.662461791576295,4.631679921974388,3.478898351046051,2.9675067615367023,2.7352847701235,3.126377950930904,0.01189973679405855,0.4181020764301859,1.1602135609006994,0.24986852371592197,0.2996117669163626,-0.21141407903424214,-0.2672951475708095,-0.3490983380361488,0.17605633318503847,-0.08605677354970337,-0.11731483316733265,-0.12383580613266394,-0.11034278090470791,0.0002854775877729539,7.492007486068243,7.682147349971625,4.609380302622283,3.797111041154669,5.648109972814189,5.2825557257172955,3.8824306359711365,3.493927309720825,2.6845304354881585,2.8345175076855904,2.5768242685584486,2.8220511752247464,0.006244848230743026,-0.6145354708196086,-0.5071829778754997,0.20504743376463186,0.26900532562024704,0.449500922584348,0.4535749237222458,0.17463323388919766,-0.1815583875019789,0.24688243638721433,0.13980556676051717,-0.13457854012482773,-0.020954605328803607,1.8888463576634724e-05,6.925151037098145,7.555162492312626,6.094835378524184,4.368254706853179,5.530814132503165,6.030958243091013,5.328395699207148,4.384274106885058,3.3479520430351704,3.6575240824489925,3.5943727170716886,3.843817110537642,0.005285145141481654,four,/content/speechcommands/four/ad6a46f1_nohash_1.wav,testing,5.0,Kitchen.wav
1096,-265.5749549587935,53.943385250363356,35.5257368443712,7.0317688557240565,8.132160445124383,8.375613220828786,6.970670203047791,6.936705012795486,7.441839821063307,4.5463868594073595,-3.1201591833144895,1.0982176272394788,0.039904388568053645,43.92888085697495,38.77963463496795,6.230598576444294,10.858992141577543,10.713693534237473,12.862443751453162,11.483539612109283,7.043161725256852,7.312321376476057,8.629744117027027,5.907764023798322,3.5807968566093247,0.01984855517014092,-0.08612479865559344,-0.163377890234236,-0.16067757171879637,0.06988477233803952,0.2908963260054793,0.23013519607169708,0.09980862996938397,0.01869383835805302,-0.10755501715773264,-0.005389471987581888,0.04768568972361697,0.30504837665501605,0.0004440149741953817,17.14531719079451,17.807067081413255,5.363140208596711,6.198221035870337,5.206504306583601,6.154752651515615,4.9443834995136084,3.338939928672917,5.77114086280416,5.322786961566308,4.968816120938225,4.013061689749406,0.007766956826911977,0.02891484285482956,0.09417947956422726,0.21676947734437185,0.38327615164478523,0.027894206457576516,0.07451830296933368,0.14817962239279114,0.07663981770909631,0.15381312951705808,0.20202875357533195,0.2201275336941054,-0.13379655629222148,0.0001011303226862635,14.881509636931854,16.863700188703948,6.6435420286852676,6.441486279359284,5.239501244291402,5.067751762370137,3.9741236260757105,4.137198202204429,7.041938171712661,5.923290593989938,6.436023114155035,5.885292465396939,0.006276132639405525,four,/content/speechcommands/four/5744b6a7_nohash_0.wav,testing,5.0,Kitchen.wav
1097,-276.67098801390955,31.291372208864978,41.397202369811204,16.88102648719495,8.4084900904754,4.65014963505882,7.851475337073178,6.063111254774608,6.948342866597389,7.614021402664189,3.028405922717239,6.205344030264762,0.03406467806780711,41.93752928739674,37.03129070745682,14.718750815880899,15.811577424888963,13.861271779621134,13.61246270714352,8.271063011665248,8.907660726963451,6.163294024219325,4.875347311927601,7.512500324741122,5.655619121967769,0.012899156917515553,-0.7631406011785349,1.1645141126293166,-0.32088727725940636,-0.29891480819097327,-0.5483034674483702,-0.35718074931646143,-0.06274007196229524,0.38789981636593257,0.36107278806378873,-0.0003730346318890909,-0.3467257379848298,-0.14328334270374912,0.0004981221450913337,12.256231862311367,12.64553818075122,7.907142573839603,7.017119660840178,5.93924682771872,7.4851391495682345,4.743483203725998,4.662360952640923,3.4278002785424557,3.421419026397826,4.937097343924573,3.888235365167066,0.004788184935592738,0.35354472067098,0.3398292220368812,0.04436860965759415,-0.24479836665706162,-0.32937438109386025,-0.1507241052299026,0.16666374158903943,0.43668403900557556,0.16235289362000124,0.0652767438728923,-0.07085126443673669,-0.2058929800687519,3.515767554442088e-05,10.476543970950386,10.267828382405847,8.160863072081659,5.632810425928658,5.402745124933846,7.063187817419985,5.617940495424652,4.068171698440888,3.6534154702949704,4.474110803907412,5.643929506736373,4.529840013630808,0.0030473543116946162,four,/content/speechcommands/four/863880b7_nohash_0.wav,testing,5.0,Kitchen.wav
1098,-210.53475986223037,73.3180111741254,38.03864137345431,18.39153283196362,-0.5446650758131253,-14.75939943095124,3.877007549953944,1.1494622632045293,1.2307135945081418,-0.4691839506731237,3.920296845955339,6.096438775649837,0.08205050876131281,57.786032613170725,42.20351504288779,13.580734904255975,19.216312728639775,24.45084446293569,17.85704629824762,16.332777683639666,10.470766367935239,16.65520066200313,10.882196178355706,9.450971950935905,9.916453525218254,0.06951821414460514,-1.670782967944147,-1.0688317449107478,0.15786712624786503,0.13494918493176278,0.4356611382887725,0.012069957796951357,-0.5896886654542903,0.15176023738740552,0.3679416748213797,0.1211782448253451,0.3726511440170973,0.8323467609206436,0.0006763537324243976,27.70142375249925,24.991486388705415,10.59373302652392,11.294579497606371,12.602994679184564,11.712397896367671,8.15849493298025,6.599269944313485,8.714621256392583,9.56495546945881,8.370546414752754,5.638128002952985,0.0231688535495106,-0.8455609926249773,-0.3200985044783657,0.3985419868794916,0.128622299197144,0.1583435870164763,0.567654874409966,0.4856464721159714,0.396215114432867,-0.006913500686682313,0.182164769168543,0.4258318308255774,-0.11968570574792997,9.153882662455241e-05,24.891002513112454,28.200460415752556,12.139246666020641,12.64505268732331,11.072141891291121,13.152992768573805,9.279577491671006,6.379190917529178,10.049234944576572,11.773067512513787,9.498500273896257,6.065347207693904,0.015089624968278958,four,/content/speechcommands/four/c22d3f18_nohash_2.wav,testing,5.0,Kitchen.wav
1099,-218.9065246119335,25.761676546319315,17.269713475287418,11.410309758567573,1.6414846601471411,1.5006143658239273,6.36433825681297,15.390761388525004,13.843548268789508,-1.0210834605921286,1.8915728564727805,3.5497976060571563,0.0701022969733458,74.68358250755516,41.84783056583936,29.941192530998414,11.487389225133116,24.979389680198903,10.18061431665882,10.474006970093205,9.132081085510894,7.400528688036213,10.701951269722661,5.515541274990593,4.9629337653307095,0.06317605786128529,-0.06962589102628895,-0.2127633129166921,0.30377231367495244,0.17093482986034447,0.151341002353473,-0.11025044764160923,-0.37217753542980603,-0.4194764344448275,-0.5621028999629907,-0.27044660004607385,-0.18477845193742318,0.09905958433507053,-0.0004398485104883871,23.85585448542636,13.765765584491202,13.386281091248991,6.064462312911593,9.616721095720052,5.542647954502751,6.280596364220709,5.515882458061121,6.238475192491431,5.266703179370385,4.370326378458533,3.645159493505281,0.02060018609551023,-0.3599673930390111,-0.3096667875033838,-0.10918830046379296,0.06501805013188793,0.4625384777659579,0.47224657009250115,0.22641469603693273,0.2598684575628501,-0.10556478897821583,-0.170542071988261,0.008479227199598793,0.07846238329165231,1.112638662258784e-05,15.060113170745346,11.06127453335916,10.229342400402246,6.746172106456939,8.287578243271064,5.331974670687648,6.57843070532134,6.389946662031805,7.936060573818888,6.727886654373188,5.655830327059474,4.0471059230693305,0.015977993747437705,four,/content/speechcommands/four/9a356ab9_nohash_1.wav,testing,5.0,Kitchen.wav
1100,-293.53229586738075,-1.6711131533774335,50.071705319275836,22.536505209417413,10.464208568146269,3.1968521010762605,7.858135985707938,6.4803208858793635,8.291165376772089,9.297686785051818,8.05954962837347,9.386668956360282,0.03383577096974477,22.334985968491043,30.88163827398277,16.855119558089484,8.136623262872854,13.592423661339,15.755077598833369,12.279353893760982,6.808202256513687,4.162876187165071,3.3833603136882084,3.290505697199582,3.2993744401209524,0.01121058117963545,-0.007343497843959862,-0.43007876477667184,-0.24707019785696327,-0.3555410996682149,-0.2722787137228672,-0.25838724549365205,-0.41224118015790623,-0.14994789418539942,-0.03128895294627585,-0.2961533355398253,-0.2694564099788698,-0.15782292041954457,-0.0010862214671027277,11.582850295851989,12.476694093801969,7.621235436242035,4.705439311557872,5.811986708383784,7.417497244834834,6.395693305646663,4.066822042765407,3.5437714423930906,3.4080760328405235,3.5496798435990535,3.452100109597532,0.006079935672209739,0.04484565604083931,-0.06668449795258269,0.06477198362824196,-0.04895273242522601,-0.08693414637792767,0.18993756788036265,0.07964623424797175,-0.029920066309699796,-0.005580644031562946,-0.008386217863779303,0.020572183670339476,-0.027016352322705828,2.3610393206278484e-05,13.382655758521382,12.33241200095448,7.192193580930276,4.403396659893504,6.705080223931072,7.564157303461093,7.368547467891874,5.341209454357073,4.657854795303273,4.471471414488187,4.7116920894302,5.251839483784835,0.0044162761444399914,four,/content/speechcommands/four/7dc95912_nohash_1.wav,testing,5.0,Kitchen.wav
1101,-236.21147607389412,45.68608943908244,21.261922407741217,16.917115594047683,2.8291526541477627,2.2647444056268915,5.263888888142241,-3.7211400095850706,0.5912978873228817,1.275937679555556,6.046181653812722,5.24716683821205,0.0842978851578664,93.03174490607522,48.98443740678575,28.04923810458044,13.611111574737363,31.271333833803645,17.884222075828376,8.824291305214663,16.95011774562835,10.821460060435895,9.699013506762862,6.198971466346023,5.766493265842145,0.09163939691387472,0.6897521524749883,-0.05904010239415216,0.5625057572375703,-0.06483418457440068,-0.03481888769617478,-0.02279295914387739,0.19346250328359166,-0.09065032973442197,-0.40388460188383096,-0.16290542936555946,-0.06894752175616584,-0.13760733809709608,-0.00022873736076777982,30.541318754268353,17.454086210285148,15.32609161506122,9.362513136917794,14.174126985564072,9.354750496800913,6.297056956636541,7.190225363590566,4.73679251374178,4.868957956862603,5.254512870336678,5.037906610244138,0.02730651251061874,0.0065005909962039254,-0.11584775850781538,-0.0204306008704877,-0.10863263488809753,0.18021731542595643,0.3308034340828261,0.19632126522204935,0.1034309216600723,0.05425780707959058,-0.016163760411982746,0.016763232585720916,-0.21957945499571227,-1.6022784014542898e-06,20.878185042469728,17.56536249909566,15.102774910230869,10.868112232363634,12.719380330852337,9.34723449434923,6.8144898384314025,7.697254412715798,5.026090671971885,5.665255425629376,6.187473291549401,6.4377114736170835,0.014811806178527308,four,/content/speechcommands/four/cd85758f_nohash_0.wav,testing,5.0,Kitchen.wav
1102,-273.68155758438365,52.058777241576905,33.51042067077339,20.309529502464564,10.798893127831718,7.665548615803167,8.126063479357107,4.6259772817579385,12.574312131127135,15.128847602810861,6.218799826690093,11.44514162035798,0.051304603402968496,60.9326876500459,40.80087190164333,19.237171925257034,19.348822904548197,29.893336636579424,20.52223001420764,11.799574736570118,11.667255912948772,8.714615904764342,8.36238447005359,6.449401147314394,8.583637480913895,0.01739452021481874,0.21254487635041547,0.17095319355183458,0.12407571033440533,0.11974755313194362,0.0021633820482098863,0.014227324507977927,-0.11976348352785172,0.19051438015511973,0.28346670925264855,0.12408494806604,-0.15756856596294136,-0.09809556843862224,-0.00032126837440075415,15.291716341060948,13.944947010750266,11.116733141020749,7.651449858493469,10.693917323353974,7.661453121933079,6.847454927740108,6.573729683284372,5.414727963201507,5.481234194268927,4.278469108598977,5.9555488845151014,0.007251315537414654,-0.11172293141599804,0.01575220830604168,-0.015644882710803464,0.05991917451222927,0.1729467124258213,-0.02001602348609405,-0.02093827055953046,-0.32406012811694856,-0.22586313572413647,0.010446079538289865,0.1350090594931305,0.09305930598847797,-0.00021674900005261104,9.982811938970592,14.74664864176084,11.83464165341403,7.380525442693018,7.538404931210416,6.853349997861493,7.789094613460716,6.902873094343481,5.301840789550332,6.235417592366844,5.599112288390256,6.098186105007255,0.005932612839927633,four,/content/speechcommands/four/a591c2ea_nohash_1.wav,testing,5.0,Kitchen.wav
1103,-232.68327614636559,33.68060240306155,47.48274292176758,14.69433784182122,5.008162990354251,0.8469705624155692,1.4168661924866592,3.924170042007603,2.0626172541061645,-0.7064956161073117,-1.649129401468631,8.761193499919639,0.11832341563422233,93.82635284398873,58.86605177899726,10.710099473410235,16.942466176541615,12.784288468507505,8.823404449174207,11.691458161112728,8.596849696662602,8.496911380421475,14.315880373386957,11.993536290733573,7.341645028485834,0.12532705416149142,-0.14571703065283076,-0.4910145349772666,-0.30803142743329526,0.13229246570070624,0.3441246182166855,0.4229713118050758,0.578003031160869,0.3120236637360907,-0.4584142981300876,-0.6616367760742989,-0.5681044059260164,-0.15071496072672655,-0.0005832867877137276,47.83446088993749,20.735332620245146,8.647567462412425,6.62666215521124,6.615193179732296,4.8108529336539325,7.127880890410677,5.85320050173528,4.711636499387162,5.448954344926931,4.372459611330418,4.497281680647017,0.04124457143896954,-0.1901311679046112,0.14093495837424316,0.22578648450822575,-0.0024802041984163027,0.18775256726603803,0.1385944210458449,0.0741423455438636,-0.1055774923218116,0.034022154998809055,0.11097352800437182,-0.08042895261072074,0.12061308945174908,-3.482916702826818e-05,48.64059998682878,21.96660477847359,8.852875014377974,6.585969863951049,7.556839774172767,4.801765199286867,8.555630516139367,7.534715635327312,5.921927788114312,5.112193935296474,4.738667497088192,5.769547080876514,0.03477632263990913,four,/content/speechcommands/four/9a7c1f83_nohash_5.wav,testing,5.0,Kitchen.wav
1104,-265.33758735852876,51.48536996858341,28.8309435699939,12.893561218409545,10.568952327379666,4.843016785393246,9.080548767766217,4.871168851079539,3.037529534998101,0.580341450936884,2.2425801286212192,12.652231097425641,0.05613486928632483,73.6735167798899,54.12186608100722,11.343784387135582,15.79942296030686,16.99075546158277,23.63871352698776,11.905985797100504,10.435609542156556,10.023192176373222,13.470927597780133,9.01733299698572,4.96048456415946,0.044205293337985486,0.5220917090131215,0.6510125969711364,0.08978235230229817,-0.07182508653600699,-0.008089490617514742,-0.1404893064449312,-0.004283355197847974,-0.11654419082513989,-0.21417872126550613,0.08882873240040737,0.26581607095048776,0.16782505144819312,0.0008154186390099987,22.779517571176687,16.73601366811098,7.692056215422965,9.124051154280302,6.84185908779236,8.371653275146665,6.115641494493081,5.539113644324313,4.409775272916584,5.436188356117513,4.82014416005663,4.2218851759981195,0.016554808656003537,-0.9183058987991122,-0.3234446220699841,0.47273988141561957,0.08541649310992927,-0.20062298209468363,0.04432712133041038,0.4164703146286929,0.30232081752970424,0.3402760463965861,0.017450483262936876,-0.07857636237718157,-0.21870874566982876,0.00016042347997426986,18.186570779940894,15.978548095421898,9.199582667760858,10.31102561123252,6.526165985087005,6.222890591084115,7.190947703666645,5.2118924581296735,4.533257157753261,5.365499781378197,5.5309340508601466,5.380396797978966,0.010406925329043734,four,/content/speechcommands/four/e71b4ce6_nohash_0.wav,testing,5.0,Kitchen.wav
1105,-239.03109716772587,46.36011261214119,44.609868784295635,2.3152379472771565,-7.160136003571688,0.4499691501842308,6.5893452475285805,-0.4757836346273401,3.589401826361395,3.5297014990721003,2.1844948475880983,9.587743945761769,0.0656689839088358,70.00283391439929,52.57343761964283,20.174947150455623,30.658100528062143,27.632121560548704,19.835395574399136,9.954951148396118,12.035699030934836,5.710808731032031,8.528355133524885,8.26567573289086,10.249212817217277,0.036825101319105234,-0.2483664282444183,0.03460901764332457,-0.19776085176609906,-0.21259671340419814,-0.14622608251512662,-0.4594509191114068,-0.352665877982679,-0.1998087399379571,-0.13126238766197015,-0.01629728947057452,0.07111632428182331,0.18549003124938093,-0.0006838372397807336,22.08835195379915,15.867660843878632,8.073186250060829,8.98367641506579,8.60051304954262,7.379234342818896,5.2616809993267655,5.508426740292044,3.744474725292335,4.781181204420947,5.498476042398115,6.336595419518286,0.011586754996563411,-0.08479580727537078,0.13546115968449104,0.15377882381232286,-0.20848231138792184,-0.10273961708984114,-0.01781089012820948,0.08570600362950768,0.11567700336361965,-0.033678391692901585,-0.11269885432897124,-0.06628337924577522,-0.11507398169529003,-0.00013136000682910284,16.873248085757652,11.625504338886968,7.76411434376773,6.344479201633787,7.663667061810057,7.134222723575508,5.680061229282246,5.07603347055716,4.579209303407986,4.726461136354835,6.581711883949216,6.619188814709155,0.008581722608723788,four,/content/speechcommands/four/a1533da4_nohash_1.wav,testing,5.0,Kitchen.wav
1106,-246.65549616330202,13.109560098638582,40.512636549530924,14.15349496368781,10.053142284641684,9.476872619706679,12.113121820979133,9.00667549341112,7.3021158806252195,8.938304611929949,6.8841509126556275,8.39452794316557,0.03088353364728391,61.462590026956136,22.586370206833276,15.378137599976343,11.682023451856734,11.040236730285296,12.131703835702885,11.237148435713097,8.199760138252849,6.608034961762448,6.559550236394575,3.7890467172169404,3.7072209940157865,0.00755453052642166,-6.980384540929352,-0.7984348271570918,1.1728981954853022,0.9271261482284114,0.760861647172483,0.3659492511680712,0.11295040470880634,0.053515364778430205,0.4106274119301828,0.05451524214051567,-0.12563710550612012,0.1944425646801784,-0.0008272287105360339,17.69519107896736,11.462200963611936,7.522586347010755,6.903712655616393,6.453499298340411,6.513007485505985,6.474791782639697,5.576375868585476,5.6561507055823,4.207131743794989,3.532408578871536,3.8821668329420116,0.0039948454618286295,-0.47827433295080274,-0.6405939979508968,0.15698714227909275,0.3075521449576939,0.2244463020490889,0.38108242113306307,0.297001946558962,-0.0055279520502862075,-0.234640680343646,-0.14645630744860702,0.08151106115401495,0.14327699382801537,-0.0002950744703412056,14.554473213795783,10.50320584141178,7.712986774864487,6.619779770977145,7.194528510633314,6.859455629397076,6.208520144641672,6.264856071333452,8.479333447030793,5.873647389224242,4.75747905633633,5.453804468691719,0.0032365674373881596,four,/content/speechcommands/four/cfde27ba_nohash_0.wav,testing,5.0,Kitchen.wav
1107,-301.5339992170526,40.05690558732066,39.794533754027896,19.35134214852959,11.794884656089895,9.773981959306074,11.629113635584895,8.418366859478233,4.9131930133276835,4.814917426803553,6.995051315689394,12.63370050697625,0.05157306866021827,52.474192967553115,47.695267283445254,8.149308811835198,12.45285918787636,16.830436179951832,15.290362906918439,6.596318788386436,5.008550874571568,9.615766016880864,11.519374619070563,6.5577618168577345,6.845174042589407,0.016254287937805586,0.17830748963789603,-0.01700395965158738,0.043816941284212416,-0.024614104686053753,-0.21842811003177504,-0.10387071174977883,0.1323228798580211,0.12610950329362142,-0.0018588833939757923,0.042291924778182756,-0.0951093194375391,-0.31823124745477427,-0.0010954354318880265,17.078783603130436,16.51002796032121,6.4048707372497455,5.069282110926139,8.869951224196846,8.535516692833074,4.781660201700024,4.23966195262319,3.6278598683051366,4.996012852561251,3.8032964052011238,5.0206428459004515,0.008076305741759635,-0.26830815662356333,-0.08147650767344829,0.14462306104503486,0.20181890744559977,0.37384084491973923,0.1832721568908177,-0.3299595194779881,-0.3447737075082327,-0.02689631789747852,-0.01727694117221006,0.06185171145630788,-0.2744288126561595,-4.365084071954091e-05,12.555407795122768,13.807608593070434,9.052109775798737,5.855679187852744,10.119282412678976,9.988740398389332,6.697300697567332,5.3492040069420534,3.606482580386149,5.355464464088747,4.698362751888231,6.173933992271466,0.005510755557359787,four,/content/speechcommands/four/5c8af87a_nohash_1.wav,testing,5.0,Kitchen.wav
1108,-291.6681591263625,21.16817975130725,28.206480806580835,11.68976348268199,8.67955170251051,9.51936603164073,12.315593776379085,8.261455014468499,9.070255307035321,6.5614631528944525,10.225035412199722,12.440156498306921,0.037926810822682455,63.57063895460992,45.8239815048922,16.465455317189733,22.04292539434374,21.857341217778018,9.88943460690173,7.153314775763507,10.10091743127253,8.156124640879655,9.388185087654007,6.701952271291189,6.748818950192018,0.01788820742598661,-0.16889180834493067,-0.06656164148642472,0.15477009373839526,0.10005384459416754,-0.06146095290709409,0.1020559222264709,-0.3093908959099533,-0.2904502772501467,-0.26164444736624937,-0.06830506624050743,-0.028811615150049163,-0.3351203387466134,0.0002687985017415016,19.74050080860135,14.880678256839841,8.189011875229996,7.167113247066129,8.643753799630701,5.621847521924922,5.263414692889844,5.855231656454426,5.819731919830034,4.164112357569789,5.178966838611557,3.5700654528964515,0.006920354251084702,-0.12851045598888505,0.18150909870666782,0.2849168502825651,0.12233339076806414,-0.19114992034414796,-0.22003680556456912,-0.013764803144641036,0.28370193817983735,0.30592213912952965,0.32568170039994465,-0.04648252676695901,0.04761694304191696,-4.069140801827113e-05,13.334231259225719,12.697522382407394,8.053127834183138,5.648161737625871,8.066882272306906,7.386107845665665,6.7032446490884805,6.51081357621245,6.18240197821382,4.0213822123492236,6.527800210874177,4.7106943128656305,0.005318559985067635,four,/content/speechcommands/four/5b1db3ee_nohash_0.wav,testing,5.0,Kitchen.wav
1109,-267.7851001428591,10.36461579321428,33.25679534954543,9.554306346279228,7.313239618355826,5.7601964018090985,14.614304977291322,10.877280394603119,4.778228496481802,4.490388934253516,5.04869288781469,10.773250302279381,0.05359024106292054,85.02433070880139,60.51552583749603,19.269332180559744,27.594670671079868,17.193130217826337,11.274328859781905,6.106101959458211,6.7730693693525295,12.270632257397123,8.912149115956684,4.92679142610686,6.29504251741995,0.05297395170534364,0.37749244262066156,-0.010887586882258202,-0.2673214221618766,0.26304326953656765,0.13454625386859048,-0.02371261564170234,0.20590425607783955,0.3729654868106554,0.14618016254306324,0.049348555697977206,0.23143117364292345,-0.005382896898624213,-4.235216446461216e-05,30.70737369840035,23.952138317492786,9.83599221689959,12.201689417104117,9.322455653060997,6.169747877321259,4.669969747005747,4.323347302696185,5.6251988337658725,4.5088982099734976,3.258099527509731,3.3984881026277907,0.021760416068739366,-0.25230857312838567,-0.10666052193352904,-0.053133499927827246,-0.17756207204076127,0.015334173528107679,-0.04364334792370963,0.012612111116655752,-0.002350747056194595,0.07685835210791105,0.13880252814481728,-0.008491991679941613,0.022955151365665394,-0.0002176135778427124,22.102336154831235,21.20572951598773,10.68199076176523,11.334031670442439,12.268735996317677,7.391043679565122,6.104481348910821,4.921768351442767,5.472705052795923,5.011652341248169,3.787068293074156,4.252556500177957,0.017997667395574984,four,/content/speechcommands/four/563aa4e6_nohash_1.wav,testing,5.0,Kitchen.wav
1110,-301.1835287287867,-0.12564108376207228,43.167242714806974,20.003321867488374,10.533448859950363,2.631731730661384,8.207548687381902,9.052199486592476,10.43637982529971,8.00231844272227,6.459727610493454,10.20511549958828,0.03405519056832418,22.476918025435232,28.838560698327456,8.663129751523702,9.010282974191243,15.368036780953789,13.56712723535076,10.411672678057691,5.738531717129979,3.7575627316862863,3.806949635175428,3.409738225919502,4.8885515615992965,0.007523241952659813,-0.5103033254651633,0.9044770679356414,0.005722370045941349,0.07490880899927922,-0.23282941998634968,0.17103351914332687,0.21284744606163886,-0.22160221436661534,-0.23798016716059778,-0.09638547268163793,-0.1258125183636861,-0.15302456711709914,4.709403841726241e-05,10.20274354040458,13.143095428477611,4.525070391090136,5.8119809239940246,6.915662446575924,5.511825824235836,4.493448806668829,3.7539263937921596,3.224550375149248,4.119107665007198,3.5553259586880728,4.14087852151056,0.0035231658899633447,-0.10120465276203088,-0.17418462026446277,0.14803787918516775,-0.018475394606794045,-0.016216106310369138,-0.214817419118192,0.14195936135404238,0.08861758199233553,0.011186770994750243,-0.022375711880294198,0.03812036055697637,0.1086676236921658,5.104690790176391e-05,10.529813886249885,12.662622422888525,6.2636776776809056,6.356911786675055,6.997313443789908,5.7274168180801786,4.856276266270793,4.907665222611272,4.274681820369939,5.599705593260168,4.909676257288853,5.735427453041203,0.0028423265623184553,four,/content/speechcommands/four/20d3f11f_nohash_0.wav,testing,5.0,Kitchen.wav
1111,-277.7830122391605,54.60750503205317,49.489032020193974,2.6450440637586823,-2.99442826401377,-0.8433309733125598,6.493339052725181,2.905854754853559,1.6170054213929783,5.282034171082186,4.530635488143016,6.451610042225866,0.080993301642593,44.026466428991085,43.95256425639994,9.932314715623484,23.116471862085763,26.968723083290737,14.052675981908292,6.795731423076141,9.242894970027768,9.468096381811522,9.854127265211055,9.188785011238743,9.40289096619791,0.059250214006801,0.40280462403593226,0.29551858700977157,0.28736650878257497,-0.05475301311522194,-0.10487436817258466,-0.40237948432083237,-0.26569002640690315,0.1482196922291244,0.24744830893259878,0.09666815900960617,-0.11704888084277319,0.16306586356152597,0.0004600096614130082,18.38465761185753,17.832770445191557,6.925371411565422,8.739834620150924,10.594907550156181,7.31500300046793,5.4825397449125,5.8619041056074215,6.298860592245517,6.094780939903039,5.88346409344853,4.857203167272354,0.021165222864077873,-0.5389790235717783,-0.41653794281667944,-0.024380797657700508,0.14381409143307108,0.25178425499966095,0.004399022446318179,-0.05410619215800998,0.1872919630926477,0.2286364571213375,-0.008010253802686466,-0.11593373608104104,-0.24474810442951467,3.2831418017546336e-05,17.751131017545628,17.13404297845391,7.936545428607003,8.169843946551783,9.86042872926553,8.458184360690066,6.227553987884669,6.261781752879797,7.644273461842012,7.288309643476472,7.039474385811207,5.325115064032079,0.015361832517276118,four,/content/speechcommands/four/1b4c9b89_nohash_2.wav,testing,5.0,Kitchen.wav
1112,-190.9999266792987,39.19305089596403,32.9822932845197,6.2465280001395715,-11.248270745734025,-0.7074897187731768,9.260531422194582,9.633579901361774,9.638315052981728,8.922820530819369,1.4564316950196592,0.5727483570357073,0.08801555063109845,89.92167807698942,58.26977539427128,19.59107521357098,15.338910135625381,27.52152237556708,19.684620997568576,13.510302210255174,8.457883851605757,7.491295299355165,4.869733499823905,6.1720568409014245,10.527999586747454,0.06722766347350584,8.445037809068644,1.3473222877559659,-1.4034218839008552,-0.8354335382189003,-1.2730210336944225,-0.8345259460735301,-0.35101743380278283,-0.3532300418588546,-1.0138370974954194,-0.5304629060459354,-0.10671748788787093,-0.6069031321990258,-0.000392159987841883,34.55546716762171,19.404927839675395,13.144945040882405,6.561690171195452,10.59500535418453,8.664916820965091,7.131806753829902,5.5170898217716235,5.718068994747822,4.278227628805255,3.5953821433525195,5.118531227569132,0.023887973487921967,1.6284188002965043,-0.27438714951034393,-0.046825594831225545,-0.16136120485514843,0.1099020665648111,0.06567239089172684,0.2674253384063723,-0.06521612822209638,-0.1981487136062988,0.10363970078664902,0.06530696226419824,-0.05005505636802106,-0.0002436934659878413,31.717035533978557,17.367518130084086,14.573280171799302,7.576156539508424,10.899828866426965,9.159904636492632,7.75060222360472,6.936529246789989,7.057036997088821,5.590829431000132,4.667991230662816,6.076700585668014,0.016684876950041384,four,/content/speechcommands/four/94de6a6a_nohash_2.wav,testing,5.0,Kitchen.wav
1113,-289.4791448055902,34.12944747240648,35.46316303545624,13.954618676832784,12.511235592887493,3.8710455269874218,5.531008884825495,7.957333934187366,9.094954739712154,6.292619471861183,2.0047970728382243,7.5648856981277,0.043722782196709886,64.32828429088612,59.72857099206139,18.33303293682846,16.694401456956438,21.95421373344988,17.68855833335538,12.55434158389699,8.418445297284624,8.793063497482482,9.800874645626587,4.7236484101920775,6.445645747627008,0.03571526975621338,0.6543125373231756,0.03789810840778779,-0.4076355401322393,-0.1895867421652715,0.008720855251270575,-0.6041356376937622,-0.292367685526549,0.17762389256189057,0.13417196851839785,-0.15782132704326854,0.1376073654815004,0.09431043466027629,1.5503156089013622e-05,17.061562916890118,17.648001564599518,11.173897322991804,6.81040998806534,9.512872371198211,7.224101854656615,5.076606766179093,5.231059146150454,4.804539219718891,5.196101224097143,2.7623591966444354,5.419561577424319,0.013045579432259698,-0.8531647128880971,-0.10258493302084416,0.4410142012869577,0.08206322744692543,-0.2330088922550614,0.06843954605157145,-0.0758508737796344,0.11425578016540966,-0.05892934244205463,-0.15572668486689903,0.14555691430439588,0.062161761997690884,-7.205971827109655e-05,10.24168763867563,11.085650419221537,12.142678852866034,7.013120224723864,7.029960624059644,5.826852862042568,5.8711697780259815,6.712168538672735,5.421694772697501,5.206898520648448,3.6851782238978,6.916046525104223,0.008297982756747405,four,/content/speechcommands/four/9ba34294_nohash_0.wav,testing,5.0,Kitchen.wav
1114,-291.06579084655857,11.306229589303616,57.2933704853959,28.298760516498817,20.59640274567009,14.213329141486122,13.206747699833027,7.484496048145653,8.457546982087592,11.973367698911337,6.195497598978571,5.257311192011823,0.035866765305399895,22.343725136898772,26.120166324271498,10.510417459563403,5.79752345225757,10.134823565397639,7.916360887096085,3.4134287580699536,4.610491311103774,5.6120529797095635,6.419368123652575,5.969253511887652,5.769280404644376,0.006227906945760645,-0.4327185222688249,0.6507183786578855,-0.06968935650691001,0.02061825507576358,0.48115777736806453,0.08855569543346377,-0.09193606397550436,-0.08202637421160475,-0.06300980896298704,-0.022907152438873462,-0.058146390345065725,-0.05922616314012797,-0.00024291776841686618,9.41615544804895,9.9832036716168,5.9392587763212905,4.09435653076346,5.508777140668416,4.912608833544531,3.4901610389809035,3.204210611966499,3.5638228472530593,4.137997484487693,3.6906700365756127,3.8694589685149654,0.0034356622718787946,-0.4733526680582789,-0.106424524022386,-0.0824152068955525,-0.08396693769128921,0.3133256210685431,0.14143577497465679,0.1304538340139965,0.01935614956461308,-0.12405881153993399,0.037668796622834816,0.17961754168246735,0.3140275141183119,4.944242537021637e-05,8.885621478930181,9.756286564524716,6.320783473410221,4.512911987263752,5.44090034989846,5.301648536355201,4.834871248335609,3.814799557513815,4.379673497454353,5.379296197431437,4.257010325333612,4.105346756846936,0.003209130416162769,four,/content/speechcommands/four/6e916de8_nohash_1.wav,testing,5.0,Kitchen.wav
1115,-241.5068805831511,23.58112697770911,27.43264182046743,7.577113426951312,12.99289941777127,9.676362155231994,9.092959717912546,7.223316960550024,9.33228591133865,7.901744871139542,4.921373127771229,7.8770505638628565,0.08107738220132887,75.8575176290231,54.93997952588465,21.848264770128182,24.648910757020932,20.871879315391084,11.01576161310242,11.06625142150185,8.301458001163768,12.337488204917456,8.368020854365431,7.4815919860763564,5.82353894011645,0.05154552447643666,0.05097152717022555,0.2777644284207401,-0.1330300829666679,0.07367587101593459,0.06676058392801347,0.6006482328163043,0.4303587605303317,-0.17788681894976063,-0.29622440514953846,0.03918598586408259,0.010992151314335232,0.15770115964903036,-0.0001377289093309833,21.435804587703764,17.360287204287246,10.678750381152906,8.224000524029126,10.700367581033813,6.031538940155165,6.001171258499382,4.290310099967228,5.81774842946312,4.588936868802173,4.809941718401146,3.790176988554671,0.016838525287499864,-0.49047171678860385,-0.029873863263326684,0.3930951850375307,0.1520931576445717,0.029531722182327157,-0.01596292844556763,0.13528462071948102,-0.001670294551701712,-0.14693155639630284,-0.059981803977421796,0.14963534798956502,0.1333803550103945,2.873589595158895e-05,16.505059967737733,16.243646743195463,9.927230927142334,7.611657600662483,10.784061279820287,7.628864865311963,6.367039805301391,5.568665274300805,6.164154095403085,5.346699292142894,5.409228038019267,4.7434346439344,0.011217390885370618,four,/content/speechcommands/four/b83c1acf_nohash_0.wav,testing,5.0,Kitchen.wav
1116,-297.1230971138039,33.65714432245509,35.21855319313676,18.912025597520348,13.976889803060066,8.653776127405521,5.076208631027831,1.592973073801742,3.0044275275929087,4.812550665966004,7.852276695659888,12.572893232099265,0.04776802868582308,35.00640693387842,37.52716063928875,19.1323468105951,8.797992634792129,11.707684668859526,16.164465800464967,15.780912080921935,12.934954026736035,10.042484065863222,8.022800064008543,5.30484263209289,3.057134921476504,0.022235096666375496,0.6632334425264543,0.4327275414466227,-0.20611803384045516,0.21524656839689293,-0.02455499665155648,0.3600981517346247,0.3978612151732751,0.03325983355048444,-0.23249708784464235,-0.22161162393854972,-0.18242263692500602,-0.21393633866696474,0.0004365448990175801,13.965818491886147,14.40571971054458,8.69583675871526,5.04067855157923,5.800620565561828,7.507962659409583,7.171575786719067,6.574074739071425,5.617347650568089,4.130512977239673,4.038435059811393,2.8109121892051867,0.007169670553612112,-0.30156241257682076,-0.25075851636821417,-0.05872765645993709,0.03005044690623393,0.0355316087678796,0.2608364482218412,0.14044909150653073,-0.024044718060989765,0.4259714309749871,0.23540332423189048,0.11736117178221112,-0.1129239945675556,0.00017905086278915405,11.921829823149762,12.187773151937824,7.919772135922901,5.6650999694637845,5.6695983766521865,6.279563428426034,7.181343260444883,7.587146989004325,6.659865486953031,5.3690722093910415,5.702383407736583,3.840998765854742,0.005185464144707239,four,/content/speechcommands/four/af8b2f2c_nohash_1.wav,testing,5.0,Kitchen.wav
1117,-222.295432536321,50.53078806157629,9.848437984521949,5.911998763922138,12.465565791420683,7.347084287351862,-2.60874069410965,1.3462886741829763,6.6291970469090575,11.416970883738951,-1.1838592447051772,5.569336742464819,0.08062196909277528,48.22714707240728,49.306711949055526,22.630961351688306,14.342093561627085,21.09178753796621,11.131435634385948,14.43607366962812,9.040644878250141,9.411283801276939,11.369826954905852,10.822283933245494,7.10381125624068,0.056142030063649664,2.3735716427568607,1.6970942403083673,-0.15424526284585316,0.4432406546758454,1.072985115703906,-0.6174597021570792,-1.2629393823616626,-0.24270168224399846,0.7481845628315014,-0.30537002932161667,-1.0264402063016909,-0.31909150642570927,0.0015329389761273677,14.1503392431856,19.228113437380184,11.845452442003387,7.599517610830865,10.58428788737524,6.617147445626739,7.202752614974669,6.06588736938635,5.762445197863104,6.311817335834961,5.535371280159907,5.025380518599257,0.017297483475054404,-0.8762711261065362,-0.2772488357170846,0.024413843749826344,0.29192245080458756,0.08094819783487793,0.004969401034701608,0.6167246059193158,0.43566562775247564,0.031260311052332665,-0.3158398286751708,-0.20703122165601073,-0.1486168647259876,-0.000552472472190857,10.352296746353968,16.814945354583816,10.58084532765365,8.866182687044853,10.955947967996492,8.733552583763935,7.174447932524928,6.36795164932629,6.523489561396035,5.986806863687333,6.534300915060574,5.957324820765727,0.010201048322801179,four,/content/speechcommands/four/82b99576_nohash_0.wav,testing,5.0,Kitchen.wav
1118,-268.55187581679576,28.646213848999775,30.86686388645837,8.802996624160993,3.912108675910961,0.4215976327526858,4.90028956909647,4.832203082273391,8.123695047350445,7.43844893736943,6.71853767756259,8.045840342806535,0.04709057294530794,46.16463626635799,45.817937965636276,14.898755207339313,19.058510846754153,21.896124180070373,17.277494418635413,11.862404712622785,9.355224881325686,6.827290748590849,6.981696830455676,5.902462897740864,5.035875418572077,0.03912130810752239,0.3523906238258222,0.3890442066093596,-0.12511789174651755,-0.4644683586218935,-0.3836959401510688,-0.2305507986895963,0.10596376946254071,0.34204074990250166,0.15503608680788009,-0.06351331644063843,-0.3062325199424588,-0.18395280255927973,-0.0008069274406279287,14.815557761048447,14.47850735847253,7.158105570019964,7.601104857129498,8.88709545364333,7.098067347983123,7.407772533371879,5.766232366458996,4.420334019889121,5.1051397686437054,5.105315012123958,3.3399067795846915,0.014049583748835954,-0.3763756105187156,-0.13882540236276295,0.22605047993663366,0.12378700142075338,-0.10158655249436824,-0.24416744676106508,0.026196985042307,0.0543916184301833,0.0821969312776057,-0.016331861936526516,0.09413276845175673,0.23096376900360824,4.6941637992858884e-05,12.720402688108212,11.978351124465238,5.887234243851765,7.975398377092643,8.478669509439953,6.735321795550688,8.393900177502237,5.644616342898946,5.4112887396928615,6.337714754176531,6.112835088024902,4.368140868698142,0.008683019022836531,four,/content/speechcommands/four/caedb73a_nohash_2.wav,testing,5.0,Kitchen.wav
1119,-217.32216249531317,49.26487644839648,51.812794517269765,-0.1360959939841327,-10.27022387024539,-8.157133789735715,7.780438473767173,9.80013037418923,8.48828803629574,-0.25620651035820485,-7.949559231544672,0.055867638373930495,0.11252206849167123,72.6198165614905,69.01555207071596,14.930266295590723,20.067980053641023,26.7301377117477,20.511377566680206,12.67203695179096,8.405062520502005,5.528998085526308,6.81494602292582,10.811290813624561,9.684557049293982,0.09358500619827509,-0.665438483639933,-0.4589378701352619,0.13053222694022149,-0.055142119511664645,0.056166976450985465,0.4648061963068435,0.20136744647373594,-0.019855107319625896,-0.06305083808891822,-0.17778714532674275,0.055915723474056094,0.22854452288500812,5.3966357823341125e-05,21.607579011002464,20.237761322371863,6.965825962325192,5.676586274766548,8.506067138227515,7.104220919923913,5.1560605761424965,3.912249052732365,4.061159382551125,3.670256016997462,5.561776155422787,4.760038305676802,0.023506451440786086,-0.6786627113789829,-0.4657482838738417,0.11532025017379392,0.03625373112336228,0.18932716567324506,-0.07521208285770745,-0.10549788366651468,-0.13790832251542576,0.2995632387267302,0.21804682176503723,0.249404209357317,0.13634136887776904,-0.00015707475443681081,16.7684718495887,14.831514799216153,7.356198734897614,5.48208726253943,5.777829274225718,6.283820915371275,6.111302936303771,4.0465951204395045,4.865216071199641,4.021765963172589,5.735911165365716,4.801504806134315,0.01165557921019848,four,/content/speechcommands/four/b49caed3_nohash_1.wav,testing,5.0,Kitchen.wav
1120,-217.07517939297298,12.365766887062854,15.847603336778352,11.24576848225195,11.12322644648604,3.7363000376729367,8.159895304824982,12.373039853286556,3.113530278368397,5.756873185432028,-3.1482616388885876,3.3424501190511364,0.06387037428794429,107.4971461036099,58.10237255374928,28.443849336575617,21.328307957396945,18.134565336720037,19.008618585728783,9.61549868285076,11.253877253730174,10.612516602543622,9.547668808024596,11.398470428019014,8.048442744247053,0.06529384290340641,-1.854266473165222,-1.4308480111407713,-0.3866193459147985,0.19395906134255586,0.45730188206037414,0.19243991039770908,-0.18090801964988126,0.012381200442588223,0.11507621053504065,0.036894236380712084,-0.14695606458933105,-0.07489549699338989,0.00028844345961847613,33.120678811487565,23.505910924513465,15.70535692735161,10.884124056223051,8.535109734798997,10.148346763659962,6.521118601174985,9.075922828233097,5.907409027551243,7.519391102170215,5.012640942059795,5.7497488858508214,0.020019488650512566,-1.9199524251584856,-1.1528123966886985,0.5214378259793532,0.37036030595108094,0.219828762551925,0.12298618905261499,0.07288919851111117,-0.041581200288313865,-0.13318439083911737,0.025779050599814824,-0.055153423448820266,-0.026849447695773153,-7.877511282761892e-05,22.12283217539406,19.733503484591104,15.258359092217713,12.294721545454399,8.95785975639319,9.148390870530624,8.744181527014515,10.664789582549876,7.531894754811171,9.379033137633238,5.155648461276051,6.761084011756828,0.013298066414440028,four,/content/speechcommands/four/47d01978_nohash_0.wav,testing,5.0,Kitchen.wav
1121,-251.1088981291523,4.011167026829199,28.186396092900292,12.31281431013134,2.2678168251635777,-0.8193817280140103,9.972205274730166,4.951121119506619,7.393980298191012,10.991932022086452,10.297157389038999,8.737252116367783,0.04642609920119867,65.88149139317741,39.46336694764626,18.911903143998313,23.811937798764,25.29411233242941,27.032685502477047,8.723274742464586,12.256509435788184,7.370298802967596,6.62754015666846,4.326143055373834,8.569519813888835,0.014191092474312803,-0.5249561663638012,-0.6234946104923028,-0.35097937769233084,0.23350518662591363,0.4179462744165371,0.1980764962495435,0.0537196317129541,-0.037893495336059305,0.06721367278970587,-0.014732734853336671,-0.44224121622386336,-0.13674823447495124,-0.00022465459281398404,23.80072111893512,16.010171347445933,8.931179527640973,11.762322962952448,8.590530041468437,10.241043688954306,4.876293545210034,8.651148753146682,4.701602950208813,6.0705189573275575,2.7181194105090034,5.938474140433303,0.006819577878869069,-0.25656365865789327,-0.02997997997647618,-0.043804900780380504,-0.11396742296719384,-0.0727262779806507,-0.22633195951237012,-0.06174601377117395,-0.02756242504677212,0.3027138787912734,0.23545011811686276,-0.03767848566937412,0.09556582752421398,8.045770227909088e-05,20.173886613362992,15.02035193218412,7.870361110555831,10.034631508230621,6.945562758582329,9.25727676589338,5.285364399815715,8.737068497713313,6.090116368411104,7.431589367645007,3.3353391637478023,7.211513972913968,0.005753649169457636,four,/content/speechcommands/four/c0e0f834_nohash_0.wav,testing,5.0,Kitchen.wav
1122,-274.1000923892044,0.6536061701178706,55.231385032911554,26.164787211496474,17.699860037465655,12.819000223194095,12.782108706941674,5.250340152971368,2.1412864943713874,3.9606394757469374,1.8760098081181869,2.470058851316156,0.03645062286523171,33.807030609885814,31.99371670130115,21.259245560611525,20.8975444130744,18.509525640754596,15.349944079410989,11.320444299713712,7.683347086852472,8.940252204634044,7.356789688401822,7.2315436631149765,7.485696955318476,0.014095642257444762,-0.20567877690000425,-0.09898562330295296,1.0047293860287903,0.8376936921476575,0.14454147170306744,-0.7495977670591292,-0.5364939680939879,0.6631240155658013,0.92243343048407,0.4777876162303169,-0.44490806731939475,-0.5265877497245175,0.0009834917802964487,14.77260738253204,16.522527338609674,11.87911504953678,9.422911242110596,6.889705513573962,8.037067283578558,6.807254479015165,5.878363321324087,6.711044028735737,4.792456074110155,4.626712927717911,4.5913727030018965,0.0054800711613099025,0.2345952152624875,0.3456250816406808,0.060292334968573155,0.040445866447442684,-0.1014687943961231,0.524089622968791,0.3360531697350388,-0.03698353288755705,-0.14961492129862203,-0.011083658076146464,0.20478360940661963,0.17482461079181727,0.00028763512770334877,14.610849353195954,17.45244451008243,11.494651614611582,9.83608047930949,8.273129961405473,8.701655805169695,7.102251098684852,7.201975228060565,9.149254280788371,6.708832009197362,5.4895951967487315,5.236493936815597,0.004197173011476029,four,/content/speechcommands/four/aa233654_nohash_0.wav,testing,5.0,Kitchen.wav
1123,-253.95584937303227,57.76391975542113,22.44012357814805,23.824884368151245,8.63830808409442,8.026848738315483,9.657005455767804,-1.766639445638127,2.185039649493718,5.089083679929658,4.049222703287263,6.2677151225218,0.08245780991273932,88.64193346101855,47.85768491197736,26.365760682787563,12.289452801338356,24.675192114994292,12.62361077618924,8.92459261036431,11.738085929378187,12.802878315022948,11.032257911790035,8.174724527197222,11.28112442239514,0.07949537182369346,0.13793561988634814,-0.011423952711652877,-0.11385456663883302,0.23386627688596723,0.033730428122351996,-0.11926400498613211,-0.039322207276054545,-0.08199798810605465,-0.01778705928444116,-0.04138480869086456,-0.1547347624032147,-0.6408644639899516,-0.0011020291356309767,28.07911388171451,20.34724348187164,16.878635913919425,7.610677348349284,9.698845147187521,8.113155670346224,6.658376134325,6.527456887199079,7.76320460093417,7.2104041530439895,5.044640152531501,5.681909039928434,0.027013645173397802,-0.4798681418480688,-0.33412440172826974,0.03342647551037885,0.14275272192628005,0.2492968493865354,0.17614800613160295,0.11200058768023492,-0.1036584905806612,-0.25739106669490786,-0.05801678094326303,0.08723753752943794,0.044180797903116825,0.00020424059281746546,23.132248181327064,19.32418357154442,18.730954538948986,9.81931569728053,8.3710883141169,8.932655985715149,9.338579070792964,7.89948848006238,8.760042812856748,8.364219712150005,6.2807298222610175,6.123628752837656,0.016913470164310728,four,/content/speechcommands/four/e1469561_nohash_3.wav,testing,5.0,Kitchen.wav
1124,-249.6283926308366,23.50140440508744,31.05302945965043,12.442607461851168,4.734127300199995,2.682238048014235,8.201542781291467,6.817097309699623,7.483684859131181,7.573458507244353,5.87606403964887,8.458204108622077,0.052994138037320226,45.615806245803604,48.02896634040658,17.01834424855503,21.961376432270843,19.683060846815884,15.508419571083374,9.38613687095635,9.114397058408443,9.992313643067956,5.875156668422206,4.927209335650905,4.895763025590837,0.015558542189019206,3.8223981143858374,3.0472394000740954,-0.2939783152294933,-1.4893800087927613,-1.0466402287924101,-0.5181554417890343,-0.23179590981473336,-0.25578731701201546,-0.3489995616304377,-0.07714371400414553,-0.16407160804392026,0.19369781641145142,0.0007257162923774411,16.82131897588654,15.267439012520244,8.70537882380962,10.630933282861823,8.636268823356787,8.167026215316751,5.88960771214997,6.4028300259027,4.9560134796358835,4.754922034337973,3.8182820219082645,3.8223933686862193,0.007030385796760001,0.024282006456252246,0.44225902152827934,0.3439241225983491,0.1030856989227497,-0.07296938377035571,0.2041891455655293,0.06591713450807928,0.1278968640027213,0.1445392914410353,0.08805563607143743,0.08533009484288114,-0.23183902621402316,-0.00016713620473941167,17.05042356208375,15.147965819034976,9.020871706511924,10.813131579012087,9.929030184541006,8.488789525293484,5.649504571507604,7.576785069530234,5.4851512200183175,6.2825721084535715,4.643996705174724,5.218704383803175,0.005197013655088378,four,/content/speechcommands/four/f264e0df_nohash_0.wav,testing,5.0,Kitchen.wav
1125,-249.9990630999743,38.89233662565344,51.3956001239675,-0.7146015352089918,-9.758736286430803,-3.957694782884131,5.8631324337246165,4.345473338374557,2.2055822045688975,3.3938527276257675,-0.17094348451587205,1.872118144301042,0.1086691718082875,50.0923269941597,48.33283804840223,8.990045651615013,24.250888411033447,22.47513378259479,12.777113806565517,8.074783754632316,9.752983499903277,10.839188186912653,11.204129213672298,5.883506410727668,6.75528336671413,0.07896303431414715,-0.3629776241321253,-0.24279978171837355,-0.33928507431690513,0.18099137881162206,0.8853970818068686,0.9996945687621701,0.5266168325147141,0.15586223964840157,-0.007752969969095361,-0.5651427060158666,-0.24380925993610997,-0.048989075947219136,-0.000687194207022267,17.71791028939556,17.454034813863426,6.5243397580096145,10.690183536827565,9.677314107288257,7.024978169249287,4.636215847728753,4.198219132177545,5.875746693723271,5.8924937366093,4.264044255136845,4.888942227184832,0.023775130641766052,-0.6337976153960445,-0.5786504956408031,-0.49566773015882315,-0.026755257723839895,0.4350907860028321,0.427082148122615,0.05987459388693116,0.16510118161730442,-0.21306281954535866,-0.20754219909538524,0.2180229772906128,0.11950344592593233,-0.0004324683298667272,15.785729663406181,16.24306406726004,6.592023728936411,9.986840711757115,9.514566539820777,7.621760389464616,5.811233975456511,4.794522691740065,6.469479765483319,7.1607169295035025,5.697915975192102,5.635564972592006,0.014175064192875527,four,/content/speechcommands/four/1b4c9b89_nohash_3.wav,testing,5.0,Kitchen.wav
1126,-254.94266039709487,21.73030555086529,38.570623535443055,23.547449259374137,13.510738038588286,6.553602396529668,9.439010475082714,8.794327469636116,9.842506423948059,7.559107694823362,3.42191596576684,7.649131399869748,0.07873053016373888,57.45175124432102,53.63552134248634,22.899950739413416,12.85529486089368,14.785806419604652,14.940362913329034,11.157270061863867,7.549074311106411,6.855868807920102,6.088909321211858,7.901429347300197,7.337188174313406,0.061288659311008756,0.7551317152427259,0.5768825422335719,-0.040626476505253674,-0.5081647273993709,-0.6605142316428962,-0.27773553578642984,-0.28181980070623064,-0.05666359876092249,-0.011854844820320126,0.23538933058835987,0.16318824009349375,0.06985151379570491,0.00021049608626673297,23.03337746807244,21.212478284385757,11.985834217471167,9.157658506682214,6.961237837537192,7.667123363407413,5.844616934681062,6.025531661754325,6.279371368704639,3.1834104498472597,4.194106566087159,4.760410800140127,0.022262743127098947,-0.12219284192922827,0.0013892423261161468,0.1796068111965185,0.43569983150687125,0.1321024948242889,-0.009833612446055007,-0.13555974629185397,-0.012241114194343972,-0.1898815732711726,-0.2136873814170487,0.01180012529158431,0.1621130166483282,2.8405835231145223e-05,20.52667224751847,19.80845115827471,12.042224052347182,9.51706000269438,6.800644763198307,6.9551768711666995,6.489722856080079,8.283577498114596,7.9618301499115915,3.724207341773508,5.0500204313268044,6.227545702036206,0.016467192736401248,four,/content/speechcommands/four/e41a903b_nohash_1.wav,testing,5.0,Kitchen.wav
1127,-254.47124231239374,30.846734125363255,18.577713939925786,9.772293548024408,3.6365750079181045,5.365075119077376,7.475660428506168,4.850132333336104,9.141491866367605,7.960614208705932,3.965605784243047,7.429235165373607,0.059345780580770224,47.5519531289197,18.427791826595463,15.956820319126264,11.781802250788607,21.206930102458642,8.18049848423085,7.583587674159913,6.567490993687182,7.268396189869444,5.012247320654711,7.832034156294644,3.798993444929393,0.047105592646462253,1.7119570885109265,1.2777287038142446,-0.9304166550760485,-0.8117918959314913,-0.01778360194977456,-0.3709751823121431,-0.29256884068571953,0.1996193644382816,0.35272457896350823,-0.5057702862335515,-0.6332730293580492,-0.058012836169289636,0.0010475268767726038,16.00127963095946,11.031032340094976,8.34699238944276,5.574074414818369,9.9402985293717,4.16594330179129,5.670810371215559,4.100275415731079,6.643245069579564,4.336541577251766,6.75406828642534,2.6349909394367654,0.01470579381110342,-1.4827055360534813,0.11179635738125158,1.0471471893869495,0.5279970510893456,-0.019290705620607914,-0.1482084113171115,-0.02292926306434264,-0.12627307786389877,0.19007817722953674,0.3122505489778804,-0.3614570568342284,0.07310736192379795,-0.0008120204011599223,13.12104811158559,13.286277694438436,7.413412331869483,6.765308476121665,9.22141433577318,4.303105898935308,6.281291766301955,5.3804384610279286,7.6797398903828,5.441107425380361,7.199936981062668,3.5414639939940806,0.010346207024596007,four,/content/speechcommands/four/50033893_nohash_0.wav,testing,5.0,Kitchen.wav
1128,-288.04490809095324,6.148030774249984,43.39618627211435,17.41378295077872,12.113169366787034,6.548790898450027,9.027840898755791,9.217313188201121,10.552558905580433,10.469510314602104,7.242126735198125,9.928003608382948,0.032022721017710865,41.01011600474151,34.77688711234595,13.847388204010585,15.747217962063798,16.75297100034762,14.191799548629794,9.442167861497138,6.9790304805205805,5.061974673388254,6.117954354873162,4.422705044018135,4.699173970137794,0.006811197181867286,0.16155297257202048,0.10975986155768379,-0.6362749912114886,-0.1522746866773873,-0.31231051391056974,0.07231351208862123,-0.22471017970593474,-0.2766562299153268,0.12675140124509007,0.05809603234264018,-0.020868746219436,0.0042789080189557065,-0.0006756633520126343,16.394282387639493,13.590742349794171,7.931181697326945,8.092404654367533,8.068774188168133,6.869490523198012,4.979370434303921,5.397087601481585,4.481943193181662,5.438159645114325,3.583996207158115,3.5947655989345577,0.004366865342324253,-0.6081731488116248,-0.2647021625024536,0.04149133342591422,0.04368475933520936,-0.09870771996893915,0.1232283543662275,-0.04573728152604891,-0.02065502677007327,0.04362198298838405,-0.3764453585854524,-0.007215008398964784,0.27279441106394137,2.7740995089213054e-07,12.538348026165155,11.086191191726261,7.712544458092038,7.6824725968070915,8.74760689031802,6.684681752030637,5.8634316374009305,6.356347786729412,6.4072687776523845,6.697473734409377,5.194526593183338,4.415990447117223,0.005229616941770282,four,/content/speechcommands/four/7add4c5f_nohash_0.wav,testing,5.0,Kitchen.wav
1129,-284.456486122669,56.291619004502934,26.166819593959193,5.75047822617722,12.39372842782195,7.646162151362122,5.051867141125443,9.443978778781165,12.51795502435083,8.744335909771848,2.4199604908961683,7.3745625840120095,0.05041304900078103,63.53691380770495,53.016325338685014,23.36229863403893,27.020697245284694,23.060593980034167,14.770517597852596,14.296242660875466,6.4743448017074,9.947162393590327,6.842791023172141,9.205631995253674,5.313179411934783,0.019378609158904422,0.19992198620869958,0.12475484522263235,0.14756107613176953,0.04370558808994906,0.021112080578527943,0.3087266416810191,-0.046228858768500684,-0.007288597731591181,0.14172624506331188,0.12591634247052208,0.03158580770566451,0.06899262891635201,-0.0006966691223844405,22.298732962017272,18.937998146643412,11.48464561519197,11.853386785006402,11.721273496272381,8.028319237933525,6.969626495472042,3.663476723427339,6.301093613213998,5.011620310081448,5.636151631976826,4.123069787030188,0.0071021982013402644,-0.5979678762059033,-0.36364521577385317,-0.06342141959001589,-0.2617264497492151,-0.3004033987096817,-0.09535804645105982,0.3173328614506038,0.36101359758904034,-0.18135108940015077,0.09998631542606008,0.1942852358175829,0.1996526600572401,9.686499834060668e-06,20.72943615434514,17.969198861624278,9.325649527769436,12.988102376494606,11.585931071280015,7.992088316595741,7.532114493583025,4.395621588696829,6.917641895594437,5.913147704505258,5.942001713300711,4.723274291153468,0.005145747940151204,four,/content/speechcommands/four/1f3bece8_nohash_0.wav,testing,5.0,Kitchen.wav
1130,-273.93959257049505,9.632345216164017,42.52519586564313,10.355466251938617,9.85238717434456,5.130705407833888,9.64077271981877,9.952793596974296,10.47244057548535,10.32107898996809,2.792854365050935,6.810329821037752,0.028619850345421582,50.528748650786504,47.01078180397134,17.532164128804816,16.55732891937169,21.71959512352113,14.629100527766104,9.335405915726975,5.985728673268835,5.465913769858725,4.2408792869919605,4.379365042584733,5.266096892973049,0.010151579243918083,-0.5639618821416548,-0.48132387153376816,0.26386749120678066,-0.0695702932781587,-0.05256217077816614,0.37411390403264605,-0.09296480248830277,-0.0894456799987173,-0.04657407077398182,0.14455309853466333,-0.2488241846599474,-0.36645803111821845,-3.8307881163012596e-05,17.05985742280014,16.426181803245576,9.672777023064048,5.568844671934704,8.138988873824772,6.385667273393468,5.751622069823549,4.434706621321123,4.557552202013198,3.3850739755751946,3.5874794477132084,3.343359266252503,0.004191000580395272,0.2037661542889945,-0.061687541383988534,-0.1322597131221869,0.041140035122491155,0.35116155050040637,0.06394771296930918,0.1516968322590549,0.1934022080037508,0.35052780664961364,0.17680540363003297,-0.09300131535651109,-0.056935506443237124,0.00013714917004108428,15.422849874278729,15.145490892604004,9.626887640235058,5.840396374478944,5.8895026016818965,6.144980500881505,6.8478619732045045,5.703557163168386,5.3468017899323526,4.706093089616192,4.440466648132177,4.17665499453178,0.0032906406465821373,four,/content/speechcommands/four/62ff07ef_nohash_1.wav,testing,5.0,Kitchen.wav
1131,-190.5872261878311,40.346808392548695,5.590737625822193,-9.660170954827896,6.204463854669632,7.780748535376171,2.6298931994606867,-2.236692491618114,1.8956656385453363,7.416474358107045,4.874837332915037,3.1523411781367354,0.07501475012395531,57.386482665801125,37.39323399777241,14.87458678912309,21.071789800291885,28.674216160360128,12.443184163220922,11.261538847344275,9.019212697334634,8.160527573147746,6.983666200189952,3.0799180972790023,6.09703433789235,0.07875926711480598,-3.133776344731143,-1.9699244876454016,0.4269453168526655,0.9429171836347907,0.781789796070922,0.29113359715467774,0.007718377816595944,0.3458278721154356,0.080533698908382,-0.008816350025085854,0.09431624325868529,0.23444098778300337,-6.878484160669388e-05,20.246538281060268,16.608121208813884,11.475979073220781,8.929458166583103,10.623176292238792,8.59050688493131,7.694930545803483,6.289198765630296,5.279344225220788,5.761977600233375,3.1550650200919117,5.22987131947719,0.029789583349965034,-0.3235540799498684,-0.03429522362332745,-0.037651246753339154,-0.18833903916369757,-0.22774485239036774,0.06981268956989162,0.3970437518121924,-0.11942394691913284,-0.28297173647057067,-0.048604322512573246,0.00550682183318892,-0.14703335177355428,-2.5732629001140595e-05,18.37863156204366,19.07820513711443,12.803741727604692,8.200896017244224,9.232350325452375,10.562205654886528,9.032501562093202,6.1287437328896255,6.84965287393213,7.049487284560578,4.789212986085521,6.306701279222502,0.021154445175905208,four,/content/speechcommands/four/798f702a_nohash_1.wav,testing,5.0,Kitchen.wav
1132,-298.42987416717665,11.431784400480048,47.44533063838246,24.941872875280648,18.469490549468475,5.958404164981541,3.425164277915597,0.4026073567453423,2.324900618835241,4.710364509609387,2.7032464171519117,7.750944305618378,0.02948378727887757,36.786188133061685,35.30618605531412,19.14625538018222,11.942948649448349,9.819542023286242,13.917272618502887,14.56511402394537,14.244554858799976,10.885585348604256,7.341366704230668,5.56236018952359,5.471296582466225,0.011175845534245023,-0.4438906859681589,-0.29833974515002437,0.42267735327033923,0.49218189341083624,-0.15295593138427005,-0.6571127560825695,-0.3812834149028597,0.12359907896089675,0.2532919449324701,0.05188665099273682,-0.14550626109885686,0.008144808844683295,-0.000435135297236904,15.231664682696849,14.037811101178566,9.062176218032212,6.984802761123662,5.154325148565611,6.710418968018951,5.999765325550864,7.366287184057676,5.324392550102019,4.050804115646344,3.463357287409314,4.544222655157058,0.004768691670187254,0.028788916265210674,0.15084798531613272,-0.3007990237631454,-0.13722156923169315,0.33752180827492206,0.31844874094203457,0.11091379904597118,-0.17129967994229447,-0.055478161132969814,0.1424998888739132,0.00014211405546804556,-0.08894332545426155,7.469051827987035e-06,12.402258724247764,11.754251266861719,8.940728986741721,6.233311032096166,5.263881771634366,6.549860132213065,6.492385438250423,7.4474916312773916,5.318892725989804,5.296460017731971,4.48084871207728,5.549715612940805,0.0034907891228544963,four,/content/speechcommands/four/7e1054e7_nohash_0.wav,testing,5.0,Kitchen.wav
1133,-276.8784721605327,63.34616455231443,42.49144715676175,-0.08471744394818914,-12.583888187401291,-7.496742927366364,9.373673494073103,16.093550271368436,17.89584911241975,13.616799995841312,5.963355032515226,4.174059137416761,0.07779470609966666,60.09821029864746,58.95998604151056,13.686459387035306,21.6044826147472,27.52941193747962,15.775296579741145,6.862913416125507,5.855389814149767,7.422726778023898,7.374583135293914,5.976347545903383,5.530931043767386,0.06396316995768825,-1.1839742323890783,-0.7952544515692581,0.216367840131657,1.465487419381539,1.3532578002229265,0.8071372911603069,0.15809242236181337,-0.13916731080366274,-0.1629766583938913,-0.33928626365771664,-0.4674233312201766,-0.23895107270762386,0.0009989873055488833,17.929385396343438,18.04844517462465,5.691618349506329,6.9311832729551295,8.277960798766706,5.9152528474659425,4.410780491682178,3.5734418542781157,3.733997009194595,4.687992174890785,4.015572569915566,3.2774265109378624,0.020337318268637373,-0.49700696429152913,-0.05003657035897359,0.4804110239124019,0.4204590305581011,0.13737713643757404,0.10673876488834377,0.15843862219036958,0.12938674546157122,0.23493245017703307,0.10142909524087959,0.28755249526529697,0.060140630291284164,5.568365255991618e-05,12.50518818703363,14.573593095043451,6.314451876056938,5.955752695463498,7.090713698392103,6.733788102385786,5.183610976746959,4.251308884649219,4.249446702972133,5.877713614786206,5.066807780834651,3.823447232189633,0.014055523513409607,four,/content/speechcommands/four/5e3dde6b_nohash_3.wav,testing,5.0,Kitchen.wav
1134,-224.06340277294876,46.44935838522738,32.3752849108682,-1.754384929627014,2.806056542906957,2.400332424855077,6.884257851849043,9.880371566041353,10.000845066400053,9.763252808449465,6.006185768597138,3.320259974487895,0.0500917840981856,41.67818550530421,33.389935583899536,11.92631912586776,18.01281068631684,21.311485288194316,12.904032214664364,5.7323622304947115,4.22823165962581,5.108141250130625,4.261562530161909,3.5311039866111487,3.718721300887794,0.017055334672421388,0.2226181990002594,0.17611378542734482,-0.5587065241817019,-0.4847715170881707,-0.2072821645814213,0.04685213423776404,-0.056316504564902906,0.035149533406909204,0.24953514612447872,0.36040142410850573,0.09311814643741209,0.039087018267273656,0.0009499155585804294,13.290276221521932,11.798404347644118,8.240099631739692,7.036540234959901,8.105242161307801,6.130114556152678,4.217318369809115,3.773682426959198,4.136826843872968,3.3795839440114657,3.933618855067496,3.3576050469444314,0.006936112737653576,-0.7009810427066706,-0.5981983811541995,0.045287818682570403,0.3382687991703983,0.16435213285766395,0.09575944541809461,0.1315349729453071,0.04119328630735198,-0.16389461062450675,-0.00028621363026519003,0.09410658598664584,0.05670429749963815,-0.0005756136650840441,10.311171497968024,12.000011340481821,8.881864304056213,8.06628822098467,7.444133292455142,6.411056065511205,5.449973717438689,5.024043184507722,4.737134204236606,4.7507217255139995,5.19976138838216,4.792588255256144,0.005201261284670644,four,/content/speechcommands/four/0d53e045_nohash_0.wav,testing,5.0,Kitchen.wav
1135,-249.11565913058956,51.20263096151905,35.14241144338123,11.07860521058823,-18.747502575093556,2.2614002485599936,9.330632507505644,2.2044006351544487,14.03593785050901,6.843419508674264,2.633051170644152,7.494942339807274,0.08522994467057288,98.33663770298853,63.80788612697851,13.330539559485945,15.745711019190928,45.04494231192841,18.114919657757646,12.343313903339075,15.843838539694472,4.972354129144462,7.047955536417068,7.073057140712751,6.100331847760665,0.08047212849927904,-0.7375658913215265,-0.11308813420378665,0.15477086968408538,0.36058933927370873,0.18572359798297558,0.5001197409427671,0.03947149395171,0.3202308628434853,0.2942984951751232,0.09806596607231353,-0.3836117719042929,-0.3105281147077521,0.0001177453706341405,31.042714538090642,21.39010592987758,9.100715678223562,7.533826577648241,12.59451656939808,5.737271728103233,5.104825913492917,5.9957187781641075,4.251236225528248,3.8233747414481276,2.726486880322808,3.8863023496517055,0.02489566987455872,0.10794963970992058,0.1499583490332345,0.18497693597407003,-0.1606669736282034,0.05547336608937113,-0.1447291848655653,0.16236110843224083,0.15050382107073604,0.05421161735042717,-0.11717029251597874,0.17316708714234286,0.14804373510706353,0.00014464395741621653,24.37212880830267,16.64933447090265,11.246125102281699,8.993108473491455,10.025999493987104,4.58379973900857,4.59099144024893,6.606234556755172,5.383614052558064,4.316085471993466,3.3520511611222785,5.078513083185749,0.019196121952049602,four,/content/speechcommands/four/94de6a6a_nohash_3.wav,testing,5.0,Kitchen.wav
1136,-221.08105506968192,59.155151771425935,15.54877039570986,12.983916875469042,15.11700046817263,-0.45941373631940374,0.9602108196887831,5.342297014996623,1.0176768248063925,-2.7732037389772737,2.1583821661960223,11.424189331545918,0.1073877332964912,78.33467053628353,60.76827253428987,18.708716980291534,19.84299062028734,22.490871446717627,11.129734470256597,11.185722046478775,8.808814831841808,11.87135462579057,13.287017380772705,8.362305497080344,7.173638587057968,0.1144349808217896,0.19615583089957103,0.1677926423643472,0.1758341068305106,-0.4433692634971537,-0.2295111838597607,0.3653050572391501,0.859140209489327,0.6667016900720439,-0.10433777510314637,-0.6299063673656031,0.15295650955593523,0.2777759023947298,-0.0001839363286572118,24.158338873728198,26.684953434515982,12.304156937473039,6.916703824672513,9.861728465469021,6.297157843807769,5.362590897240017,4.795866105399113,5.854087712494609,7.123353113417924,5.7417307441532,4.236873445903954,0.03710963310331004,-0.47644689643766136,-0.1394111790846614,0.27703956236291455,0.20252231521491423,0.15282222606177112,0.17944510069907274,0.12581565708637943,0.19096282028372863,0.3852767319945522,0.35607777993506873,0.024150041768337172,-0.2905650297942047,-4.771910607814789e-05,22.30871634517061,26.129372006443287,13.637054077745166,7.7254592156247375,9.300426366356723,6.821052994841922,6.372904057547972,5.621576355118931,6.945597358689678,7.631659392642147,7.162211936650603,4.706645696862619,0.026951541568456597,four,/content/speechcommands/four/964e8cfd_nohash_1.wav,testing,5.0,Kitchen.wav
1137,-257.1208729423841,66.47487023590577,50.917555888190975,11.79181528354628,5.667110417905361,3.603469888794096,4.632766554930454,1.6101715604126743,6.619186628865812,9.471018807310418,7.020015223592373,8.893823974939648,0.06420571624767035,59.41657714924205,52.012717617433765,19.603108130562674,24.959924581418377,20.87929833815462,19.975805442567037,13.74584372435495,15.140427467891204,6.579772616249042,5.335775413330427,5.493833206867224,5.288418424766608,0.04357424123584106,0.0771580852260557,0.2235691006731047,0.10303599364771979,0.033798141705804044,-0.1294955600094081,0.2964734327605787,-0.009001111163319862,-0.11610449658676647,-0.16521218447204516,-0.14490329694093163,-0.15052421406618816,-0.15619005860957355,0.0012214648867807081,19.6358539105521,16.59205081744862,11.876654384234453,10.32186096920188,8.115704893470374,9.516300025838765,5.95321482343093,6.8973119693654015,4.078904290266985,3.919834502124517,4.925740839108004,5.006089321497925,0.01508393935843723,-0.15153533754139895,0.016889401445218985,0.0818909660500952,0.23685494964946857,-0.007684208235169384,-0.2154734463375006,-0.1365576846103938,0.18314055184325795,0.1486069384793982,-0.0689901398506058,-0.2707821930519073,0.018638786589305845,0.00012345338861147564,16.14403378422338,14.150169699429412,10.964155361338026,9.06993724277363,7.005105439031455,8.848202124476122,6.961065052274176,7.223119057281996,4.91704448968974,4.585175979195375,5.987989923538891,6.692756882647542,0.012013422686195766,four,/content/speechcommands/four/c7124b73_nohash_0.wav,testing,5.0,Kitchen.wav
1138,-238.44800953333285,-12.489644115130712,32.32112792867243,20.098914995298085,13.384896871238045,4.5237017679274025,8.94081277224307,9.186979196880007,10.381106744338553,8.973596567800003,4.016976540918923,6.105607385310696,0.04771332175005227,15.56719793760966,17.95290367183354,11.640570611586499,5.855546356377879,7.940780706933824,9.858300682741971,9.646687775520563,5.853457080117033,3.4173320422120836,4.043641315036746,3.1929008496609117,4.20295260323528,0.008743310197745173,-0.053707595206052734,-0.1269951572868234,-0.08645683284021816,-0.14829712406720688,-0.17946721846853125,0.007896662680133273,0.20829437277820237,0.3403829568663974,0.21191323438989873,0.26339996208708594,0.039025781084203064,0.0744731668425781,0.00017742668428728656,7.668775595253869,8.568694699979034,5.766222987619007,4.083089487624712,4.351663593572555,3.9572580770595387,4.081669311610042,3.5006078262499853,3.249390490315638,3.687668532283232,2.3895091933413295,3.4282824315496585,0.006055085221148841,-0.2756719152129458,-0.15945538184654082,0.10125240034539332,0.3890938257950091,0.23426988012475444,0.01431740895081249,-0.010360680672477507,0.030196902730109977,0.03878698160413919,0.15702584408130468,0.06536906905704969,0.28791016573466943,6.6885973016421e-05,7.710371076488895,8.89971162769799,6.830956869694991,4.892566261697318,4.582196827446231,3.690540958942248,4.29405953434906,4.248708928904457,4.319523246394519,4.6973593403213405,3.2048516352484566,5.159462261846889,0.005242149463110691,four,/content/speechcommands/four/1528225c_nohash_0.wav,testing,5.0,Kitchen.wav
1139,-311.0208029954323,32.3608606775068,36.11444658748866,14.010535075759709,11.156631770385726,11.548045343686232,15.432494340683393,11.763493341970738,9.839601160927062,4.5704002075483325,1.499956022521491,8.063031320620421,0.04196033824700862,31.694474517009198,30.073750706602485,9.476953828351421,16.62166039241419,16.611103423746247,11.770294541969887,7.0464889761433005,3.7294777226748725,6.5394682075825195,8.665268863333335,7.653615965806259,3.655319811040423,0.008604269225207512,-0.012478067336440935,0.017054478066917983,-0.034313105972873785,0.18393377910061773,0.09239826843788153,0.044190578941977594,0.2379766366925845,0.17452634636537745,-0.03755475183774266,-0.04802077877337236,0.05583683858405681,-0.10395389657734266,0.0004823243305567772,14.541922903589038,14.13304421884932,4.067644557519118,8.59974967067426,8.048059027397628,5.584633577116815,5.19991303260789,3.050867747905626,5.433483799271884,6.543708622590791,4.648227451683229,2.9943059176912987,0.004735891853572649,-0.3776721888111221,0.03228869333852448,0.224795198588284,0.2485626630635436,0.11442521317090784,0.16901003617058913,0.1540080175225794,0.16419442802569678,0.15106632191447017,0.21943660319940045,0.15748255446070067,0.12577948093100544,-0.00016869020958741506,15.438575974936125,15.23124993500754,3.723967494177128,8.707042686742335,9.143446880741582,5.889695426645813,5.747078535856704,3.9411835416798215,6.396802603210524,8.117092991466961,6.234976815327061,4.411298165372044,0.003667799148546307,four,/content/speechcommands/four/67961766_nohash_0.wav,testing,5.0,Kitchen.wav
1140,-282.25834277300754,50.41297934727045,31.395894743203375,3.3680776152720724,5.253740337389197,9.711372956362025,14.552679820986528,11.490056479228816,7.841784903259235,8.652663399068121,5.567008229303223,6.4618504471879055,0.04131534516811371,47.457235495594595,36.86307970490442,9.197471546275859,21.893386422011364,20.413146462165667,9.193802615472011,6.155457316364898,5.205816569629314,7.416934370185102,5.342589494422831,4.675479116331777,4.58078003827498,0.014223692623121025,-0.5576498530349691,-0.6691077884600443,-0.023740194345419557,0.17827655891943728,0.2185752447602726,-0.17984273665294145,-0.3451597701190459,0.577782601529186,0.9880368423009028,0.3828921490770622,0.23382289821331112,0.396559591482432,-0.0002659192153563102,19.96320181977096,16.6346563199603,5.825588976409571,9.023895627286025,9.65262670826457,5.93374114022657,5.333943443003469,4.216294006135776,5.607601105723629,5.08039334957176,4.459887215560094,4.6892865764611935,0.006780750961778555,-0.6578354453414452,0.007008933566836609,0.25150569825471947,-0.026589811033157766,-0.048824589025030556,0.05672219879889131,0.020546451380569222,-0.20830227994252998,-0.10035096581177527,0.43136405315822657,0.44163644788916423,0.062036157108884604,-5.032680928707123e-05,14.25125046924387,13.106520045194433,5.783012266913553,6.671099805168708,7.847656893673561,6.018029843450485,6.1295121890883655,4.927561390324533,5.981023891816195,6.652593236554844,5.530794039143855,5.7384713655930115,0.005210756552231233,four,/content/speechcommands/four/5eb5fc74_nohash_1.wav,testing,5.0,Kitchen.wav
1141,-189.12104692932604,7.034738160129952,29.64217803409213,12.877668943991843,2.3786609196124675,-1.4154009046790985,5.144633072314896,6.066282191608321,4.395449788147625,-0.21799019211955323,0.6575018884118966,3.2898394570870932,0.08828954782802612,53.96112754480576,50.197952272970575,23.13428042135715,15.594128659911748,23.36623298065398,14.523737574364354,8.377810103913442,4.024493434719786,7.071390186242242,9.293008118497108,8.039307179868045,9.063374200908225,0.08111026916766098,0.08058778412974778,0.12107755351179234,-0.09305555728505774,0.21140861995492824,0.31329160382181775,-0.20356870740801164,-0.2983092876036731,0.1139459932114799,-0.09607118242062189,-0.23454489700935335,-0.021876148421240787,-0.44392380154639083,0.0003216337532766404,18.93248357055439,22.241572664047432,11.262580527912185,10.36477377575936,11.97756684559784,7.182507109916443,4.657245055054884,2.836855032087604,4.114414214441081,4.760706672549048,5.022364779055839,3.7847794870957125,0.027385889608237374,-0.5762831743336145,-0.3361369881095593,0.1352083751037122,0.3009279093441923,0.3012093368874391,0.16060788236583026,-0.029399578757962678,-0.136378850815904,-0.04606172605500566,0.06419445249770585,0.003991240046318634,0.21926853257341286,-0.00027261003851890563,18.504722657770586,23.364839618524943,10.32349705315281,10.180282656905371,11.989561961722988,9.239742924612099,5.642311092140871,3.4879031219141394,4.562001323627109,5.074364126610593,6.135457777083034,4.322837335103645,0.017036121274906627,four,/content/speechcommands/four/97f4c236_nohash_2.wav,testing,5.0,Kitchen.wav
1142,-182.32853240199591,54.543005673580694,3.4575732520713602,11.953008658407157,18.30249315132378,5.1345322100527735,-7.701479159607974,5.083932563715868,-1.75416587444537,4.673966460261915,4.849992977453304,11.767833448229645,0.17383191228145733,132.05630211476247,54.92231556329354,26.564374736728585,12.004015910347075,17.952031762786262,10.996098599210478,14.709031973753655,16.586610878337503,12.875846757009658,10.876901764998603,11.968672554530219,6.362851659776244,0.20612818891861992,-0.13722025157457277,0.22996600107327458,0.11744885500440908,-0.4352495881428068,0.05382465181812592,0.3613600364475314,0.3485644015399095,0.3826769881575853,0.2255464929338175,-0.09534185207295559,-0.11879386640157864,-0.08950920427215775,0.0009719480670267535,36.8235360916015,23.79977529355243,10.510186296780414,7.9068449952743265,10.288827511844358,7.4662910670662095,5.790001382690431,5.969271093127697,5.309717782717052,5.943084765398626,5.765325586027549,3.6036737400056076,0.0616027214989452,-0.8973674519865154,-0.31667319607254074,0.0349278272927215,0.1613394461455266,0.3538576094270301,0.3959293627475694,0.3586565317313154,0.17117138103712992,-0.04846423057715435,0.12777163493683244,0.12642455247941803,0.16614693912843845,0.00018358727296193442,30.246454396386078,22.578870920468727,11.895973730350889,10.076667826591635,10.976623346743986,9.430107764107785,7.861417195365283,5.394208873779538,6.022168890583331,6.444419879917413,6.9066813326748475,4.033268377364696,0.033243814828468235,four,/content/speechcommands/four/964e8cfd_nohash_2.wav,testing,5.0,Kitchen.wav
1143,-218.39608143121148,48.03619600843025,29.474334768199164,8.402853342131568,6.991926704485571,1.1924872425855204,7.810112325399185,13.806206448503046,14.715184591640199,12.193868466962911,7.133910223300238,7.5057274338777775,0.05241988168563694,24.138215293976007,24.810686320130237,5.9340621262098106,9.82127097299486,14.988055629548315,10.254066810891088,4.706561153432561,3.659974485163927,3.1220707543923476,3.434309294106857,3.7511830589672135,2.669413480517827,0.01150631292188402,-0.5139422364273071,-0.08551990442013284,0.10760140136863316,-0.05603789780403385,0.38545016311407415,0.24689661485286674,-0.0028493861727726497,-0.22670353370711574,-0.09532591671260601,0.021286993568053726,-0.065880038302021,0.05184475068134,-0.00040047771988376495,11.015450718802727,9.941745459022666,3.532705824745961,5.96786803405576,6.714405190208465,4.531933894745018,3.290344159278383,3.2528713880759934,2.2773872946648406,3.4307794888446237,3.176769060246465,2.4465880993732716,0.005503564608975402,-0.6420892761173926,-0.05745439089683562,0.22267941216624448,0.0797074336763945,0.17142859897366922,0.008590904986689433,0.1223821724392154,0.17440245678911837,-0.0877356750019659,0.002360969699232503,-0.17104738271886755,0.0816734342150577,-9.70317671696345e-05,10.91304908742252,9.613415034317308,4.185086295429398,6.446180650251558,6.827989359833589,5.175377155416052,4.038094165478227,4.363267735781073,3.186439930930636,5.060182994978995,4.172350218190079,3.2364470780442094,0.0042605762921911925,four,/content/speechcommands/four/ad6a46f1_nohash_0.wav,testing,5.0,Kitchen.wav
1144,-220.1503274499177,61.98073688239958,45.71784840134437,-6.540747863303049,-9.908066963231104,-3.2369761495422127,7.394513294642319,7.069006185986731,6.949309800984546,7.353608403879214,3.8191879916315625,7.748137138619983,0.11975478313979693,76.4385464813128,65.69636123711233,12.735021051984452,20.149546784529225,16.469262638168427,17.873793268949377,14.18409522025365,12.052234295956387,8.10851337731948,7.265317300040102,6.354319329077538,5.44528189752852,0.12517335609850608,0.7682136694878087,0.5809632369562727,0.45881626549535276,-0.056955794453886384,-0.44667081546773757,-0.3405350796508259,-0.6643722438953358,-0.9638840923013128,-0.7061510151321435,-0.49774333561210177,-0.43653335213268346,0.11419338788087871,-0.0003441281676773102,22.815801296411326,21.044674271737424,14.441032736083617,7.410348619671509,8.72543714219818,8.817887285062957,6.5544689835325105,5.033282324931315,4.254765777848769,3.9502746899809917,3.7291768013173416,3.954451914192778,0.04388066793231625,-0.19445792450267638,-0.07894431042719864,0.06120184571348328,0.18407634537008194,0.04484647205707815,0.010934978749594926,0.14104063397853384,0.06288073124003322,0.15824965389333506,-0.04733933625870614,-0.16909969281116746,-0.3130506751960957,-0.0002265689584116141,15.892888390237236,17.28185202108526,18.981867084655722,6.460169663943467,10.606462153526492,9.5519028320731,7.17641197392392,5.771273876500189,5.341095787077756,4.548039049596331,4.608745891968613,4.147271997398127,0.029460126190721664,four,/content/speechcommands/four/d0faf7e4_nohash_3.wav,testing,5.0,Kitchen.wav
1145,-285.46281638804714,1.17699523338639,36.495915607320356,13.044517663200278,11.090525127359669,3.4779776147436072,1.9259404420036388,7.169203624774854,12.146788578235471,8.164014312230432,5.298648697131355,10.413796349272396,0.04211533977650106,42.95625954057253,35.688926765683554,13.22350582652329,17.069063653855252,17.80713394420642,13.294005240000635,13.230605921565509,8.71683354104651,6.566883821488964,3.7337369438760506,4.863519649558645,2.643969510249401,0.015416388216487525,0.04272441111175252,-0.2926867599553119,-0.45216465824912183,0.015881485429993347,-0.16663679308031729,0.33007635126351986,0.11324604025408727,-0.6151469705016079,-0.22006236723993278,0.04227138256538292,0.039586902867274294,0.06284740745920249,-0.00043298159876177387,15.56236424229989,13.227052589619927,8.37699962101322,5.8303215769714445,7.9878869713037055,5.076763832729678,6.144488488172932,4.553257781817879,3.613354653980754,3.2450982695047266,3.559149736913836,2.924839613615033,0.007457364381993269,-0.06757552272544937,-0.09628695934026225,-0.04294067267088859,0.11756732648326018,0.1211988188999411,0.2502666721229356,0.0774623796839364,0.09165810654028551,0.09520380248751656,0.027220367543864327,-0.029882987463912988,0.025375786447720237,-5.331772069136302e-05,13.157017830708442,12.403628420206365,8.519744473757456,5.8066488532966325,7.329063915804471,4.887572308264004,6.895845248740096,5.42752301500123,4.467980809637951,4.754347427478865,4.176896616328188,4.311672147639904,0.005462326276994106,four,/content/speechcommands/four/587f3271_nohash_1.wav,testing,5.0,Kitchen.wav
1146,-319.7205001914334,-0.25022454250200754,28.566554046467505,24.75744456210232,19.89190572421789,16.0421739525803,12.905241369706129,11.857579625846906,10.62881833497699,9.588795988550594,7.258242142049459,8.710009204037348,0.02619755081832409,26.710249488244113,11.259634500541639,6.5109805614285134,3.6801485037540393,5.637853260755091,3.2511069061156497,3.829725171282563,3.5160508208639256,3.4416172230951307,3.242373701749169,4.402728079453614,4.762684923137802,0.007052594978397504,0.7679777283227824,0.35603770367999404,-0.09418944172672684,-0.4203514234998057,-0.45662820380571745,-0.3631749123800815,-0.25702532212682233,-0.1508854785441253,-0.36454544360951446,-0.3888911231591997,-0.40709353821277294,-0.16854532931418528,-0.0005221086283845286,10.39103269793219,7.05088957720749,4.590863214046687,3.5633620799821926,3.6566156519853545,3.165388686776197,3.093876461716633,3.3046625739881743,2.746029877283042,2.2806314906788576,3.063779100368139,3.70775387913665,0.0037879446367471603,-0.31071186607999074,-0.012528734008979352,0.2732776458547361,0.2844685441858362,0.0382942365159393,0.20659124515912405,0.20652985744615826,-0.045395670012683895,-0.14623409953068625,-0.05008860653762935,-0.08584526822015101,-0.1697125799990327,-2.1593707303206125e-05,8.691449432106328,6.477144631015545,5.550341560005887,4.824527926566177,4.388680444848115,3.7819703918740144,3.916978171754177,4.573623564473665,3.6728236025068335,3.267548581474816,4.210339291832356,4.976392075560873,0.003513729625176561,four,/content/speechcommands/four/3f2b358d_nohash_1.wav,testing,5.0,Kitchen.wav
1147,-246.07756671279654,18.511522356458627,36.774576053169504,8.029499738834847,5.974493991404598,5.833528043204795,10.688377421736716,7.714625423234129,7.445799848438446,0.8971137605799385,3.7592912889798575,6.360755417337938,0.06911291653523222,89.11945682202075,50.80807835570714,22.082369070624654,20.72518072108976,24.133640306199,16.007143710936273,10.850752320771706,11.033401663065012,8.155409575068028,13.435297436559539,7.417416568086171,7.191615212303919,0.06892684654327232,0.6248960133890368,-0.280020051929556,0.27253422403129096,-0.09215925185069002,0.09878239516832694,-0.10735989506497802,0.06315498442490233,0.37727693340903323,0.1255491187149311,-0.18199216192631978,-0.0793476115411046,-0.08669672737021052,0.00022809994557211475,28.821194494293632,16.83568370333377,15.19783938900728,9.565183720867317,9.24176892938333,8.02713896780852,5.73001114106474,5.473325382364555,3.2676068628105455,4.788772859136478,5.420446496771911,4.334997201452233,0.026917125166422248,-1.0155151065524326,-0.10754717014367295,0.4984103523007486,0.8153725429265237,0.3654576221815951,-0.2016555821239674,-0.19645731951314335,0.11613495147253333,-0.04865715314060986,0.0017196312205134253,0.06530337485497585,0.1664663919727633,-5.8432482182979585e-05,22.7547935548305,13.40946167466623,13.77112146806194,9.743822889132142,8.076214090178821,9.372885958539515,5.980120012086292,6.789155499072919,3.569686857770106,5.250648950193241,6.608877249836007,5.673069410955083,0.019395490968766065,four,/content/speechcommands/four/97f4c236_nohash_0.wav,testing,5.0,Kitchen.wav
1148,-253.36440461676742,58.120924717817665,34.538724286247565,2.8399469866136995,0.8295004089510711,0.9506000186213343,5.410737554417324,5.430649543471645,9.91115485040472,15.212073531614134,7.4080424027345355,8.885878499945154,0.06425001727486099,56.655173973160956,50.05789004162595,19.825709002427303,16.13017560734974,20.95554505027759,21.159702257028655,7.378903147692369,8.074316074438523,7.0833468484865145,8.195481043568204,8.774349607977335,5.604716040176924,0.05052180351001608,1.324584924836636,0.4258319686287345,-1.192102174096224,-1.169623516639931,-0.21010148066541293,0.061064751309226534,0.20147087297013044,0.5126386771193476,0.39439917864787427,0.39457761274767666,0.3560682741099447,-0.07114007684452237,0.00020296857334100283,23.432028110030796,17.403037385461776,12.425561867517766,8.96791610601945,8.255972880320705,10.209500522770263,4.938532777858213,6.261666247848028,4.183092860303641,5.334619658781632,4.144643712876141,4.580684533860234,0.016615346891173693,1.3189587546585084,0.5016497528736772,-0.8724418959708973,-0.7671881119568095,-0.38520487207536674,-0.3496222705727138,0.17595995595840397,0.19085155097057807,0.3974405310240094,0.2955129483475153,0.11537179770350597,-0.27094857800111705,-2.697259187698364e-05,22.755792421837057,13.607756458258738,13.295968298113975,9.222038877310212,6.270526998979575,8.697079984618659,6.709370973502236,7.079078468222514,4.529622184751683,6.10177547823841,5.335254133819234,5.138061987005964,0.011529592617566474,four,/content/speechcommands/four/48a8a69d_nohash_0.wav,testing,5.0,Kitchen.wav
1149,-247.8888288745623,36.37577263206181,55.108108612846664,5.336871030279256,-1.0903484080193993,9.789839068753636,15.586200445089672,10.480316886100962,7.657703336388391,5.565174221279083,5.580612476414952,8.059135167773391,0.07124167546862736,60.19443055213837,52.50786651320523,15.542519475614503,27.314572805190128,34.10483446787276,14.949384033576607,7.368582878135774,7.2206182649597075,10.880895537227818,9.722239572272677,8.93639193160912,5.771623910222322,0.040835034469781095,0.027579795944557044,0.3574204331932132,0.17782952308323227,-0.17311364455883974,-0.3446053772338626,-0.20859601878328846,0.0469199192325163,-0.02461250371991325,-0.08651283568384827,0.04285133859042435,-0.027875751227590572,-0.009506242558383258,-2.0917625196518436e-05,16.05234020077104,15.92981919487716,8.920515211369722,9.12914658836821,9.904271756237119,6.034378302684777,4.871231773871635,4.5507766204303355,5.817241158529754,4.741355101838839,5.738195711950387,4.475347311657893,0.014165894755831408,-0.4091901994796861,-0.3054294853889303,-0.03359889100208425,0.05233375552780402,-0.015675640057922102,0.08748998509174519,-0.004029084299075929,-0.013031722930274192,0.04981183058503807,-0.08792703142136418,-0.25542532234529275,0.0838029489717736,0.00025840351978937787,14.726111794586872,15.022325325023628,8.532926186521568,8.776350979141657,8.01939152800068,6.256200381470426,4.893133285085674,5.326174567820647,6.314323218066555,4.727048400469844,6.485766467639269,5.151895093129898,0.010573941164644923,four,/content/speechcommands/four/af130f12_nohash_1.wav,testing,5.0,Kitchen.wav
1150,-305.01330984326245,-11.609794378778112,38.590996460271455,18.996785005402916,18.62314300044374,16.42994422292336,15.055935902146096,11.75685071650599,10.838183021539571,11.302118342894888,6.547952361479492,7.6582648657507395,0.03512945049442351,29.473498506587717,20.60506376149305,5.672972622064941,7.653920048730501,4.406503607078698,3.2632387317067333,3.839501422327203,6.114026505496458,4.725132014676931,3.139009251595879,3.463384810254938,4.311806130178695,0.012066457129047924,0.2544350077937158,-0.11100634874265419,-0.0019870755127417193,0.008708931388285933,-0.33917596686394946,-0.35070027080508903,-0.06561101153572911,-0.1623761272145609,-0.14075318389485617,0.016242069837275837,-0.2489385019758678,-0.3455994816399068,-0.00017779272410177414,12.400355857146353,8.989128813346301,3.594365006806221,4.902920353003437,3.9506004667838064,2.668004156447374,2.52823073432639,3.021633925845428,3.046940987195866,3.1291894554346436,3.127389357695946,3.168970828046862,0.006689113632449767,-0.27948708806067846,0.07198558835727754,0.21318449621084642,0.2836272897723377,0.1812108103867963,0.11516476782191075,-0.029909305901356,0.1072633921941333,0.13870711458012608,0.00894402514522188,0.03213602563686952,-0.03189485121244333,-1.0257338484128316e-05,11.9289944753525,9.212349502635327,4.131623825202788,5.926495726577353,5.228919870759651,3.6771232465232986,3.2538049023791307,3.6694684709951124,4.173868389996826,4.537230600462954,4.605607901987913,4.218863972646919,0.005004270317295208,four,/content/speechcommands/four/3f2b358d_nohash_2.wav,testing,5.0,Kitchen.wav
1151,-275.5667179048677,31.039603953284157,28.227180624356734,13.631252191288231,7.345612970296875,3.3893218632612734,14.029705917777509,10.016620651802949,1.0259095628634571,2.150580978965432,4.6604287694996565,10.893906267490372,0.07065718050580472,82.3685863459214,57.08266000151861,16.569385159543664,21.114552315802918,20.488033654416135,13.682386583794493,4.063057748196213,5.444505153650079,12.081905818566845,9.606955841495365,4.277990727098564,5.803790385321182,0.061907282391452795,0.14254756000694016,0.11883834103962913,0.2180348743426058,0.31123021319913113,-0.044859080832100086,-0.2754613825597037,-0.27012210192921016,-0.08418120421552902,-0.11267883210710769,-0.20545549623407774,0.17972116393461654,0.3847772197229412,0.0006235732787078427,29.668089889403134,23.117774236508435,9.57438047291385,10.385823213893731,8.637270309711194,5.069501599224242,4.219962169808374,3.8951866027898534,5.949109238240236,5.560674522315255,3.8142208605296655,5.029009323150007,0.02539544469014651,-0.01993191766167873,0.06997783995510408,0.1754007225495343,0.10096103501958952,0.12323935377821206,-0.1279077500262413,-0.5957255709788427,-0.182047891197135,-0.3267896205832753,-0.10649567753410479,-0.10314496998936863,0.14545954617300136,-0.0004989527786771456,22.783030324115796,23.034623922412255,9.930132453233723,12.23366430546707,10.344667467624712,5.205054429590887,5.598989535407266,4.35838540357117,5.939989280886117,6.488014981981966,5.499318394167586,6.6984779964735335,0.01856534516777659,four,/content/speechcommands/four/563aa4e6_nohash_4.wav,testing,5.0,Kitchen.wav
1152,-250.4208289910417,90.58911621250039,59.46635369981755,23.884021894019043,4.515710649891612,-6.860104835475024,2.526813923549386,9.860841092225488,6.569184886996317,4.355995809594783,-0.5227974633377258,-0.2943244434210335,0.08696137968217954,53.811007473606175,45.823253197795495,15.288942917526835,18.340569711350653,25.206294965378213,15.438278110682097,10.169461174550213,4.314922106109646,8.915039237672131,7.213546500490117,8.480532205618074,9.56163034753592,0.059193448179224256,1.1526401493665066,1.3521307758667667,1.502640427285763,1.3374644131353084,0.7320956804729916,0.09284529665470487,-0.5136279232731451,-0.2544974944377483,-0.3357584408272152,-0.13997307806028325,-0.17352313351279702,-0.2705954092343248,0.00075197538300868,22.137641056039946,18.733041832327253,4.941047634315474,7.073921144232353,10.977449567706195,7.634762007128347,6.77519143051445,4.136869120145453,5.710347685209242,4.520852888173181,5.42865492039417,5.138473916018765,0.022152811107065122,-0.332370454115725,-0.0966169502307596,-0.138421735812621,-0.1417205202182603,-0.2027493695977242,-0.16601576689715755,-0.09847684541769415,0.06872266937657384,-0.051639756006870575,-0.1970439051665608,-0.06021361160040968,-0.35318727204232886,-0.00016750469803810119,20.11469432160699,19.002796458330337,7.195360900035342,6.260007104890279,8.96322875792936,7.47685698639269,8.006469018075148,5.361022985126956,6.400314483238564,6.358312268466162,6.869021182844554,5.481337664740247,0.0162183279876877,four,/content/speechcommands/four/b97c9f77_nohash_2.wav,testing,5.0,Kitchen.wav
1153,-190.7046135160673,59.71731870404433,7.7482711034197544,5.528929906689858,11.763221745943827,5.260049964269015,3.589119310483766,4.217423281509497,2.152546062571366,1.8125800160767187,-0.7858005281917977,4.3563445199934865,0.14605703073902987,115.11664084779737,58.1788001231281,21.331756199832284,13.575938708023129,13.121971217887882,8.89512232268759,15.759030311977135,13.399725756745848,10.231887902564344,9.27501702103116,8.8625319724991,8.960590512998097,0.17715695654854585,-1.3400335881289698,-0.5090858970093473,1.0379859480746718,1.1841432673430106,0.5182401947809079,-0.23463278957504508,-0.3355201263648413,-0.13931900404435718,0.04837561507971522,0.4602746757824055,0.12877357548605595,0.025775720711294296,-0.0010792102604623764,29.299578437186597,20.387416499697103,10.313805709447672,7.309977707584782,6.5996285510600545,5.135254177697677,6.375011349510364,4.863118746909663,5.359377450541167,7.514211096186792,5.264746475602549,4.491574590658935,0.055280606373311066,-0.9685523233413524,-0.8996766689057097,0.2874021999843748,0.4304963572424688,0.14326077025465325,-0.4335613087281873,-0.5450716672874987,0.05637326370324581,0.24782729446942514,-0.12236252453697413,-0.04459809997782263,0.10095540389637805,-0.00010842634364962577,14.608929365914404,18.715717362942197,11.69913939290364,8.445773460725134,6.142706244638395,6.666921735778106,7.6566110522452675,4.149984104101557,6.507798070452093,8.858759574634904,6.034379421353666,4.880710115976367,0.03532285668965328,four,/content/speechcommands/four/964e8cfd_nohash_0.wav,testing,5.0,Kitchen.wav
1154,-197.42926113866946,75.61702364253608,40.661439431692926,-3.6290923511462623,-10.038414843873351,-11.30953562123282,-1.903146599800196,-0.6694389991693185,2.9302451823901414,8.344152971847896,5.1481059907309294,8.91396704154309,0.11697515082778409,47.1094890182728,37.15847304542851,21.897154677710844,15.675754826673986,17.445395469031627,9.245158810109759,8.268369063617891,10.991188916208024,15.111989622198461,17.197101931696295,11.555914099873833,8.896233812731142,0.11578217500789158,-2.4119420344513967,-1.2768462072862987,0.9312619040845009,0.8980828451025403,-0.36979974955166156,-0.6208395424448824,-0.05380316273676182,0.0040072163583506695,-0.05792643074191047,0.3372174624503426,0.4973212550559993,0.5641872602269242,-0.00024939640875785583,24.308244490884203,19.191138197524232,9.619116839250543,8.764437820733313,12.259253517082666,5.603820679361895,6.199783491592508,6.787205100802627,7.488352425713814,7.310963523092113,5.305467809355327,3.8586635087122167,0.03607939465499656,-0.007199437925507842,0.12568956465602063,0.019710435407988787,0.2382383879567357,0.15604711937228888,0.05540959957615949,0.08563059519323417,-0.038881183051067046,-0.31733407358624566,-0.2027227372633277,0.040176607905935434,0.1330823290446393,-9.705747167269389e-05,22.125183848734263,16.749787340204687,9.306474611107527,11.017150579251828,13.509275653564355,6.34751305874391,8.507789238652746,9.37935099066776,9.281553534124274,6.653033536246551,6.009773237565417,4.27941596461373,0.021216533297686316,four,/content/speechcommands/four/9a7c1f83_nohash_3.wav,testing,5.0,Kitchen.wav
1155,-219.93649111672272,0.4673898885887464,28.246007969538205,13.163719993149043,6.748808077394347,3.5711080591845716,9.64640386861705,8.269754482860439,7.388627369392722,6.313239053558747,2.4040979502940214,7.340654866897073,0.0462688478291966,34.18795991308365,35.32906280880951,9.925298172850248,16.793845239606963,15.822884333084318,9.67998683264649,5.363318382121422,5.687559149578611,5.732176604932129,5.169777431309126,4.6125956885984,5.237091343371793,0.012862628581406802,-0.17885731722420742,-0.14339957280023855,0.08413654351100362,0.19228032048841745,-0.15126659831152336,-0.37418768113815415,-0.418812907434471,0.018451597834851875,0.2057438137851042,0.13445504174314568,-0.07171383882947814,-0.0739488341545483,-0.0007574549245257531,13.952105360423698,13.183659523110276,6.011028088718551,7.763631194007896,7.228705060968618,4.973197504546235,3.9303650763083193,4.238890048336492,4.437778273614829,4.406205962306516,3.6386709573442073,3.600660964992562,0.004752896239563981,-0.3676694594939827,0.09461291520320098,0.43476084558526235,0.20381104851285958,-0.011728783952301687,0.010620981574786607,-0.1389671630026223,-0.10931467753198679,0.13370263159305817,-0.009689238444996326,-0.04142098203005675,0.01672315392156216,-0.00034699334452549616,13.761370538292828,11.899914895800398,6.61774973577618,7.516924189474683,8.730696692457286,5.134273442061692,4.620001534874938,5.38473737143568,5.614259877765116,5.598558269539458,4.429976214282763,4.008209462902569,0.0032896746679791575,four,/content/speechcommands/four/8ec6dab6_nohash_0.wav,testing,5.0,Kitchen.wav
1156,-230.43120728534086,44.26419224683409,43.2506808982872,2.425862431767566,-4.541407784621258,-2.0086593299750204,-1.4114234911171124,2.701517067163747,0.43422495806499245,0.7873932135328333,0.5372604284408744,3.1420612735914446,0.0998672386049293,53.819841821688094,47.480763729303774,10.936734494637612,25.075590168629596,29.0677813456912,16.214168990646492,5.955551313587369,8.807403656577783,11.690067863624185,9.721654692679653,6.811823230858841,5.536158508041817,0.09399861714943886,1.5446790770661796,-0.461570142111073,1.2548928929909098,0.33284616063016537,-0.15346803723366337,0.4083056111968754,0.7706474197592362,0.09963899188736593,-0.8982735206400336,-0.5521876331022039,-0.09133315996125317,-0.06782116654051076,0.00036047284881914813,20.669582775698593,22.465683384292326,6.659713682498482,11.417131021402758,11.872841074823242,8.512589001497116,4.186727744377691,4.561722571496025,5.03020783974599,5.417737861553185,5.536444165912131,3.4896124367659507,0.03269078731084102,-0.7521999675458716,-0.32023517723626493,-0.4086883531835547,-0.35939669704509214,0.04625281894149165,0.2521869772711836,0.45885013012503356,0.44778586568823625,0.2926309552372664,0.1265438865954523,0.27933378513713397,0.31762380050816214,-0.0004770813509821892,24.59535361143632,25.182119502082397,7.475345888567503,11.99297155261838,13.937356450936157,10.847016245056542,4.674851722511816,4.028887192472142,5.439297730224584,7.31334234652218,6.908120496422734,3.9550426899230375,0.027601695268678738,four,/content/speechcommands/four/1b4c9b89_nohash_0.wav,testing,5.0,Kitchen.wav
1157,-287.1035176725828,12.912068599800401,51.375246950747254,22.414785384407196,12.059001347756586,13.188976658914676,12.729539207919132,8.138016996471844,6.6662654275596545,9.263773212482763,7.097938728412457,8.11042869667036,0.03625373326940462,20.77439567517453,15.17661648097711,9.068693767948055,6.119121898280887,6.403225477810104,7.33353126637359,6.927426332335397,5.909724401958541,4.762664510955887,5.171167463451613,3.972413446577093,5.141077553271233,0.008884763992458553,0.765570422037819,-0.24226320325870382,-0.12215944073490723,-0.07309223417930909,-0.394777345873687,-0.15670696263516942,-0.05176322401488793,-0.0314879559351031,-0.01635825341036965,-0.1347023043550956,0.016994144113942653,0.16629570415114667,-0.0010758888937773244,7.739937046022965,6.867623174190621,5.31504716137459,4.531567036322107,4.5853898622060125,4.6185647781301045,4.6013243032483215,4.273757901730074,3.6752204338648498,3.564333560661285,3.101434002356794,3.8175096885685798,0.003548875195202774,-0.5371536380053651,-0.3681117664996593,0.311472254908909,0.14836209487190477,0.05544023116781934,-0.06887812534875018,0.189523376172859,0.21455400849442854,0.35034700573746375,0.35215003985271415,0.1279900221776616,-0.024435413115063594,-0.00010642620424429575,8.299982211216294,5.9495996627633865,5.078770586973429,5.360974751249543,5.626490488686097,4.947201667980783,5.756132734812134,5.724500802250897,3.80868308345239,4.353061611601546,4.300075841754989,4.973309083101134,0.0022838492233064655,four,/content/speechcommands/four/a8e25ebb_nohash_0.wav,testing,5.0,Kitchen.wav
1158,-214.64699437755496,-4.568722600557676,31.43960406630955,17.283019756707674,11.93681949205902,4.8801479621016055,6.276023829022736,5.405963411285704,6.912891824013636,7.234158652161008,3.9522173883423237,8.26232673337679,0.044605866773054004,25.228588557250724,25.75514247581435,10.761803286564547,14.170095842943436,11.23869870073638,8.283414897951078,8.407313752679054,7.946382283103664,7.147878846334697,6.8195067594332,4.8182091940036775,4.254890774465243,0.008326531803473494,-0.8156183945048209,-1.0186873535052252,-0.8217687005214486,-0.6909875272744896,-0.29662056556614347,-0.01316352061364277,0.21087837018840716,0.17759292617538558,-0.25001711495149304,-0.13085527410317815,0.022865255854194532,0.08920540623589833,0.00022911052069356366,11.044859020055632,11.5972906099194,7.17456286445567,6.535546831563573,4.790974054031944,3.6034573918218884,5.108652255049104,4.501450967782482,4.802257238870275,4.966641615309928,3.9124999487779286,3.893207586355831,0.005071017311093553,-0.4454146901123361,-0.32211296417952356,-0.014247345201433366,0.03154339272155949,0.14919157181300005,0.13570218515344537,0.14599345894956972,0.009868243053198238,-0.1137441644154947,0.135232361464242,0.2549340093139703,0.23354864522229007,-8.218536774317424e-05,10.73277983999875,12.150087100736988,8.843021708959537,7.232073352075795,5.008662995600169,4.566413101075348,5.344794332813943,4.2852410735023865,5.6087316884503435,5.602397933291442,4.704945891541017,4.797387777562726,0.0041721562805599535,four,/content/speechcommands/four/bb31b82b_nohash_3.wav,testing,5.0,Kitchen.wav
1159,-259.1681051305667,22.570557833948993,35.1352767995131,9.946428226908765,9.574207067313184,6.957574746988361,4.954594339767699,4.605354788161239,5.3160239563399845,5.326440126140202,-0.5075494268925804,4.042793214697749,0.03209432424046099,35.96628173662516,33.2899829516156,16.859960371307256,21.584915276542123,23.239523242856986,10.727618273905682,7.661158127229551,6.522818881981046,5.315297771873772,4.975002637269679,6.0372747957481865,5.275903119688986,0.014437528560373735,-0.2764551645735581,-0.4914544546865927,-0.6678014525777002,0.6066329352913928,0.9941442908291712,0.4103427218854973,-0.20064505198524016,0.1901612573891872,0.47574638887802545,-0.23436754323975734,-0.7907966694033732,-0.24390634049812246,0.00010278763910455089,12.895854867416153,12.468566731717967,8.956711311465206,10.101573678516933,9.149231994283157,5.790256389614488,6.157203542786347,5.5772080277539935,4.245071021584054,4.486691904294452,3.926855864503968,4.224580221857054,0.006280678314798712,-0.4579806547121355,-0.4368504342602558,0.07075800309650634,-0.09219055623686832,-0.28994321654638816,0.16696629198692645,0.26849004185929154,0.09193178912138802,0.03598015945415109,-0.09097651736609044,-0.02753877743728109,0.3068555860998543,-5.21530086795489e-05,11.812464392376908,9.47746241259801,7.190089514247877,9.039125268545058,7.269473432622734,6.6919121303122715,7.611453715134983,6.622089335379636,5.363296246210576,5.973687991972274,5.231753340480684,5.32184838876877,0.004951558203989922,four,/content/speechcommands/four/b2e2773a_nohash_0.wav,testing,5.0,Kitchen.wav
1160,-227.66396690207557,67.4839281098954,54.413794965919394,-5.796712980418736,-8.337085833917197,-3.3943295625163357,4.401571028534418,1.768447717928882,2.86425921772784,6.003751294239095,4.747204671461009,8.92266872215508,0.10988499905215576,76.61818867753875,69.22286025957074,16.678920724866266,26.42770806765492,22.8431304950751,18.57175047001572,11.274737929634298,8.412845576021773,7.968136308859929,8.768805648323891,6.223583813031696,6.663137817105888,0.1070882284719518,0.19474304692792452,0.15853513799841942,0.16043637336490968,-0.09824106572497783,-0.3393931838001627,-0.49052201497292147,-0.0902102657966363,-0.2904647040569821,-0.47515643361802506,-0.19683332608653342,0.10793230892249642,0.026753030907653748,-0.0004324632426423411,21.06784225809334,20.406093078127554,11.568014157445795,8.113228150924792,9.069301072097222,9.13898791595979,5.544057166557575,4.819384892015991,4.6737173423230916,5.43889110873985,4.261433314136647,4.3660340999825715,0.03224491129745393,-0.44267791130227846,-0.26751714795293574,0.10326244139493745,0.02904573055260933,-0.07345847952256077,0.045559019423117304,-0.13576505347863693,-0.017108472693711897,-0.013595084819222425,-0.07670473626751641,-0.12257662205218332,-0.19006557225921542,1.4843419194221497e-05,13.532435690035845,14.27692948783336,12.246717579953458,7.390428854147909,8.490851452000749,8.380423052824584,6.472664438497968,5.849964280690876,5.401022422586901,6.691293896810486,4.981671650935583,5.1164655869465685,0.024044481210644675,four,/content/speechcommands/four/d0faf7e4_nohash_1.wav,testing,5.0,Kitchen.wav
1161,-307.61613574627063,-14.131421394083006,43.7156282569305,22.441823802591877,13.714033238434624,10.199396428670145,14.415886601609401,12.79867958113148,11.328762839555054,7.663331122724386,8.334320951749078,12.783636043374386,0.030300536076538265,17.65583883207036,20.17430350376221,8.529183744211526,10.170765519361431,12.234322556066035,8.687681780120167,6.532074074536199,4.174981690176086,5.267114195464965,6.564330543398236,4.82467936850129,6.3758030059626645,0.01086424550907634,0.5543617856536703,-0.07770334205301609,-0.22839995466900442,-0.16526793074053703,-0.22208185951120382,0.14274525809685257,0.03498001151140188,0.044272830278032534,0.05921306334560784,0.044144152411924036,-0.11404506292145189,0.3645499511692461,0.0007499658893192968,7.056606614083335,7.050738946118223,5.943492646626371,5.665126979966188,5.310915668446647,5.542995605549853,5.01886217986134,3.6024976571972434,4.037492016378436,4.3268449316463125,3.3497427656593235,4.323336701196039,0.003549150864528407,-0.41393101625995615,-0.14183194137998972,0.07178491116791577,0.09140641917985934,0.21435635914026296,0.23058745221892873,0.10028647848035804,0.1620769255308077,0.22540433790501554,0.08486299240643398,0.2057136717907606,0.20187012590334869,-9.251131365696589e-05,6.125184200234666,6.32805570966323,6.684414938623438,5.528615222813347,5.266398132634501,6.031538337428276,5.996977571258607,4.686766372285538,4.637656062312828,4.83881194060114,4.113015544693371,4.427308892016276,0.0030553960031471056,four,/content/speechcommands/four/782c1305_nohash_2.wav,testing,5.0,Kitchen.wav
1162,-253.40279283871863,63.41201447488842,50.59307926774262,7.082565304476648,-6.524677339832548,-7.7606230595425405,7.658062772846478,10.335395799912508,7.52150015227366,1.5985988391910773,-5.782136070615506,2.147875766732777,0.09762993489857763,63.33217123532351,64.66714739487378,18.33687077655925,17.71302628959182,24.737611032465498,21.7021677300753,9.200138592893637,5.683551911374521,6.488245530475186,9.852324887472465,13.152347224513157,9.967118645397457,0.07755354696809562,2.617763731353704,3.32840202529937,0.6842994810346933,-1.2578717472112408,-1.3099406443913977,-0.3704891744491354,0.24176087876748373,0.1801837209824234,-0.08376912749241026,-0.5005658512659269,-0.6877501562811373,-0.6088791851229509,0.0005348890178626584,16.212075242941772,18.26926198454949,8.887630886583562,4.810710772788038,6.880725636530666,7.319473215405456,5.713320224081285,4.282703177422942,3.5555907194519096,3.9738895822980136,4.903185517882772,4.28717561759198,0.020746589863669024,-0.9890426257364889,-0.7472799900186831,0.20533352563545376,0.548396467422716,0.5578369983738265,0.21265542424225933,0.26560807782115753,0.31741407215626793,0.049732770466906,0.019622640749034068,0.45108791023335887,-0.004058151982572718,-0.0005119236807028453,15.878135026563074,20.20482331028716,9.857715276926895,4.871584216389647,7.20965351289553,7.668341339383422,7.644249442304305,5.275352614730803,4.379567159019409,5.422116585022143,5.586789404861337,4.985306973550462,0.012549977087009617,four,/content/speechcommands/four/b49caed3_nohash_3.wav,testing,5.0,Kitchen.wav
1163,-293.2470984985646,8.005666449756584,40.82882826342034,21.725487762985022,18.0348171634182,12.443199816855108,13.658310920859666,9.20994575351317,8.778225239357928,10.671044264547003,4.172569218686027,6.6115137751172535,0.03920041612582281,58.26152941620846,45.37499689248594,9.025052676214358,13.375391678440185,12.024813039884357,14.502708004921708,5.518457521896842,8.674717006352635,4.350898711491345,5.448109340793744,6.955619742947703,6.4105596819765855,0.012888219523597843,0.24704509044259876,0.42512275370738667,0.3433374034947183,0.04505306172917481,-0.15034919310158376,-0.23541292005059147,-0.4457392267573581,-0.5181363196116304,-0.2799661767535278,-0.1769764426577262,-0.34713347418633006,-0.33265278811237553,-0.00032708697742031464,22.132399287638457,16.939223868276983,7.418923052589515,8.624592047281865,8.115466128086485,9.654750676560615,4.684440827441875,5.98000419462281,3.8924026154842926,4.5327153583590025,4.974455548730246,5.327429510509435,0.005928570877057661,0.14489629882159344,0.07215634909759507,0.14265757183244113,0.10132713889720447,-0.08932627459183048,0.2534550933456799,0.1404740125213958,0.10219848479960332,-0.016775306451865913,0.2228032499901478,0.31048636701070614,0.04032652718356999,4.6817461649576825e-05,18.750538411443767,13.053239278322824,8.36382948608795,8.691093763666554,7.717416578361195,9.108592096726928,6.733346103186183,6.016184722091517,5.256872571075542,5.485012620877784,5.6511965326372025,6.434372061256944,0.004706379073499512,four,/content/speechcommands/four/37dca74f_nohash_3.wav,testing,5.0,Kitchen.wav
1164,-311.9767107390422,25.04031091274761,28.009125764520366,10.543828754317909,10.5075574115138,9.685263851484766,8.274637929233817,9.059745776606825,11.648150738664082,10.46034421597151,5.750013220093828,8.92000865836808,0.02830423490377143,40.50137613864349,37.24735877895247,14.112828265619973,20.56527266895587,15.47443069244883,13.150731125514406,10.61711791617718,7.3374087375325745,4.23420276674058,5.724169781186085,3.8912073100620606,4.77780628890294,0.010791351299724571,-0.29718344086766213,-0.2090001374910437,0.3571167032983465,0.32538891144944676,0.025029142145655672,-0.33986432816783885,-0.22824254603187114,-0.060371223964256523,0.27103185229507104,0.23425122793230274,-0.14474968819420828,0.023782543097719232,0.0002947161274571573,15.518299125578649,13.818288981588752,8.96575136942924,10.190029267467605,6.864562642422635,7.591248127700122,6.775628018375785,5.56181883651748,4.1076868780108615,5.774333145693711,3.9377760851397965,4.882420101394158,0.005147896807851049,-0.3114201772768259,-0.12776357714849787,0.0827578033330416,-0.1587193745706357,0.11270462659261635,0.052345596913328706,0.28438529263847007,0.2729308895266328,0.06324552884183096,-0.06839399669251284,-0.006311196988493428,-0.047338001213402564,-7.33941172560056e-05,13.132727352754259,12.524403224565676,8.832935712756365,9.10295016113451,6.8855625776054445,7.148086001661123,7.545025641357085,6.467339954693612,5.504460210876593,7.50183518045793,5.250520993726261,6.406926355501882,0.00351340025868381,four,/content/speechcommands/four/7add4c5f_nohash_1.wav,testing,5.0,Kitchen.wav
1165,-273.47704793126655,-5.199229232535691,35.946939635730814,14.473382883281923,13.472092214058966,8.127079585984305,10.377292398865679,4.913168007865003,8.469171224190442,3.545048797659469,9.447140586041083,13.777824029895577,0.05162072065286338,57.99048386541175,22.464698046943614,14.159543443196133,15.598489891588656,10.210485746126214,9.575636762904026,7.446503129476736,10.607707749829595,5.657628566708568,8.319040169613466,6.2239445719390325,5.846736657086652,0.00657578382353087,2.491550697199437,2.443972798594824,0.949048793070309,-0.5082198971533939,-0.9083868782714873,-1.0093587594079394,-0.5730373693209978,-0.3596751223075089,-0.20033500881572885,-0.4607421624587848,-0.46860008881649423,-0.43470173269062706,0.00045827415681654407,24.89628351321578,10.813065705305478,6.2380288860010795,7.8134509355009385,5.697285241248487,5.373970082948669,5.258334947609111,5.018684263525816,3.471553237210544,4.048352202667472,3.545420781723104,3.55627385830059,0.006556167097808137,-0.5290443385661291,0.1775250679566658,0.0024798477714064403,0.3283878412459317,0.20964594307184908,0.3231412380535221,0.3393641524799212,0.15415482514158943,-0.4124996619061782,-0.14277624374500816,-0.33264358756266305,-0.23355332059688055,-2.531247834364573e-05,21.33303560953102,10.639346992299902,7.157133883375005,8.592414169559909,6.890982642315497,5.576092051539484,5.738722493495051,5.416388757750643,3.5997644187143765,5.168292095235996,4.176405788129938,4.116350076515673,0.011481269140589653,four,/content/speechcommands/four/1cb788bc_nohash_0.wav,testing,5.0,Kitchen.wav
1166,-305.4710681930826,-13.218216655283433,47.849849473015595,23.45184397073306,15.004931794495342,11.235245494906595,14.927242930374538,11.837821145877207,10.416606292479862,11.084358246194558,6.8289163068856995,9.227143377825644,0.02828288299497217,29.24783888071171,27.219355067859528,10.72878919371514,13.169574881197061,11.845644751776039,11.0508862141701,6.763400829644201,7.046170690501002,5.421789242925261,4.474496942309777,4.409187243888554,4.5696232201870925,0.006987557232495133,0.12816598166022408,0.03998424478356558,-0.1933655833792453,-0.31225471534367377,0.08094885898270172,-0.1303455882079108,-0.10248020063811787,0.12929780545784422,0.0020634078608064523,-0.1987198134708047,-0.015031824683638543,0.026817234817041537,0.0002826621095019002,11.25395586603782,10.93218769386685,7.645607286673061,7.574304925308324,5.932228922579075,6.042190052928626,4.330925001599798,4.621877835335587,3.3281511052484625,4.094653813528195,3.510790077267584,3.5280566946349325,0.003488994036000813,-0.36715335247929487,0.056375068619328415,0.28508626739088094,0.1950074373146671,0.30187613704210975,0.11716300832108478,-0.05705201641672802,0.0728129864177884,0.025160970789157695,-0.02648872973390072,-0.03174213830479416,-0.1162643468750355,-0.0002103600651025772,9.176974081005024,10.062121833115054,7.769613378643777,6.985540626565852,5.343691173152073,5.4933313546275135,5.240084327245758,5.690430629769923,4.3493758241350795,5.410397935615292,4.578881517979404,4.784907260427474,0.002849112926188875,four,/content/speechcommands/four/d91a159e_nohash_0.wav,testing,5.0,Kitchen.wav
1167,-278.61578880844667,61.850950205536634,41.42778904347959,-0.2651718763105164,-11.972809169173484,-6.952204861202732,6.492400950028939,13.020453948067537,18.215460672298015,15.679260397160862,10.887818914291094,9.426802876743169,0.10689156386069953,61.85651426139027,59.28835027914519,11.124171844671142,26.206975548337986,31.43732038694414,16.300596063453686,7.049138736428388,6.847567973781424,9.694496630966528,8.667534781514757,7.5041916569092555,5.32491753617798,0.1063453617220401,-0.7859310162243124,-1.0067015024958028,-0.3295536798912671,0.6559818291630798,0.8817961614734776,0.6954466268630327,0.4207054372337948,0.3159784648103913,0.02047423433799055,-0.22684684417334816,-0.2569984769106857,-0.044485881314506134,0.0005899823360866116,20.80360331279991,21.010894589503593,7.9691868153930425,8.108208416819883,9.915844141621752,7.236647740819219,5.412163622894933,4.865339721858873,5.532164808557362,3.971809165726366,3.913059314805562,3.788556014380215,0.0407450308620994,-0.2712214089682732,-0.02991366734800076,0.09495749908738217,0.13164027424270158,-0.19810677361812967,-0.10139913894976817,-0.020916721975887023,0.031627316095794576,0.09825373453184791,0.07449531730427252,-0.15277412470783455,0.0732262955029961,-0.00017219608028729756,18.26553069274984,20.616552945932263,10.121303438312346,6.8925318596321565,8.492864241939474,8.757355800010245,7.738262183530497,6.233717305415534,5.788232666862258,4.875337464823555,5.066345382969472,4.447521819618978,0.03863509659064628,four,/content/speechcommands/four/5e3dde6b_nohash_0.wav,testing,5.0,Kitchen.wav
1168,-128.1541574063923,65.98513105150943,29.574169568875977,8.453433975061287,5.518939024782998,-8.777223142175746,-4.222283312698297,-5.4007275005896,3.6664524999906027,9.18109389515405,-0.49268764213482097,-3.4199812582658327,0.1540567532647401,55.733969397012515,42.401558211238594,20.59606712957683,15.865918892671743,23.201762308458424,14.12592520762102,6.505698035518627,7.519254886515803,6.982172917798578,9.879751612190066,8.364165595036965,10.730472596197222,0.1096817103961738,1.8193723010803289,1.8988100819038525,0.2223663535482337,-0.5416470094689291,0.2570337203505282,1.067821283198412,0.725678377951482,-0.09996642718777779,0.01177070237477723,0.5340183032225211,0.13814813247723787,-0.7015176351756816,0.0016111876935728134,20.243970253704433,20.959215886229885,13.816645602930155,9.28751231839405,11.773733691894838,8.332345152272241,4.496445681055884,5.9255245228829505,4.947529642742311,5.174829180046472,5.409239040846574,5.202410141350455,0.03747713787087908,-0.7191674565769463,-0.7607847438989866,-0.4053444747158598,0.3459099859407465,1.1550699528079804,0.9903571703385502,0.06302942154007483,-0.3452473768724056,-0.5658078101153432,-0.06793252248907754,0.07708284570660937,0.2786907632165883,-0.0012652147561311722,21.049281282989618,22.153337548045663,13.94243646294878,10.001258977077256,11.904966271202877,8.22287793325702,5.005917601791974,6.8909498581124,5.768663338429927,5.872538026072875,5.660034157788009,6.955809891975837,0.03244200184969133,four,/content/speechcommands/four/b97c9f77_nohash_3.wav,testing,5.0,Kitchen.wav
1169,-241.50021815329194,72.10666449330225,33.77630750740856,5.622865636882865,1.7272137438871589,9.235438417515383,5.854970683667535,6.077852900037624,4.679984180641459,2.4334634131661024,3.476943599068857,1.3715138949985,0.09374857047805563,66.90426062717664,55.88937965503085,30.304690740842247,22.261319018264068,27.2417580184994,9.191282814790236,7.023512935024898,6.483437783096557,8.613657414099844,11.860615874093032,9.922398423253222,8.414360197286616,0.08460637835358183,1.9792415431725277,2.4477670059100007,0.8926489715225403,0.2280483942951792,0.1813097023564758,-0.09578251074173763,-0.04235603583266983,-0.1969365969926309,-0.39750675560078846,-0.5581442736196882,-0.853995544653974,-0.7950258642682754,0.00023140253559235605,33.11401045176939,26.164532176594353,17.450636612371678,9.031437699090743,13.829463499319036,7.011243867972644,6.416107747121472,5.294767789728737,5.194593823749862,6.201819413627857,5.290755652832883,4.266650034392497,0.03111590321066367,-0.13228651533080626,0.027113590157290684,0.048682701510072236,-0.12004294551501626,-0.3831230417342019,-0.3134209337274373,-0.011058938192095802,0.060348632959401564,0.21343218016672913,0.2919266641199917,0.16578536229869065,0.15124688745338938,9.279573957125346e-06,35.02697449997685,28.56795052310019,17.103356484100757,9.849697823337342,13.172101389123025,9.535758552549611,8.328603472926684,7.637604155797087,6.28207236211347,6.749218838507282,5.884571544073382,5.619111549182357,0.018384982383941664,four,/content/speechcommands/four/97f4c236_nohash_1.wav,testing,5.0,Kitchen.wav
1170,-242.01779528847538,35.716465198723796,45.81257255430593,5.760976326059579,5.148256633960221,4.722450871659973,12.849188667348573,5.106671445329253,2.7789014203061946,4.272518026045717,-0.46714598480608416,1.064664514187215,0.05447226914111525,47.567035605753716,49.095043314783155,19.766833337485515,13.547383346611738,22.07733397224213,16.702881174585965,6.305165106327822,9.980432454421145,13.976641620915428,7.275176904941194,5.926767467159096,8.218823702631052,0.04668711610529517,-0.1175965585972746,-0.3875320694923627,-0.2300889008460414,-0.19077116220345897,0.15816604299436132,0.02791912135747788,-0.06382198455025785,0.342143556775244,0.38169628908487485,0.2632123529479939,-0.09726373531582604,-0.21127261665376088,0.00024890551163304236,18.862908129577917,18.669701382457962,11.954930163638007,9.204574237331121,10.714756325606828,8.601959019774498,5.6898991807161705,5.662785230022008,7.865201795132467,5.183318332442386,4.95068377131191,6.086326750046557,0.01661282762169776,-0.49556462791493155,-0.1697979917531658,0.38048046861519,0.3415933145566143,0.16682884741460605,0.04095318788137175,-0.027300619916604596,0.05180788015771271,0.19865401229189802,0.2989534180509042,0.11810931224710502,-0.005210176671048838,1.4083397885163624e-05,18.1617477423906,16.450723125892342,12.955251115823463,9.561010157104453,9.99396787214677,8.315810731160205,6.943380484759135,6.744562611093119,8.609925694744446,5.59646048214468,7.034073220270735,7.5597771294601035,0.011554673241765259,four,/content/speechcommands/four/c22d3f18_nohash_1.wav,testing,5.0,Kitchen.wav
1171,-231.61685287069858,48.0460033705714,59.1931148249145,4.5156256565557324,-10.342699576496937,-9.62859621134065,5.912216704082827,10.863621462557383,10.260683726291953,1.664998754732376,-5.900023951159228,0.48361607959719,0.10689427756005898,68.6966841803918,67.48552592840268,20.920730247224604,13.363680045156094,24.54230051388259,22.56776586254304,12.795334741523176,7.712145081391853,6.620568088438194,8.622407092720634,11.099842482644895,8.697631306260913,0.09991414674348312,0.599397462756753,0.4221767251661561,0.24271254998455924,0.13062850830102923,-0.30476538508407225,-0.11729682298340124,-0.10654446664726544,-0.15435728263060794,0.18647180567361793,0.38509787915588156,0.13847139376577136,0.211574253783634,8.391318542342032e-05,17.835183746629973,21.119045030347714,11.536320932755121,6.263111435168954,8.216344580468679,7.497714837492282,5.864354669652561,5.142229808645872,4.1402596726752545,3.701470470228163,3.892547114217775,5.661685839810812,0.02856533255379592,-0.4094553269754139,-0.2993197059713423,-0.016413225100999303,-0.07489638549796282,0.19332150236776985,0.06716753148884574,-0.0021324704856603206,0.03679798603801731,0.06841384011316205,-0.10270234088394065,0.020214582489614705,0.0828820232214096,-0.00017202310264110565,15.942545128506566,20.994119091029393,13.91741319978895,7.092956919244672,7.5196298378267805,7.73068966278893,7.393998115405821,6.036279459389978,5.457520260862051,4.258289620834933,4.419652963529946,6.688295962307084,0.02149946199142019,four,/content/speechcommands/four/b49caed3_nohash_4.wav,testing,5.0,Kitchen.wav
1172,-194.613943487943,27.7432270931474,27.857591460851722,6.608530318970448,4.5211413874781385,-1.9019753808101403,2.1306216471600212,4.774305264799446,5.998516553893882,6.276117636105522,3.000450335683685,5.603618687536628,0.09126272521098144,62.503781846696114,57.676420795452366,17.661528689783093,21.655703104955844,18.35958382483906,15.60658915775713,11.702825672625078,9.626980591412028,7.327617105713701,8.849228951520047,7.110312254139155,7.845809766256989,0.08259414171512418,-2.0449231051567955,-2.0258962035736734,-0.9746756140298133,-0.02086937027190603,0.11303215911868492,0.5593043204800834,0.479035780617463,0.3800433230134581,0.5477109049835052,0.3217555211407016,0.28920547153144377,0.352956160668602,-0.002045369917346585,16.87053111379939,13.95473834221347,8.642482169017768,7.649127373184655,6.752925890823797,5.286724342403112,5.9476500573019715,5.502830880156946,3.866274662123781,4.837193737705882,3.8681325695346134,4.477239777847849,0.020900398072969437,-1.4014481273897947,-1.4803278118668792,-0.4596398615583736,0.39842260587300077,0.7898749701719654,0.5983590308168927,0.16220261354687995,0.10620955505519583,0.08639566240109943,0.1783924896964886,0.2348172773963826,0.12392870033203505,-0.0008402201036612193,11.71268926917701,10.677557005142551,8.238957963853617,5.321215230511294,4.387504446640082,3.976659566579576,6.803775551555553,5.98987338803742,4.7862368486052675,5.156309042265062,4.564616902937683,4.083236372533277,0.01040746378156628,four,/content/speechcommands/four/aef8dcf5_nohash_1.wav,testing,5.0,Kitchen.wav
1173,-199.94373568846333,95.62707086010676,34.65697857970561,19.11343164243265,16.61933523160353,-1.6624147512363414,-2.3921781096883294,4.436243200433951,4.450322546512498,3.8344559109566574,0.6846207586852937,7.681129352052802,0.056231413232652766,26.839148149996,33.73626231800413,24.427327759274203,16.158650101407066,22.323839412453683,11.303928018552027,9.856830627542909,5.817557316148227,7.103489961609021,6.400770315432939,3.914467424993738,5.111072508104331,0.011113439698072677,4.0824494693949775,1.7057165537445371,-2.2198088566123766,-0.2857189896879127,1.9605436613250484,-0.7636090512175453,-1.128802354143511,0.14679493113703015,0.590052146046417,-0.292012217805646,-0.210114647038811,0.4375896925161737,0.00032189426322778064,13.89071709212331,22.568037228054166,14.437536121638631,9.1593411703906,11.969509829137412,8.231048217704636,8.060577774152492,6.219652760665587,5.575891020950643,6.629266340251508,3.716427097331232,4.6526647201883256,0.006084752498727895,-0.18039614294565354,-0.8236035135837516,-0.5857808118815051,0.12236560011555021,0.10121860485619712,-0.2925401852072222,0.14538367291381082,-0.05508741366504383,-0.48197671173858947,-0.6977138160453561,0.007980938060387152,-0.047721765922156205,0.00026845296516137966,15.801966152121928,22.087960728870332,12.599728262346785,11.9201867916395,12.288401677834528,10.047691662871507,9.784628958768028,7.6990526407137505,6.023759689979491,7.494520432028341,5.303834913562346,6.527015894607097,0.007346557548735158,four,/content/speechcommands/four/9d171fee_nohash_0.wav,testing,5.0,Kitchen.wav
1174,-227.66279224133794,90.28425660790734,35.05702583169246,23.030378408118054,26.713321978748517,14.220734758938086,-0.15664418915325373,5.486749730891583,12.0371708324266,8.343319947395457,-0.6323578160849117,2.1666013452195267,0.09119983291020617,80.29071749337669,44.834870658785604,29.2674919190696,25.639001029469142,24.582442033240856,5.992587719472975,14.306245787443633,9.912473931983753,10.165261758773338,5.07527936983742,7.367178834448292,6.635980882189581,0.05189126385701141,0.5106477702165226,0.33081605873568887,0.19473596775168117,0.07986634224973664,0.09927499503788154,-0.11306956134043203,-0.39408196991342787,-0.2931030095304443,0.009580726617041561,-0.011718465762067426,-0.2706210488560036,-0.21709385022389893,0.0007246661811105667,25.042396422944318,17.727851799322423,10.67796527397368,9.896464282059242,11.704478708804142,3.353931167894656,6.660655035741582,5.199103398638015,5.327759541324478,4.239355426020868,5.282309933892478,3.2110336846652663,0.018793383482519473,-0.13491773757262232,0.11981439001823967,0.07021175836637804,-0.08539178477356124,-0.2096701043654606,0.12148581637697713,-0.11374299132871642,-0.15094895147873902,0.16804332672499,0.1800840883195471,0.018649084759244546,-0.1106705485625017,0.0004590641707181931,20.62378000032259,20.013022657381,10.234109707631886,11.299240705399502,10.307232804017302,4.597344140108172,5.805494449196211,5.391412176965662,5.9544115707754735,5.175209913553941,6.349657227422848,4.257515805871466,0.014141744250453246,four,/content/speechcommands/four/6021f08b_nohash_0.wav,testing,5.0,Kitchen.wav
1175,-157.84440127765367,83.25951219351757,6.994326849322573,-13.91563749918943,-13.951229740542708,5.303200486118163,6.03987199613163,-5.297133492727671,-2.747855854464265,3.0732063356344543,3.0354993865405695,4.741945346503126,0.1334827077225782,99.03905765873137,46.64784698413213,26.490414435180305,26.741275144263135,33.577724998635794,11.308092428460636,7.961490545722328,12.019716238213352,8.491311357374235,8.001859645781702,6.353933000010514,7.815991749987356,0.09630217322310167,-1.5406991551915692,-0.6673412188564399,-0.004518077298562555,0.05266413096964063,0.38158285292939903,0.4125519934922221,0.05333868854734146,0.06451640728423712,0.19923789707705075,0.07414620510370419,-0.11539629916924048,-0.07594038975490222,-0.0005386915778921496,43.99894767783107,18.07587658114576,9.438265681633291,10.791810888615798,12.000611940470696,7.15244075798585,5.5718930987010475,6.947060127035956,4.608221341076091,5.250835202993465,5.147973330908309,4.386901250656185,0.03862419493282384,-0.2125721172163987,0.18200184488672733,0.33840136581350394,-0.14206367397919084,-0.03380609387220212,0.19595560413184424,0.27869829931774576,0.40044184656864223,0.10624975483285641,-0.09542027353015202,-0.24292963451235125,-0.09765253625930782,-7.657147943973541e-05,39.8197662335635,19.382965472719672,7.562905758497302,11.956525159554774,11.293172940244638,7.121393344091173,7.147506227557981,8.340282480008536,6.318842214028887,5.440636048983933,6.743773242902236,5.2396426876573905,0.03743718481490552,four,/content/speechcommands/four/8c7f81df_nohash_0.wav,testing,5.0,Kitchen.wav
1176,-204.13651041296296,13.815496915295853,30.896940835446664,12.32954311578065,4.928427003091548,0.8716629915415439,4.2239160435770415,2.7558137294822798,4.1245583412999,5.357364346234086,2.513381736105996,6.4825348695479805,0.04748195067288414,27.643539066616096,26.80693155661186,10.553948113177716,8.927001898578519,11.49951556396756,12.051736255701586,8.666745773406355,9.079760505486524,6.667488532073706,5.203620149283507,4.148870640248692,4.062285074468975,0.012347935501521162,0.24828040998245343,0.031189275197343967,-0.13783250029206176,0.0607383218127648,0.1315220377478292,-0.22048773559112447,-0.036915033039268894,-0.12524158688734294,-0.26130164306133175,0.13972557461503918,-0.027026323122890914,0.023082226225432403,-0.0007890741030375163,10.15054476968159,10.480912293067076,6.020695576142053,5.479045788764737,5.502202967184059,5.922650648078006,4.628247622117859,5.25517638983968,4.51623118690945,4.132038044010186,3.8154883626404064,3.929154210130258,0.005235671200495141,-0.9780496040485815,-0.6629418412985051,0.13952868086263054,0.1562605071897275,0.0946906444103579,0.15776345886599444,0.014265770793794924,0.3883043572511432,0.4930176922219054,-0.04862085615268374,-0.16520820301730627,0.20221607318496437,-0.00047474457272167866,9.059704558019334,10.038087615212644,6.965459645520261,5.381739682368713,5.926699187421143,6.2832491788932865,5.378230801234229,5.562694359584671,5.092539689870822,5.070320607705702,4.8603192121901255,5.099691963324446,0.0034974065955654847,four,/content/speechcommands/four/2fa39636_nohash_0.wav,testing,5.0,Kitchen.wav
1177,-233.79833241203667,-16.876770553779977,29.59470304799651,17.437486346172864,8.312881601526604,0.8403379258922715,6.331781491355635,7.272629410921315,8.553845486733692,7.821841116021273,3.6467320272421513,4.983529138380862,0.036863350367639214,19.51247851039978,21.52536524743746,9.72272226959047,5.7804098803059825,11.31634982010745,10.963399999221586,9.048633479075717,5.574546159456514,3.974184254175324,3.8762082294435802,4.008932075580142,4.270391353917204,0.007607276963829144,-0.18888825664151268,0.23073287965772238,0.20660942121821607,-0.16616942324784056,-0.21690930073436207,-0.24959256444043568,0.1887530119271531,0.2454369698207526,-0.03367414564008746,0.21164661787249553,0.3210519823925771,0.07176971879903805,-0.0003439180793300752,7.964301220911138,8.830247775920542,5.159599132917456,4.371811665792066,5.083341854608394,4.20513235428775,3.638084748435847,3.2691591355081844,3.1191674791165975,3.605516993761297,3.352510358169099,3.530427353100111,0.0047835794481009926,0.016725610566534974,-0.03863833911762633,-0.0028717602988933776,-0.07505290550641656,-0.06002670468300811,-0.1973626037296556,-0.09979323463186954,0.016755641616827077,0.07930192406958832,-0.01749957975609595,0.16319511012909596,0.07287090934538724,-0.00010117894659439723,7.857993288812194,9.2534800615014,5.603721647247134,4.969124645410527,5.738051753018362,4.505769999635303,4.071312581525088,4.134159555935497,3.885308836058697,4.782788125961321,4.2398798688550565,5.015109701609766,0.003737364090875534,four,/content/speechcommands/four/20d3f11f_nohash_1.wav,testing,5.0,Kitchen.wav
1178,-270.9790684739031,24.346683895937886,26.15875934318828,16.755252064671705,13.38656599525,8.846283799647484,13.393686131903607,10.756990002675305,13.330097974079237,12.337918470260721,5.721962227923743,5.328622903599752,0.039443752146326005,44.78667271250985,35.83596372205962,14.438816077284963,11.731402127344067,14.45167446196593,16.296664649257487,6.34961266488492,9.688852433697177,5.050519077844423,9.828585391109183,7.292278241428191,8.719901267380058,0.011249789308007378,0.17287762085730984,0.26465280876247205,0.5585069347374445,0.4118139519866948,0.249834387174961,0.05818040157816995,-0.08181868387561024,-0.08547104901827385,-0.12122094107693906,0.0703518909091462,-0.20431156706478948,-0.056554853427987245,0.0005683382792818931,14.306291586795439,12.906539143751743,10.51879449128326,8.917713904565991,7.619928355300083,9.270376664973636,5.057261078187331,5.56900625738304,3.3789717670422377,6.35240526579369,4.994119784204386,4.96381303449513,0.005640762397077872,-0.30522215003632786,-0.08043288744553262,-0.1767608038945206,-0.2382308076538224,0.03497470318032304,0.023037980714585515,-0.007826657138471364,0.07720396724481944,0.012173515130954134,-0.03431187031686358,0.14976974567305182,-0.12935284482483997,-0.00017279057453076045,10.131290312183621,11.72545781481884,10.233396718113173,9.281944555385852,7.201086443026716,8.474311269540769,6.546028716958522,5.976620087598299,4.85055387287281,6.826983342012617,6.099153295192858,4.4601285497117065,0.0036440758582011313,four,/content/speechcommands/four/37dca74f_nohash_0.wav,testing,5.0,Kitchen.wav
1179,-236.62726407365847,49.93207004974087,14.87818039846801,-3.802834499818274,5.52436594215166,2.8547801642889463,5.608308234730027,8.622503885116302,11.46511626240221,5.099408899649709,0.46701888493550725,5.877978684188173,0.06220222101546824,57.70087075628792,46.97964081742396,19.986340281488378,23.574046077828893,24.190726709408803,7.691745070690318,10.033644825015228,4.380773739002517,10.385717148085407,6.501812998943333,7.477244866688264,4.845505873497291,0.04513797924531623,-0.43108832365900007,0.3758028871721424,-0.6029338734631022,0.3263557175275505,-0.20940602824611043,0.21295016323108834,-0.383630470456659,-0.10573294979504631,-0.3360497713756954,-0.004852373799771845,0.01097180664530683,-0.05473120076626448,-0.00047261093653017474,18.186985721185145,16.544518058883142,8.32355511334229,8.86356872841242,10.988669630819425,4.691657307644702,4.0903855111720455,2.8745006903572445,5.154067684441144,3.694641263456409,5.307301131320111,3.559185693518708,0.017071758879341068,-0.31602804600704154,-0.2930815371798602,0.12218749077001849,-0.164132682373956,0.3864070515820767,0.19585846681616723,0.13717027047122593,0.2611837810942769,0.09332673605915727,-0.09196360494533924,-0.09483797036042947,-0.048080668150954305,-0.0001745341345667839,13.741277107937398,13.417118357500527,7.519064720698104,8.69765305086445,10.126265618731225,5.566741321533689,4.821752268645544,3.6987631679550574,5.109411043741178,4.252643672607652,4.861960616650148,4.407829229311073,0.011269030580638082,four,/content/speechcommands/four/840c366d_nohash_0.wav,testing,5.0,Kitchen.wav
1180,-285.9077451088135,24.54201671474013,57.868157508007116,22.01456871462863,14.842625285053813,7.6877260913948495,10.632007671961347,9.137905709550441,8.178756382482542,7.85216968177485,2.297104713869004,4.851331337423382,0.06735794825362973,58.77622490565849,62.03771083721561,20.434564889344184,12.763397000208958,12.799454436994127,15.983279566385534,12.139482646058456,7.805913586981162,6.773334016590984,6.110602111678078,8.396573850578426,6.1722363373275915,0.06450751073472477,0.06084189610667438,-0.1599471833047387,0.11297406239273182,-0.09759656038049926,-0.3031257270261794,0.04724393386417072,-0.004190069520563401,-0.15561004600773634,-0.015989719286729556,0.10756471097908801,0.08879778843692536,-0.12322671728192433,0.00044996495689115216,22.545487203276654,21.9985770328881,9.586355696794694,7.514757619440929,5.191647915678694,7.736758488054225,5.434474790726187,5.55402381340371,5.809445848067244,3.282663892256578,5.04901493977846,3.7840505564124034,0.02020108368831106,-0.164291826505386,0.02997164166954735,-0.030041255442395234,-0.0706493984139249,-0.06416837919903534,0.09252964229001925,0.14363644834020206,-0.03435210683799929,0.04301195169574979,0.22583355538124952,0.13231677527721794,0.11265526227399161,-0.0003827684869368871,19.7743482587835,18.67551745486872,9.321066681098781,6.744069373556605,5.022359784075831,6.510657688773799,5.3464476292408,6.511650366350178,6.897017670806091,4.022815633570824,5.91864416606195,5.154665314309862,0.011015636197477953,four,/content/speechcommands/four/e41a903b_nohash_4.wav,testing,5.0,Kitchen.wav
1181,-265.03075125929814,37.9325302898111,18.03254023672306,11.35719142527243,13.50511594125722,10.516226448085408,9.22928404830671,4.966832655925171,7.139236674470457,8.752074746907308,3.865630869679453,6.369560558402135,0.03179048892343417,57.57432949337426,38.281416846760585,13.946715602590293,13.601078127428062,13.769075989037866,15.829338621655644,6.865103820113098,11.740727052540585,5.656829976948562,5.305486273057535,8.639048711036061,7.427872905918957,0.012887405670283405,-2.490642359434534,-0.37861869080797994,0.6789665862587215,0.16664843909633226,0.3820455842490014,0.1590193073817374,0.6192565775239871,0.7044087640480229,0.3688316959846017,0.08140347418997676,-0.15070185101080438,0.028910655817388206,0.0005315559946240917,23.936345967828615,15.520351036337257,10.543189791450342,9.882175210255944,9.224297672597196,9.322003161916994,4.606711454409246,7.040791649273583,4.472252679385057,4.457628761544688,5.3836687082434285,4.3849793262787795,0.005671596461015456,0.4244027337247104,-0.035598802094243945,-0.1664379953558954,-0.29786817617584754,-0.02520295285148452,-0.034604257753926566,-0.26191708992917156,-0.10118154625933151,-0.0735305484497637,0.10898985485936598,-0.09161860858053113,-0.17253637131972407,2.6934128254652023e-05,22.140330301650884,15.358364299181723,13.615444954458965,10.413020556664755,10.746212085144357,8.59965858414638,5.382132200736921,7.192067708485699,6.519857012565915,5.569486370124833,5.4525740060101135,5.349284975091142,0.0061205088577107785,four,/content/speechcommands/four/37dca74f_nohash_1.wav,testing,5.0,Kitchen.wav
1182,-272.1001992549117,10.161904452741027,25.522058368330406,23.165310271163726,16.183543893259348,12.703332755441494,8.990494171348766,7.533564447095158,7.416431400685193,5.841359219915668,3.1008844672083304,6.6876767555487024,0.03669926564907655,41.98117849846331,26.72785842047717,11.395149234748157,5.760409159379442,6.750410705699755,8.022536611623883,7.544021117138061,8.406559953701182,9.11472731858196,7.077643395028694,4.348421240367114,3.2098248841985804,0.011087625412754959,0.13534033946286633,0.2799373224770394,0.310502438920373,0.04826485369487455,0.07261239412547482,0.1048805447629439,0.08746020781368662,0.023030407756051217,-0.16713809428916496,-0.14392544793592105,-0.03604876419230765,0.03529692267724346,-0.00038605297525082867,18.71238471591972,11.748106554660152,8.214851864840332,4.750424482380951,3.8734458408947177,5.90099807785334,4.184227708116996,4.026800677354121,5.183289696459946,4.1735509510727775,3.6285745156520286,3.423170471497336,0.004391571716086913,-0.5430134534113885,-0.3699341961969948,0.09175640677388384,0.3743711065036589,0.10815967943605381,0.16829340918898517,0.2868349131593491,0.18839629564231875,0.1049417004304227,0.10424809855941065,0.15693847305783964,0.04698268702094911,5.2827720840771995e-05,16.792127939347345,11.356047291115104,8.538151389874884,5.576632105363748,4.372813630969477,5.898654242862662,4.66897561563285,4.75577371180807,5.412035941234845,5.130282054913705,4.881639030018487,4.844800270196848,0.002694337637306053,four,/content/speechcommands/four/fce96bac_nohash_1.wav,testing,5.0,Kitchen.wav
1183,-168.33175248313648,30.299893511786006,21.16293692717951,3.2791848721578503,-0.1941487465520556,-0.8833276586067078,-0.1797490023221502,1.1187542277163367,3.1515665660050933,3.972441130597629,4.0920038711612765,3.685983600386427,0.08501028007594869,115.14480034396323,46.611700147273815,18.6366447361287,19.760478912221906,22.520635825688238,13.584627864370328,14.447059952907452,12.99832496979866,10.632924134756006,9.873207798471334,7.1346796374853305,7.761887160438172,0.06444140136156332,5.270036352885573,1.6890008618182772,-0.39173032082684933,-0.8071954644737197,-0.8018305936692828,-0.48035008319290684,-0.582225522488834,-0.47835457377953267,-0.3820533520698342,0.1905943517173644,0.39795794864472744,-0.25674775763578983,0.0008477718238869022,29.324885946000215,21.773724348850724,13.134608121142234,5.719900373425698,14.890566790532201,8.833535621055924,9.189887348155326,5.307047476413686,6.572569441554654,6.05823271806903,5.537657078514972,6.7081177587621355,0.023403701324499843,-1.2524256804618723,-0.04769407081879109,0.25278080317420526,0.4170011545699083,0.3364033999404878,0.2649174762125126,0.02248080717047746,0.00616109424666907,0.11650989699375124,-0.013325609528098454,0.3191468899900123,0.12204965308442847,-0.0003552434965968132,29.978602188334555,26.8151182638555,16.122159622646087,5.731205725093143,18.339865900928835,11.573895130797894,11.526360711823884,5.17735079375191,8.139430947536272,6.501264845631439,8.007202111320185,8.89351543098763,0.019143119992684324,four,/content/speechcommands/four/cd85758f_nohash_4.wav,testing,5.0,Kitchen.wav
1184,-274.84704632292846,63.32128752594683,42.15507766777982,2.964724061882627,-9.173434151313652,-6.42487168023926,5.434149844514931,14.272910807724564,13.961509698760029,14.030374366777036,10.614093992475862,8.257096321016544,0.112793140753638,68.62226680340332,65.79573467288068,18.458894900450378,24.000929051317932,30.658368102851046,18.12347105457869,7.307179448148715,7.109194486647935,10.32833355158078,8.260924696465695,6.695037100517111,5.584290267318086,0.11848271795347437,-0.10988562839892321,-0.10092128323105361,-0.1622380500131938,-0.11678238630372309,0.29110994814165225,0.200728445961992,0.05537671658544608,0.16515103347403823,0.10142075449757802,0.0789115775140247,-0.20110885132517306,-0.15311208955010408,0.0008150963413138543,22.364204399726457,22.830927384376054,9.560147935985647,10.038660639407006,9.869342230919568,7.484386393539308,5.290682478258141,5.35607761339671,5.309903930471855,5.000175379330275,3.300212000531397,3.7963784579314073,0.04032037989933969,-0.578802456436235,-0.21526692878130385,0.022539540822635356,-0.04053394748824104,0.024855232892891977,-0.039476443876766965,-0.10023333390147168,0.09103772111818552,0.32377607316683654,0.18429847584304712,-0.04227780465241627,-0.027424528916215253,2.5509297847747804e-05,17.17996054846967,19.182119029020434,10.594657844605392,11.648856457106994,8.794056316709586,7.74030828174235,6.452326000866082,6.57566026977908,5.496698294313785,6.365561941549684,4.390370622759687,5.654628794464079,0.02956296003300815,four,/content/speechcommands/four/5e3dde6b_nohash_4.wav,testing,5.0,Kitchen.wav
1185,-256.9052222520637,30.607420972574037,7.366031222811649,22.64641277646422,13.021383588840743,3.8368349582648538,3.6244777152714285,8.172936521746752,9.686658328156758,8.99541598213741,6.653803333956613,7.005401149522482,0.0403902874677442,73.24711094267425,44.39753694861237,22.470471626700466,19.41892919981489,20.267432397714852,21.431948006695116,11.553101487361156,9.25903178708229,9.244459164910506,9.310683107435928,5.013755441111011,6.761483198438007,0.011897230962407454,0.7500003963978968,-0.08175653891746501,-0.683820733740527,-0.4367786695846136,0.2535293706280139,-0.011677593353063459,-0.4049511129161575,0.0009528785712978489,0.26840781017500354,0.012575357792515503,-0.11976966467036874,-0.27482113633794375,-0.0003330464805326154,24.873857421083287,17.27611853757756,12.244911351862948,9.963406194108734,7.607123906516733,9.361468892541204,5.374422408001412,6.138232627207196,5.675508325984628,5.9186249665800945,5.453731511322968,4.515229818104629,0.005761279568455517,-0.5143371703279058,-0.15583150847363758,0.4633482893514526,0.33943508267521433,-0.08506538223012837,0.04544825772840664,0.3617566311291849,0.26875488333207903,-0.09126070323823801,-0.17998371202601254,-0.10643068067295515,0.0024693068390419033,1.0677613317966461e-05,25.86881922252125,18.027454677078012,13.620666842469998,9.093587288662137,7.010798444899025,8.688706390381324,6.499798005695236,7.0045016110455816,6.384113209514412,6.743076510735609,7.542613093425639,5.843275397816476,0.0045606271134418985,four,/content/speechcommands/four/ca48dc76_nohash_0.wav,testing,5.0,Kitchen.wav
1186,-241.58454318160838,30.496667097997747,41.06925186456874,2.8965533089184827,2.513965024441819,4.576849215261984,9.690539058644461,7.175236084858781,5.31953045617399,11.981493143795102,9.92470768398369,11.551755224516207,0.06194224479258992,61.75655571960421,50.37430318964012,16.960381303224477,17.78064258634157,21.778582010829293,16.678648244516634,4.636087962334326,6.243089705173255,9.7159863414863,8.648505578390536,8.835903159903154,8.888049557718853,0.03990944043955362,1.104965666102188,0.7115334083134724,-0.4284843059590714,-0.6038371348913095,-0.07965165181306359,-0.10821020513029427,-0.25862143767428,-0.35438926230257517,0.15495190242988455,0.2532694248597796,-0.36477153654503813,-0.7396468838933933,-0.001076463429677871,18.022409793642424,17.7490204063151,11.261377933943018,6.775820182812542,8.163179174596857,7.504227387209373,4.0569924335800405,4.904020242776997,4.957152260309074,5.96977074001334,4.608916800281971,5.538344450944956,0.0138587853881638,-0.4345330188903006,-0.293037069384525,0.18515576615540302,0.47897971172311177,0.31209699342929903,0.05059538065892332,0.289085281050966,0.2580414440261978,-0.18317375674093153,-0.05025630906164101,0.011421396708570933,-0.029178827717897468,-4.0533579885959624e-05,16.587389663346205,17.391781887182628,12.420656549432913,7.604338290709943,7.831578684871078,7.98882211584368,6.069805156866689,6.446237870900531,5.479345148993404,6.28022496874466,4.551571493133972,5.790773507568903,0.006989046476960253,four,/content/speechcommands/four/48a8a69d_nohash_1.wav,testing,5.0,Kitchen.wav
1187,-229.40612474749972,15.360470223596602,21.05440554524993,9.188423448507514,2.5579485292806687,0.4175712228876697,2.7799746191065084,3.6028970973642567,11.606235459196679,7.10015974430524,1.429095934157331,11.446396517116085,0.13077996898209676,80.45080696623843,41.86281731816123,27.742635664401796,18.789415285464557,33.27200188065794,13.91914227106145,15.873964728588014,12.335528105432259,8.41511273038711,6.788054987964689,9.609159902392555,4.85174169508249,0.12266337548354526,0.21139817933904456,0.299551068699147,0.08549355268996611,0.09932622845706807,0.21739869914618898,0.1088027771969288,0.10501164222706698,-0.18669624444343683,-0.13863284940194054,0.004867391847129867,-0.14706222640523375,-0.02464502436754934,-0.0007018815846212449,30.024839336935273,17.6509708136822,11.268256718418138,7.75795613035974,10.590403050021349,5.8830497329097176,8.75108039298822,6.058348542870607,5.768924173926517,5.00312197351579,6.31324969646979,4.52324453480892,0.03736268706814814,-0.07276976961782869,-0.06058458108985055,0.15564054122305346,0.10431216129595709,0.1396700793728319,0.06957723598169542,-0.21066532781305003,-0.08710894014601145,0.028828408511295815,0.1251421228006624,0.04215765440599858,-0.01967888640768042,-0.0002609354754288991,25.23895127307213,16.55695832876983,8.864589980977343,7.749866340050822,8.595256681480995,6.390679385615705,7.5878905228624225,6.415976254288944,6.568450123860623,6.183011471346258,8.216110695016793,7.065603549185938,0.021836704071175408,four,/content/speechcommands/four/44260689_nohash_0.wav,testing,5.0,Kitchen.wav
1188,-259.7631037354537,18.176467619474813,29.909687804212115,0.8659003874422935,7.408245795085648,8.930938412771015,6.571477920223891,6.0531090221200055,14.274748142200446,7.207712352695058,1.5801827490313878,8.345467308216325,0.04166838474338874,49.8828088720461,41.212684589874094,13.629517838851056,16.21401011144684,18.525853026368278,12.412820269027696,11.414539105446208,9.4068959653168,8.628073467288946,10.518231807618562,6.476282718432844,5.28174067260596,0.017370858902633908,-0.025735657883222803,0.34659049488005217,-0.4645414503676478,-0.24568049952912122,-0.049466777669168564,-0.06056347432069733,-0.36687000956361493,-0.04441554752708874,-0.12719905620049726,-0.1380049313355654,0.27856680479400997,0.28597334038412614,-8.458812390604327e-07,15.06807909332961,13.293275680411487,8.286189642643746,6.380534549144878,8.1991938438955,6.756244149278537,6.433158168855434,5.369711238797474,5.042718740055525,4.879609268090659,5.041850660024052,4.449002954119253,0.006960353989412495,-0.33222629154892236,-0.04913081719980366,0.12656449111133958,0.2792396419176057,0.3431216245563432,0.11190844887522793,0.006569783307696397,-0.011780300465712953,0.15782906982188352,0.22448103334324437,-0.09754076157609971,-0.12729611186959477,-0.00030425414443016054,11.618640108079305,11.55260827118,8.812664403915585,6.6950865402613084,6.941013540090688,6.629206490433316,6.533410299926828,5.538831470544871,5.662762415283927,4.97055726237255,6.196461915309514,4.964698036818711,0.004258179354587806,four,/content/speechcommands/four/d7467392_nohash_0.wav,testing,5.0,Kitchen.wav
1189,-273.84594452213946,51.49765501761145,16.664980755819442,5.524150257101069,10.892835753022748,2.548965683312149,9.172742074261382,15.112909746589407,13.209809755491655,6.475961912443913,4.764764391531745,10.546343638707585,0.0791860725148581,74.09101525135745,47.8627949004531,23.49149872388313,25.6152609640504,28.689654333979227,15.576413254942738,13.394696169305663,9.350957365579923,14.752375482563023,7.14979369273442,8.315968657457963,4.7935282179313985,0.06852994497558718,-0.31421180736007165,-0.13233502073779438,-0.11936638843577449,-0.07987627690456917,0.08824566019969339,0.29429468286243027,0.1359432548879673,-0.0881552084948251,0.0153796587491687,-0.05443298181766714,-0.21272583012033477,-0.04594926333723521,-0.0008550470154131613,30.0418826433232,19.121290821471323,13.168660987178422,10.531823424974657,12.63929511069437,7.816793464440837,5.612878810167088,5.559599486945196,7.828192110726223,5.611951827349325,5.047080312362384,2.876718706067198,0.02950902721795566,-0.7382485778429005,-0.22668719294159587,0.2743800502312452,0.0577974301508636,0.2587402458849963,0.4365554364851864,0.12366900415926073,-0.10820876664829365,0.05268744428733522,0.1243458066125284,-0.1681525267822905,-0.35605376813074535,-0.00014258821805318195,28.817428372911824,21.02108416522295,14.560889587227509,12.292609730047312,12.779555379689018,8.326536893179696,4.366690943508751,6.0904109192989475,8.396925296256118,6.8769047588596655,5.638080723783263,3.6953011532953,0.026219458462782272,four,/content/speechcommands/four/7257420c_nohash_0.wav,testing,5.0,Kitchen.wav
1190,-302.62324072951634,5.019258584325431,50.91238575273805,22.2543975389544,12.457218200953523,9.365756475412656,10.086071480573882,8.882599982412946,10.178694039376678,9.089069958078117,5.450161510185527,6.890195581486155,0.03910267585888505,32.33917447313677,31.8353976904845,11.762722305899588,8.946259700143369,11.918916434437916,11.06946612025258,8.553426409013882,5.5332478542707175,5.197398507009003,4.517693498885387,3.4841174695903185,4.473275068480612,0.007114433103170108,-0.17920931489176117,-0.40137749282688745,-0.09612308544967664,-0.06186901698633849,-0.04125007919977851,-0.07048848817719555,0.02011867391834578,0.11465137960239619,-0.016533253563513293,-0.0856307804297253,-0.08348712060760802,-0.0790312928916221,-0.0006502974898584427,11.141522654212341,12.861167461540344,6.762604122934211,4.947323375428427,6.132685692359522,5.631865283777505,4.134066682151566,3.4601697159245344,3.026910684723805,3.5507180025240763,3.096669222046943,4.029397729634632,0.004000751060114837,-0.1308110130535264,-0.06753907462563008,0.38678091253216446,0.49881645601883357,0.4650670709536395,0.09358707756509646,-0.029933185721905974,0.04433935400180251,0.06303969508222464,0.07791774285877,0.01780311155688222,-0.06997536802044418,0.00013285428285598756,9.858301207606548,12.105307400008709,6.276862057138196,4.958888040801335,6.470705398632403,5.573764854156487,4.205535292962582,4.560441575611969,3.9625686065207235,4.622776990849933,4.227384245423236,5.779503737174068,0.0034749686618672855,four,/content/speechcommands/four/1528225c_nohash_1.wav,testing,5.0,Kitchen.wav
1191,-281.5617579116125,43.910282214849325,32.703578843188744,9.402775576267512,4.414216629305319,-0.19588307825315865,3.705685918388193,6.374356091782186,7.400130426555629,5.673372580500131,5.040315784749383,8.20712908438425,0.05298016109736636,55.34480074864796,49.384303677076964,11.391930952228753,20.51073396739751,23.80311173152872,18.055081179009164,12.901285435034232,11.42024682976385,9.32041455336378,9.672697421274012,4.968123066117851,6.414175465756212,0.04342817316703164,0.16996020004592816,0.1599271962094155,-0.14800948487974525,0.1855576298512961,-0.08933398524532755,-0.01737097578416092,0.31411708738547656,0.3088816414180714,-0.1927615734083162,-0.0863804818208731,0.0662322023803406,0.1463822838208441,0.0010284571157347772,15.97222610988976,14.117438069485004,6.44617380239241,6.860576792480536,9.431900997347578,7.730607350267772,6.86582221138575,6.364580622398292,5.3140923220556,5.009525105636106,3.962149893255852,4.222732583432202,0.016649300806706423,-0.2337581807940334,0.16835130403556717,0.18400107364071752,0.24488013090190902,0.009885819987951608,-0.11812609621129132,-0.036557395304106774,0.35855629144765927,0.4526877666198821,0.08645916987213932,0.06214127138974638,-0.03833892397177433,0.0001454098771015803,12.200640890382752,10.397515415544058,6.472059931715865,5.632514668294819,8.849649826101414,7.961321195740366,7.327960161158402,7.171738487846205,6.299310340692505,4.915439147666511,4.786213653829661,4.901510884337769,0.01211716179478037,four,/content/speechcommands/four/caedb73a_nohash_0.wav,testing,5.0,Kitchen.wav
1192,-220.54804356908167,77.91632306381291,35.421747122937745,-4.402159317955359,-12.940460940193317,-2.3048065227082652,-3.230843785431538,2.3878367071039213,7.03118906631231,7.01657155109955,-1.6753616311863935,2.328130442183406,0.09922097355592996,67.71728335544435,57.851261109939514,23.589202406440265,20.631510941866317,25.895651889908645,21.544361143519865,11.841129652511935,11.045663745053067,9.841371756371558,10.131278883172913,9.249519245696131,8.31023247738662,0.07385799178353786,0.26026927640976194,0.4286257121710306,0.16324220762914896,-0.07849891028259931,-0.47417920057223206,-0.09443610590431462,0.3075451454027627,0.2844115927347648,0.18160338761082634,-0.12603998079312567,-0.2752334855303503,-0.2549483355816562,-0.00026801552984022326,23.227822413964,19.39553462200878,9.084671071447248,9.0207199988421,8.22441059942421,6.965541514634518,6.040520956290569,5.457772300811426,4.656579458064985,5.799267255682229,4.37385397830735,4.909617889909296,0.020865570072381188,-0.6065264806714026,-0.2082405774194894,0.2853395669429423,0.3079622876270231,0.10285965762942392,-0.03842251501173071,0.13937536370858203,0.008243047917394481,-0.17527176904745267,-0.0899331818040831,0.10526796849680278,0.3239107023040335,-3.098448117574056e-05,18.151497740412978,19.76050327882062,8.255504048442955,8.197543496071946,7.2602918006238255,6.36096977654589,6.898308666357259,4.628184315947252,4.732791557337143,6.0973485978516555,4.49203947442858,5.545723469216864,0.015721848743402687,four,/content/speechcommands/four/ffb86d3c_nohash_1.wav,testing,5.0,Kitchen.wav
1193,-198.68652772570994,54.680536225350025,21.383697227294874,5.329574878770574,0.8671947102768791,-1.8561656132205246,4.136000680831311,4.771891749071057,9.075381607578766,2.9760683452539096,-1.7370945421490451,5.208130741636538,0.11791892690234818,64.9615039440618,31.56205624722913,40.307664842531466,19.571211000976426,31.49457873887527,11.266652588120106,10.458845409240013,7.576062309204739,7.9385860631689305,6.503479694210156,4.641432544213485,6.066524496669075,0.10202069376835372,-2.2980668136106024,-1.9221147991265533,-0.14478285203367847,0.9914697840701832,0.8382919573807871,0.10259087782496751,0.08508742779581538,0.08288211054174853,0.42942135061732317,0.3196819559870481,0.30840985619698597,0.2798681875606018,-0.00029419518766864654,29.625256671645896,16.924155234439535,17.46330778101546,7.340524325826744,13.808118475858318,6.9421255282916965,5.5650006586058085,4.575288554792748,5.15672166854543,4.459704579562337,3.6226738040793958,4.421849861058916,0.0347724937560452,0.012568406518568054,-0.19376725537022577,-0.38070253907356943,-0.35625841055663693,-0.08867949476267463,0.0002611814819119355,-0.1546890564746571,-0.181025871977433,-0.07417677459619212,0.036600987076931005,-0.03050018844512996,0.05141021803935158,-8.537853136658669e-05,32.603507773627115,21.41584266652118,15.3660666071168,8.573062895719643,14.199333322487362,9.812559589217575,5.675812394509826,5.405171632830673,5.742506416431561,4.240126367670594,4.4733752395029995,4.90371098590556,0.029301211769208135,four,/content/speechcommands/four/44260689_nohash_1.wav,testing,5.0,Kitchen.wav
1194,-143.6072844491684,91.30369329040049,-27.419961830129324,-40.63267776848457,-4.910480146396076,7.78597029473583,3.190585363240791,4.5476151993603,2.5193524827592824,7.282087897511239,2.011750292861863,2.5092846098592956,0.1511262059211731,75.58551442177813,27.768848762971366,18.653970473900234,12.93541893048585,23.62392389492251,15.037605314461254,12.879968492027105,9.179839984256578,9.331210955973194,5.860250077877174,3.0835810440934313,2.781690675943868,0.18166341166817998,0.5023255862067312,0.6552635998898528,-0.29833211500673024,-0.25253162791812994,-0.004376328479345481,-0.1501735329447333,-0.30023482272677765,0.13417063666700982,0.5246420501118149,0.30606926721962785,0.04813008305367384,-0.02453265625357135,-1.3181318839391073e-05,23.175235535323832,13.119451164878951,7.659915908282051,8.061854970436407,10.238496165723308,7.390752585699229,7.755498563782811,5.914094315409075,5.726814925299384,3.8950232119855834,2.9509822073920295,2.5864891682209254,0.0592756921064401,-0.24938390325774334,-0.031231921830227362,0.3176321775299224,0.2487358561640731,0.24728196043740103,0.4094536152942784,0.41700471320603255,0.23931145942885956,-0.03782736632949743,0.08604407390023507,0.19467286063809008,0.1487611219854248,1.418462087368143e-05,14.030627372069253,14.732057426825955,6.835735585400026,9.369187218365289,8.603609306670648,8.404772828744344,7.705939424578959,5.985772929810362,5.766410228936915,4.801137490131468,3.952708761925175,3.6743057814408746,0.03577860038357501,four,/content/speechcommands/four/0c40e715_nohash_0.wav,testing,5.0,Kitchen.wav
1195,-215.31254748286173,-10.101508974644556,29.212558254000946,20.07293034474971,13.45495079648744,5.74418298191542,9.25865443671208,7.052917968955789,8.265099272798832,7.926803569007154,3.624618767594435,6.005294264532328,0.0410496995318681,41.95840228224137,37.90593278676524,12.61522306258655,10.385972816505989,10.247088720167724,13.369571123971763,5.228909404084278,6.903440378885268,5.026704790840739,5.801797284167505,5.937584584801494,7.050344836645115,0.014891755939211182,-0.4123160102039598,-0.23601568971441297,0.14082593182518457,0.14175156667871025,0.019964781715350502,0.02507162220549065,-0.2661898939316973,-0.21580665555285722,0.1870582069324833,-0.07403936967984621,-0.20599381380195075,-0.49502738725678064,0.0001427294506180671,16.213605757054275,13.995275518724695,7.112219806710652,7.9633452623959995,6.278598055958778,8.753058063338626,3.7873398317749256,4.906633771965335,4.077906054410781,4.950791221955571,3.4700938081024715,3.88801183034749,0.006487722569858798,-0.25106206524892133,0.2448690872208747,0.21215536307459595,0.23932318557912627,0.16418947379424628,-0.17240541832908823,-0.23277918531910954,0.25131097140958875,0.2295781106648769,0.10468796831471522,0.01864168861480815,-0.2861720758343399,7.297806441783906e-05,11.835779296949957,10.569581132877305,6.7442843745126115,8.565503612221432,5.37330257370714,7.780327878290909,4.936834788189301,5.737249771787299,5.7674145525748735,6.3737160306894065,3.955007156419386,4.5802827619602065,0.004369109275750829,four,/content/speechcommands/four/37dca74f_nohash_5.wav,testing,5.0,Kitchen.wav
1196,-234.70626907100063,72.97883763075879,16.619504202355486,6.033141848539417,5.936270136259478,-3.3865415481358787,-4.245591074680721,4.492063829995351,11.180381515738338,0.7463553294888721,-3.7970392588250097,0.546429929355805,0.07744887215085328,87.52582345218899,41.3569745475462,41.96715956463506,24.668163804552268,28.45768413310059,11.106835088371977,11.678564961430418,13.920454692329656,8.15568720779427,11.950491205495632,7.1100785253622725,6.517952357167065,0.07701830101276995,-0.38965815473769055,0.1003676725356349,0.3461858174427315,0.36014785542908323,0.23447032379036886,-0.10988865347608115,-0.3239064848673855,-0.377132118569879,-0.35039530662558,-0.5351717337359667,-0.06297708509070891,0.29945261719127525,0.00015622239199376877,25.84983688618817,13.149355397972084,18.93719192961829,8.153565369249582,16.982322106371548,7.096331101195506,6.397638679520726,7.5615208631562245,6.242493168203813,7.262415434189147,6.270333009039768,4.8927955553793385,0.028925469881976733,-0.4765549367737094,-0.27926607041395973,0.10275673607771457,0.14495516377340928,0.30230360331862693,0.4191738483580783,0.1333010696221758,-0.17634168890131233,-0.35363800928527306,-0.5509449527631877,-0.12754947443303724,0.01420160477347047,-0.00029465040812889736,18.21103162130507,9.922315269279334,19.106247789774248,7.592899035152015,15.956509220459198,8.693381183708198,7.485403369770666,8.76628492515043,7.97501353963364,8.161395977197687,7.182257676546289,6.291036978274241,0.02521900710682038,four,/content/speechcommands/four/3df9a3d4_nohash_1.wav,testing,5.0,Kitchen.wav
1197,-228.13297409327117,46.09382932679958,48.061670845624846,-9.860006310134235,-18.176069940484755,-10.77333154992472,4.461010520068048,10.557340197120359,15.482638861466308,16.367655608717282,8.312396789024003,2.7177711485267446,0.10025426524225622,61.824014411630166,60.43354633169569,17.747005033377338,18.38882051505451,23.179220860365685,14.750846392222192,8.456259862747931,7.775028365174917,8.528644034583968,10.885050999988081,5.8149564458601315,5.705513124128906,0.10352595278983158,0.18893126289096487,0.11724806520302751,0.3958265238136135,-0.07026163492099934,-0.2306517148042163,-0.28189534672585287,-0.1975119332253164,-0.26499963381592234,0.170761974198948,-0.032242440037658714,-0.08087730613253805,-0.002706934133781987,0.00011384138657200722,23.148511401606186,21.834338184490246,9.677965951436015,7.600751734549961,8.83533477572009,6.100088135084892,5.253963396041864,5.077361419179563,4.923590417507784,4.6885370139285465,3.4940181645419024,3.377252780760821,0.03849833278427911,-0.2391046442429096,-0.448420068954357,0.31862133738814497,0.4608063550907623,0.4446258139923266,0.0881971306322266,0.13754337843801215,0.1359816848470457,0.09645968701050288,0.00025656135787421874,-0.05694381903157811,0.09808449565273575,-4.030764102935791e-07,20.481391536866735,20.142700229570554,11.937170461301267,6.647921352058279,7.744436631181438,6.437020899136221,5.924647122030319,5.579738018232347,5.884468504505534,5.3911496966470995,4.385911831329966,4.433008470872394,0.03464582774043488,four,/content/speechcommands/four/5e3dde6b_nohash_2.wav,testing,5.0,Kitchen.wav
1198,-191.5069308495737,80.17277645800334,20.713208118914103,-0.8961972544604168,5.377712744279462,4.473245797741539,8.186690378040815,4.352788305770856,-4.119799788738037,-1.780284909798,1.2524456602640506,8.066544566435123,0.07041784736793488,70.3986144669254,37.161910174598205,24.001860791133925,15.39047296987943,12.472637286963923,11.055176355352883,7.684678841451649,6.3974795113910465,8.158792024856817,10.987551108291017,7.919416213874458,7.077848129926811,0.048372350699091994,0.22317485127784434,-0.07884833028583671,-0.3259812801364491,0.13618432894861468,0.15486293900791412,-0.0851749850142816,-0.1256000861827699,-0.025392544774425364,0.13906461728539748,-0.15122901479839482,-0.23223612790770154,-0.32321374450709806,-0.0005513097369863141,26.92359456473609,11.96563316969412,12.441722457669199,8.053694800576633,7.327050072446461,5.579646525468066,4.3319934873340955,5.237264108103899,3.6888903687847794,5.500632518626701,4.185199764727706,6.0081947054354,0.016811248983467485,-2.875426181691887,-1.1930764412717958,1.2186458268415172,0.29779076341093286,-0.0639762218271081,-0.14920168273663056,-0.3339865318828377,-0.26151001897458787,-0.09302459223555777,-0.028748564949028606,-0.2267667790719819,-0.04772409738392085,1.9869394600391387e-05,19.575628136881416,8.08830562368103,10.40668239497136,8.052285351982547,6.375292257525278,5.788247116747002,5.595051367164211,6.342643761396795,3.1447044776540927,6.23852244578553,5.384190712140612,6.531964581077607,0.009743643335756363,four,/content/speechcommands/four/7bae88ed_nohash_1.wav,testing,5.0,Kitchen.wav
1199,-268.9007670301268,11.701931310643662,52.11896254468145,16.451101353175815,8.611497304763883,5.963822919168506,8.878710291661404,7.015084154788928,6.700340565660268,6.343269844160689,2.837757698040697,7.031145621027145,0.0357678032014519,38.96592034751818,31.819637754362024,16.61749080777937,11.155095423434604,14.391698329097975,13.871186180250236,10.052893611820544,7.945033672343213,5.926872929565974,4.735200316152797,4.55728113999414,5.092276707542047,0.008668629061408332,0.9463697209428761,0.5694154665961565,-0.06927193322189988,-0.6237042623458618,-0.8300723816753318,-0.14739194628636096,-0.259825186781493,-0.25649677742185334,-0.10232753920612947,-0.2172650374049189,-0.4793046889225661,0.0019028410001364331,8.322695089924721e-05,23.2869864027821,15.585415348877032,8.897280322368822,6.481964038809,7.125168438648315,6.636294190599681,4.899556976931574,4.0569741001749735,4.569868742100244,3.878137476518487,3.5491987342188756,4.068175377382368,0.005359174340007739,-0.743970348339631,-0.21223592090488355,0.04803876104040157,0.02611532275801807,0.18083066074144996,0.10468577355550751,0.10326228596181022,0.13157131033030167,0.06664420534124744,-0.061666924975516076,-0.10543612398001782,-0.0782783839837786,-0.0001223985105752945,24.366787717541758,15.194453129392352,8.773301743201346,7.116096989565936,7.267976605666446,6.272215633224102,5.291326580034809,4.92586585231754,5.700473014359478,5.129473669683935,4.930622511825211,5.394926275967219,0.005057206895711793,four,/content/speechcommands/four/85834399_nohash_0.wav,testing,5.0,Kitchen.wav
1200,-284.1669247839427,14.841767140682993,54.397411131919995,25.372603703339568,14.502220046853889,7.791034618113985,12.104987305977794,10.269739399908797,7.976536536129565,10.639424505410233,6.359461729388298,5.710449881699971,0.032140381750650704,23.677548376003173,26.612153328426153,12.317066080380561,4.193000392585493,11.061855130272484,12.406601531347103,7.164518666430005,6.106168923348495,3.925806269863749,2.789534520055144,4.360892321790289,5.6452391794371515,0.013109912938255237,2.4526655810344984,2.228140525840598,0.2401189364286965,-0.5460397140697252,-0.8772656557636578,-0.8760910407108261,-0.23111225626070211,-0.060831592702559334,-0.10872529599916401,-0.27674989596079713,-0.3145740465577196,-0.3758490642063108,0.00040489074683958484,8.2012233843731,8.02820866428339,5.367057914544776,3.837482205138322,4.06888808982986,4.936911345774481,3.875960247610719,4.2031300300493495,3.3464554103998214,2.8229090070513485,2.6974857672086707,3.529539133375026,0.004171081530448285,-0.09223794862262007,0.16134572137426653,-0.12080774925539638,-0.2713037963712246,0.15976936861934155,0.35500309763110927,0.3567124303261847,0.008116335617316218,-0.07143700443771914,0.09107753428951458,-0.06770031592714461,-0.08759371082215066,-0.0002986417462428411,8.135759633704115,7.512458337065824,6.126366735843281,4.613396582387799,4.639776234601189,5.53476910705438,4.41545234109724,5.221261486448085,4.880040705868109,4.389052064120078,3.8105379102333945,4.626690688200415,0.003303783823953337,four,/content/speechcommands/four/a8e25ebb_nohash_1.wav,testing,5.0,Kitchen.wav
1201,-226.33616569435344,51.499805153709374,14.94607549088593,1.853426532404374,9.36616589995451,10.439258167170724,5.255404734233779,3.6764661113462354,5.345967269188635,3.607822448926879,6.318599528801445,10.127836448685427,0.044492930834812504,48.41477163103137,26.24312784010638,20.968896646144263,15.78125149005072,16.980570665623063,7.227861731717254,19.25710157085384,9.526727613848786,7.764171941621196,3.8698828821941853,7.399866982291953,5.197834768198999,0.023878002058822487,-0.07715796081281875,0.11904959725997438,0.12277376744376317,-0.2531631330519892,0.26414580135183124,0.0001724885742182695,-0.06875023349091194,-0.19172514373409696,-0.11117346830781057,0.020053705618958726,0.13410108090811748,0.27355284506793914,-0.0009731220081448555,19.2540214678823,11.150850871246027,10.988106001655773,7.906411508797166,9.647937774955723,5.111192953498301,9.429039606004256,5.737887619470995,5.945951635438319,3.8694187583320896,4.132389214707688,4.012944730426489,0.009336990702870189,0.2640545946154256,-0.044765037916529936,-0.29948493170692897,0.001233916010414043,0.020072998615779207,0.06313736747003397,0.09966358448933758,0.0794834138992898,-0.18617319502263954,0.07625512849494676,0.09099073519978787,-0.20623072173311355,5.9741966683289104e-05,18.923303207065327,12.310600296991073,11.385279794570987,8.723433296512685,8.505340993215786,6.719137421594061,8.86389211849723,7.623190961840111,7.54320312307026,4.852963248449028,4.960878960569851,5.521692378796512,0.007263118171257863,four,/content/speechcommands/four/8a325749_nohash_1.wav,testing,5.0,Kitchen.wav
1202,-288.30901834974486,35.141926925970544,40.732756669499054,16.05493949884634,12.375257145919807,4.861569741462393,4.069334423530751,5.678224540974288,11.539560942191532,10.10427909387148,3.722104158180993,6.63711933796648,0.029593911836855114,39.58966623648962,36.94897874474888,17.176734730352916,14.815796984818748,18.103248481146604,16.5693798003724,14.8656860538133,9.413274259100842,5.346942278056629,6.575912694744548,6.493830214423297,5.271578886888284,0.010410699676667731,-0.030793545681576467,-0.13067135265997387,-0.36406563898594213,-0.27724751073521825,0.07248314883933205,-0.2549254629052417,-0.4257261641156051,-0.07813818836138285,0.03452100571103936,-0.057731081647914885,0.16941152464858555,0.1414753460091671,-4.9944366178204934e-05,15.182180854567745,13.560094125536956,8.539046312405366,7.243114486435055,7.837903224256833,6.844773604150039,7.313803604384379,4.953694473202315,3.9666608124533314,4.9041084719185974,5.114790789469722,3.640530804903047,0.003657675502131866,-0.6100622415612273,-0.28858585093244266,0.18389535586198136,0.22597889400129045,-0.1579340990036928,0.04017371184506461,-0.008720374712591314,0.12458396640417983,-0.0372375768449927,0.003838212617650072,-0.036801239374717465,-0.10196971784893032,-0.00010881579170624415,13.211968121549177,13.604267411534769,7.664921072194075,7.126176196052626,7.417047892991859,7.105353138683812,7.516712579605702,5.4987027145756535,4.712597623729042,5.206419293482346,6.099020317961943,4.10166139991213,0.002776065026474172,four,/content/speechcommands/four/bb31b82b_nohash_2.wav,testing,5.0,Kitchen.wav
1203,-193.70151377100063,17.340108438278307,32.94708025781539,6.192449569876274,-7.56784594789117,-4.263072147095439,6.845470363512451,9.260846867399948,11.47704972129058,5.201991505949797,0.3181607942860609,4.14821877973809,0.08057121629826725,64.59645614994912,62.501446517700046,18.54116462189814,18.26579811243885,32.85772232685623,19.528321525823266,9.859981962820184,6.357327225065868,4.728236519342658,6.853452365806162,4.397840231987705,3.011164638288283,0.0714692572085224,0.3121536623936925,0.6943558538283758,0.20256465395409312,-0.4695839063459268,-0.6005943840170846,-0.029045494953395475,0.3235720941675713,0.34925290682283927,0.114312636101605,0.04454991972062093,-0.07053976015411371,0.029267664994979015,0.00039402533683084674,21.885870947405238,21.426577087179375,9.833720211185863,7.238036564425765,9.661652777802596,7.716921951565128,6.020842669829105,4.579783075715973,4.271475168366832,4.464578216603671,3.6781411172398086,2.6286367239483712,0.02327434266232815,-1.2573362734689852,-1.0045584923209858,0.02805646721971951,0.4221639910465068,0.4250075950716583,0.03838258223018928,-0.04075808653712964,0.07293739733875194,0.3126969054045382,0.47579416378881845,0.20420513130640452,-0.1077037907109617,-0.0003990988557537397,16.879943691745886,18.306074082540114,11.783079948180218,7.413705205558308,8.052859987275964,8.41048900284541,7.190653628781697,6.645258834707184,5.803570906510689,6.019315175778981,4.73092025902156,3.558963178992103,0.017243695086976693,four,/content/speechcommands/four/94de6a6a_nohash_1.wav,testing,5.0,Kitchen.wav
1204,-281.6991903025106,51.046458254106696,30.889948346905687,10.290759537352319,5.9837742184862135,6.472483244810359,10.269734155666086,6.960592695429726,12.205403242373128,8.797086933326456,1.5952209083214497,11.872090786937893,0.04429045331198722,65.10792877265546,47.34199916808566,17.327884452911878,18.01953687700206,23.4414348959002,19.077480546677176,8.174485803380739,13.446905425742424,3.494347852188492,6.9936011040186905,8.416051467039129,6.767000316688339,0.022737651435387744,0.25919198150537126,-0.022943915501614877,-0.06923262894898687,-0.2329530783310099,-0.37251000700831893,-0.2945386424556564,-0.2436306498943886,-0.0275559803165668,0.1337137248542548,0.2824686978414746,0.27737534668543856,-0.017774592526601123,-9.352251166297543e-05,20.05099155504626,15.06712250755028,9.280945183035595,7.048401861403645,8.566868438842967,8.210694615832518,5.197327225209258,7.301392996199007,3.0741167707056904,5.744447612467002,3.992943673847991,5.124680460097998,0.00650336683476787,-0.34838318177365485,-0.18340285389398644,-0.18904885984032554,-0.11683720058661914,0.10409223177920511,0.2607800266855436,0.16739790555926662,0.27342499519878405,0.2229177682678748,0.08126263295981057,0.08108626131532451,0.16672898348781828,-5.9252542754014334e-05,14.377972397859121,11.973565720409969,9.368174105164043,6.535240119131065,6.667048591937657,5.617369974865685,6.455038042441596,6.715109121884045,4.147817897827478,6.156174752176201,4.577039409356624,5.516840760226788,0.005056071186536699,four,/content/speechcommands/four/8ec6dab6_nohash_1.wav,testing,5.0,Kitchen.wav
1205,-287.4563087837789,15.790020783605849,25.890367494579056,24.097960153709984,16.473053737353318,5.639968010212888,12.02076522327101,9.260390491002626,3.5665355552621074,7.462901556188102,6.084049683075595,6.587260444216188,0.05266152185504325,88.15786655463343,52.75719210473636,26.788087791135858,13.249037294991355,15.955581809948047,15.266781305289708,6.30471787350553,5.149781722653501,12.942421040805357,7.186848463899607,4.944110660049683,3.6359317514641454,0.04725037939474972,8.825358267876918,5.940362117822274,-1.160496047322047,-1.4513317776882764,-1.6495235001029158,-1.0757188988955984,0.4653137224957275,-0.2362282253785185,-1.4675276770354673,-0.39187869912454254,0.1894493724072642,0.006343604104338547,0.006670271406971639,20.481773378563414,16.882905341776233,13.685505497611583,5.237894957218736,5.785636486714995,6.078423922572507,3.817449231251071,3.891582521260304,5.015702156207955,5.865720847916075,4.260909670858232,3.4852398824395707,0.014579319578985492,0.6456198470033989,0.11088691272308324,-0.5069637209696978,-0.046323872747428635,0.17045078304905228,0.11947649987996165,0.21251030006621188,0.1263108304304783,0.059803572020206745,0.4828859595558538,0.3102093182978687,-0.13387438817925934,0.0005078361990551154,19.378879770610578,16.892369918211628,14.364438494320586,5.742207624952866,6.0899023080235954,6.820801372827839,3.449957345210013,5.043281162272855,5.732795487627281,6.270071124197035,5.080321948354619,5.294943070315959,0.008962015645338403,four,/content/speechcommands/four/563aa4e6_nohash_2.wav,testing,5.0,Kitchen.wav
1206,-258.65662231099685,44.0886782042481,40.43529380986156,19.644850132168816,5.788226751658792,13.80992158034444,9.006997287677127,8.952833114861122,2.455589029959474,4.938987564437804,7.185222246909447,1.321770887655099,0.06384953466476873,77.83694207173525,59.360933168432005,12.367686463030717,12.95760860946148,26.624133581121082,18.532050195434312,8.373794455764063,12.5571158491051,11.514981832305468,10.209592516711169,6.43098955696018,10.080791694756162,0.04339423893400548,-0.585822776485222,1.4477475672531235,-0.6635660847574288,0.0975311736066334,0.5799564262767036,-0.8750464035980696,0.6364258976881202,-0.5503470000964555,0.15433823651488263,0.18507667035478667,-0.46351921532832363,0.10319425965410249,-8.803798306372858e-05,23.238867479299326,20.987933252658873,8.139701429762532,7.489064648484797,11.658135028202096,8.720519796303554,6.562671206020354,5.619230048682117,6.402940207674812,7.370217072754491,4.349446089174636,4.976832229342747,0.016298281234525095,-0.006467797680265145,0.07972716191620431,0.13214501062997439,0.16457374744853068,-0.02204241840368682,-0.07007329597474736,0.19401772851542595,0.013921672696306508,0.010630746813676298,0.06731022473423393,-0.10572573444001986,-0.09206713791825046,0.0003292391697565714,18.885211298591045,19.805838364443762,8.788214672205475,8.072145563501781,9.88173556006478,8.45966786777558,8.13507448907062,6.114573879544159,7.255406168181136,8.28191171938095,6.087607920039955,5.698851100969749,0.011188265462925104,four,/content/speechcommands/four/c22d3f18_nohash_4.wav,testing,5.0,Kitchen.wav
1207,-332.4207528839589,-7.083852740484106,38.22460574583707,27.88718568719282,20.77207021433026,12.231444426326302,13.968112813222767,13.49345788799723,13.348457934883701,11.509389763107993,7.075619344191697,7.912123376272629,0.03191270167008042,8.28960358362261,10.457581249907307,5.943385345918688,3.330335710924577,7.156548815891062,7.324439891138785,4.962599480057666,3.0612016792474175,2.690390081686718,2.4948177331066166,2.8594362882359237,3.0994015406894495,0.008371069420907628,-0.15230925495749884,0.11662226862724588,0.30423432804123457,-0.17183107222672953,-0.32537483913267473,0.07918164373443229,0.030576231648796498,-0.12988160265086524,0.18984670929462982,0.09534015798671713,-0.1587409342436754,0.11970128866370149,0.00025691079997247266,4.902571182141582,4.760420661368759,3.660217439514312,3.1522095383641493,4.371406870233766,4.087146488384515,2.955219582085039,2.6621800601244603,2.5565616194817324,2.741625784599726,3.3516382892580343,3.481842622852458,0.003707963853702493,-0.49489675567346203,0.01634298841178937,-0.021224356784983436,0.08649027695514881,-0.14304225501603055,-0.05903063286342576,-0.005066088221312596,0.0580087405283012,0.022051064133525186,0.2630678161836135,0.22165362591062004,0.0905802727671085,1.804344356060028e-05,5.644814497696772,5.049085919066758,4.217728205759966,4.123070875109483,4.892865153604606,4.151753794366065,3.5111791051377077,3.7426522936361937,3.6306560251294773,3.6086024719181564,4.848537704941469,4.803916680454371,0.003201763214176555,four,/content/speechcommands/four/91223b83_nohash_0.wav,testing,5.0,Kitchen.wav
1208,-273.5903588434294,13.01479705738127,54.83701155545061,18.642658004758754,6.057784843706641,1.932685500204939,9.072585629393334,6.170640616663752,7.304254851182247,8.965080989027753,6.523441824795684,9.505056521457925,0.03627123998012394,44.82169650763612,43.521947922207374,18.090238789798235,14.26236033134651,19.077681656564014,19.781548610842446,13.168820725665148,13.146653242004891,9.178402824264353,8.710179213945963,9.16240154160051,8.495352269232198,0.008208534244751322,0.7758936479295834,-0.4465434489645972,-0.6036793040641031,-0.08875488609721832,-0.3470352597916481,-0.2613832273098925,-0.49561919888904,-0.5463480485901466,-0.3223411582467491,-0.1838950449534529,-0.25033430978430504,-0.28263802882203143,-0.0005934476972587647,18.844140025770383,16.013224952572866,8.677305859305976,7.436542269091036,8.170694664414919,7.279223201184152,5.727754345801529,7.279906079034411,4.827978391847291,5.118363788692154,4.666510614621201,5.1757051973981305,0.00428499631318157,-0.07210571452225167,-0.045025987873767194,-0.03409414311916118,0.16038097406839663,-0.16822297082784607,-0.1088630928786928,0.04759553774408397,0.2257840145057279,0.12049613000246832,0.13899048448906423,0.07095896533966405,-0.1755951176718719,0.00016978954275449117,20.060862714060626,17.448639923989138,8.392545930520791,7.053880800637113,8.408238554602681,7.054614836755752,6.026950085231601,7.611815854333283,5.243217054912591,5.169852933297837,4.740173286792464,5.569505374208129,0.0034891916913175674,four,/content/speechcommands/four/6b889021_nohash_0.wav,testing,5.0,Kitchen.wav
1209,-210.56325405466185,47.013257183797336,31.476075572339827,8.150574810769564,6.988421001780702,-1.7376658379296233,5.837674842528893,6.138642832701018,-2.774891291655485,-3.9440627811915685,1.7365006678688288,6.881486980779461,0.12004495970904827,79.65598541816262,53.35377796679178,21.106534033943504,11.383571487412198,15.087392592904182,15.483865468729944,12.289359879958884,8.87634767653668,10.622010333145598,11.57654578270169,4.524838634901274,6.9824656831393135,0.1275826672961359,5.769635827801868,2.2602981878599704,-0.37911098003558236,-0.4911014198550833,-0.46472794948620283,-0.6219157685865021,-0.41073895231518437,0.043847166691264185,-0.3872860899007438,-0.23188353979761592,-0.24034489828246167,-0.6275624642467533,0.0011111205864337184,39.939870866932864,22.074553288447767,15.105173291445501,6.5266998568543055,9.193026134285937,7.363565696169259,7.8153099064071405,6.659612360637342,4.7387092697573445,4.723966256057626,3.7615903139683478,4.376267153779975,0.04415026993725132,-1.5960173826038626,-0.06235187113481485,0.3791305351239789,0.12020933404973118,-0.11219219315984749,-0.17013012156000898,-0.12530963767282652,0.11800509654827127,-0.009344648044874775,-0.021132413925615236,-0.0005451079061044694,-0.12827363071661296,-0.00023316666483879088,39.44609772289216,21.42487759513761,15.175535456854249,7.666477484336333,9.420945455564489,7.910721631080029,9.989474346654147,8.94324508577756,6.309981226925037,4.564733710010096,5.336452928931232,5.320669634828069,0.027375700073555227,four,/content/speechcommands/four/9a7c1f83_nohash_4.wav,testing,5.0,Kitchen.wav
1210,-139.32646820683564,68.75781292033528,36.43581243689951,6.533003936623773,-1.3953478800112111,-4.9874701045326315,-1.974596243782272,-6.483699309298803,-4.733553868601004,3.002520408248264,0.14702742081935372,1.7534700313989882,0.13075016470975243,103.65776438681299,51.27395522869209,27.337084589268937,24.08527197229358,18.733691226368,22.144472870659477,19.641024875390148,16.13704740958188,12.304370948750954,7.993337644281053,5.715535302831182,4.105635425917144,0.0960227637681921,-5.354925350936548,-2.583795544379762,0.6102077671438637,0.07596430036969219,0.4726932505830553,0.45063078973662674,0.2908330801863493,0.31067834680279216,0.5046854751821194,0.4756100057927502,0.26601513428996554,0.36948100521693883,-0.00021143954607748215,40.728027194453766,17.605313096176694,10.034311679376529,10.06035907012818,8.391142596151804,7.947443746391254,7.212140849073303,7.336237716417622,5.382212930217874,4.181283762477384,4.106039368501264,3.280375626251344,0.029183221184277953,0.051990168034044375,0.30005885642829266,-0.09666231530759148,-0.1966319629968382,0.12665151921633094,0.2836156838414993,0.16168869400301075,-0.11155871200206136,-0.08809213311495512,-0.07739035016387996,0.0941510939975455,0.1851169081271894,2.6113353669643402e-05,43.68899938925178,14.03568733277512,10.332019014531795,7.0125630312457155,9.10444387216933,7.062774659432012,7.575214809301698,7.835245846904984,5.812569022324611,4.750352586258231,4.800576580520533,4.7695386715063615,0.026286633623087214,four,/content/speechcommands/four/5f814c23_nohash_0.wav,testing,5.0,Kitchen.wav
1211,-224.50401855543356,40.71489655323295,40.58755856694144,11.034035235199124,3.325042788568605,1.099055629757934,-0.5677406157232114,-2.984033152639754,6.653706127881214,12.49893479039198,4.311077604477381,7.736180153799422,0.09244044462684542,61.18173414095054,47.18532746254061,18.42868288302897,17.434130342415692,23.757835288836358,21.113546941566533,16.977137117321462,23.20087043909503,11.839599705385899,7.1849373460712656,5.0911277646318585,5.116769788563097,0.07396684970631122,-1.5252164881692618,0.5464072376070068,0.9270113434837212,1.0310550789065354,0.7598762817360434,-0.015056278158803662,0.6274260982492992,0.7778841818916516,0.7961762584818941,-0.47853917788506106,-0.2647903310699149,0.04469439426394037,2.4132550724091068e-05,17.940098075859048,20.125828552818174,9.857715914646636,9.868571884134797,10.56447914206928,9.817871292018923,7.486186351038243,8.70022740170909,4.635627041489374,4.66681150429812,4.058985176645991,4.206457808158463,0.02324373508454743,-0.631486675412747,-0.09628922395742893,-0.10864705662382358,-0.1466004480575216,-0.2087189513856746,-0.06075993416981955,0.028772527107632524,0.11347795741994855,0.1488323546856932,0.19726947302477846,0.3414967816009362,0.27509832967309317,3.901186088720957e-05,16.83540431534119,20.06909706561425,10.376313053823539,9.041977613614998,9.686796555041584,8.736976737780719,9.134686496442598,8.50610672630556,5.678790735967683,5.214632406438739,4.9648675521594745,5.127870134807177,0.015560658014579551,four,/content/speechcommands/four/80c45ed6_nohash_0.wav,testing,5.0,Kitchen.wav
1212,-243.00500271012825,25.44218423829108,21.28389970100599,16.54935487546956,2.7917466502299364,8.15391319393933,2.8157889046887528,9.29750519173618,3.636241382882022,11.972940066217467,5.806502770265136,8.414158366274627,0.043645937665132806,64.25125137213219,43.6518942226989,16.99841577454314,16.875759129087346,25.76810691166037,22.16258495049784,15.860658066480156,10.381457210394496,10.852495966194361,6.688593204554501,9.16661426104765,5.621258945367376,0.031258634166125676,-0.01427548864835664,-0.00975843765252331,0.19044722960761007,0.10091390395710331,0.1446569304515067,0.09210293011571273,-0.07068402794349314,0.10050241251474494,0.10711237224743862,0.11418599584737675,0.22462076456807853,0.20335781510822065,0.00020893134417072418,23.906689224198328,18.262728298125403,7.137331342956244,8.506112877198483,10.464384076773841,8.02104793600265,5.058041516975909,8.437577222306953,4.513816560938749,5.362831729217955,6.148459439336943,4.37784096441414,0.009811794128736142,-0.136974852747223,-0.048821728364503096,0.27111108771950204,0.05680325602112421,0.09866077399744419,0.1704294813507624,-0.08712786550363152,-0.045975150699665304,0.0946228303922742,-0.00441403138196789,-0.04943033942884796,-0.025549233728659478,0.00015594040354092916,20.859360125354435,16.186813554908966,6.6184446066480485,6.8440833615489005,8.769070100731678,7.333443575037541,4.939007966961018,8.544389247566869,5.13577328820635,6.240066624356137,6.857201864879913,5.778679210385459,0.007066746894491239,four,/content/speechcommands/four/d5ca80c6_nohash_1.wav,testing,5.0,Kitchen.wav
1213,-206.50400079477774,27.095828397802833,25.14164642911934,3.5280636948384188,5.27790627752878,9.908512701502662,11.821704473843333,9.136354306258147,1.1465358798434764,1.9311311982280155,-3.075697793759343,-0.3081802068039733,0.05623778374865651,88.3014381032516,48.79767843808812,20.4719332098339,18.758265863181812,17.98194185335933,14.669094152564055,6.565622976833201,9.039794960061329,8.606423657074336,10.469937691951491,10.422297981528091,14.626906512825265,0.035654651310766936,-5.777719877031045,-3.334641388033717,0.8689683215710879,1.8130986843126338,0.16121768407085219,-0.07745423258594894,0.750029888980005,0.7788676243568525,0.6275698591315012,0.1255936660894465,0.8806740551573724,1.6918959496858916,-0.0011821184307336807,36.4878058474436,25.332447153379565,15.25450502029042,9.892158068382303,7.221327455844367,8.635758102963097,5.030324395648664,7.672534509522407,5.042590112752208,8.221583486483109,6.187895874244521,8.036135353642463,0.010986371485830305,0.9708167105159731,0.3809197766856128,-0.3212544397216679,-0.1402382580296876,0.15045086452657633,0.1325742407197063,0.033485969789620935,0.2508161245859269,-0.2887788577836266,-0.145949319231557,-0.10919965472926461,0.08711844933640155,-3.880100945631663e-05,30.02838991387156,24.492048940926676,16.03868652852155,11.13887684138112,5.772529112833394,7.813855183360327,6.6925119437077365,10.033674687658888,5.751571516988956,10.348065259585093,6.871243293302537,8.40203280470081,0.007489857128222804,four,/content/speechcommands/four/47d01978_nohash_2.wav,testing,5.0,Kitchen.wav
1214,-313.8716317262247,24.586894707224346,43.45014810615339,25.535599002924172,23.49541092905566,18.142245683681647,15.96037347075546,11.58264047456577,5.6928782329944685,4.891427294564382,4.4382804275567125,6.611992389480165,0.033352211612509564,23.619593533386336,15.823816827241243,7.487110083596036,5.74406416368957,4.157935801676685,5.206538924554333,2.9161075148919355,3.4439264052697207,4.875096047324108,5.000286199170385,4.202311273910782,2.743482313678183,0.012589546495367488,0.6711037006954294,0.4324421837542001,-0.35902742947433347,-0.22490165475459198,-0.13586397713934256,0.0052230988045249985,0.01939454450824846,-0.028515890479213688,-0.20394718215411167,0.048659732382752695,0.16573886739838253,0.3310694705559526,-8.781951281332201e-06,7.465234065067525,7.2546580218378045,5.797266960090099,4.496901029286443,3.5393223175988786,3.692162852436758,2.674681795523711,3.1455690977924333,3.3473996215485453,3.4462192076816587,3.2367734809224573,2.874794750275717,0.00563508098945259,0.003763025449993999,0.16954442193590993,0.05388327426659482,-0.04466002593290679,0.18152657122739496,0.09849921902046625,-0.06789266817838056,-0.06015494827158176,0.003029590355825714,-0.1603903380238486,-0.21434569829633904,-0.18725381539697478,-0.0002730766621728738,7.157349954590772,7.682455617229431,6.786390484545278,5.379909695675274,4.608470340640467,4.281225933772837,3.6267547247687495,4.123989578078888,4.545344809975059,4.036660438803966,4.006904680251168,4.158341214065281,0.003911100910199648,four,/content/speechcommands/four/6e916de8_nohash_0.wav,testing,5.0,Kitchen.wav
1215,-235.4980214511321,46.18381628656134,13.06506275963944,3.2967504053904433,10.874325895362253,6.221800015114514,4.877788135434409,7.034968706779422,13.31909034438316,11.352178188048521,5.051818099083089,4.374465990176176,0.06904183537699282,66.49140547359,52.8958130241463,18.009910229995484,17.656277650804586,24.02016142108696,10.290022948526746,12.928191988030488,8.143790730049531,9.724788985068656,7.4465444414673,6.443912482340834,6.402525713958424,0.05367676367995773,-0.43924880689108053,-0.40747314522747285,-0.12971332851663045,0.3856903096840646,0.4695465420432698,0.39476198933184276,0.1531160026681054,-0.17027303729694662,-0.43854661024431274,-0.046846509702950914,-0.043028384585845056,0.32196445437257337,-0.0007963058568777576,22.56733189718389,21.167138068157964,11.678332848449873,9.020842680285027,13.043617313954725,7.847514353254206,5.8198463941746885,4.9622461581554855,4.989975033663809,4.34161920736483,4.73714217032726,4.7197199311272335,0.013800864568578009,-0.3175636855322485,-0.07907560339620817,-0.006746238633638176,0.011618697187855177,-0.019748390299024383,0.02333742346333419,0.0422849961056125,0.25821951124548626,0.2136509091764817,0.07987678147463922,0.17806958356719313,0.12592435812103303,3.4578548123439154e-05,23.83152062748034,24.119039313499183,12.276900548204745,11.3524393486157,15.87349643986079,10.947208497526923,5.747151098138423,5.492945725306677,5.225945788315089,5.145149222411282,5.81538486982888,5.799314311769925,0.008169194612370962,four,/content/speechcommands/four/b83c1acf_nohash_2.wav,testing,5.0,Kitchen.wav
1216,-221.35724651056017,46.10888576606902,36.69881307922766,-5.986989398731993,1.9523899389803434,7.5927376305262015,2.930183437482313,-4.316618855832596,3.377725016307396,8.527894980041314,5.574919970175618,4.160263118599693,0.06670600728830323,53.08089288967084,37.80188433678392,10.49032930490458,21.983253838339365,24.589040053655847,10.104475834097432,10.559219397164453,9.671680719070743,6.555191751970731,3.642263809953254,4.947977930975187,3.359194438094887,0.06782841366832472,0.44396473993922914,0.45858685799137205,0.26858632384128,-0.07646153527238644,-0.0987763412696369,0.05850402678839198,-0.01528298696517395,-0.006476143675996789,-0.1643737865021425,-0.1853017370080784,-0.07517780734145883,-0.030346749735552958,0.0002635516406547639,20.665426498654302,14.33636453496634,7.904452487104918,8.127306079682263,9.511748073285831,4.853019870760138,6.844155022234526,5.540490130160487,4.711772124668873,3.407672014795906,4.097912076990794,2.5285702316957783,0.02939283037093363,-0.3111541975644381,-0.17958980601700708,0.047262819682453855,0.05199840277960695,-0.01898482856682584,0.024219961716042585,-0.06575886174601475,-0.14062377811963972,0.0176256877943301,0.104626598348714,0.03723587817406194,0.09933541129308722,-0.00021849616120258968,18.33671556457675,13.348622063967177,8.940116064502817,6.915128955915777,7.629592676158523,6.552424208528421,7.300589959157169,5.756060164773208,5.504841001670339,4.5585185541057776,5.176308326788278,3.269700246967486,0.025889202282354133,four,/content/speechcommands/four/af7a8296_nohash_0.wav,testing,5.0,Kitchen.wav
1217,-248.97999468749978,14.907993171048851,37.95828463364691,16.10215362939497,7.628909411146132,3.9238455453916856,5.143296519853094,6.491532226547928,4.497367461208086,8.07459113031791,7.99036036994514,8.453874014054575,0.03357946392497979,20.622847660151976,28.36158647945153,16.981971952982537,11.652178203174099,11.426336357961569,13.314381388873658,10.132231225522384,5.818366565701526,4.784447974398333,4.280898949224336,4.029342270022443,3.687807507656419,0.012795498932864064,-0.9294814912487103,-1.251239104640033,-0.10383367123266006,0.1818884920414616,0.1319227544230109,-0.0936440294298981,0.18105689480085976,-0.18140243685740115,0.4675445984966104,0.14989871388908962,-0.27022995130759014,-0.30081083142053294,-0.0005401713593352226,13.666677200955727,12.781838322872598,8.31467416520206,5.46465327796144,4.990499326160651,6.33597140505732,6.317198577353107,4.561526673761486,3.8668986858969188,3.3974472706314844,3.0708258749038113,3.602779254842189,0.003876914858571138,0.22256336674456728,0.12505709804648055,-0.009588132352521228,-0.10353326911803554,-0.001524138176573627,0.06963805513157674,-0.050896834403395215,-0.01929650311817192,-0.13370834757236336,-0.09750115555243391,-0.02751807214827468,0.20694274217685477,9.691876669724783e-05,15.497030707158713,12.710855207188539,8.094079699374461,5.595417810373476,5.491593258502918,6.599111714805858,6.828241476952584,5.0112543352931285,4.669645095721843,4.565816198061745,3.971915371786441,4.664383890290239,0.0031727642907668913,four,/content/speechcommands/four/7dc95912_nohash_0.wav,testing,5.0,Kitchen.wav
1218,-249.15885051212126,55.65851954386362,59.9258372924448,4.655406663706336,-6.611267480706162,-5.4439101683618,-0.16969219099841132,0.30296902739453047,5.167556110447566,4.134906916118323,-0.49347347072654996,1.248829229600022,0.08763212832855061,62.74588921804437,60.575338556983446,23.24975518847426,22.919665378805735,23.415623727687485,21.077102261779036,14.762431046279897,13.597550268373432,9.549494993035443,12.143119490396321,10.794594040898772,9.952464001691105,0.06478622512819811,0.47422107479585046,0.15765737017455267,-1.0565775509816187,-1.116900187176069,-0.25642884058781684,-0.050944531100321405,0.10457069978888908,0.9000907337121549,0.9349306320001942,0.5515061940198691,-0.12904382477629453,-0.3232569400490756,-0.0007342500311713065,23.574063235197407,20.194010133589746,9.607620074765581,8.328622589548427,7.54489289947939,7.655279675312281,7.282265191506108,7.934451560932627,5.128333768954062,5.513988402196072,4.7503939202031775,6.264825097668981,0.027299910015157164,-0.7739286217379231,-0.4414743941679544,-0.009909673191144346,0.11567534402289746,0.1637142531520288,0.018973528683093224,0.24390327294014197,0.15882463772630306,-0.33256923066757843,-0.07435843610074962,-0.036398581707407195,0.0684960796070682,-0.00016134766240914663,25.21869761063294,21.31119533235941,9.772838382306121,8.387653781611393,7.700464850390436,8.171494628094647,7.960906390982833,7.646633513490548,6.224414399462643,6.415805776774581,5.600598710890548,7.612041192056438,0.029156277566069113,four,/content/speechcommands/four/ffb86d3c_nohash_0.wav,testing,5.0,Kitchen.wav
1219,-231.49528658495987,-8.936821850033404,34.02704713435449,22.98808473545415,14.663950136230628,4.162422434620732,6.743931253915451,5.792613513256935,7.05420156422967,6.933026791122657,3.5446506551460764,7.041673514757964,0.03957699937745929,25.412070001040938,27.93410548683527,11.320228029007236,4.560829004939136,10.149963052364019,10.883553987023124,9.153577317213276,8.063168142574987,6.089761228514665,4.366291704492428,3.991977845069784,4.9069584734818,0.011855481986595253,0.2209022517317358,0.16794961286068122,0.1978450294289982,0.07597926901661413,0.15951176206014356,0.3032883297405271,-0.14435188392673154,0.01682125071818542,0.293278680964395,-0.05358206710044601,0.10588697126563991,0.06418774499062893,0.00034829956148901294,12.408449860501628,12.180207154527563,5.675715487003689,3.9475893903593917,5.344283389306734,5.5954893211637104,5.189882392993968,4.443975532000652,3.750620916250544,3.5354310424526454,3.281872687819442,4.283227327973286,0.003750690705369705,-0.27579822793564024,0.1264938518754563,0.2104088606726048,-0.03178719631498931,0.13080894603003776,0.19050336034205742,0.28617048942489987,0.16681673349209236,0.057259490715546056,0.17317714825459316,0.07734779496612736,0.06089790496562199,-0.00013970304280519485,15.2831392148573,14.062570778097955,6.612369705323469,4.920122861408393,6.0818446427950645,6.878985748069943,6.386360678832951,5.1868619066222985,5.148810741444301,4.604116776989596,4.648656826684018,5.983193918658283,0.002325173373417643,four,/content/speechcommands/four/37fc5d97_nohash_0.wav,testing,5.0,Kitchen.wav
1220,-229.2484931724415,35.346024039279435,25.46628712099981,0.819854600650052,7.080907537974065,-0.6007371202642902,6.9633677152036455,16.15768709965945,15.607762294806042,3.849958627237288,-0.13009314209669176,7.704630019747432,0.09055125870509073,76.29826006940056,50.31223294446702,28.11878935900259,22.971230377311613,25.64008273696311,18.890685892819544,16.920711597119894,6.4088567296384324,11.38992134894219,8.817749724275693,9.961704932788132,4.88361817695062,0.08193042593628676,-2.54145931211047,-2.590531844594903,-0.20203460946353927,0.5585118159162052,-0.19567202012254784,-0.35930185008301074,-0.016769362038120347,0.08936376165053368,0.4178511434347901,0.026216836369464206,-0.1326114544177299,-0.0770158923965126,-0.0003899367706429574,26.70707378829682,23.13352296885525,9.905622954073593,9.730115845796725,12.002368527243377,7.445947027136837,7.647041571016183,4.521082832636648,6.146428440935758,5.611700586867214,6.188809728483927,3.2243113345104577,0.023074449925445484,0.008763249499494445,0.015852954559120745,0.13904605620010943,-0.007221366668008559,0.09940093111294909,-0.03718149056287808,0.06036027371928808,0.06797223970226689,-0.05243072357681674,-0.10023899693350989,0.04923735068719739,-0.06503589903916056,-0.00035299540807803473,22.995489789437197,22.630301988517566,8.670685454193396,8.51562540203529,11.23801923088279,8.518842901833178,7.281151646611053,5.441989941064949,6.878277036642632,6.085106970993822,7.272429116842814,4.001009875558542,0.013440818758902,four,/content/speechcommands/four/692a88e6_nohash_3.wav,testing,5.0,Kitchen.wav
1221,-216.56586778252793,82.80348178186428,31.22517995278071,22.141441667953124,27.048018064437695,20.520121369089516,3.5831806496679475,3.2395930715405523,8.481476214765326,13.496648606165031,5.943399513308667,6.735832799960315,0.08979454054497182,69.4593227451914,43.079646260585655,24.407638769908267,21.171817990083714,19.40182686439958,5.780757113677454,17.625825469529335,11.398670400073815,10.069202117024265,4.96007917233029,7.969012747349947,5.951497623930215,0.03895934112914893,-0.4466537887974097,0.3600861620781727,0.5807746124834013,-0.013218490756115432,-0.11638148513702228,-0.17512443415888226,0.2640378851386363,0.20707261944922864,-0.36279292531348717,-0.2642339378137593,-0.22772529697000946,0.03731103868841707,-0.0011874766599747442,21.91613409445216,18.746308361203436,8.416827230167584,9.088717799371556,11.27009586378864,4.239533159328403,7.715187260279252,4.284645684311306,7.2326980205798295,4.452206977158564,5.298550756488016,3.5241661812548317,0.017737488729635247,-1.3159571869364242,-0.7195740537918063,0.1365034756767263,0.10208545995642483,0.1234589748862477,-0.08123206607172424,0.02380831072497488,0.01051986011989025,0.10630414866595755,-0.17929422011659568,0.10076507607571224,0.2423549900940379,-0.0021752523879210155,17.350116028196194,18.677495789848766,8.772201749229461,10.469819181380307,10.63625450059464,5.83970512444895,6.322198988203909,4.357830345146585,7.868949116165097,5.7813851978173565,5.302232695616984,4.592745051607368,0.01749662173842942,four,/content/speechcommands/four/6021f08b_nohash_2.wav,testing,5.0,Kitchen.wav
1222,-247.27565576850947,54.05056928016907,39.24870257701204,12.755649548141259,-3.947471671182795,-8.246765356320118,3.262491876828319,7.213905385675298,8.806229507805119,5.889474373731673,2.3766962831118605,3.847804874715005,0.08705936308251694,59.04098205351117,60.96586571298206,26.146660968305213,8.792378089917209,24.199123263217274,22.90358279750758,12.879573331579037,8.31996173385784,6.453952171762167,7.861705810187109,9.768851795622007,6.988972049076096,0.07579876598579435,0.13422405572660798,0.13208639428559904,-0.13624347284020213,0.383769753395137,0.17893135892102077,-0.11001940020975826,-0.309258199454213,-0.22968868966096853,0.21533627252134507,-0.007933330308507036,-0.08090306835671913,-0.08120134647308047,0.00019824468801098486,19.632356627949413,19.13327549752471,10.72052711783264,6.896938100839557,6.686290645057836,6.695816391936632,5.876855515418153,5.153119128069819,4.356152042850126,3.8340062474978986,4.1579989747169,2.9471409569611775,0.02349878856332348,-0.8550426434906835,-0.250617528614536,0.016952016101795635,0.018267260831086853,0.079840668610729,0.13381724599081427,0.35254250552178856,0.212772248854325,0.4784233014776966,0.17446498369396546,-0.16776527103993255,0.21095957481484692,0.00017042582233746847,16.642776043769345,16.389527723602995,11.00735592458889,8.804501767173353,5.153950771054164,5.131926826131378,7.6189941307243085,6.888958100524452,4.937353854977745,4.110026573301884,4.5541292986044395,3.6860000113256413,0.017845403926610104,four,/content/speechcommands/four/b49caed3_nohash_0.wav,testing,5.0,Kitchen.wav
1223,-280.7602117182243,-6.398160509228329,40.54822149672601,23.11701993369059,19.765583268680473,11.772990885075025,13.932920926132738,11.53876871628678,12.49165682091657,12.65526429805626,5.359662030093141,5.9795753268856195,0.037112537247594446,56.60521756168793,45.217013497066915,8.375616340807625,11.458026035137806,10.480207658088663,14.243527707871765,4.777899058204607,7.130826554721212,4.420934797643045,7.906706763007336,7.27543652410623,7.64038526383509,0.009243660748402405,0.0961843299193491,0.03756862416445223,-0.019526517728778003,-0.10840696374445026,0.0581683810055432,0.014337258636586279,0.12343123364236662,-0.1007420964451317,0.04459122144451804,0.03907728459029153,-0.010997031329191845,-0.12182962003321068,-0.00030155023259501306,19.378975560843777,15.551259961873887,6.9999997944687875,7.52659886085652,7.088638245975287,9.499332115495827,4.36255421336754,4.8763502448480915,4.492303232121052,6.358814309779955,4.722376861116638,5.307743942706312,0.005204986099175243,-1.30003178505274,-1.096066028520092,-0.40921330926621924,0.007675888903003644,-0.2869914874080938,-0.5851911069145576,-0.28210526962290317,0.056980474589962755,0.12884511479149446,-0.009230632360226802,0.01968866441219784,0.19294633284813453,-0.00016172329584757488,13.480699940521687,10.548373873731745,8.026854962855818,7.971145839389497,7.569559207621683,9.006295591086223,5.699346536101415,5.689955983250849,7.007978221743687,7.688037293980854,5.654568576643829,6.170362609342751,0.004417379536811419,four,/content/speechcommands/four/37dca74f_nohash_4.wav,testing,5.0,Kitchen.wav
1224,-214.2983252737983,59.143776257452416,39.49032477677096,-8.101752404824975,-4.346967358363225,-1.2841699966433586,5.731791165434027,5.106148545431071,8.241959007389081,11.984715562392177,7.387133607119223,9.337768640507708,0.13078419875819236,89.18006956693448,64.20380929291568,16.529702257041592,24.6879043041109,19.10440547081481,18.07707531636142,15.323949406311245,10.961085763306956,9.914439522905498,8.56733633127848,6.261094570354252,4.934214872522727,0.14636790510163242,0.06234054074183764,-0.07114909182204796,-0.00648923366654792,-0.1890237961428679,-0.03036968173490649,0.028206790208896722,-0.04980079540689599,-0.07123408256851319,-0.13940725730038178,-0.053412022529228685,-0.015064828951499416,0.20926510040691068,-0.0009143466069813698,27.19389772894531,17.97891044668998,14.043208369875256,9.054013065159742,8.393823595229426,9.597044150859853,7.017811357469746,5.289203093490574,4.3414994549479475,5.440839211183497,4.367538999472178,3.9526740413430375,0.04962637744284627,-0.5122028184837665,-0.20614183869286787,-0.15162425690278075,0.1671232013753527,0.5492974671486498,0.32284437885482886,0.1690722537816877,0.1929386962650535,0.07036182949501336,0.10378404422020253,-0.06871888721430319,-0.19714423039428647,0.00015912620971600215,19.65943124467894,13.968550206977586,18.108814205721885,7.81124556099919,9.607458647860003,9.953771613373002,6.348054487367945,5.958594548954325,5.091468425183962,6.686003327323206,5.304104910401846,5.175838967874477,0.03417386756534237,four,/content/speechcommands/four/d0faf7e4_nohash_4.wav,testing,5.0,Kitchen.wav
1225,-206.72144857896774,79.52561235892057,23.933159076007495,-1.4259026297012307,-0.0528673410446725,-1.142743486504644,4.654649065886804,6.52857785947811,8.22831154894574,8.329933068213847,6.836305230770291,7.600152958110705,0.14684821778791957,83.75832734320971,56.26695227571107,17.12832693102145,19.75998067080673,16.079994084280692,17.958749171695565,15.135389882612433,9.75324163440952,8.761482871009042,7.006131776231353,5.988382380068399,4.531717939886394,0.17013422714189722,0.3841474991772013,0.27597109069384534,0.1710526315938662,0.07532820600635347,-0.04576459664674345,0.013594179871985133,0.2416787386294616,0.13603628093667702,0.5093068138135237,0.3927241890828266,0.39081582306771995,0.31508698059472384,0.0015816410642958457,25.13272018603753,18.26692085245217,13.666524350041662,8.978073364181723,6.483302481535068,7.7756901156880085,6.76997502559671,4.853934259347539,5.017855882247473,3.9722935554459013,4.418580479845692,3.4817743125700336,0.057044022367577385,-0.40807488374025713,-0.07345491395132603,-0.0062097176369832145,0.008654800939160268,-0.02261145399946276,-0.2842841291738809,-0.18764941819913533,0.0931677343866049,-0.10408889260514578,-0.017741403213341656,0.09077887610135218,-0.04789222368815761,0.0002657007115582625,18.4577811531614,17.294258888181506,19.353690682560984,8.027363969674157,8.172226624504816,7.9910440963668945,6.8432137654229725,5.167743374149057,5.9323676195292405,4.79312423025681,5.767496697318796,4.569237821391735,0.04002169748469526,four,/content/speechcommands/four/d0faf7e4_nohash_0.wav,testing,5.0,Kitchen.wav
1226,-236.45475686593736,43.49721557408577,33.67543886321822,16.252313531238578,2.5957788150104024,3.4399344049934117,8.851156036962305,-0.7842418150856929,4.539788306863635,4.5875489995135235,3.499749594516267,6.606133152955637,0.07664023659890518,113.76819078599716,44.9806840871444,12.21487820573809,16.362738991018343,24.084174135422174,13.325944803629875,8.66823603862728,14.230388504084226,7.533295783775785,8.566220013909092,6.8628021441880165,4.775255439990693,0.06377069641045889,2.5094574839626094,0.8896062695353085,-0.7269100201059604,-0.4249272291539482,-0.8229831151635378,-0.4146425796893541,-0.08993305954385794,-0.3179945116313852,-0.7203908842710816,-0.317207023906498,0.25022681894001203,0.010571169781080872,-0.0016555008628676014,34.45539321485965,14.92701976490868,8.596596841702983,7.451404135500087,10.15357847945885,6.877914726040672,5.721957329821112,5.467661645269968,4.851389200701857,4.218541015628001,3.638475063720832,3.404787753845729,0.02379441276794139,0.5970221914904538,-0.42470651360580497,-0.3808008434088716,0.33332757422052645,0.2141880880054619,0.32992921123071844,0.45574130501017257,0.10965506255495289,0.089915459863034,0.18807796318036374,0.3529035387792897,0.1594965704879608,7.507440944512686e-05,28.775875216181397,18.57734313265574,10.297522271654444,7.577348708572058,9.964731064601255,8.286255226447446,8.359951457505497,6.684759422630813,6.971414637518691,5.356273244310993,4.288361506585645,4.866592530981861,0.018892783971692643,four,/content/speechcommands/four/cd85758f_nohash_1.wav,testing,5.0,Kitchen.wav
1227,-224.31046459548799,-21.77835246242572,30.6013654714863,18.58036793296632,16.529629414187816,7.9682031828626965,8.576541674616234,6.530235994293063,6.670428728082991,6.955861484233967,4.075650597450094,7.304921326888307,0.04089195898268372,16.169738532171817,15.999457928678911,9.571182138040149,6.995350974917713,6.8603731766357186,8.093891538071308,8.891267100212842,9.019755235242535,5.1900686051439004,3.6383454907233106,3.7779751028566455,4.163787690934214,0.01317454562920164,-0.9150340667770023,-0.6201834745313868,-0.26420267642819717,0.4132164435702654,0.43676913704277137,0.39561446005156026,-0.3436994751753005,-0.47621948414425885,0.23266379694023445,0.08631074405111752,-0.27225475950937955,-0.24459196122752258,-0.0006895771310214073,7.058661821853212,7.1573982064820365,6.358629337821942,4.682135770193354,3.729912913442044,4.701084777645988,5.208939425814807,5.4786384959436685,3.713598363241337,2.9236963913289933,3.4726608926498646,3.3302023208097125,0.005455967540807198,-0.3331074143400637,-0.05785693020911786,0.20598675574127073,-0.002725703557907503,-0.10529366054052129,-0.24220138747927217,-0.02522830728966706,0.007099633066044279,-0.018203051142024897,-0.03972112891639578,-0.035798404976153615,0.042055311755076964,-7.514674216508865e-05,6.670545265345913,7.429779739070505,7.519458597019524,5.426453729325616,4.192990448791099,5.065261268805639,5.932568340210337,6.283470960519969,4.5656200383479755,4.175920593895856,5.056093575582532,4.343180726213407,0.0038218730730946605,four,/content/speechcommands/four/f5496439_nohash_0.wav,testing,5.0,Kitchen.wav
1228,-200.18257595624794,60.00775330408789,34.050594161886266,-6.86855844835939,-3.1677342989029156,-0.02608513660052114,4.72274557304673,5.907749921380153,8.45936074924778,7.421699616138874,5.792700027025809,10.432525039513855,0.1563451876572799,95.58696220610369,64.36382049960541,20.352332336646214,26.145764712843192,16.50374566971655,18.6727404150706,17.42052750054399,11.164905836169728,8.743509934426175,8.165390627971524,5.9885871887228825,4.413196194438469,0.1737106957449438,0.9520422953435603,0.9773999423423075,-0.12765225044674527,-0.5712479777607155,-0.5717506498389267,-0.024229811369175142,0.26659367141005064,0.02719186069590602,-0.08814439732863137,-0.27230782725318253,-0.18760844794105636,0.13620671627689743,0.0011412418717818877,26.753080866470007,19.438602406710512,14.510034469416853,9.298499374477194,7.46097174860482,9.641184385867895,6.991646531067432,5.131953078032605,5.549361050344403,4.76091448865097,5.065815002088407,2.7857460092791273,0.06076114351095537,-0.7023116587148065,-0.4295501714664071,0.030095406415980127,0.5849032560650494,0.3440694792101466,0.1771680893445184,0.11902323709558639,0.015282958655816496,0.18142155042025057,0.06031440614309709,0.17141578104454214,0.01555749423247903,-0.00010689115151762962,16.835687764115228,16.12202947699554,19.287689343623086,7.7410199869994605,9.032966556554808,9.861627478911272,6.948510962976068,5.748993766732298,6.748955030154004,5.850657596297327,6.7155466909966925,3.9719387275829017,0.04739118542576727,four,/content/speechcommands/four/d0faf7e4_nohash_2.wav,testing,5.0,Kitchen.wav
1229,-278.0530595919113,8.584610773395713,47.52422144260642,17.257933310600492,9.46433614928974,6.084082928385321,12.177337473704304,11.655789784587412,12.913440181519519,10.494834333812786,6.497375801480731,10.249036354384758,0.04063724316074513,58.760985836528995,45.319014741337604,14.342299511527312,19.970077633686447,23.27979720580189,17.35887891086433,9.54081918192538,7.046074934091281,3.724199162329137,4.626494551689608,3.6533255146603123,5.393669578057991,0.023270004015760654,5.0460880246252495,3.616692176415154,-0.9416435605113607,-2.4517901178052153,-0.6785149065948286,0.28716290931440364,-0.4449226867231857,-0.7522785343498133,-0.283081847151383,-0.11278097038838553,0.016849786962483466,0.31571354638306615,0.0013399366289377213,20.433312956878254,14.605004366592926,8.660023763808573,8.077887804262064,10.958897070213949,7.964951907926159,5.114980701308238,5.491381916253301,3.4290096725710018,4.069278806660345,3.629763380512577,3.974141651089904,0.006652779355373004,-0.35284838116894834,-0.02181470941830194,0.04830944155771976,0.22566053070023173,0.45534661134787524,0.3073823915120829,-0.06691861661945228,-0.43504594320902856,0.23510158836275188,0.3076756790736138,0.03652132720250011,-0.10129853769240243,-6.958550463120143e-05,19.18396223694554,14.623079817023486,7.784181363954966,7.626524148912941,10.811225591992295,7.689911485604244,6.37261696593865,6.445811394913725,4.98795290757267,5.2758915810932105,4.555671895411175,5.446765005506222,0.005459218045651575,four,/content/speechcommands/four/2796ac50_nohash_0.wav,testing,5.0,Kitchen.wav
1230,-244.41636672055319,45.076454007566795,56.38100212994706,9.187923495821941,-1.881324766022451,0.28213621986533244,13.674064120093043,7.698622697794038,3.701323948213761,5.040773581113177,1.626513886254775,1.6212560578494546,0.09649840550264344,66.30261334560548,61.71314305001094,18.29720633920562,14.638242267802871,24.805275865770643,19.150720576017484,7.820911295957372,7.470034782822694,13.684884705194387,8.46673581887353,7.612393174906089,7.8866019037606545,0.08222336481706742,0.6473501227898952,1.192304565821863,1.4374288327196816,1.0085299067438431,0.7818368693150676,0.7317030136797636,0.2878296622841614,-0.40670548184741456,-0.49900694934066064,-0.2745045046279993,-0.15992591029808856,-0.4208985747106575,-0.00043349442703108636,23.282384920133467,22.771511805305476,10.102506035760042,7.208113207392906,10.186554353961412,7.87846815275203,5.599877678878428,3.803689672187638,6.670691506284224,5.15642439643283,5.013794237835288,4.117295324579341,0.0233121434115775,0.23434210193428082,0.610958729776939,0.5210017868421336,0.4126669806517569,0.09927521635115741,0.022522763972385344,0.11819232797820749,0.019009770927555715,-0.029656940792386018,-0.09565826732867624,0.2055780190782583,0.020130862618853426,-1.1996986965338389e-05,19.517026909416657,20.79087536142001,10.85254786111865,7.323406620861728,9.892845951364226,8.310901529750089,7.185191746441256,3.837497717577755,5.90460019414288,4.874828119290543,5.870651680931173,4.7613835442932535,0.013426278870794483,four,/content/speechcommands/four/b97c9f77_nohash_1.wav,testing,5.0,Kitchen.wav
1231,-123.22622916389514,66.21234640402291,-7.688137414477228,8.0266281244523,13.623594556989334,9.20129034833994,5.669374714568454,-7.555668287788775,-2.981828252939193,7.275147295730891,5.88277723770244,3.5006902998780625,0.1564797344908584,94.07936618203978,33.74453949181618,25.62763995459568,14.407782882062797,15.685160318617148,15.813941351354426,12.656779929802203,12.924564457485088,8.814503838589381,10.811152422681781,11.841519449404917,8.025821270853061,0.1690849877805788,-1.3508876796630913,0.12320883517674203,2.280986947239046,0.780924628383217,-0.9841050939945054,-0.5741716537636393,-0.3781859556177275,-0.3340274512744255,-0.17644817076354405,-0.0690305899939782,-0.15578340778648248,-0.23202659351209381,-0.0008957876613543879,33.23961739974883,15.38555079795922,14.646094946982554,10.052185039926574,7.772308935704251,8.497541723102628,8.150991005014266,6.4035272574887125,8.353454025818312,6.921344655265975,4.530753673956768,3.4442117769033262,0.053762813585402,-0.812389829328593,-0.26958765347651337,0.6742541352875046,0.4181471338287949,-0.21705889391472422,-0.3251695104984852,-0.3175219379653463,0.1640879292546467,0.3088493056994165,0.2604931672883125,0.12679593886761759,-0.0691571441553705,-0.00018482465917865436,22.87535579164457,16.1012095206211,14.34065628266491,11.221978546065618,7.1379438323370525,8.365113146365351,7.650452667016796,7.66802424768242,10.847041199136113,7.92762676949375,4.862070673220346,4.564636275296129,0.03876109624118257,four,/content/speechcommands/four/e1469561_nohash_0.wav,testing,5.0,Kitchen.wav
1232,-295.9366364053563,4.296036845960851,41.326743989294684,12.230672714741505,6.040889783306701,1.9918364277857972,5.294410188171778,7.5420964347774,9.899676168645815,12.549734879014569,7.5683392943705385,8.931354172243967,0.03376496862620115,46.448723265583396,42.07350133017685,16.21455341396223,21.501027700459886,20.2152665975832,16.902501460895117,13.80552632048329,10.467714024227769,5.780770595499551,6.60222776906034,5.299868862256507,3.896038870814943,0.01680282677154171,-0.300002043302406,0.06271585336853965,0.2098768429927914,0.05789218376764492,0.10713626474275227,0.18138037881537564,0.2470718545965977,0.4252587316300631,0.2877816470793634,0.05520958244277446,-0.16612393858464228,0.04404019519993971,0.00013737728999507043,17.82973364410183,16.692633753828368,9.052503953216238,9.371652060158224,9.706351774454024,9.48325365894487,8.727535836469,6.082134941789531,4.986039096356621,4.936835348052173,4.424054488479502,3.63039754876281,0.005240895866506187,-0.16415670093066032,-0.043753602303884045,0.2263391505352195,0.34344705613146914,0.09096761362596635,-0.009043129307368147,-0.10016501002516603,0.10463403982257671,-0.03829252091246807,-0.25040981020514047,-0.022953149809493107,-0.10195552397564638,-0.00011938133587439855,17.334036930791353,17.495495802640054,8.945602710992006,7.568244476503314,11.008440235521848,11.06729119591529,10.389921061879235,7.584424277109256,6.0463912477144826,5.185684512500152,5.397402551088228,5.260766369793089,0.00402902995962366,four,/content/speechcommands/four/81dc4a94_nohash_0.wav,testing,5.0,Kitchen.wav
1233,-215.08156493134382,-4.227189862798561,39.080306438079155,26.886532821613777,1.4211413002046418,-5.012304504818889,-5.08567453906681,3.131606740851738,9.385640932092182,5.632336751138983,6.349964731460097,4.8746837110433034,0.08355842420132831,54.90465359537135,34.62331990816057,19.55523394963616,7.697726641909788,24.31667337311035,22.633100965542397,24.051113034142332,13.386361772062529,5.897208105065341,4.3326371688779375,5.188819805534247,4.759126331016122,0.06926140661043369,0.195289287787387,0.2520862757249753,0.17106842223848004,0.051341962416867754,-0.20543887583847859,-0.07074183059941343,-0.2102729968081887,-0.3154488698945763,-0.18561802076040498,-0.22458231418360247,-0.06671863216009338,-0.2929774914537199,-0.00021052276415209616,21.38485424880071,16.67057054792263,13.238915043287744,5.470188650728779,8.176217521779428,10.414197476803631,8.632978158535215,6.486346376164935,4.8369667156175815,4.121539532036708,3.728543091798638,3.624372225774951,0.024284844655694096,-0.18381271004819646,0.17789875040306338,0.2060178473165949,0.02052200001292596,-0.005444402157901014,0.027907910543059876,0.13409579557622348,0.2468905178175597,0.14418845832222765,-0.0811846456096197,0.03444546720279006,0.05776285593650969,2.9934818545977274e-05,20.16254066324797,18.071080587654553,14.687086858596988,6.914337975034957,6.26431008167466,12.26830909603536,8.1710547132886,7.189807838794165,6.544055724292281,5.266100079071836,5.220847765884257,4.902728870510904,0.019846382787577804,four,/content/speechcommands/four/9a69672b_nohash_1.wav,testing,5.0,Kitchen.wav
1234,-233.64918194868392,41.90955879974732,32.67306244271712,-1.4822213870056495,11.868713644213894,13.617627480283838,3.8971621808162396,4.284872080358539,5.681811801378553,2.568037700845864,6.960791119370329,10.80981387213835,0.05898212478496134,47.54745837892527,26.28896868663726,24.010214033015817,16.794053593727295,14.457669293194478,8.190649705108164,19.53480536458276,8.797996116951962,9.107707948640538,3.1941310979836652,5.34688302055763,5.247927208507828,0.018647337393569257,0.00015816933808221825,0.1137229372391644,-0.04025594241192236,0.23599462286473785,0.1966348185901293,-0.0025168569653035567,-0.04483447649018373,0.06371998890911333,0.11042689587909296,-0.05354309439745539,-0.11461823928274169,0.11208615331831864,0.0007891960201724883,16.205628651257893,10.132951890499617,11.842369367384686,7.331393043081193,9.277237991837993,5.8249383512082975,8.018889125135102,5.33756989578877,6.410997688279824,2.8484120759920373,3.710876003822497,3.4140325309965665,0.008834488524226075,-0.3060443729514892,-0.12195392343039456,0.31114044127868845,-0.09713263998335317,-0.11211163122888858,0.19343961599605056,0.07874659967999904,-0.1323792351858937,-0.08523491859716777,0.11239059014416798,-0.18915875113276417,-0.14971578279735423,-9.487482408682505e-05,14.186162409118124,8.792759571439062,11.488069065766393,7.1046457076900404,8.217263139541833,7.091237103870906,8.116671788713662,6.504152398080422,7.826479574459502,3.762792118427641,4.682521207355869,4.045344700698549,0.007577807954996819,four,/content/speechcommands/four/8a325749_nohash_0.wav,testing,5.0,Kitchen.wav
1235,-235.9510550890161,22.49488673012395,20.480561518336845,10.906224315846437,7.361690291537048,1.675024032816662,5.618483870916702,6.156107845831944,8.476138115364986,7.505335313373976,6.758972426595886,6.99622823519319,0.04262179145007394,60.41904247993154,49.7025537138833,10.421621736404806,18.171652820685903,20.153629527525375,18.94628114555077,7.04945343693006,6.759801179427772,5.3484797734062335,7.684067570520957,6.220663574122513,5.571904096150353,0.027294298316082155,0.0558504259432381,-0.09468704644689821,-0.42868567302175836,-0.28069017957680054,-0.2617225634243952,-0.13463404499314152,0.0260341017875445,0.38193040266912937,0.34417355334594407,-0.12344874393105951,-0.012159413924975803,0.28286580953572865,4.150333904450939e-05,20.054676526538355,16.300696317042288,7.906729693133636,7.6860283529959705,8.24176256898768,8.890324487532595,3.9789636379547377,5.04049778583601,4.556686723523739,5.108529736822846,5.597189493073822,5.163070060525567,0.010096770685603303,-0.5969597571206691,-0.29507452441031023,0.42317513439655635,0.3992687870819586,-0.024761187851713964,-0.16663165096907734,0.13749900862832048,0.05012895384596921,-0.08099152404843867,-0.2476241280913735,-0.2735402178472322,-0.13292610865960933,-1.988578587770462e-05,18.751519777177894,14.908273436758572,9.688144759579984,7.890436556528137,7.5625575412853685,7.751954740091448,5.730988400418838,5.989488590638834,5.258551139230504,6.5208395374743695,6.866145159332611,6.590149746893552,0.007955656728907187,four,/content/speechcommands/four/ca48dc76_nohash_1.wav,testing,5.0,Kitchen.wav
1236,-236.04580468938963,50.816394180513754,12.473824050831158,-6.82061106448352,0.6873051669750984,4.912224768817119,10.065140630742622,10.636075446453987,6.911360441427695,6.85099451371315,6.272187773199821,5.0492765911879,0.07376991381170228,61.35887150524676,49.6860033729997,19.626511069848462,25.312305756704156,18.503317586309965,11.442667297459412,10.717712783369468,6.154658899577793,8.777229696697784,6.700771120002725,8.918260372636786,4.956479263977478,0.0508354345047738,-0.060397295411713646,0.183337831912163,-0.032293621629760697,0.07774281534119316,-0.044778207530825315,0.15896364807337574,0.19550802686298915,0.053057082074308065,-0.055956758371633476,0.04471470866429837,-0.15208946865115255,0.030843290972153308,0.0018100364193800956,19.58648961651075,14.100155935399718,9.788697389532446,8.52958804664626,7.144462448791035,5.162437303570675,6.954929754911437,4.225496502477882,5.431158390389795,4.75629554332326,6.516001709422819,4.252062143131201,0.016734614411639037,-0.41222800486258204,-0.12761517752538604,0.04638355140379584,-0.07777654626183583,0.2754949352827716,-0.03318598414273482,-0.09278472937257115,-0.03844684144525186,0.11512626621041999,0.3162345458485365,0.32081931476092135,0.012056943515360678,0.0003300170103708903,14.249105761753071,10.793966396907155,9.23886582014448,6.687144422236917,5.700789664625199,5.41965997533365,7.4473330756529,5.304048129985039,5.681020352192826,6.738478825553804,6.752448745526732,5.131612428111776,0.009005535159015914,four,/content/speechcommands/four/210f3aa9_nohash_1.wav,testing,5.0,Kitchen.wav
1237,-256.567833061465,21.330390502841034,40.831783145862005,12.644332782245826,8.428781722063139,8.983994697555111,10.842664879647359,4.332594200502201,3.5960047928060055,6.882656353097071,3.2748834874981485,7.680735623008069,0.053044929110910743,67.4622185825458,63.7108830729509,21.98876882707061,24.613969875355654,20.83905694873491,20.16409380950667,11.00694702390819,10.976591852361041,7.602312639467202,9.398416224229047,9.032232696508224,7.843672057737317,0.034179325974762274,0.5032613707923138,-0.008295355869172967,-0.4224813891822409,-0.7019357601398118,-0.047437080600912146,0.2612276195972202,-0.5992254636933688,-0.7163795783988224,-0.16735110121387062,0.5967159001198995,0.2677343634930858,0.07372126262663735,-0.0005360195833829141,21.749354657089267,24.537675029276475,14.851478930808566,10.252174617455761,8.669869303725033,9.649010895735737,5.356818827643971,5.773752981900323,3.699300141407993,5.827676355389259,4.18336539493325,5.801230799613317,0.012901237725323336,-1.4766793771437488,-0.837116598266842,0.18426789102994892,0.76451116427961,0.3450829369107988,-0.38329552741794637,0.04737227694044712,0.37144625059433367,0.3126649996198309,0.10851158015964137,0.1667129451941994,-0.03388554871504669,-0.0004236175368229548,18.595884466087004,22.07678373158451,14.140516792978623,10.043163755886072,8.838591048288155,8.143253379609606,7.420208454779748,7.09822253553533,5.54067536432152,6.788899704891589,3.6478363993553544,7.346334445590981,0.010573026226142031,four,/content/speechcommands/four/6736bc64_nohash_0.wav,testing,5.0,Kitchen.wav
1238,-273.06143026014433,50.41959430010089,18.782570614299658,1.7556129374510205,13.106100642155301,3.3310580611605514,0.46346366192867317,8.164972582824507,12.990684629988758,8.184368334741048,2.8231787054359794,8.102693735610556,0.0782604212872684,91.76987488851083,70.03324965138737,25.009728005988514,37.54795880773782,24.179988870073675,19.41324860478934,20.776050279024627,8.006243714697082,9.299578154233414,6.230739150637166,7.657948894947923,5.034065937874462,0.07059500227011133,0.25581537279494215,0.06511545320883089,-0.09503474027171983,-0.23378139134445797,-0.3441328062881752,0.010598923914191089,0.34045067890880437,0.043842692520335326,0.017782291705510794,0.09729752045966726,-0.3362540328799641,-0.1384548510671678,0.0005524376587521645,27.090800983938323,22.160755403261913,12.845273372078456,10.842889231801571,11.342743656249658,9.371746853409041,9.635919514093757,4.856517036108804,5.909557024991833,5.067964089341398,4.207165209368697,3.3820664486603915,0.025611122007381144,-0.008241365345232529,0.1969961672488029,0.13246249166738125,0.05259098345485995,0.053683882560968614,0.013913707416178766,-0.006256864428364395,0.04837047001561926,0.0826771522598591,0.014125213416989978,0.11919350777667762,0.06645794421787651,8.063483983278275e-05,18.66867005111644,17.628722337359644,11.191721161236082,6.353492162970915,8.72579656719085,10.63511515341602,10.071706969692846,5.819176070562405,6.462076637651088,7.415401025935593,4.6345235851577735,3.9826436192216224,0.015790576193537093,four,/content/speechcommands/four/b1f8326d_nohash_0.wav,testing,5.0,Kitchen.wav
1239,-301.2838681595898,-18.62223352624723,37.903981857753834,21.956311167054345,15.438432718055116,5.645169608595307,7.462513431208748,11.23754259445257,14.530955858768753,11.350103170672728,6.284938837424727,11.228566932475935,0.038404313614591956,21.013728223050013,18.73188881368495,12.662860606636261,9.081981241831054,13.031851530495922,14.38872031874618,11.491028109340492,8.053997769849788,4.712705598307923,4.189610307279672,3.731757465710984,3.0036386578126395,0.00973616431160212,-0.496841241547242,-0.2438984420105659,0.19053159978091896,0.10471168715549099,0.031745655131050196,0.10093562655944187,-0.06238056004327583,-0.031223101804354288,-0.27705006315204156,-0.35127323046530345,-0.008630817544292933,-0.06576412575812018,-0.0011853181546734226,9.22327105169773,8.777528933404122,7.231155577752786,5.203403494400485,7.77919780877355,8.2446773283899,5.931542178105028,6.295150682166652,3.582208513749928,4.4079215423145195,3.612305179537433,3.745326627235768,0.005692421073196352,-0.5461451075360192,-0.13436544000089992,0.2813306558838358,-0.07227648110787073,0.2839109167807005,0.3555206026397809,0.15986004365502607,0.20136798160371933,0.1486609104546952,0.27718313640872666,0.03787243631637551,-0.08682628328085927,6.05477641026179e-05,10.129376488110879,9.632684787998677,7.448282525240369,5.168913682404613,8.05465880486896,8.864382644052482,6.295692731923926,7.206251569124179,4.647459537211107,6.050583159256318,5.386935230355235,5.604648749753933,0.004796794398357946,four,/content/speechcommands/four/24ad3ebe_nohash_1.wav,testing,5.0,Kitchen.wav
1240,-248.9893678636314,20.276223011484834,35.60859486406843,14.592665079961954,9.244003107295116,2.99595663393752,-2.0766449863639216,0.07214784439147082,1.3132294422600927,5.1595030548259455,6.963562817197671,7.0722285955900315,0.032709796592826024,67.50329114443868,37.34729399533579,25.977166695769398,18.555456854086255,13.634688173130755,17.18982772850374,14.207727348484902,12.276659985439746,9.226267460487227,6.916826607090617,8.81054596216015,5.517342966178806,0.01207806238992057,5.742213694198558,1.2220911350274488,-0.4229888668883134,-0.7693173348619804,-0.5483505469185277,-0.8379702489239808,-0.936074519226673,-0.3272127126758523,-0.1108336434961564,-0.36803161518582067,0.06024186653641848,0.18795958464014903,0.0004679077274857029,17.439866994440653,12.800295907273972,9.356445970780463,7.83785690613906,6.071173727263641,7.744749116049823,5.922287732773174,5.862896526355339,5.074955524421471,4.845358275840407,5.281037964751686,4.079261583994337,0.004070357969020845,0.7712509467485432,-0.033349370189734336,-0.3774110592053309,-0.6265106947792646,-0.11436597735944207,0.22915073782020726,0.1897365990804449,-0.1763407131413939,-0.03456994717948465,-0.07561705062753725,0.005520132527567453,0.054567598410141235,3.992663696408272e-05,16.61007606140641,12.938121610449272,9.337896301011899,7.988867112794001,6.458021506082692,6.6753977106709605,6.924720342608502,7.021325072005219,6.633576837869068,6.368506083695022,6.628073188357663,5.455659292581785,0.003298533848197479,four,/content/speechcommands/four/7e1054e7_nohash_1.wav,testing,5.0,Kitchen.wav
1241,-296.15054463741205,38.109550817339596,48.61424727501339,19.91835554382875,15.83317332456235,8.87149319824052,9.820257391034843,10.262756119367,10.791694078664236,8.594152750539973,2.5149025001461873,5.173959472372405,0.06961886785575189,61.90176779561517,60.662355617604106,21.62127530767183,13.227066388606909,15.381471449092848,15.25573039085,11.752353891007832,6.468395950321874,6.156319868795325,6.017665840205297,7.916916083775328,7.508252561997657,0.06349554099488282,-0.27556280853991116,0.24732506302399115,-0.1645648662012609,-0.12633150951383598,0.042770732529824614,0.03587287122539053,0.3616356971244935,0.18527276309768345,0.12237099332277306,0.16345366468941347,0.05493657430082447,-0.16715298667468642,0.0003201449590344583,24.308036070045322,24.144124204126612,10.650388681954787,8.497042030982845,6.830996262146108,6.8745762519067295,5.483181367720917,3.8606820733118563,4.674230285196536,3.245153825539336,4.054927517382881,4.012632938325372,0.020908992731713382,-0.24805195748382972,0.12111372152141249,0.2050986800138908,0.08328006347975254,0.1186853797851132,0.0077674716837775526,0.34175306135215433,0.1386419200384137,0.12110559589531651,0.13990848014878157,-0.15825108886204806,-0.004911210563359525,-0.00014653640488783518,21.95127462953581,22.038666843959362,11.058092511714486,8.602586484933113,6.921984256098733,6.7531763510224305,6.359583600147472,5.123565620909254,5.812001278696278,4.413158534868605,4.716013835547882,5.023677385263049,0.012505610991525381,four,/content/speechcommands/four/e41a903b_nohash_3.wav,testing,5.0,Kitchen.wav
1242,-278.7829853720959,18.395507011121797,49.162422727770895,11.796960036544249,8.050732089362116,4.315359751911953,8.477983579761627,8.712845757359728,9.16350034224951,8.320947889438616,4.199197044461479,7.282134536204546,0.03466050005094572,33.829285985501336,35.97907550967433,15.825612936381884,14.700671222567799,15.170248831583718,16.940582812363143,10.752676829559201,7.165791434482091,5.466840529109875,5.408493115992407,3.496698057024057,3.4879789214533647,0.011965910915847203,-0.5504335005898502,-0.05862262826238635,0.043392479797034186,0.2605419362311161,0.08462692361490605,-0.14599929884226473,-0.16776872180798033,-0.38474452893386274,0.23552492813686307,0.4444955341028584,0.18095350194572082,0.2662836046895084,-0.0009902242038931166,13.660023391039154,15.457985758350098,9.29461447691986,6.642337714195189,6.914032576337479,8.714766766759627,6.969467785500885,5.62819902921447,4.277428314220549,5.883722192867292,3.8093302335770494,3.5141351342915774,0.005700611457822448,-0.6453514819091367,-0.18779617419216182,0.22244876110985992,0.5885507692363118,-0.018280165022072924,-0.14519722699648777,0.07409856293863629,0.38455608051389456,0.25376520673507785,-0.49740387578225603,-0.4704622179549828,-0.20583225931211394,0.00017264755442738532,12.210757886386064,14.612561894790568,8.413653333557239,4.434372473874266,6.385343779353888,7.622276566317616,7.4889176779266196,6.305639805960326,5.524964493073275,7.333666006506484,4.644247250342552,4.85326432305085,0.004568579794498736,four,/content/speechcommands/four/7dc95912_nohash_2.wav,testing,5.0,Kitchen.wav
1243,-306.11442882170707,43.258678819389246,37.12353115835457,15.848375707227577,15.020469922174069,9.611709872014066,7.324414972640278,8.640811848112762,11.881293559701131,10.306060888533501,4.896269270875246,7.871847670703582,0.04095148388296366,36.70996209462917,32.54136135117609,14.51542787860391,13.230631264414288,15.71156842518387,13.32083094289876,13.443167566192704,11.017283628704918,5.02762344948627,6.337401461691462,5.194544778571391,4.120644303642301,0.0137709203788411,-0.5163652269012995,-0.8455570489819968,-0.4921091342196252,-0.5019517730398831,-0.4678676370115432,-0.46597990568095066,-0.4895270888419134,-0.6549709956128416,-0.3160046464760798,-0.07676829434953161,-0.3004285288680727,0.052530915882667305,6.755573614951103e-06,17.213271668239873,15.099479048636569,8.562851528955948,6.649182257126801,8.198160392349067,5.678078274972255,6.421583763455982,5.7647882851316545,4.244344177952785,4.675832401685155,5.000592624949708,4.04646824297214,0.007704200647348403,0.013641009103054103,0.15981697434787837,0.04519601301180801,0.160939030043262,0.12389954512522271,0.04613579940932861,-0.08540178363222714,-0.13502492540151606,0.042056923517328156,0.007178735198402879,-0.13489021492717465,-0.2868323831462008,-0.00024777185171842575,16.19036396882172,14.954475867345508,7.831693565687796,6.585639506161844,9.186043050044397,5.824494620702628,6.677800702392396,6.5991425045110645,5.282829302909956,5.5003110392195085,6.690510127614636,5.177118817997243,0.005180014281548248,four,/content/speechcommands/four/bb31b82b_nohash_1.wav,testing,5.0,Kitchen.wav
1244,-268.30170276658134,43.7294135490222,43.57663479488403,11.815672783764658,3.686017136515157,11.566859213120756,13.038648921467384,11.462545458948687,7.783701633732654,9.152338003881958,7.120096695028038,3.89894216349744,0.06371167255565524,71.05912817141613,52.66849357637769,17.224483155792047,28.689451038239664,34.573470128307555,14.929594177225058,10.686118781356207,11.308528154980788,13.30082270590606,8.157234023558985,9.541869377977978,5.32624256568664,0.045762184830537775,-0.6546766659294869,0.09911812533492723,0.24128540384065644,0.3035200125394281,-0.0526097430081917,-0.44581497257299424,-0.3851140900946136,0.5264114858552817,0.1457267493754879,0.028235011428115568,0.3891749362522353,-0.19667512498024778,0.00015506887387844824,20.468685679415074,16.152026788989435,8.382351045747173,8.45320879932575,12.257446874509279,6.653993184735158,5.463240662926394,6.415408670210067,6.434869084092067,5.464035918611848,5.829232765330446,4.790522831252197,0.016434572356496546,-1.686666802815565,-1.6392636924710666,-0.30034924379860967,0.5975153956527007,0.6185190654670764,0.44828277163667224,0.20984541269134674,0.24827694404642695,0.4554301771693028,0.4225000410432284,0.5514098425069015,0.39826937894364184,-0.001372159334520499,14.150272243137055,9.131555815544004,6.427870047946416,6.586072044050686,9.61299825553227,4.296301785126516,4.948651946035334,6.868946602000275,6.869254111387479,5.508068576597968,6.357761299297195,5.893522974373002,0.009497629459242752,four,/content/speechcommands/four/af130f12_nohash_2.wav,testing,5.0,Kitchen.wav
1245,-218.37435743954066,61.19350241119461,4.124931425854664,-10.666138470093902,-0.3915841027651136,1.2444507244318055,2.960834248589491,3.984216649638365,7.446367332049086,7.55113431471148,5.228474856818959,5.654688291713019,0.100980820817252,81.61102628710174,56.35054378278433,25.173544495251825,30.130495645636355,23.607237609695513,9.965593831543984,15.367986190647594,7.22125301390538,13.085876009898865,5.0739113180017865,8.337211136729891,4.212274558024796,0.08646510577431205,0.43025454890452963,-0.19462051807357433,-0.1095975122237607,-0.12956849467181358,-0.36392718442910793,-0.2697811165403353,-0.21048820870280166,-0.12863490657229035,-0.25422299993104336,0.16286978849870987,0.24919388827724462,0.06858512633748765,-0.0006052989769598533,23.281614853958946,17.348044905490884,8.810291771726394,10.468640270905922,8.306813833521732,4.39179017358102,6.965010012847483,3.3760822126245125,6.429677192700686,4.547250878046293,5.844863174662938,4.080046673912343,0.02587223283156632,-0.5592843203012186,0.05067190333606116,-0.007914676639856313,-0.15277671234266763,-0.08887155153895941,-0.003910281523944713,-0.04193681767570823,-0.15014113784605687,0.10899079645490829,0.12813639772126467,0.30384291400536423,-0.12241477561420859,-0.00024641012506825585,16.167447754033446,14.408853239261532,6.292331356215149,9.645989172530264,7.154378456521992,5.0238315095675,6.175788222352693,4.218807320620895,6.36337664660569,5.739030013725527,6.110598275931549,5.919151387251131,0.017110101376739732,four,/content/speechcommands/four/210f3aa9_nohash_0.wav,testing,5.0,Kitchen.wav
1246,-266.7761648558549,9.151421888948377,59.05542032034465,24.862150518786656,-3.851102494458148,0.5824830963762411,-1.349380394039768,-1.4829470266092803,10.140918624992668,5.257674900549109,8.77920014934747,8.238556149672892,0.10473887814441696,61.0358989864575,48.77390823102567,26.474920289255866,2.92598838448672,35.05018621750796,20.49623527284984,25.06345998167597,18.20936705752349,4.611566675886371,6.29081515877863,5.379117104262857,3.761265066768964,0.1050254281146372,-0.21745925635767735,-0.11647436231526621,-0.14468523362349164,-0.2410006322462894,-0.5055446358913432,-0.41670919036014376,-0.085562278162586,0.1419668334874814,-0.10609786429708742,-0.06849497237971076,-0.19527223710223712,-0.1666610133183886,-0.00034980265603911493,20.452430530659324,19.854248403753854,10.555216649724613,2.457771471088326,11.808939695219436,11.460372647222009,11.119822680778379,7.943441868042036,4.131579234717292,3.159881979389598,3.2980896931496746,3.1001976436512413,0.0335424311329013,-0.21218810580145941,0.029473226076979487,-0.0917547387312401,0.2470142378424343,0.08022835578431936,0.3321443055088011,0.18426531786315864,-0.05704789542107793,0.08978938931782157,-0.12905281481591988,-0.10759213432158467,-0.12150302566191164,-0.00025460241983334223,17.700647466218133,19.674211922721557,10.727470158396759,3.2475160302087764,9.790298427243991,14.522725772171677,13.29154958518413,9.448367759979977,6.08712921067054,3.69014256307641,3.7513491679694613,4.791366712773327,0.02191834821821783,four,/content/speechcommands/four/9a69672b_nohash_0.wav,testing,5.0,Kitchen.wav
1247,-241.13543794444666,41.20184141594484,14.581215610281507,25.91345505034087,2.868978194305029,-5.41742319726572,16.03625603478354,4.045275070953115,3.1443116576417887,8.235386861559935,3.2859999889680753,4.106653092296807,0.09842696954729035,71.98748222081169,42.74623497521724,18.828478960906963,10.056278406548198,35.19553289564721,17.561860568976993,9.829978293447333,12.643783286369178,10.458222489595054,7.291687975745466,8.532274933308031,5.435126165175971,0.07510772482299978,0.27964938655361493,0.32419513659956356,0.3062184449100173,0.615557284838353,-0.03754436639209333,0.10210423176574407,0.20042506161700402,0.018374871171394993,0.14236392136115494,-0.1939926422909209,0.07513365297610086,0.007079865416455172,0.0014077715816036348,24.167600954599067,19.24042826275555,8.15342619741538,5.726949883307721,12.412367242314915,7.771495851278646,7.0184656440843085,5.5778745450192035,6.067636070356768,4.829514983062296,4.778344495929381,3.9765651528600183,0.023684946479217008,0.10535860807747971,-0.11840547379986674,0.13837331862379668,0.22039228579416814,0.04214362506335938,0.3184146192645598,-0.018044687976305398,-0.06682851486207651,0.27543438334703263,0.10543316334029627,0.012924417125952204,-0.12649581610901267,0.0001525125155846278,20.498626116338688,21.151545038457233,8.039421458029247,6.914352037107344,9.839852158209807,8.310303590184501,8.575264351487448,5.363901478437986,6.48284446836431,5.99451804209856,5.289499735291565,4.8755248672231835,0.014989531031454775,four,/content/speechcommands/four/8625475c_nohash_0.wav,testing,5.0,Kitchen.wav
1248,-288.44443207609265,47.06521429796203,43.45036062864872,18.8992866049728,10.897142074062977,2.512018872404702,3.557880642755533,6.42539467107886,10.625525521174772,8.474533563638518,3.919601348008166,6.4824706913426,0.05911536418716423,54.844313421211965,55.615204377201984,21.373053347408895,13.686073163672672,12.034114763261275,14.602809451449735,11.029670724236663,7.265926208725931,6.600527424714704,6.6261863279916,9.478668364742711,5.998597078435157,0.06459873968672775,-2.344946271565699,-2.1106709138896758,-0.7842306684453341,0.25705589800561457,0.8385491056241468,0.8029505618600835,0.7555792384750732,0.5550511011753325,0.1264656123628671,0.1878325188810582,0.05462878048956526,0.12928998963403143,-3.679778667226914e-05,21.934871340311137,21.803897643047037,11.325196110827772,9.194817762292711,5.321489366618782,7.009825471288768,5.800305767783811,4.905893662607347,5.937831916669819,4.103284966926054,4.797111852278387,3.461295300503502,0.021996005635027592,-0.10845437713577818,0.19347307477644324,0.1555140156694525,-0.08083980580589602,0.059893457550874926,-0.19394285601158803,-0.4451684935733879,-0.06561331269434548,0.09924339691354227,0.11493519559140418,0.2235137235162954,-0.02703008168745864,-9.262726331750551e-05,19.492681308402645,19.451765648579254,11.134881942394317,9.107336971163909,5.715452003337063,5.770073542976268,6.918104025696771,6.535137727243816,7.796200679839724,4.5119161680608535,4.861402135456728,4.384916493751803,0.014490744747555302,four,/content/speechcommands/four/e41a903b_nohash_2.wav,testing,5.0,Kitchen.wav
1249,-292.4455727414544,28.67672712632841,23.65588091450001,15.323466265122837,10.59032468715914,3.5310260440010715,0.27105060594328734,7.527849430615376,11.740764802261584,11.871161506933003,9.058871584350438,9.654083067949978,0.024866962266969495,66.51291908785127,34.61136599935219,20.735100098787946,16.0205576104615,13.1710635721865,10.43354457705398,13.114198384892456,9.533603360017432,6.675137410808287,4.167018542112453,3.5488025159791556,4.318133241488809,0.00967907360817298,0.24253016626097001,0.09712417517768845,-0.2645155754339125,0.0340107169001771,-0.2030880472930895,-0.2297225633681784,0.07694395430784856,0.13883567140080819,0.12002728780315952,-0.1441744895487342,-0.18599653920963108,-0.2335615684154671,-1.0774230524416893e-05,20.854323601629023,13.621685675388738,8.767479279875984,7.55701801334564,7.975069653333154,5.123141243673911,5.548418825475648,5.043963645878584,5.459717116770542,3.7430275022238666,3.1767523228691434,3.5596434472229537,0.003514603997710319,-0.26639343510985897,0.05318100641675893,0.24072029884273802,-0.17984488124459527,-0.19627923315568718,-0.20343292895409018,0.08654717625905418,0.21524619890691252,-0.08387481888085725,-0.06451044667361365,-0.30327529668320913,-0.06127052139415549,4.9734239776929216e-05,17.444114075196843,12.559626715349134,7.446982832427466,6.58410099649472,8.564619896736911,6.421407792905426,6.0642160916974355,5.899657930552985,8.072064663157592,5.509700695754157,4.415218745743531,4.846463686633313,0.003107964754949906,four,/content/speechcommands/four/daf230ac_nohash_0.wav,testing,5.0,Kitchen.wav
1250,-271.63908278200927,18.524157711415135,43.654245768045385,13.432434498048474,7.566979659271645,6.559981749495814,12.099320013660883,8.389354162377028,4.353338071994433,8.031445531323643,4.734602425099899,5.844178673939027,0.044557349814567715,65.9738375700185,54.28072843832473,8.267676082429121,14.048809051598232,21.82857110182783,21.110016379801557,7.051157792706487,8.755928678439352,9.432515501993073,5.982393647118351,3.549180659234071,8.856865356292031,0.023564346637909257,0.1134593505606598,0.29595617568401317,0.13538372337138144,-0.141493353776908,0.10830985304724905,-0.059670905578533724,0.2510860598396972,0.3097289244356173,-0.12055552190588978,-0.14818789979954114,-0.15860948867093755,-0.18923266494829977,0.0004015898392085106,21.604675731351218,19.21136622984339,6.2672542931505015,6.654165146967939,9.059129534141183,7.850346600191441,4.4846912945964155,5.669241234625434,4.4281565676157335,5.207924652817763,3.6612332578579774,4.482834879272183,0.009181151122031342,-0.4855746377582193,-0.398714404717495,0.09804042994867028,0.03732556499910367,0.01813914607426413,-0.14840206791623173,0.1354365278906309,0.15019785877528485,0.0794569578574696,0.03486559000384452,-0.16191199930687883,-0.047923184396293964,-0.00033273051182429,19.385336122026374,18.10703216429944,8.197842553750714,6.839640870510447,9.189720437675142,6.772720901876954,5.672385917762405,6.5679607871337256,4.673058379903623,6.070256905102054,5.472312118720953,4.844427680412877,0.006464739193853582,four,/content/speechcommands/four/105a0eea_nohash_0.wav,testing,5.0,Kitchen.wav
1251,-264.8888247909853,51.95849513717448,19.38832901819128,-0.6008459136696612,5.051046847492821,10.20214234687615,12.025884727530434,9.183240651736565,5.559932620806975,4.627634396494664,7.486438135084801,10.562841135610332,0.047168527565458244,56.53065044069701,45.73157610244007,11.177060343340878,24.976356793280026,21.480043084370507,11.267508048382421,4.393637238750322,5.95366399407086,9.821033955524578,7.082174350170138,4.590697867120108,2.9385996443850155,0.014089419386899,2.671101135651849,1.9648048116501338,-0.1865392345494492,-0.8546376005640286,-0.8893417534345969,-0.07204222924772985,-0.11788599552555445,0.3872825743525978,-0.2334434750634462,-0.3963427937399103,-0.3908171891531709,-0.01490648002111794,0.0014039975358173251,24.31767378409248,20.28796186028711,9.740027329520174,12.78160057750145,12.013336269855865,7.72538594426909,3.7027531430563805,4.339464664509725,6.094948437149975,4.7262908191708215,4.939386375316593,2.882561852749644,0.006662659874844437,-2.4555058451343448,-1.3655637646608934,0.3032774217585936,1.0985856294237288,0.8414410512569745,0.10971027093544165,0.01614118487041836,0.5508773116005412,0.7021897278122535,0.20015430735107234,-0.04796815655142552,0.1486668324176139,-0.000505208099881808,16.128173313548118,15.831562240383414,10.758078893756931,9.15498003214218,10.149931557276346,9.06101576257129,4.610578404756627,4.866607531615565,6.643714191930166,5.337536220460773,6.351702124173709,3.950934146799581,0.005487855387418176,four,/content/speechcommands/four/5eb5fc74_nohash_0.wav,testing,5.0,Kitchen.wav
1252,-288.3174667373373,9.46613296238911,35.471345204492096,28.47049430600793,18.52907087769859,12.010681365719389,7.680043168033785,5.002781438352005,5.2788393182019355,7.478637104730135,6.658422584176652,7.96779022553109,0.031558500544633716,44.19493862484795,35.426043031110574,18.333439422895815,11.715258308401776,6.950167205375879,11.171964296556256,11.102688762629416,10.142997192520978,7.689339074905801,5.517948861359648,4.950705455020252,3.532896256194492,0.011217806638930313,-0.9165426209058113,0.2971790900126938,0.6655022553344195,0.04142009252712987,0.25627082497048753,-0.21726554279691107,-0.06963853410585213,-0.16593699436542345,-0.2477424733114875,0.3475825359226202,0.3847158918551658,0.07756198964138804,0.0006941578561259855,17.02737857306199,13.010453532789901,10.129216307813557,5.199163200475406,4.0979674925893415,7.000635448439736,5.34596807812996,5.279247511633299,4.200262804263229,3.513706492905313,4.669598984899184,3.8005760121710814,0.005115764607022182,-0.2573080265458297,-0.11881167397663327,0.11856854138223624,0.13401612560890128,0.21783532902317784,0.11882450087674516,0.03581803898362666,0.009482911270770996,-0.3081249880476509,-0.08559328828928608,0.03657892902262372,0.15691516281406112,-0.00010560223211844763,16.58580216885061,11.823644135068772,9.369597698363549,4.962658491164392,4.614373485613071,7.959161768741523,6.506411544405434,6.669248859337045,5.350472989818421,5.016901498356012,6.566327497755093,5.540449369572645,0.004408819257851683,four,/content/speechcommands/four/fce96bac_nohash_0.wav,testing,5.0,Kitchen.wav
1253,-283.00985536043186,24.703922437801793,24.25171567518797,7.041916065032061,11.174118729836099,8.785018505273108,13.498003149522642,11.755118745601234,10.748628561277107,9.41266232359451,5.930031956441222,10.221844792019233,0.04795010155066848,46.36261774413037,42.17407210624733,13.67630557350038,24.165746771834925,19.790283925079674,11.461028931717477,7.699446053111704,6.170281417828737,5.6187715978289825,3.8275662985632906,3.3953903570923303,4.326187610352052,0.017315647622865887,-0.34301886537765686,0.03334997210172851,-0.34854739943110397,0.05371564415927875,-0.13440157558674046,-0.10993234670693564,-0.07421826854114717,0.1763394083127721,0.1591598686756109,0.29407905702273307,0.11122273401546988,-0.37423805229772206,-0.0002097432171144793,18.46013852453531,17.99253968174345,10.172413309731088,9.962260402082176,9.899520608254079,7.093321370316089,5.228342832285886,3.6470349414914947,4.220641775842783,3.957828199318203,3.2380678306661874,4.037337491309857,0.009236546334243095,-0.345636525414568,-0.042833714568966404,0.12144434337899099,-0.03064732540391333,-0.047077476816407504,0.0563731555097639,0.04134606179799173,-0.07624598281915854,0.10735219969681123,0.03266609856131577,0.09527413653598611,-0.11958167616926213,-0.00046593050161997476,20.571838658729018,19.662218396036007,10.263372299110104,10.17570779642838,10.440380683526238,7.958881815221725,6.258239051868225,4.324661727958325,5.50368963334829,5.3445744406055615,4.09442970563204,4.9051595495006515,0.006710168285458105,four,/content/speechcommands/four/4c7c95de_nohash_0.wav,testing,5.0,Kitchen.wav
1254,-269.56104574777777,22.3752758331664,46.43879028739378,15.945749865310576,-2.6307094408810805,2.084858806700169,14.390259028779901,5.752697571423001,6.810253737596068,3.173768714004749,-0.18456884453972977,4.430956194206499,0.06265693937893957,73.32883101171011,53.61484980840506,14.851545633913378,9.99300405162839,32.944757391011926,16.744914001821066,7.567553636570895,13.769590717636541,6.601420997689206,8.223573297042073,7.1214724458260275,6.0176138014482135,0.062170510921214124,-0.1244354640720314,0.14069251994161802,0.09708661658672832,0.004208110729149531,-0.18111681614802688,-0.23213456696257673,0.04324922026617468,0.15154980568840695,-0.031007609043656095,0.05837962215784613,-0.2859379306506598,0.04559383200927047,0.00015977710004775754,25.010794171930904,21.139328996558547,11.656469086432406,3.9103759192864564,11.717920900477452,8.002833243129455,6.528790609876067,5.203606665958001,3.3340888289256316,4.095024286475131,5.010219551011575,3.31491258396418,0.022203005201026603,-0.47531663662592794,-0.1433973563459187,-0.06583030137971756,0.09725232694896464,0.041830396107733134,0.03216875911374384,0.025675731184394597,0.051899817295722114,0.059704477599642126,0.056899264931923606,-0.15402204612453277,0.0437339410154365,-2.4231523275375368e-05,21.561293597822047,24.723664464014227,14.619813457338777,4.507475917403495,11.267475161270225,10.57267631407955,8.944535197403848,5.0428989935298,4.1631011255581925,4.926270602033863,7.043893838106157,4.306062086838691,0.013368993579987784,four,/content/speechcommands/four/cd85758f_nohash_3.wav,testing,5.0,Kitchen.wav
1255,-225.42137089385352,41.382559601131675,30.09824595406503,9.32247352795666,10.7521313027996,13.969655343233566,14.36302728661352,1.7077989856341929,3.1642880890670635,7.842365098856535,2.669246737172727,1.4005094940103848,0.08984177658567205,85.56390880884805,55.900772301849045,23.972244124666823,14.201928730297366,22.980139216902277,15.001218776667537,6.778356128515615,12.308393219234521,14.182977344245339,12.410734628223668,9.464779483828325,9.075440771290204,0.0880861338108881,-0.06276523070903615,-0.30475546125879754,0.7253583201209814,0.775579542867447,0.3522657525476421,-0.00203189632046999,0.20587071099237325,0.18278801080143503,-0.243343831656433,-0.6698793733054363,-0.6241996497497083,-0.0667173767654173,-0.0006538467301476387,30.236771329831967,22.62119331609487,16.68256310192564,9.325579480332243,11.514317091629936,8.37339897817429,6.859636433334057,6.059387741537663,8.068403989596451,7.772985931096898,5.754477761169882,5.743245279260614,0.030901238248052375,0.02237013979431784,0.1452250469227962,0.15981657504351907,0.3031064789292584,0.48391548181316374,0.23712435787909036,0.15451886614710045,0.1738623710577286,-0.05152159468278453,0.1195066803015966,0.2746280312505403,0.1708350401946893,0.0002553716922799746,26.896891019582807,20.685420071810906,18.880204516942626,10.366243955461936,9.732760835868083,8.246089913359366,9.02224840639056,7.819873485925413,9.212859342834168,9.163350002768963,8.097524125610532,6.025319748872166,0.02153783294997945,four,/content/speechcommands/four/e1469561_nohash_1.wav,testing,5.0,Kitchen.wav
1256,-219.8539057029185,40.1015653083174,30.47762073584763,-3.215994594902426,0.8722844285616659,1.2587449732444247,8.125295639341916,3.821719612841189,4.3558546577675745,14.542602501708211,6.779329703261225,7.599612960090236,0.06856469923837318,75.20501339044175,58.0404000729828,13.51199197048629,20.228100768101516,21.50431570702607,20.229686314097467,7.6991568081361965,7.111892643384876,15.043219704049314,13.756159273644757,7.765982169139045,8.615758879968585,0.0665315708583679,0.30979643472465584,0.7518216097228194,-0.05403595182264836,-0.3002741054702287,-0.3772448112145673,-0.32628115368815436,-0.41937033627965853,-0.3200921375048279,0.22209646211936018,0.3545652946790491,0.2791894052241156,-0.23505626420623568,0.00027360716977944743,24.379944220051414,19.831608273158785,8.514875249985783,8.263368642459614,8.192547669224764,9.257977507901913,5.042420489037764,5.504223721888473,7.553450470275901,8.988426233249305,3.8602931792385657,6.217262073198541,0.024252516754067616,-0.9751891367660346,-0.34173053237205947,0.768464058518835,0.6037863309327446,-0.029979391632555235,-0.23678572010689636,-0.11335960265652847,0.17068205780755527,-0.03884090569106078,-0.17526532445935003,-0.018015374904124144,0.0783286088319731,-1.1318922042846679e-06,21.768415821086176,16.690951944263063,8.172695138180012,8.593535928133187,5.759072650917231,6.936213945627938,6.259807790255777,6.947894544589539,7.550131499475871,9.353698888483693,3.550977433635161,6.405462732979425,0.02062564927823771,four,/content/speechcommands/four/48a8a69d_nohash_2.wav,testing,5.0,Kitchen.wav
1257,-220.79347595705497,68.72884311409533,31.747957186246023,-5.95171260543585,-14.153311319243912,-8.106365561190113,0.1945610781829683,1.2936613433285398,0.8720002567761163,-0.5859937308235943,1.3072715261407075,1.092099916598841,0.11569126677932218,59.832476320503346,53.045835693704994,7.32894369124296,30.260581227817895,29.720205050594803,9.344140399110005,8.845065724092775,10.995861085726508,13.145027616638368,11.496528397873417,6.76923741830612,5.32672144432917,0.09978714412449818,0.40000430180611873,0.24168862406067973,-0.17480854292945755,-0.48187770725833107,-0.5032031745628668,0.3176482668309009,0.6272670297795077,0.45760880999988734,-0.17421551174516403,-0.39358449036000526,-0.4116507376008203,-0.4131437888927301,-0.0004127919673919678,22.27417528642638,20.662335792450165,6.319502782795234,13.580107589974027,12.364342345196405,7.5818324026642765,5.180838705852312,6.437091910480008,5.036236503972238,6.203075350383103,5.98632216455316,4.210047519965907,0.03048689848031838,-0.17029119651222685,-0.04634955745267722,0.11923931661601918,0.09735229497447537,-0.19892334568157294,0.16088948139076548,0.35917015519136997,0.4328862774434636,0.16150861313372727,0.13048676622752856,0.07701131267627064,-0.08879861173030094,9.915977716445923e-05,22.682718806816435,21.71943973666832,7.141910883543517,14.931343849319331,14.363123510710423,9.454728879797912,4.917874344135725,6.469900575205073,4.638110193641419,7.405535412584249,7.726782091902102,5.300715151262647,0.0238590731361162,four,/content/speechcommands/four/1b4c9b89_nohash_4.wav,testing,5.0,Kitchen.wav
1258,-258.52363782858964,39.46214662817273,58.058023290267016,15.275911167426829,9.702139773613368,9.326464751254528,10.565773243120422,7.044060049698103,5.391802463778401,4.488821730854136,0.7619508064864223,5.776444279902213,0.059270043624565005,28.43612796340091,26.028376756377906,13.676318086756911,11.712064303858837,9.616363962489702,13.371078281148701,9.815731446532691,9.007441442625545,6.117446097181431,6.094934496272873,4.90255182497995,3.6037137951464664,0.017211597869987296,0.23390677527007417,0.27409480652267143,-0.2668498682949588,0.10273007590257319,0.019289376477728517,-0.2264421771288709,-0.14779719333142416,-0.5703120443553378,-0.5371619024522566,0.0348583463464172,-0.2073677899718226,0.04173091897511692,-0.000460071308958915,11.072829260833432,10.626870148691193,6.935960195125899,4.743337369771322,4.348443323906202,6.193952685254535,5.115885505156038,5.59407301529148,3.765361742069586,3.406895190336216,3.564795271499797,3.2499267403931666,0.007804660520003389,-0.7286791726628697,-0.5030250513742217,-0.03654047578302411,0.14741581888609828,0.01819441942331652,-0.22867943213604647,-0.02621497949239284,-0.10165259225704824,-0.15953976038670664,-0.0688779254228638,0.29345688744757215,0.06568010476672417,-0.0004967657228310903,11.370136505832347,11.133529810907216,7.699979059797829,3.828620711350375,4.538966980455776,6.626699781092911,6.143394753862222,6.675180743044059,5.410067774513261,4.273247030297243,4.866495369963696,4.234570696665424,0.005905036321741736,four,/content/speechcommands/four/f6af2457_nohash_0.wav,testing,5.0,Kitchen.wav
1259,-244.38771938384983,42.44970939029626,32.4100181189195,7.702535338086776,12.824021101354916,7.538900146229841,-0.7128468349016464,6.055714504312936,11.892449035205333,10.195803271147014,4.686268672609787,5.343580466368564,0.055691419780487195,66.09938817566385,40.83222367003392,24.084841503238383,19.47216934140517,21.26569231178059,11.8862068054957,11.534095584794182,7.9910906049021655,9.63587209249098,6.8161318818358625,4.915806997875349,4.670587945716549,0.0402552620837374,1.800384210448266,-1.0007869255726556,-0.3027102168856185,-0.6422975587247086,-0.9129731037318354,-0.596558689092393,-0.31929738056911455,-0.41551624332247145,-0.7149968807226766,-0.19212132435324927,0.017120602331782805,-0.09963137132737403,-0.00026972811188428634,20.30635904984089,16.20704894511789,11.184103429741612,10.84754349382303,10.889732734936517,6.602388669739422,6.562386676875662,4.221719553739563,4.399364716285961,5.102362187554004,4.053409433933052,3.9726385843375804,0.011552290768139782,-0.11831897825364118,0.1969346156763983,0.3288253450501461,-0.036948459946595416,0.15726335789106585,-0.08598503632205598,0.01758206500797736,0.04232831921171266,-0.035722813861289344,-0.2792257556954406,-0.05045614489351274,-0.003807899461915376,-2.1980671832958856e-05,17.803623796573063,16.66465948336892,8.982912201102549,12.14813882556052,12.585187710774184,8.51106041137106,8.055175991522004,5.595496705351775,4.815780303133341,6.574213740989956,5.318468678058403,4.952559193231714,0.008089327256052442,four,/content/speechcommands/four/b83c1acf_nohash_3.wav,testing,5.0,Kitchen.wav
1260,-236.00641500980572,28.654434754750316,27.499437043277364,12.676347301764372,6.487223964857474,-0.3115056160497035,12.854688164612202,10.568003945840704,4.435296316343246,6.048893641340989,5.311492174195441,6.1935075258920325,0.0612550477089826,90.1616489710271,52.005055258260356,27.167477278415504,22.20533362343456,21.578700328926896,14.074835869215072,5.5652755787733446,5.530786901158957,13.037713433527802,8.307190303637704,4.625573417762873,6.145120087406807,0.06975928206011615,-0.42639622877116734,-0.16187689094094393,-0.5324283425315607,-0.8042968821767043,-0.3737981604843488,-0.05397092534337987,0.1407367765427881,0.5972388091291622,0.4214045082208905,0.3418482027753443,0.18136182599228043,-0.08480538050945856,-4.931797664011678e-05,35.13896075643701,22.236327863748752,12.635286146468498,8.226241356540985,8.209660771159093,6.767223736506112,4.439346383992059,3.7835061888944486,5.850895991002136,5.5807538173561095,4.253763856801877,4.254477417864824,0.025746944199554568,-0.3630681762552887,-0.41652119058346365,-0.06716492437453365,0.32837013786764757,0.05860149998927267,-0.1735043340307201,-0.06218674257179012,0.23094555489375185,0.2562042859339406,0.179494442643798,0.1711656697951786,-0.041601540390923335,3.476055959860484e-05,28.66433881115656,22.191817508530438,12.61966299243938,8.327545276165313,9.225835812384291,7.383761974598003,6.5215508053661715,5.4331439936088675,6.5185578172129075,7.3456663738862265,5.63730338424351,5.802161723731308,0.015117990951713454,four,/content/speechcommands/four/563aa4e6_nohash_0.wav,testing,5.0,Kitchen.wav
1261,-167.9931988330049,41.20719583060101,25.308593807669197,4.267864963020697,9.365964814134928,-1.1431142770350682,1.7953165790389285,3.4971981142723583,5.307525395904866,5.335349636097094,-0.3261170469595786,-2.389839873592522,0.1075910780346021,91.82047426647341,53.266200113659835,35.97173872424548,16.41668744276413,15.652021220352642,9.946484057416301,10.510719669993344,6.24019553842537,8.87580581871623,7.988355028066681,7.882670885029952,6.869828727802989,0.11804713039554116,1.6252351342117755,2.9609715859760475,2.0678137275721213,0.2299630253698272,-0.671526656611521,-0.4664632655789622,0.14164954199178106,-0.06442303673633085,-0.5183012960767279,-0.5862386065386619,-0.7156113900199503,-0.3668665493285946,0.0007602903511255018,39.24808574317876,20.834653712657886,24.44555045939863,9.392837902118696,11.99197165618522,8.739091165467936,7.216289506071755,5.035407309708178,5.447673840437558,3.726226173298099,4.501519316985404,5.700189574426184,0.038117253782466894,-0.2643514973229415,-0.2588833500924584,-0.08314748073925102,0.050271450853670824,-0.002122572112447685,-0.007032995517865774,-0.1979351858413481,0.13939167513082354,0.3113135747570302,0.1236970171534081,-0.11349917971784601,-0.04694355364194072,-0.000278612474600474,36.88932319250152,19.829819734597823,26.725990457017392,12.334268376336027,15.569131341930333,12.556854000503593,9.420503006079477,6.673373020048456,7.172486291901641,4.361898619534138,6.2570823142583345,7.444601739759126,0.027920910388498695,four,/content/speechcommands/four/97f4c236_nohash_3.wav,testing,5.0,Kitchen.wav
1262,-274.3836132941839,22.93207878640063,24.448327503143638,17.752618967239467,17.029130910355093,12.680278990330578,13.942303020812293,10.014109041628721,11.541982912185015,11.535363460983246,5.332896090760281,4.871635905256722,0.045249299437273294,43.7673956149273,35.88103039429704,17.401990866797842,12.55985331815395,12.9192617074001,16.260062010678933,6.499103141428404,9.05014509663905,5.546696210290695,9.718610945683112,6.000418536946401,7.119820714976575,0.014032453876225285,-1.502501683777303,-0.36692735558913614,1.3640283686887353,0.8950166901158433,0.04746607655976476,-0.4090612235118752,-0.2434110453688442,0.1762134480237198,0.4279352047318142,0.5788932589803113,0.24504136567358586,0.08455667699814934,0.0013283196115686047,13.964729997809167,12.618653003105416,10.356545360084494,7.2589291819791555,6.879160031528471,9.135602498305749,4.627132581849541,5.2943792015400355,3.415711300233602,6.124295943074804,4.672026308421428,4.681360607583058,0.007146964568007989,-0.016120307490823885,-0.004994753091241636,-0.05718292173639187,0.05018508370722804,0.12581803805198852,0.2542541884245319,0.2531011854340559,0.08079901017547944,0.1521467525596141,0.1223785283473219,0.12165865453711966,0.06329502274131589,-0.00011943994710842769,9.581391181526945,9.790189453965873,10.760116504748247,7.9397208216340385,5.907724817227526,8.024600609108399,6.051797335254803,4.872289666679787,3.9593820531583748,6.090834551471736,6.1935927163955835,5.126154668633572,0.005248092372020836,four,/content/speechcommands/four/37dca74f_nohash_2.wav,testing,5.0,Kitchen.wav
1263,-247.89439930881014,28.175597026140995,34.78106108959801,10.388602657298039,11.348247412545668,2.535711437665839,6.662040630882952,5.371892595080601,8.611959903919448,11.55162146054707,7.176277487581038,8.189515536943667,0.06906207173597068,70.40932699086692,58.00904408658043,18.993510319787063,23.070627198628472,22.501231857560075,15.864725431370848,14.743498892844286,11.641740405206393,12.598659788660854,7.112392670169672,4.881371044953569,4.7971379971521175,0.05113885551329427,0.5463478026273176,0.3123751713048669,-0.2620256442663877,-0.33700118114883987,-0.44538403635273205,-0.2188620648794021,-0.5357376076901909,-0.3402159816093006,-0.2483346885580661,-0.2142318473469917,-0.09283149535707932,0.12002544080381908,-5.496954244952048e-05,22.69261507581393,21.39947207901646,9.440616514535218,10.821176571359553,11.298359667159708,7.330867721324926,6.682454391158527,5.181640270625938,5.421495418421787,5.773377489552752,4.0330996809895385,4.694680801264787,0.014010401991380551,-0.18676230223675247,-0.1621755692472945,-0.019913403053863375,0.055073406288032346,0.1208917956690538,-0.02875698319200719,-0.0206076159410553,-0.016906446492058375,-0.005601016791511645,-0.20635909101672417,-0.15756887343688847,0.22935397593558984,2.76596595843633e-05,20.08131030522128,19.69418374203941,7.028242252907214,10.876997996140357,11.869425836261117,8.161644395688286,6.105814750292531,4.913441291081747,4.976616278306945,7.352940006140169,5.45212658874513,6.101699635998631,0.00719594027467707,four,/content/speechcommands/four/b83c1acf_nohash_1.wav,testing,5.0,Kitchen.wav
1264,-310.52546278137595,26.419875373831644,38.50142839153804,22.432541348489615,16.03025200944467,9.444699400743401,8.197701847947288,9.029098708453816,8.62868913722188,7.373056548461936,6.8529142422041875,7.263749915334592,0.038263119175098836,36.008924240297304,33.24567347699273,13.62375298024094,11.416425431220825,14.462743546584516,14.906197317301942,10.250060820463531,7.320960998029143,7.490216106197062,6.390353615209934,5.596771939630864,6.489021595516462,0.010208916038906023,-0.4254498667863525,0.25710240849576704,0.3825727512042341,0.5164201499288195,-0.05646988609417623,-0.10023761536173056,-0.02003354755627992,-0.21219487719456506,0.23837272440983062,0.07669151215338649,0.019239905190270766,0.014354720485996949,0.0003478482605949525,11.499311379986938,10.299384602331632,6.492651428255227,4.6679090604298406,5.072396496232001,5.900187538981335,5.056964467875003,4.4051753240648175,4.920244592093846,3.9048841307989384,3.166834613689499,3.8958314262645346,0.0049480772623000276,-0.14006931454217691,-0.08048132309903623,-0.03125767963763468,0.16981097172830875,-0.04377052039963898,-0.08888815649277208,0.005935993209475517,-0.21474899304263176,0.20532726028292078,0.12522928672589434,0.18515219890633794,0.26794013420713525,8.969306945800781e-05,10.383792017832514,8.342311292232274,6.416391674043748,4.4975864169294075,5.0434844505945025,5.115578421022427,4.990949774111293,5.513220455733394,6.162479914423822,4.764338816154871,3.9524202583996138,3.6970076816389876,0.003662883928125428,four,/content/speechcommands/four/85834399_nohash_1.wav,testing,5.0,Kitchen.wav
1265,-283.1588695800075,10.22207092480656,55.13798510515886,18.695077436315962,7.0858229565348445,1.0151421053066163,6.155769760131204,5.569726681245628,6.191522178657307,5.739101731881975,3.2448790621155683,7.482485291755445,0.03842847031773999,36.50664729396101,41.52885717402976,17.46347251256082,9.426745738607304,17.21683367322977,17.3930320279799,12.047993404102822,7.393571933382941,5.842680217233357,7.115396956071094,5.717793461146269,6.449150962147473,0.010626828718724392,-0.474855336398834,-0.22792398905714542,-0.048738068642411154,-0.10201651290422303,-0.02545634591312762,0.10638804919639713,-0.0020108434684523615,-0.05427772376363471,0.012637627210516315,-0.23361983407832818,-0.11314981884658509,0.0525973355092012,-1.5606442766804848e-05,12.381271350767978,14.035650111228753,8.205642810672193,5.292563931870685,6.500202117724191,6.693662262602408,5.782839114064245,4.592528768525023,3.585336036824318,4.774590958059403,3.997729007330509,4.267929029960347,0.0042519901781555465,-0.09165820882850918,0.05666357344129232,0.07077619249130246,0.0846490724586357,0.23560993925922039,0.21325056426890437,0.28413111520717227,-0.011426121099440974,-0.23622856907885262,-0.14406808415369518,-0.16877979134192428,0.10000823019016968,0.00022724494338035583,10.07219504753038,11.381189642279743,7.922222033012617,4.866848484293133,5.306460087358556,5.674973433086273,6.000218454726703,4.998025459667309,3.526694583099182,5.0062185074662935,4.5576080377860295,4.537357175960499,0.003263757529000429,four,/content/speechcommands/four/863880b7_nohash_1.wav,testing,5.0,Kitchen.wav
1266,-302.83814991520387,29.94141617868968,23.900895485526423,13.988376406794996,14.807675991031472,7.349698917874183,8.397886393163812,12.484126605205594,12.042105892063093,8.255624486773426,5.940953382970677,8.95942582673616,0.04415238602086902,46.043822321083134,32.74665551378863,19.75389114131346,14.895472359712722,17.946744373479092,11.392679703011156,11.430282927635506,4.476549508810589,6.374962924108341,3.5668511343512956,5.433573638184231,3.8835060986607135,0.011295443040352262,-0.060585549720652006,0.18345665331184124,0.03974414377924439,0.1799304389771015,0.09239334563454922,-0.5026938454083838,-0.3730634620619249,-0.09854451029103213,-0.2733233307660436,0.12608997664356728,0.1673338504881532,-0.058359423411365234,0.00021435899866951836,16.61367562074334,14.30898610891627,11.12453963801409,6.541000614077392,9.241797495256495,6.322289218098314,6.355074067204017,3.302472957565082,5.282308188496365,4.111890624831496,5.141428740920537,3.4924232485417166,0.00612527819285581,-0.33349136620881836,0.050243306169656124,0.2693917238701561,0.044161160139739516,-0.012160243250944789,0.2739602796910943,0.07967274237351206,0.07016678703119733,0.17028537422097376,-0.19894508035010022,-0.1033343051870492,0.05184370978324349,-0.00038949378694479284,14.071475275982547,15.502403827538837,10.043657862744816,7.477629717559706,10.331411510386918,7.357718251565447,5.831225530825102,4.095746501515158,6.110160187247515,5.747890493323521,6.30573015202026,4.85345132079686,0.004324651057836444,four,/content/speechcommands/four/dc75148d_nohash_0.wav,testing,5.0,Kitchen.wav
1267,-252.9509835894433,45.63865006812286,33.63482571529408,8.812728645896607,3.8630162358653477,1.791186330382463,4.536882286864193,3.495913956707265,4.652663139589099,6.656473163507651,5.7110108840007765,7.853514035774868,0.031733322485039635,29.649781054713607,29.41215759075359,11.554472873057192,12.79967332207698,14.430893208995718,12.453741104508143,8.68476469824331,7.343302951171027,5.577025965724183,5.902319142079429,4.794463000347948,5.357693454749111,0.01119146631273464,-0.12436656359459017,0.21711588965373438,0.222470452122628,0.3636818990373729,0.2840047422241463,0.07209921694214269,0.226111203436032,0.23637950935121788,0.08238842005064573,0.1322944027789115,0.03840840395874974,-0.05209873735047604,0.0006964775444618587,10.596348854929863,10.112289760104723,6.027457026873163,6.103622832675688,5.2011422080450815,6.10071261892821,4.9669592658733785,4.640920880852881,3.648193449957445,4.805634932483485,4.442155213417033,3.391991877797894,0.0038517261257758344,-0.6352174927422668,-0.1623603610915196,0.10289065214072719,0.15962944865249723,0.13952395855780164,-0.18461023437526627,-0.1118584383142147,-0.10788601531342927,0.016766413291124178,0.04889214896225336,0.07584250022013046,0.15136930813223734,-6.943072990647384e-05,9.625025427620981,10.211963928563069,5.962898938809189,4.95790770983191,4.5092450172677765,6.230954025183883,5.441043025004139,4.975743442088968,4.218084581324018,5.629460396370771,5.378174681806151,3.6065278566515317,0.002984860748066066,four,/content/speechcommands/four/2fa39636_nohash_1.wav,testing,5.0,Kitchen.wav
1268,-238.61791420964045,28.90426196553674,34.45158345881431,-0.22224299604201536,4.641241603526895,2.2482334443541894,2.0059161415309203,5.759257845878777,11.92754394008097,9.077636218696998,3.793312568372945,8.786419171368042,0.06359051470644772,84.19474362484294,57.678071477242696,27.83648945573012,31.495980708003678,27.737792755126332,15.440450200291501,15.429829646597115,7.751634088741574,5.139076522359195,6.8839004676610625,5.3303805125782935,4.371203462902368,0.05410980963329022,-0.9607571343705543,-0.8611967770980999,-0.27014469931206025,0.20635437210004556,0.3457934314185451,0.47209513903626527,0.38431159856799263,0.6160921437086052,0.07288418871252168,0.15915533258089856,0.07233997175886295,-0.036170871061419724,-5.468966499451668e-06,30.97801809842885,19.01118472400666,13.431264936273587,10.554677129991463,11.621124454940027,6.430871466840611,6.853689287912258,4.487999205924054,4.098848455710903,4.951803327168322,2.95376716645599,3.6723408808575497,0.017096271774714025,-0.21607488492786614,0.11723991275902297,0.13068603089406164,-0.09614388352334587,0.060342230076305604,0.14425924887694647,-0.0867758559275746,0.08954137566292235,0.10820446889289723,-0.18746436646641143,-0.11200347778991591,0.10720312320863065,9.292177855968475e-05,28.57256408615701,17.87678332147476,12.413811957074715,7.0915506332299785,10.3500830918371,6.798376529427962,7.250445893127336,4.975423332332596,4.989655060058384,5.703799143359295,3.363421703359951,4.77238266251356,0.01092270717243034,four,/content/speechcommands/four/b1f8326d_nohash_1.wav,testing,5.0,Kitchen.wav
1269,-202.83536437547903,17.864332555594263,28.492677681588866,6.700515963263766,0.2601866024957926,-2.6655408292372527,4.453593237693706,7.393107942243238,8.138014653799978,7.634063282247796,2.3103239442695136,4.966737698255065,0.049145898199640214,43.09173171338573,41.91109231575519,14.204232876487943,14.580159365225054,17.688047891185892,11.927051243983126,9.448459652810104,7.476527558384365,7.759352222143347,6.5928185231897105,5.88348160964362,3.519007668437983,0.02084644797406978,0.40294370929737605,0.7305290529826288,0.10906990230658802,-0.31617731932891535,-0.39502941981345746,-0.28487208330724084,0.05117274375643698,0.1754941954509919,-0.03638508316279504,0.01067832010455692,-0.06551036624679753,-0.16844312055533753,-0.0003694616137973724,12.775425037268185,13.839016419430557,8.717133119412914,7.050990994678484,7.045355124640945,6.022040044571308,6.36299894803668,5.035696426906419,5.860269632941823,4.1568670210206635,4.163200493324003,2.8105549649261197,0.006033014641942074,0.0925084302272334,0.3836454735837478,0.08065251565983829,0.04064187450226235,-0.16503638873046728,-0.09642070925226966,0.05663246021845379,-0.13868973764241838,-0.39841109316259815,0.11469892045767217,0.2211923384907991,0.12552321137286795,-7.954450945059458e-05,12.135937701394688,13.016271782300256,8.905023104073862,7.144143342355659,7.338479676184762,6.139905096926761,6.847203642944422,6.4312596941957105,6.448990974407411,5.172336074594716,5.197567248079914,3.9102706819020523,0.004076305576506704,four,/content/speechcommands/four/1f653d27_nohash_0.wav,testing,5.0,Kitchen.wav
1270,-210.94747537807586,-2.6838941006071275,33.98714719115844,16.47828004397119,6.166563493510286,-0.037104484849124875,6.082125257160254,4.423245307846981,2.977341811978571,0.9868450012996304,1.439922689439032,8.674375926739224,0.04436343169072643,40.281927313406804,42.71112860442728,14.175932603290493,7.143363679340809,14.018588135849996,12.416075013266118,5.9548363954098145,5.633863291478123,9.101605991304226,10.858274202726259,8.790946452247836,5.652783058401792,0.021370535188793355,-0.20048631986459636,0.01926427536932122,-0.07120900204525438,0.12668572276953133,0.24185233905837453,-0.2566032107602358,-0.2755898145073253,-0.3184685832328047,-0.03207895097582052,-0.14048488910637305,-0.13400251338084948,-0.39468061665816523,0.0002641970471989724,15.298559964899738,16.642550550399374,7.1754956170843505,3.7108915838141856,6.586383462187331,6.4844563436147595,4.031090273675017,3.809716664221973,4.246766705924955,4.5838969680556545,4.087229021077148,3.952765805142028,0.007753649229925263,-0.19064248528086977,-0.19695444679878804,-0.09930287386944106,-0.02383503628685446,0.11059626615998977,-0.03530716663135887,0.03826620144632346,0.1179506969648236,-0.12971744344261596,-0.14734143913009584,0.13720658026540608,0.06063135225899554,0.0001234957327445348,13.4586824884778,15.628187675942366,8.499440186010801,3.8071271359277903,6.909774610638003,6.582118775645353,5.597441299437056,4.824058427180899,4.562809183085583,4.671566948867407,4.596154721228073,5.051782330572611,0.005442052509065738,four,/content/speechcommands/four/5c8af87a_nohash_3.wav,testing,5.0,Kitchen.wav
1271,-286.2554995196757,7.8379924010368685,52.876204231186236,21.348980294665374,9.71618645579526,4.653815796288853,10.466065412652252,8.460619526250571,10.761822069550956,10.598380201886782,5.38226017119953,8.271281810120724,0.04586175881559029,46.67624488892175,46.21033267723159,17.094167411979683,14.7406989110641,18.659750944167513,18.128616599049746,8.577310328050222,8.404003615827676,4.156656714422706,6.0802382766787595,6.78652073710438,5.029552093873776,0.016243703133043744,0.04521373426323114,-0.08877990775175142,0.03886377084490143,0.15306687424333243,0.0046319847485651305,0.24726194024931825,0.01684889703530449,-0.3192418241599697,-0.1354184934718216,-0.17655881322565445,-0.01633321351804007,0.11485310451217916,-0.00015862111843401386,19.497637993532386,17.113125313928318,7.376663830521474,7.512265324715176,7.550461689556349,8.288562556012858,5.0299706943170035,5.865482929837676,2.917075036293971,5.395557007335783,4.392670727982963,3.8401621252637184,0.006124344456988135,-0.3829469687150436,-0.009805985549527918,0.23753827754116158,0.22226041192375448,0.12593286264507697,0.2920544625427512,0.311028038142098,0.1398214817443498,0.008132255373940644,-0.06695549500405432,-0.13975463796192097,0.015114730031930238,-5.336720496416092e-05,17.646515333138172,15.476400493953603,6.778401161257582,6.0139844151700315,7.5598330097983295,7.906462176346428,5.95545504993579,6.9869996376828345,4.578283593295276,6.848409058945358,5.315938789075303,5.104525901772476,0.004533458944660613,four,/content/speechcommands/four/370844f7_nohash_0.wav,testing,5.0,Kitchen.wav
1272,-213.14406982857008,51.64313605213639,44.37244267933494,1.1168665375328484,-11.421700685781214,-14.369836531406763,-3.7652476161884385,0.09201882428987518,9.671766174911053,17.130420357240823,14.080387032540791,13.241094236518695,0.11781070998404175,56.107236671017134,46.7768934998264,20.186249014543833,14.51282326032219,18.159042142306944,9.052959594688652,9.444605695105226,13.172842216263042,20.900282198930228,24.202431106209573,16.050821105315656,10.433489027429154,0.1150071215615082,0.5276536873281401,-0.7181956209520577,-0.7081290729564917,0.24310523280271842,0.15721532268408414,-0.4215133019609858,0.11622694234909317,0.36102878109092085,0.2947643352158107,-0.12822972104833782,-0.09918627959888679,0.16645945701573855,-0.00035983059675462787,23.09587830612442,19.14827364456435,9.306530557003965,9.434821185711401,12.429318252320884,5.641079646431931,7.207546017751588,7.142947708237592,7.567844822208977,8.362163898384525,5.7140910164263845,4.5763037571318295,0.036374868778048436,0.07749371487105919,-0.216426392382643,0.06296519884049244,0.5079453089305428,0.4909614345459305,-0.06727115899609241,-0.3610337102997831,-0.35559469849461145,-0.2948867343078128,-0.1978972693613186,-0.1417188639248536,-0.08558527472275136,-0.00011809815963109334,20.53733084095068,16.750382219403566,8.624683203879378,12.122825564057107,13.79320393048851,6.3257389624135305,9.822736848322684,9.72496772966899,8.622471162155529,8.08396222729071,6.1353822193667025,5.460942879319163,0.020499394524301245,four,/content/speechcommands/four/9a7c1f83_nohash_1.wav,testing,5.0,Kitchen.wav
1273,-219.27303246567817,48.734093229568444,54.284026416505725,11.39128417495265,-9.3092930241455,-2.883434493883448,4.147334452175872,7.841694805939516,11.621824628338537,6.0456557763346215,8.216746262744,4.669192331495665,0.0950280356919393,90.66260346618262,63.58499945002098,28.09618219810115,11.647898313572554,32.319402193225386,15.693000623285426,16.64236711674232,14.898667146447412,6.28439686294646,5.725551102442268,5.029126284588114,5.582039877823874,0.07698229527803273,0.7650628053269202,0.8000502314965455,-0.2611319418131243,-0.704710881870666,-0.9158196672516482,-0.11841498996142624,0.2380155287867777,0.3951464352621827,-0.16248898410750326,-0.2004615826843752,-0.5963175657597953,-0.4684123688140098,0.00037199985836782764,31.28499571243044,21.13517993113415,10.852896707247398,5.672841016807138,8.215097355471594,6.375645062980341,6.289009224904236,6.223940068803331,4.035061255107459,3.4185513370033287,2.8410995890005175,3.420664042234439,0.02252914364490123,-0.33000042938422613,-0.031590617243941,0.01882889198850227,0.1304489599404601,0.22195056444730643,0.2368069663154563,0.3185706700838327,-0.12839559873577394,-0.32495524599900033,0.04942640461722701,0.03408250392394274,0.16514565780747445,8.270895729462306e-05,25.839020267169953,21.444980122168797,8.21131211685253,6.991465940939992,6.40258338421762,8.239072841100231,6.776733279301731,5.3178122838900395,3.9260291372574456,4.542308028535955,3.9662879475960557,4.943895630574434,0.023185947785321306,four,/content/speechcommands/four/94de6a6a_nohash_4.wav,testing,5.0,Kitchen.wav
1274,-237.43474136027035,17.982525187289497,26.00011651015673,16.08534385266289,2.577986689653848,7.505233521485303,14.035459394452156,-2.175245282452236,5.7983201175519135,4.786566386166175,4.116001825108718,10.186347121828199,0.0836859967384953,92.25149928506758,56.68799764334829,25.474434107542596,13.07027241777797,38.10070989692134,15.320400221604942,11.172754276105977,20.20297185709671,11.47857910957123,11.763616912268276,8.017236933396696,4.579051527941564,0.07039984924411198,0.04551643239800514,0.2117993762383689,-0.3710582811305264,-0.6124343918221986,-0.24465489971391888,0.0020673502390323047,0.018267084436043458,0.04567110493265182,-0.0011782258631377715,-0.02381326019903005,-0.20109288953366442,-0.07118212225443973,-0.0007287967769849685,27.64451732726188,18.44008043843712,15.342542236763832,6.412291346100746,14.9829292087106,7.455382689578842,8.872134559114128,6.346840485252967,6.5206399634632275,5.223297843781618,5.9664438344867925,4.761934752274715,0.022948253996577503,-0.3089750470825017,-0.08522560483472405,0.06692652545699053,0.08589766714170696,0.1223840431455148,-0.2088060713365696,0.05682146287007086,0.23061872377428091,0.09540263906057281,-0.06294271538099186,-0.11342660079471638,-0.11991105718876967,-0.00025489550704757373,16.17435227266841,16.976229551960923,15.331854646586468,7.8235380177119245,9.50555567269592,8.552427859981245,10.299711751105397,6.38958991921531,7.58331983596348,5.115383135734359,7.648429690300869,6.869455299796166,0.016570382270248627,four,/content/speechcommands/four/cd85758f_nohash_2.wav,testing,5.0,Kitchen.wav
1275,-229.36973508273434,41.003093922471265,10.528907093700685,9.223125803659057,0.6893962794227604,-3.0342380531446147,10.478721785672281,7.981790451386209,-0.0036535390852130423,1.1656400039990051,4.810406011449276,10.464403318786964,0.07983059773687273,83.56815111008834,45.321284939627084,24.00264632128733,17.301555606755656,18.711849960503685,12.808075709573192,7.3553233587180875,7.748460213333105,11.716288580592865,8.874528417692956,5.077181696073878,6.435796343999114,0.07509187870989281,0.20449364849163718,1.0377425321141487,0.36581485229000454,-0.36552027488966776,-0.37802062710986745,-0.026977724631805814,-0.20378752235524755,0.010036633746931325,-0.13510969930333777,0.03347052965081584,0.3450767852365465,0.08408626433856695,0.0002195873568134923,30.3629041142434,21.003583945892903,11.404423344358612,9.73364037646436,7.954936563211722,5.9396186547241046,4.820158876547962,5.305521252846819,6.171253337325869,5.33788840521294,4.994905205395907,5.2770512706023105,0.03305008548041084,0.12433377079139897,0.16043655634364598,0.2126308526843624,0.12435548628930894,0.008572158196954094,-0.05651625344676828,-0.03053100735313879,0.15409334093344093,-0.002963230824342385,-0.09159926356457113,-0.07892943683647727,-0.11445247676901969,-0.00022666205962498982,18.939396558251847,19.730362906334303,12.083636636943533,10.759725205787227,7.092452263456412,6.414359125066817,6.427954924263101,6.287053358464001,7.519720674788567,6.473948133291215,7.618646169107466,6.876296578455759,0.024354673666062737,four,/content/speechcommands/four/563aa4e6_nohash_3.wav,testing,5.0,Kitchen.wav
1276,-284.2502817047864,54.00517428191054,31.100686694905672,12.224186748068156,12.111410390391843,8.46224821650112,10.499747715737747,12.080236252145937,11.365479974197399,10.177889350298951,9.422294967215917,9.304361655645758,0.06735078716883436,66.64652661263129,50.83143140976027,19.20400452301572,19.9062724756688,22.755987011240396,13.34477950049034,8.794616263981478,5.823562469385985,8.211744315733798,6.080142511079509,6.356588087217781,5.715094291571875,0.037529655934907036,-0.07683642732649053,-0.16987288834643438,0.19461330052704792,0.29539710940037556,0.2965424253054566,0.14067488951203827,0.18640072182182507,0.15738716809744902,0.11222161738879537,-0.09280094268733192,-0.05268721740995715,0.12270467515142242,0.0007724658015274233,23.80721129287877,17.000120674198136,13.86078150572508,7.909976217592118,10.293383382111935,7.262878026921544,5.563487259968007,4.370317617004828,5.9332787573369705,4.200648139190496,5.190592062469364,4.03130706010356,0.011302633821228605,-0.19500773733538684,-0.16065685626638312,0.10296549422725931,0.3175406496714681,0.17390851584812358,-0.07582032179838448,0.07245526036312201,-0.05530673342239118,0.1526278055808006,0.05084082593086894,-0.02095346953546242,-0.054415440412161925,7.41986557841301e-05,21.734093328260197,15.208237034877355,15.121604265277291,7.478127959830297,9.654212335944697,7.8436139341071005,6.275678132654026,5.5462955497144195,7.513606678039867,4.661526975353227,5.946642506452648,5.278064597341661,0.007009612668090517,four,/content/speechcommands/four/b83c1acf_nohash_4.wav,testing,5.0,Kitchen.wav
1277,-234.6702285896627,63.30309429065824,26.726560896882063,1.729214509330884,2.821946067105988,-0.38963269852792276,3.03349943558304,4.370817507539969,-1.4930323471014615,-4.546619498247232,-0.6862111943684368,8.056944217560133,0.06512916239444166,39.77528290846878,31.76515216912557,12.114477124000985,12.628740615347535,11.471545952025503,8.38436890559286,6.537300048514136,7.662214305487948,7.97065655304795,9.926524431071151,6.082535633683091,6.861251493990483,0.0424049034374464,0.35032702993727993,0.3712440836645565,0.31780173082669955,-0.01536138755080375,0.2069144589689987,0.3800466126181172,0.2822383093095202,0.09127208852019432,-0.1005677422578567,-0.5299695339223576,-0.0003642958823798109,-0.029788232361381832,0.00029325148751658777,13.495790323892152,11.498422247543807,10.002385729038565,5.630755391039476,7.742607206977961,5.596854702106002,5.463822049303032,5.148405634454401,4.2924118178720825,5.217775749336838,3.674329205604595,4.886937962370399,0.015855888765053647,-1.0279685479764027,-0.10558180626333424,0.5191910341829423,-0.08446786099527245,-0.05185082493392468,0.10288061555672406,0.13608885973007984,-0.11308431858355862,0.18193102492972416,0.45132239373489014,0.5028158754536874,0.2746917243863049,7.28122889995575e-05,11.73801178983547,12.28590217338581,10.160456390570863,4.590408548701658,8.365123813936911,7.216760840635185,6.8435180350158475,5.845361160714294,5.285748928697089,6.6005489643671,4.424764073354522,5.340421732951511,0.009363120811342775,four,/content/speechcommands/four/7bae88ed_nohash_0.wav,testing,5.0,Kitchen.wav
1278,-257.93913416738206,31.205897365083356,29.14158202940775,8.935258061649387,12.143885932332399,-0.25378915263580326,-0.9108828260035684,10.121921460152485,12.374181880701975,3.634227133725204,0.4757304327697132,7.10648828108072,0.06398904955131002,68.10926842143255,51.55514494056124,23.052391935056182,20.49249245500917,22.65664067242136,16.83143476042717,16.781389568140327,5.4898682866121575,10.50902690332739,7.13858133634214,9.300329582892358,4.153939758377321,0.043705038980150414,1.2778875199978537,0.5817582736284097,0.279068842499118,0.3348551514317229,0.05411223360874668,0.27196148476770843,-0.061097432827627855,-0.10205107241378768,0.28624081138127483,0.07409492062842812,0.1685119425707406,-0.1213029539906302,0.0005975243965944936,24.780879715020138,19.96659089156885,11.075779993326377,8.576830915307243,11.427976716273413,7.648565961280879,6.974807245097954,4.546833147262285,4.797264068131377,5.237811429896196,5.233454902698819,3.0398129630937682,0.013338652075645436,0.3802303963906108,0.4839023884082695,0.08506901855187123,-0.016187216050552896,-0.1037284629618462,0.06757464820220598,-0.07533414984565029,-0.007536122528589928,-0.06744180562130761,-0.10079806171939219,-0.04597630496689741,-0.033350132830423984,-0.0001070778506497542,19.489119262147952,16.048839816162452,10.98569645799169,8.610560828677826,9.627937203697575,8.057724345301665,6.45209618191388,6.026631651477942,5.192787897219318,6.683805307165983,5.520444678203726,3.7739081095819764,0.010043717502163858,four,/content/speechcommands/four/692a88e6_nohash_0.wav,testing,5.0,Kitchen.wav
1279,-121.85319226111648,42.00998677818333,-10.817923382192458,5.189843387905984,14.271864191858771,2.1554740970903485,-12.571082637556291,7.1218103454931825,5.086108469810695,4.1353646353032785,5.0092609643880515,8.100691122161734,0.18714614812051877,106.37874871044386,54.93157265179649,34.94589080388432,9.728957992535449,18.196327476195453,11.863581548570167,10.523293425113073,15.972760247883175,16.441013351168984,11.659947764429107,7.7032539128882584,10.774357535087436,0.1951784903760638,2.0516101462946557,1.524059875221462,-1.2033744231958559,-0.7305300661818934,1.4038991698126109,1.6911598256339786,0.7124032559734133,-0.25800333169422285,-0.44516612844728143,-0.5022135759333365,0.03983964073816319,0.1770193434675812,0.002640828730598573,38.50808254032604,23.276696416944755,20.89350848634145,8.017317130992442,10.204736040428662,6.691230840691553,6.1544341105711515,8.25105070280852,7.0669608627920315,6.615331765078954,5.382554713199243,6.243422524662258,0.05361398301145159,-1.9669308706644586,-1.0282910181427605,0.17557596608403905,-0.4023589349383079,-0.26655176194315305,0.13620782260144304,0.1727253813397895,0.324663262180545,0.6149830133105934,0.5374842577814186,0.1109355491625904,-0.10482668102985038,-0.003622378408908844,32.13478749646059,21.17078303037768,19.858371776646266,11.315863473615972,13.033611592863757,7.5846855401148865,6.9571835472518195,8.52527410459249,7.578121749407584,8.170584929340572,7.318777829400424,7.1506146534593436,0.029327276230746643,four,/content/speechcommands/four/964e8cfd_nohash_4.wav,testing,5.0,Kitchen.wav
1280,-190.00625545679338,60.30766698876928,11.031343127102083,0.018860214159057254,-4.684591056396357,-3.2346953330562993,5.996402248515216,9.511965651086637,11.494770441369761,15.713448791432109,6.2080182482809185,-0.06547732717076404,0.06815760739846155,90.00249455927933,39.26542157622266,24.76752178766428,12.408258759254052,12.390017625952037,11.977438819345256,8.570605014850997,4.670929971899821,9.560735458977547,8.240089143635538,7.025057480796098,5.890182821313331,0.05810393555073878,2.0545365636225146,1.3133569787350952,-0.7194651660852422,-0.5845205457420006,0.14458278124134102,0.23614082712959797,0.24922483931976175,-0.21431589526857567,-0.3559266656264527,-0.2917828618426894,-0.11829935191634654,-0.035902854727334815,-5.722280231214339e-05,35.6921155711896,13.771349344254576,13.263916497127399,7.270607941681297,5.830864941827868,5.563547125697195,6.372002676179514,3.726175049954445,4.024786193161401,4.817087574848164,3.76365037620568,3.763453723642421,0.016599630054266446,-1.19696570160414,-0.7011788842751346,0.39794899720440985,0.45527572482678713,0.3906272901303777,0.306248131472598,0.2893794070966213,0.12244671775356819,-0.16134541173166178,-0.32398136049794923,0.10456160214893699,0.15625715940957322,-0.00010247180859247843,33.009395064079534,12.98882786129541,12.663361539413001,7.093770048159771,5.894406016314244,5.773867846529621,7.69253669167279,5.449835185690577,4.977186400486864,6.6428476480681855,4.5522625404295205,4.72740576912676,0.008592453155706049,four,/content/speechcommands/four/5e3dde6b_nohash_1.wav,testing,5.0,Kitchen.wav
1281,-274.11867657747257,28.160077946946533,36.55570775947885,18.15025828039588,11.998352305747755,4.340063750340274,7.690644810383132,6.925052242723613,9.86306383286044,11.845422939379542,6.36320025998473,10.93533800155554,0.03559561679139733,53.38698263630187,43.17185195472488,13.952353202278601,15.765777305045068,18.65282462760903,18.36327478767572,12.906404118565451,10.264393044706045,5.871648309359044,5.146157128104641,4.200094775974617,7.3568645396193055,0.009673998185687984,1.5842370820747225,0.8546800840912574,-0.5613644930632348,-0.7116556639801527,-0.12720313047828682,0.08071837582796076,-0.4129448729918034,-0.8034532601598612,-0.2442507036604116,0.3636510308340022,-0.08639034112071585,-0.34385889763883526,-0.0014171485578821552,14.587053697545471,12.761101846402589,7.633393338360911,5.816369874883564,7.305185195485691,6.90938237383364,6.838292960354575,4.800021390330353,3.5852578804588933,4.09522407183553,4.075735272587146,5.175228853985025,0.004695230491647945,-1.0600232491400996,-0.7145531940553779,0.25657040003032777,0.3966953391176496,0.35150618035021935,0.2665467660640793,0.27923075943371173,0.2659053595128087,0.37012999775110267,0.1079316114201558,-0.09156527691282706,-0.2723936884312194,5.998046447833379e-05,11.245791785292962,11.037514669143913,6.730719341729226,5.7255693125430005,7.607317963384584,5.804033001576574,7.605703019074775,5.178482834581538,4.308527973224115,4.794778631399306,5.759290170471128,5.306543321466798,0.004632004048662803,four,/content/speechcommands/four/a591c2ea_nohash_0.wav,testing,5.0,Kitchen.wav
1282,-206.5220364426151,41.33302571043092,27.90361368168318,9.659826181665462,-4.111056986577324,1.0698047496628478,8.109635183957316,1.2078109605481164,10.344981483681476,5.688521421427344,-0.025712395844716962,3.357382879662821,0.09249449649360031,99.13110034565456,54.57609158907937,25.454718493199596,20.758807789132018,28.761737571603295,10.753266391880079,13.542403483419221,9.472642359588988,6.724400676836369,7.854886240352609,8.28021012215626,8.50437260087465,0.06420997322176102,-0.5411542864949737,-0.25475928176991797,0.8677123976935758,0.9499309883438742,0.5027247323442349,0.32315838304363276,-0.02019196668386047,-0.2228368001851579,-0.33355818992313224,-0.4613885614010059,0.1545138311986516,0.42119756029582095,0.001224101310776126,27.529270348932336,20.28741331628342,9.964579700124188,7.022059659729499,10.786911265915148,5.187306457621198,5.488596389327707,4.166366898395378,5.021966032536735,4.638863166877777,4.016742004764918,4.167370485111423,0.020765251910901998,-0.23166481374969786,-0.19795124276556517,-0.3007927720291903,-0.2930911289251151,0.037760793238512134,-0.10808299799371678,-0.2612968361444688,-0.018492583371870156,0.19603952501628646,0.3202399626048122,0.407889296755252,0.3297044802868859,-2.6946887373924255e-05,18.110237639406247,19.320898504600052,10.933234311064355,7.608049849103241,11.580411072354872,5.1763249350164795,5.955192218956164,3.878110302856541,6.477330717722776,5.620868705785785,3.9449388904927156,4.308508859248795,0.013603844274671663,five,/content/speechcommands/five/b49caed3_nohash_2.wav,testing,5.0,Kitchen.wav
1283,-213.03338043004374,26.08020092969865,15.154871532392665,7.121349994287535,2.637573250008777,-4.942694827546514,9.741280758539245,6.997340330374956,3.3520895999588785,4.695419288512518,3.032888403659382,5.1863040779399485,0.07835089683067054,75.71048437680857,41.35417579321548,28.475598811687533,22.761883878522923,13.031827664590526,15.328717025457065,6.901548741746321,6.707362822507752,7.503026451043336,7.766677152656209,7.614046200135333,6.770368490542316,0.06063314815547105,2.033162891234682,0.6065018322440718,-0.13055382010127545,-0.5751251321285965,-0.5127860408568194,-0.0013249905540395767,-0.41572850665485356,-0.46213612467221254,-0.14010647510058194,0.5586924925487156,0.14152316619305305,-0.03514058586088881,0.00023323051150768033,27.08352895217702,20.20252651082977,10.432598280093108,11.278390126928233,7.999965599386255,8.546649982060012,4.325120557894709,5.613226376446153,4.985917704414959,4.953613038894045,4.607384652979055,3.7484993509157714,0.020492995626752376,-0.44350054068032324,-0.24959570680074517,0.07487049990486648,0.392326369859519,0.28699955722724624,0.10734233872799,0.07547839185701039,0.21215664908658088,0.1481336908446955,0.09639375834301375,0.12183702669331199,-0.07235984776913226,4.583162566026052e-05,21.810956666081793,19.898106338842805,8.914296463832962,11.36064539518721,8.587404655537997,9.222664822443873,5.320778114098924,7.078846876442956,6.069221931242793,5.862502935761769,5.707762311701445,4.8369106683964045,0.017870976627516053,five,/content/speechcommands/five/692a88e6_nohash_1.wav,testing,5.0,Kitchen.wav
1284,-211.9444634560848,57.874091854148226,14.810580510923193,4.9720062951366994,-7.417731095170241,3.772947726501223,18.77534042103748,3.5535356313089155,2.045701116021074,7.565200467568307,11.074110454094047,11.44376529528956,0.0979973598732613,99.43894920806993,45.49113049274631,39.62881236897037,27.710511145741425,31.139979321921942,13.60120798882365,10.423125688784975,9.53741636059854,8.506908739509003,6.229524807817094,6.38555707697709,7.209005309307869,0.09149757830276045,1.8255372301154433,0.7537496100075451,-0.5204975451637914,-0.6705129636765617,-0.4603094044937902,0.12150827823616019,0.5387788188319257,0.3344943515225188,0.24585909082374197,0.39503501115613315,-0.020171307607118112,0.00390589701412383,0.00019262634938763034,30.632178097549453,19.326764092743275,13.388952636472148,11.478194474363518,12.422358683952536,7.677157683664608,5.501148546069239,5.592607520377063,5.31641715850201,4.053487948910763,3.5483723340253426,5.195003464985159,0.033505096373446654,-0.38992675903169055,-0.1404249326484525,-0.20823334385488296,-0.2805545997344215,0.16659932788840331,0.1139997040047481,0.034129337315067745,0.10139434312530776,0.01529336981350576,-0.05408208813597017,0.09104626345165862,-0.2882129728859936,1.2592722972234091e-06,28.921281057352903,23.266442952683004,9.09803949173735,13.136903181350396,14.24444515303684,8.24566969515451,5.723986543889014,7.217543718118465,5.995991063481532,4.700997722519599,4.5177690521217935,5.552030662728732,0.026861066984714205,five,/content/speechcommands/five/0fa1e7a9_nohash_0.wav,testing,5.0,Kitchen.wav
1285,-238.6245761331841,34.695367926459284,35.43384096533009,6.664632908805917,11.619131893275846,5.254921434262606,3.3147852281754466,0.8653509632618624,5.603866687664013,9.184147244370298,5.600358017359592,7.212907182309027,0.027824315708130598,51.31977417386139,30.974216482465543,17.12870237130299,16.896839205123243,9.780240498513095,7.692826135349665,8.157609674678225,8.237269273001713,4.9447855564484176,4.891654577213798,5.655028067161207,3.977394249690016,0.00855401210956866,-2.001523342208025,-1.3193251254091447,0.5174787277265114,0.7546831417622125,0.0625757522405409,-0.148312677451815,0.6317035596624481,0.5590110659518872,0.040604693360211996,-0.4566228827313027,-0.18276554833583927,0.2718602034646252,5.073749249981296e-05,25.274661066760096,17.692791712106015,8.489656009058288,10.17188937917738,5.999593742912511,4.540545899381071,4.618978224721896,5.2728360992068515,4.870459667041007,3.2193431376779267,4.549695353254006,3.4770010660518404,0.0031326613387390578,-0.10959637422341473,-0.08020766234664363,0.224594738779552,0.11703783477668636,-0.028981939709906968,0.21870068607194343,-0.02862654901592716,-0.03281049557571928,0.15133871000404966,0.057313424689444524,-0.022748324506768367,-0.08002633193480377,-2.795681357383728e-05,20.865225166613122,18.557085057220593,6.729583467040415,10.845811410837504,6.215180731731719,5.43972521901649,4.438943154442837,5.79152188773998,6.422468387160868,4.101909632194703,5.831723344520911,4.346092210522732,0.002147193245612913,five,/content/speechcommands/five/5c8af87a_nohash_4.wav,testing,5.0,Kitchen.wav
1286,-216.97927300659165,40.82185896208501,22.914690896206224,10.332681200862393,8.250981125034867,-4.958244840325039,2.045383331023416,12.191569196342916,11.828615923630737,12.89887263941548,5.290279256337603,1.8532507256369084,0.08052337163826451,100.88932378423631,54.938073140252165,38.00594248381989,19.686366138334233,7.402222333519329,17.523253093674104,13.536914544186363,7.151594888695702,3.8097396024669212,6.491488665994495,6.196364633776028,9.359768208444654,0.06689353388069004,-0.025642098118975897,0.1933921714269753,0.21718774779740427,0.015719143456539453,0.03435735960899454,0.1192131243733508,0.27678389786854235,0.20923032071598346,0.10338638800419983,-0.25484829056131053,-0.5063894469782466,-0.004538365462925165,6.780863529251468e-05,33.69554906159624,23.038315712329343,13.36924535499403,9.928202633011129,5.25619067062178,7.6701447724757355,7.672260451413503,5.435567504929892,3.3183892384579763,3.2131448708508965,3.9961966594976426,5.1317494689000105,0.021975482428941203,-0.41350248363521774,-0.3523505578135167,-0.07541292905113792,-0.27159110670382325,-0.014231628075866708,0.1724626518506586,-0.042539079101443514,-0.014902105345090622,-0.007035712490328905,-0.1761616810842243,-0.08842132865124912,-0.14260793487095338,-0.00019886158406734467,29.99787643905819,25.254647157812222,9.01267806202207,10.1262941442401,6.115065980174675,6.768415797924862,7.889699536695718,6.035987287100192,4.355434951848993,3.7794381187762025,3.761943492716933,5.577888307150596,0.01892364255768716,five,/content/speechcommands/five/aef8dcf5_nohash_0.wav,testing,5.0,Kitchen.wav
1287,-237.50447914422523,19.14759667556379,26.0994255274402,10.096860236600296,3.057061276635733,14.486845344899564,6.4371895721660355,10.092554600809178,10.910215294736197,7.394401733061686,3.091154955636793,3.114587453522953,0.04357529483968392,90.04502681413949,36.027937945475735,30.433650284625482,18.67282853533876,20.46591616961874,13.11778293958994,9.973920069869639,8.541439437857962,2.9506897099096085,3.7444002871730366,6.20346402171263,7.073649837641588,0.02243771369070622,0.6010307111800609,0.16368552912556614,-0.020181472709078625,-0.0623035244613246,-0.17795539328041757,0.5321914208377895,0.48220810507263173,0.18440765902161832,0.1725687971536524,0.09423522256269594,-0.05704253466936743,0.15870282577308956,0.0003678828718200807,30.516487798098478,16.529876024535945,12.586568334921042,7.847462610538293,8.299211017066092,8.061048211644273,4.92452017939439,5.878699120923992,3.1935316916469705,3.633768304526686,3.5684245061481277,3.0250620655222202,0.009381655023986276,-0.5617863518293674,0.48350813107722224,-0.29760200507837925,-0.3114250452117877,0.21523417908640072,-0.15848808568888953,0.4155753623065327,0.02337461110099106,0.18237091709619946,0.2084968866525035,-0.00599927946139669,-0.029412919483445658,-2.397062877813975e-05,25.23133088251939,17.94717475356969,10.039551944902884,7.671256403242717,8.259831330163536,7.860137532871368,5.234816511387136,7.126509989455018,4.9539706541680095,5.397497723014561,4.652402564041382,3.254023459423878,0.005992614761716028,five,/content/speechcommands/five/a60a09cf_nohash_0.wav,testing,5.0,Kitchen.wav
1288,-230.12053128939908,25.538992962462768,14.92061368939762,-2.55004960444625,1.9893792390116616,5.208569800925503,12.79397262452758,7.6978518019509945,10.06914702696649,11.964546014443659,15.020880607093499,9.970021899192083,0.04024680535076186,47.46543917869326,27.351782319425567,20.886959999835042,15.421711743331738,17.025173757022106,6.170063547676916,12.485130755962366,5.0839165971652545,6.228978716381423,11.695721499873727,5.528654195804937,5.266494528929385,0.00945319118206735,-2.8871440866117046,-1.0618865365147931,0.7968669304854928,1.3179841434098103,0.6793960644867094,-0.09936897895745804,0.5154579822429829,0.41864013113308723,0.291210737486008,0.1517579866398239,0.03679197110155999,-0.06832659893328007,0.0005394164472818375,27.91133395785645,11.983270282193645,10.058402935563251,8.27812809233706,7.306753745760643,3.6664800998712006,6.306034390777319,3.678357493669076,2.813995102990023,5.614794579191717,3.7638867698575758,4.325195084004519,0.004309869995061957,0.07895892298154764,0.024188849443960454,0.13970467155320906,-0.1510599490153217,-0.07727606689595033,0.062345074524316826,0.1891510640748222,0.10299715986792284,0.013266337195236606,0.05959535728794506,0.26722878157787266,-0.09188347688028436,7.42204487323761e-05,29.010578903540996,11.959910998295,9.635957125486001,8.759192833234067,6.245346105061947,4.675978023729765,6.4870011445141875,4.8952410644336135,2.908969235117788,5.930213678787149,5.010401847544504,5.323559288700498,0.002975932124304955,five,/content/speechcommands/five/2d82a556_nohash_1.wav,testing,5.0,Kitchen.wav
1289,-205.0839335095539,6.543875678115716,11.155701806171976,21.09308182514541,-11.3298818113741,7.920139270439206,-2.428194598422104,9.745277413440991,4.929776967934165,19.150113552789136,13.477811196980783,0.9177066706108676,0.101165024418151,117.64146302634589,21.904717631094595,32.76883242804886,24.920103277533883,30.275074867248172,13.487114758479576,18.404181965276656,10.217992923872433,13.709337599730935,14.399804303907,6.2755068918858345,10.762482251619286,0.08873247382681504,0.5885884286947726,-0.07909837807266129,-0.15483988073382415,-0.24345454063906058,-0.12513640084973623,-0.289463322424853,-0.3180161315301644,-0.08302386171869197,-0.21950239688826137,-0.29804117127693447,-0.31577732768700323,-0.009535654503050151,-0.0009563039207170086,39.51399290604104,13.913181196830351,12.80558036700156,11.419007537023202,11.261842866054463,9.12084781141084,8.990878517355762,7.204516181367676,6.944774084370382,6.860327347158494,5.145322877928151,6.200265648881593,0.028011282261666222,-0.4232755308259106,-0.19861002611827722,0.2126954326109569,0.13318884396896374,0.11214378947542034,0.2836854745859173,0.2884949120811161,0.013957416153698372,-0.13161977475302597,-0.12299499687700845,-0.09060181444913509,0.24915165212820603,-0.0003646408828596274,33.22059650367012,16.072754647189733,10.938031469494526,10.61009474040547,10.577423787063784,9.736634364969229,9.487514665801681,7.850998582056513,7.394164008824878,6.9710818858457975,7.450729254712113,7.867085453355909,0.01968086544709926,five,/content/speechcommands/five/9a69672b_nohash_3.wav,testing,5.0,Kitchen.wav
1290,-162.59673765372563,32.12648834669629,-28.3745540324804,21.63087655768453,-0.7259285159835218,-8.083326225097736,14.620756174161684,2.527156694074008,1.4018881585186604,12.11377163435655,3.792482930128533,3.8297128745264057,0.11124884791206568,106.35458872451849,33.61668384408139,44.882263979976194,9.760126791021321,18.88314377392234,12.845013206186843,11.381805592847392,17.796026004384064,10.32449947262925,4.833194072464842,6.732348760794362,6.038299837529621,0.10590174354531896,1.8320591294515582,-0.7475865493757412,0.1569563411212761,0.09392359897875514,-0.055127892382792996,-0.11666957424873112,-0.518808392498338,-0.4781392075003526,-0.29271016366301855,-0.18036858618478732,0.19043777039735374,0.17551001581193476,-1.8322780247657528e-05,31.163661956064228,16.98573905093651,14.238434027948516,6.886254480120517,7.531240082108546,5.325359240651904,5.425304281255399,7.16921979315497,4.706221819743344,3.7167675578138453,4.139992930641581,3.762533152678143,0.029616149538751402,-0.4806884932747356,-0.36668043610289125,-0.007992958944730866,0.2171067260092877,0.039992823758788515,0.06099996888779004,-0.05771483624643823,0.16435933649047013,0.20510272596661358,-0.13768118070243832,-0.07534601371578423,-0.025407259604869233,-9.855988125006358e-05,24.044736888458104,18.608805245183394,11.821184470237606,9.15725654344815,8.26751874706453,4.872005217287254,6.23762107179474,7.43750331720395,4.992426976017014,4.767373455522052,5.431666902209816,5.034252550633265,0.016568308243496224,five,/content/speechcommands/five/8625475c_nohash_1.wav,testing,5.0,Kitchen.wav
1291,-281.33568915280324,42.704672698872386,21.14771872101592,10.190124301654699,14.232752451257257,8.81595714544752,8.705875396729919,7.137338457130282,9.3005047365365,14.922250658849066,10.50740630494689,9.437679437436362,0.03623218345455825,67.0271494415284,45.772298726812764,20.200135943458374,22.59972582071072,13.9601062502462,10.390612901591767,10.458985281682981,7.140735781771411,6.916284220359954,5.15975499746317,6.345967205171035,5.47773980239289,0.011195159032570182,0.7557898780815252,0.9327921272602017,0.5337221135868555,0.40188325343934983,0.2232834766362885,-0.04221515167693752,-0.5200236237510627,-0.2034116581244554,-0.15102416306157618,-0.06447952532748966,-0.27970755792470736,-0.1450514704069918,0.0007824128073069357,23.204024450370195,16.67085839124417,8.94698853964775,8.586636153203603,6.3991922812096735,4.326661514729055,4.621322380759477,3.759388724415136,3.6348880599267828,3.30613915755634,3.6535663566071297,4.198035598274574,0.00532573757488444,-1.3050020269242073,-0.9799980724233285,0.18697464881147224,0.6391365041840402,0.23472262272187727,0.03714961449179484,0.253770817408503,0.14617694363462697,-0.05532125439973671,0.03607795235384591,-0.19762422618275816,-0.026696767653133276,-4.9388160308202106e-05,20.863929427332106,17.785002043468047,8.305713807941745,7.657677549969731,7.238399940232165,4.7884646234890145,4.6840135978190345,4.655083506546387,4.522810290965347,4.177574435579169,3.9846663952750294,5.100120086815739,0.004042554668133966,five,/content/speechcommands/five/0ea0e2f4_nohash_0.wav,testing,5.0,Kitchen.wav
1292,-205.64381469102284,38.39948147769232,13.652895644505119,1.9224827501959623,1.5231372442103033,7.2688444711155755,8.02920219125183,2.433390701814927,3.685652854830599,5.00585259939269,5.784016114229498,5.983369883480094,0.05762528599007055,83.38693610085141,45.86622567425863,30.13136638623544,26.27976261987612,21.521557382610684,7.263983700444,16.283963104148356,4.798291280701077,6.860172176831114,7.646435001209769,4.317064780363537,5.4484566817950775,0.045201695028703665,1.0791663474161293,-1.0853473442537926,1.3886166824047839,0.6342090977848084,-0.10733588460029671,-0.017361409467783705,0.27419032229097856,0.09056418301753098,-0.5945107737232278,-0.2496723832824032,-0.0590082308295866,-0.033268266206822786,0.0001142259326673323,26.505408844722698,15.383458531528719,11.086031078094623,9.07818527647217,8.321702857351477,4.516186589962327,6.351592635162115,3.351814109326751,4.534799582163474,4.585298519216718,3.532226208501576,3.9528211153510253,0.011562228317512038,-0.4200400644630757,0.10889473365908249,-0.028152681901022922,0.07004341719594702,0.08052052630832472,0.12036623946242067,0.20133104433440704,-0.005611871661701103,-0.0014381599869573473,-0.07309349409082569,-0.1857687010829326,-0.01873314783937111,-0.00030606240034103394,19.902545598131315,16.348546134639573,10.010743277276449,10.685720154199826,7.78045192063725,4.668059214327078,4.504240996673556,4.535501903697364,5.517292079347507,5.237136652840843,4.202544120571555,4.613968448935771,0.007914543222018778,five,/content/speechcommands/five/a1533da4_nohash_0.wav,testing,5.0,Kitchen.wav
1293,-254.09027865863644,33.503681649757766,-8.872507081315602,0.40435775476827174,11.683368488658184,12.766900973286116,10.374546399916273,7.051455611093797,8.675330872640227,15.19310940385494,0.2635285827832121,6.973642115545385,0.05620564124546945,91.4786974406505,40.14139720031101,37.50734665610367,26.580939203813774,15.057746455590907,11.29906324839979,7.886357948799689,7.689193299462352,8.587225275685462,7.708454074163026,7.132962294686411,5.699417441925544,0.03172055889176132,-0.3731089241820929,-0.2538123560766887,0.38149975650225953,0.34802068128588376,0.12640692689679925,0.21169211054160225,0.24218068325522016,-0.054509843428155465,-0.20932957877369465,-0.09180074998882684,-0.1720855468075789,-0.10854757328035802,0.0002294931440584121,29.70999555939814,18.670057946383995,11.200859419714572,11.961262361807888,9.088704361430818,6.966528203673595,3.5400635026928047,5.346459982319324,5.091232579210614,4.191225951874362,3.3949589842639423,3.6319930660626065,0.01080076025491967,-0.6973081437341306,-0.37359568438776924,0.09793443275431948,0.30998875934068776,0.29640987935977975,-0.03735864042767035,0.07256253609303813,0.3509102791832809,0.1591806441744655,0.06362086272643651,-0.08521150675624473,0.00019332015948328636,0.000124067688981692,26.946935661721913,22.282356797107862,8.637175732823668,13.5391407233442,11.885465219476673,8.132322358672686,4.092019828754207,6.960031345856343,5.553019183353826,4.6447878552695085,4.737851143100947,4.765980481990808,0.007146351053972124,five,/content/speechcommands/five/2c6d3924_nohash_0.wav,testing,5.0,Kitchen.wav
1294,-159.9938955091315,50.985767474190645,-9.149525689515409,-10.434678068149971,0.7235938899668548,7.603735933302692,10.832448106767103,4.323155770010192,7.547642666304574,13.316493034703708,1.0824458785516895,0.028837039475866133,0.05964474217034876,38.23646646303331,22.064966340193568,20.142894276988272,11.766352805014773,10.300694683503629,7.346337912554359,5.02993056373968,8.664277493778132,5.6799052313229925,8.284481313892563,3.934374297821809,6.311428131364662,0.02653627818484485,0.6021594823307981,0.6907944346531306,0.15460163898815632,0.5135091865808413,-0.008861833617702201,-0.17372641577770473,-0.2659848468563457,-0.7410578890167787,-0.4605380886082365,-0.11809797788124488,0.2974544717584649,0.13281249510797993,0.00039125402127542804,11.89848261725413,7.213010131326579,8.474625192650727,5.429538343743726,4.464452204327479,4.426128935440955,4.230310198269817,4.14475895764891,3.5283569202425817,3.879988746124557,2.848846386932812,3.571781117430771,0.009854328947548032,-0.7175141221810861,-0.0006238306814245457,0.23516353212227634,0.286925820116048,0.14731035097781847,0.09738736021437014,0.3849252298087757,0.2912642343746128,-0.19052909440148416,-0.09938351924258709,0.07354071583105769,-0.14495143674551633,-0.00023155435919761658,11.274500507246175,7.3757749905688135,7.2172012306083175,5.209790012861839,4.78874995103462,4.7920587316339684,5.9778598563904275,4.262127536863235,4.452557294431989,4.121216879766099,3.995026852590424,3.757478205555749,0.006527931748100826,five,/content/speechcommands/five/9e2ce5e3_nohash_0.wav,testing,5.0,Kitchen.wav
1295,-221.3713163540794,76.90986583512354,1.58238399875949,-28.727639408151457,-7.081552620388317,8.892712694081737,10.251671718126806,-1.5101044201469915,-8.817439366210134,-4.409987379312552,11.174891880666632,11.11409395376526,0.08041841923841275,50.7611607422566,33.57066583966244,28.060016242914518,29.048909756674586,18.691853449024773,18.940434889883566,17.132717760651342,9.037438466143449,11.889428252284782,9.193634446118205,11.93325782245577,5.249196927146332,0.05751138133865627,-1.3582574857942873,-0.9515173032546898,-0.44240967850797014,-0.3713921724454841,-0.2995681097496831,0.14988447685738107,0.5899263453728997,0.7253582548778792,0.268197335568935,0.6307269276372708,0.5794237446802367,0.17219036555115963,-9.714175135858597e-05,22.18867620038004,16.992797353845294,9.619768782914356,10.958363902895027,7.772020846032011,8.626089881662008,8.32450577069224,6.5561583462381785,6.695050509733349,5.460033025689383,6.435582902893262,4.547559112195289,0.01742625898505502,-0.048101709245731664,-0.08221265726575382,-0.21301063411798277,-0.2545256358864923,-0.1478707532401667,0.3486642796366669,0.6083265815645155,0.2719461749396331,-0.14404288726174533,-0.02391747614866029,0.20277249396584326,0.06560191160070658,3.725079198678334e-05,23.7694560227521,20.17687712589359,8.136613530779444,11.9177828508663,8.699916586948044,7.483948918300088,7.343553204368071,7.319663235252244,7.007846608429856,5.261472328724927,6.286514977071977,6.0225503243233,0.010925790200090272,five,/content/speechcommands/five/f297e878_nohash_0.wav,testing,5.0,Kitchen.wav
1296,-250.27141292624972,30.763677093096682,23.269348659220356,1.4052803217238576,12.016109071485626,11.084799219978848,12.748760609767043,9.195467459755633,8.63059583539001,7.77614621250859,6.63896138877696,7.00196650666833,0.0768995207035914,52.71363800149043,34.541814256784626,25.086021730476556,25.14333310306122,9.323331303809944,8.109086906216303,5.882366336635854,5.546933770100411,5.723262695522148,6.471283267510754,4.376921926045228,6.31165154803984,0.01069329243372017,0.7306005337044692,0.12506580406381582,-0.011049721666373951,-0.02868073423168362,-0.6319224087247357,-0.5271165648742971,-0.058081011822580485,0.019862283151668988,0.14009797249589945,0.42435246134577154,0.09064321276895586,-0.3940429041604324,-5.19677996635437e-05,20.13381216580682,15.285830867907196,9.546921053900787,10.10741364642314,5.73187859094999,5.445911851445323,5.0074114239781995,4.284930369607661,4.375610742724003,4.709497035347152,3.6796482959025187,4.2666738417903955,0.00867173892309523,-0.08304101387573155,-0.3733780192550457,0.1366929503534164,0.04348015544227841,-0.1198841633830666,0.017368809995572696,0.2493804476959644,0.2519389447660119,0.2857814274516059,0.2589023489583776,-0.19627876264749913,-0.2478320811478024,-6.069988012313843e-05,18.881959224178395,15.031118429446717,8.20057272587034,9.239001354085776,6.629527941854197,6.285789206083154,5.852094342134968,5.25313886911105,4.9502092072478865,6.296814558888366,4.439852017188948,5.374284644765154,0.01445300346954098,five,/content/speechcommands/five/6205088b_nohash_0.wav,testing,5.0,Kitchen.wav
1297,-244.98080819415176,39.610442774445076,27.216762150864852,24.60557547576108,8.918174411693887,5.646558994262411,3.207474954179353,9.778941087849418,10.248436438408739,4.908077599352905,4.724760912205212,5.87283768280872,0.09438371122814715,104.9045110908485,57.42741390887053,20.829107144641043,24.626950898127312,21.851088579597242,14.708641913596312,18.395341622573632,3.8638580552524635,9.874570292938923,15.576899263180673,6.669576855183198,7.534887027802583,0.09139580790642607,3.517804648687179,2.346794247871666,0.6527797579115554,1.0378924769982476,0.3072239762634535,-0.57744113734824,0.12184883361862126,0.18695134643119013,-1.2170561028405367,-1.1765227942369239,-0.3233648753571965,-0.7970255980564287,0.002186176997999991,25.267656617791005,17.706015954591557,12.334970248931395,13.602602727723335,11.617745046824636,10.429523849211446,8.203917538563065,3.029656076779217,5.739792259719018,6.079150777122819,5.4526946788421915,4.925266958211203,0.028470145333058142,-0.8176490819100262,-0.09635728149444797,0.2828713382674387,-0.12412674822516756,0.23697374966935858,0.33614706193569716,0.2718618129495684,0.197684913347146,-0.02130388422418541,-0.07276482344011417,-0.24773515183984754,-0.10673519007497252,-0.0004912994801998139,14.915106141638134,15.64793111095107,10.687577582646806,11.29746971679959,10.623447685523534,12.334850320553654,6.867765776659754,3.836556809417394,5.9154486012142335,7.58520076253791,7.128232558758563,6.505723205364008,0.016230585174882843,five,/content/speechcommands/five/9a7c1f83_nohash_0.wav,testing,5.0,Kitchen.wav
1298,-264.14799701663776,11.489655855350685,23.053265406835617,6.555762564226727,11.373856350634464,3.169049504608733,7.789511429995105,6.365164309570668,8.205601188048913,13.876884057913541,11.423632843686535,9.685361921270875,0.0370010469853878,79.64999951940526,48.73696498310661,29.662321265254917,27.48444335131492,14.102534680345006,15.197077448293465,14.27830413794131,13.479138523366036,7.834175136856823,7.282710156745641,8.447417338724224,4.324316023501869,0.017548936774824463,-0.13887614930175593,-0.4277848269726315,-0.329951637774686,-0.18404016861604156,0.02875576675951841,-0.337221810820306,-0.6316572290071921,-0.4711212136330036,-0.37153263418961363,-0.04113584587326254,-0.1547714852514718,-0.1230080162172305,-0.0015559194531912606,31.489740968162383,21.478503405733324,10.682985495090442,12.380312325542194,7.457020688804176,6.336340161711471,8.189423534376735,8.094633852430123,4.464223123528511,3.464703430339494,5.210403449306593,3.711216937392549,0.007064215147804549,-0.5573024733721073,-0.14797284742309041,0.3368334305678783,0.13220778493185562,0.5053564156225877,0.1489132895470462,0.19943933997178806,-0.06367807474500284,0.2219574270555691,0.03210374316033986,-0.17414470817811664,-0.04915619233318441,-8.150275148775266e-05,26.07217311161478,20.38223906969774,6.941635149957756,12.35076634555843,8.011101125102572,5.653977163531541,9.770247550007657,11.262500731455585,4.743099855856919,4.388365734249216,6.928658002206496,5.418977103356242,0.004748921938688675,five,/content/speechcommands/five/4a0e2c16_nohash_1.wav,testing,5.0,Kitchen.wav
1299,-247.21511197084408,22.174356169861678,22.27196603234297,4.828207701688222,11.232589889657385,3.9894233946908226,10.199144610456894,10.531806321478092,9.470015354604016,8.430929562449261,5.763710037912609,5.4695453516391375,0.037552383053919364,43.524970331313966,24.038871851246988,22.059242311408745,16.794889011815666,8.146210756070797,10.608789399068868,4.691196489577746,4.151730778406722,3.761734021877984,2.079132935613998,3.336019014174854,5.835793979106928,0.007554135102306732,0.08654648088946917,0.37514405126288314,0.195704305322032,0.26522075495304315,-0.0024609783818170883,0.1759669208386089,0.2648293735921682,-0.021618328908126334,0.09427728283368106,-0.07408038603202173,-0.13047817585504554,-0.2871735821894323,-4.399434796401433e-06,17.85337127148367,13.713924950824849,9.121478039809709,9.01532445335079,7.046936870106628,6.1202148520835795,3.7112491951782993,3.0301173199574616,3.692039514766738,2.3372806069135352,3.243409127809174,3.5990797588909054,0.003339288481471336,-0.14980227372010782,0.11299960684957876,-0.06440188551736309,-0.16152421850609933,-0.05680593043604209,-0.00484986930343691,0.10448536117475883,-0.03796208397204513,-0.10785973102093548,0.025260848976600744,0.06809836054494464,0.01167758855187875,3.184060807581301e-05,18.90910108886912,16.46232784389625,7.366594681307447,9.701617388541791,8.731335908403066,6.334055686874561,5.119319567137336,4.111354770158166,4.812444029983436,3.661902762634714,4.425246628559584,4.744811384589674,0.002977273452738181,five,/content/speechcommands/five/422d3197_nohash_0.wav,testing,5.0,Kitchen.wav
1300,-218.10920984327961,60.34926987753006,24.243881122015708,4.5015080706378265,11.347018902542036,10.550111471913105,12.461974688125014,11.664457402651099,10.525502811613714,13.006213118555646,7.111195732063913,6.855846908438698,0.052093829319346696,62.79372933021693,35.77033365544244,20.68113195497198,17.81905057927572,6.048601742231318,8.49695049937984,10.720131165004007,5.756220555797171,5.919818141010457,5.475068257529607,5.659292137319321,6.665624902432542,0.021522045207444357,-1.8715032560288234,-1.0366322036516755,1.2035740818755885,0.939000584886227,0.3946375607489511,-0.19204539460545508,-0.5636894094951117,-0.13726100888180404,0.2298332401923135,0.2465016583635428,0.033317106613010614,0.26934825215577113,-0.0001008041323192658,21.99209116994236,12.887253129700214,8.73542224878712,7.979273355058006,3.867840968035577,6.151202775539094,5.91098017576608,4.932312524107128,5.458645911737959,3.9586854107255838,4.753700031681057,5.1661225318341115,0.005901840470606296,-0.7321433867392102,-0.3337052151349089,0.03195290779234258,0.08133544112349274,-0.23446725411896538,-0.040909224239779655,0.046333528495655155,0.12761561810592228,-0.09674167349378081,-0.09954200177007273,-0.0643978276902328,0.05643058184437167,9.582260002692541e-05,18.83843004078675,12.400057245068393,7.721765736660638,6.394717243518195,4.7685616462160345,6.3907075926911805,6.631890025070616,5.793090161898065,6.461296661000416,4.702064230644308,6.709102220585096,6.070583917194267,0.004054992814316741,five,/content/speechcommands/five/43fc47a7_nohash_0.wav,testing,5.0,Kitchen.wav
1301,-185.70039230655945,44.49942191214535,12.550332633452538,6.7436205348032106,13.104175450787071,4.188867485508319,-0.3850478488601532,5.955564014303988,15.070336813612691,9.884452533230991,3.766976592115374,0.180960591262876,0.10456561035243794,78.64662277532335,27.61649350419098,44.45522471866059,19.875848581834735,12.788550685399402,10.830768930866485,10.686918384583658,7.0299895157846475,9.967544852304982,6.8725117996405976,7.458596722740781,6.865367527240046,0.09338576888062013,-1.0458976503642972,-0.9977961289617766,-0.04964955495346009,0.0061676924568000195,-0.36169772140952705,-0.1971341858612012,0.08613382114081347,0.6198420653771621,0.6658701121788183,0.06266126441503933,-0.013239986871271313,-0.17651963940238566,-0.0004232041537761688,32.037560139044594,17.90523375176263,15.304420450780592,11.22813596263239,7.4818922894316575,6.022766929391993,7.006367715722016,4.86305874069416,6.033155260877556,5.114989951930629,6.333249721320996,4.3003549440844795,0.030002430745576805,-1.0594681641362276,-0.6470210206654682,0.1687510232920623,0.3312030497729509,0.02819442373645226,0.046136654270787204,0.017398194941777235,-0.03508072109037729,0.2657226154717217,0.010241140512158726,-0.02724084484341492,-0.0880331190635397,-8.586744467417398e-05,26.52638817198777,19.906232916355194,9.557908714907224,11.172740206530339,8.484436588699355,6.624225641569099,7.961034112931037,6.212687860163381,6.473047017161668,5.813442382733307,6.825560084186191,4.19947495743713,0.019359480835387508,five,/content/speechcommands/five/4c841771_nohash_0.wav,testing,5.0,Kitchen.wav
1302,-221.18933678871957,10.567944076814083,11.83214443943571,17.400683819757216,6.779416913157935,12.891593492262594,3.5770498801062414,3.0655772398181758,9.274343805533743,6.709954876624367,9.276250233885907,9.593144461789123,0.05980245693353936,84.76146284794247,39.75869989832346,24.779747263599127,15.211581244258616,19.545745675681147,14.667620070049075,16.028329375214824,8.462858470635968,7.83135233699511,6.4438077432532,3.18258271725727,5.479704020347993,0.05049192395825927,-0.8131574029662416,-0.03635001770451442,2.1980356326287165,0.8007680849174038,0.08755084222131584,-0.6580289076086353,-0.4714287055598554,0.08411703684900983,0.09223775899154214,-0.028295239440020485,0.10045012244828334,-0.1525451302998272,-0.0003347072990671281,33.817325681595875,18.295162562207928,13.191569964316146,11.11316848697418,10.166685405254094,8.897696750910816,6.909478370406518,3.9111461619526704,5.263587071889236,3.921003040946082,3.1377007541229953,3.6402403010417883,0.02365922843045941,0.1666386675028349,0.5691632573448779,0.33924417230445286,0.1715757328657214,0.05456001154331413,-0.284913764015092,-0.1878476458284185,-0.01321205959987264,-0.2551029978309745,0.006123317690933661,-0.20705737646824174,0.10445276482369573,-0.0001566179096698761,22.95055999273047,17.31505850416157,12.442057774272838,10.489006332041571,11.372966200756794,10.302883652013577,6.607290191133411,4.968685498818727,6.454882195450679,5.636512263299391,4.674495565571883,4.372267587730289,0.019904372515452212,five,/content/speechcommands/five/94de6a6a_nohash_0.wav,testing,5.0,Kitchen.wav
1303,-249.67895448887708,37.95780549416263,27.03829314268547,-4.293467204647145,1.5075415099583427,0.5083091177503596,4.471250365703512,6.490647697997396,3.792972587047504,6.550201489757889,11.443717468927328,14.478870634079293,0.057696729723829776,64.11588250137814,51.034098846039505,23.347969677756886,26.683625255911352,23.60870912118866,20.73160146354263,12.274368974608862,9.909110581875986,13.856016768175673,10.739863638019798,9.886414762187165,6.750395173478635,0.04279188203490702,-2.1917730514041187,0.500421148255579,2.420693247519165,1.731371021673931,0.39549448428559514,-1.4318883544875831,-1.218432407758569,-0.8220600751689032,-1.5476865202110053,0.10511324561940602,0.9414717008622832,-0.26222079390837466,0.00014210384218923508,23.36938844166193,17.72638702662884,11.050746811658481,10.560495013761399,9.29106447916733,6.988434808573134,5.4650856493817415,5.8905109638028135,5.9089784263788205,7.792562901130694,5.074620931340692,5.1666748710329236,0.016062873920395144,0.04947253059294591,-0.02267734660818898,-0.008195421322090073,0.14905195910300553,0.1668996227798329,0.03631391773423462,-0.02762431010003752,0.09493319711104468,0.44554388006278456,-0.06546794904342228,-0.2876248890259599,-0.08479905035307217,-0.00032176511983076733,16.916762832585693,14.840136046801412,10.934797752453646,9.529406843168106,8.082864723947823,6.5906197104598485,7.598373196410636,7.17821457824446,5.847198826241585,8.500359736305136,6.054616637116539,6.228955305897427,0.009193295605026332,five,/content/speechcommands/five/83957201_nohash_1.wav,testing,5.0,Kitchen.wav
1304,-233.1091611233726,63.60916580110853,12.410177421180698,11.922675197478615,2.26807705709431,-1.2106146493961687,3.1595715927709564,5.734482490877335,0.3927645982257503,5.714424844472826,4.339282579032879,-1.0595364674046746,0.10310113988816738,104.16948738637855,45.77576671382861,43.29961609046839,26.1007534556606,18.299373937840127,17.707785797736946,9.402308787004596,13.94342093606876,14.970599628901468,5.905952956172959,6.540863749401334,13.854436531721097,0.05959974201728693,0.4515456935692313,0.1913836043680929,-0.5782835697030299,-0.3126042761218056,0.3405650877501428,0.502686848085317,0.20583452016546308,0.2725887261785808,0.2942376257638725,-0.42966571375218143,-0.5039477263073625,-0.14874971630346726,0.0002797179885448948,30.89279312706393,18.188229655188238,14.128000647739382,11.229449733858802,8.625739811633226,7.630574694326461,4.09146768376499,7.767283190335752,5.619871425519116,3.672532294321211,4.607381144071521,6.3822292220644075,0.01863602564778375,-0.0595099819588673,0.04746893784095351,-0.08893376098896724,-0.05222572231719506,0.34071756310165746,0.33278175578670616,-0.06425757937629294,-0.18153224985493266,0.10068201780599839,0.17780625964909114,0.12067250980087779,0.10553690849092673,-8.12011460463206e-05,23.192598250168523,17.40512277870285,8.323454635671759,10.273318112760725,9.200124922491943,6.955160647440223,5.093848761727438,6.89553556185027,5.151906087350533,4.305515018207494,4.563947659363802,6.9920579414634405,0.01505023081432462,five,/content/speechcommands/five/1b4c9b89_nohash_1.wav,testing,5.0,Kitchen.wav
1305,-313.78720260022175,-18.487767717962008,43.061088384782614,18.29699999391559,15.13580041989491,15.373126834350355,19.614269886994542,14.10028023304578,12.09732359366108,9.759078760702561,7.602231609469923,9.80612229113786,0.03171944199129939,11.745968248265461,7.153327222984734,5.66079985742743,7.339610177870564,6.744632686783881,4.2800044962258,4.0900551791379165,3.9662840888635538,3.0010710768871594,2.8525237300504234,2.4448207056633713,3.5136148977043975,0.006448154151800459,-0.017041606400477076,0.12789612165938474,0.06533793663318889,-0.054193363658677024,0.12003287025627808,0.007933230109096806,-0.00043012426429204115,-0.005142337459755224,0.0029389375418500756,0.1700153133815849,-0.09156962912405607,-0.05789976072368377,0.00037223533276588684,5.866393067389208,5.377440750463709,3.783156235624024,4.175226880789775,3.6322314677322467,2.9108934964015276,2.9477027638566162,2.233844115384237,2.6175291116696315,3.488707812064908,2.7323653213576073,2.0540601708535755,0.0034646533267425877,-0.25585783569829346,-0.2409341962129306,0.08685830865317475,0.20485984814492303,0.08675285739371054,0.08038632175339157,0.17015264928473559,0.08503123724491353,0.15019399230531025,-0.05267485959376854,-0.13919024269763952,-0.0280565617943326,5.0864927470684054e-05,6.242069853048796,6.779924131870699,5.061922408639611,4.8347931755199935,4.52852087986661,3.7371709146433636,3.64141641903066,3.0130481966127056,3.7684421953926472,5.4033439543050505,4.377562942344246,2.559765801101549,0.002784327556651335,five,/content/speechcommands/five/24ad3ebe_nohash_0.wav,testing,5.0,Kitchen.wav
1306,-229.97386498567653,21.21973864066275,23.500693516513905,-2.049565298698935,11.583827236918918,1.526194154466574,2.839932688877717,7.7876127641988955,12.563446939067813,15.210341692674469,0.2040476139923188,-2.7162439674291834,0.09114590840181336,89.00224811231729,54.66541613295302,28.59225288724028,35.75453944843393,12.831960382855689,12.892015982340013,13.97338152577164,6.830178737840689,5.519057851435888,8.312110074503444,7.610108264968887,12.034846211540964,0.08903252213367434,-5.492835043571412,-4.3358445295161925,1.4178202513505986,2.6358343828418733,1.4853959631845488,0.5370478515943496,0.8236453973308282,0.8732736560019196,-0.042340178609704036,-0.7096136431924193,0.08097995769401589,1.030946024382256,-0.006685409334398085,16.579148701261133,11.239829078837431,8.766359540442696,5.850971519647798,4.422334313975694,5.97880779562971,6.80426915210216,5.136978339807086,4.222929708544937,2.7579527388336467,3.685710929615554,3.357092379117687,0.013778918095173025,-0.9779556531983113,-0.1982080091095945,0.573621377804659,0.15969914931225612,-0.44411688573802593,-0.0021772650151956024,0.22844560380136142,0.008338474618211578,0.07435073105720275,-0.15312467241998912,-0.22368838978434283,0.05167158060460408,0.00044013001024723053,13.670014671771678,12.092898918266357,8.986810188432532,5.77050062023864,5.415293645880057,5.950094581884238,8.093403173842306,6.184195962675052,6.021305989851925,4.070887330420714,4.491934056711363,4.676035661020487,0.009892006958196474,five,/content/speechcommands/five/4620dc14_nohash_0.wav,testing,5.0,Kitchen.wav
1307,-184.4226987506947,63.311606873077146,-4.815276499958971,-5.476530171501885,4.492490938639314,0.25312971857176336,-1.4871593360541517,2.8537926741070683,3.0227199620296332,8.325813072507078,4.132812560098415,4.023853671908272,0.11011898156721145,98.17699874170272,57.26150511472789,23.64691472360807,19.523843451398868,20.512571685567934,14.7937370594545,19.917881536187377,8.066425518176338,9.075064232203522,8.648799661033358,7.52341949929271,6.58866914619269,0.09192545628027957,-2.060859667743282,-0.22368632407438194,0.4499214715075846,0.6171918033613759,0.38875052355447176,0.03873500192525066,0.16525837478445085,0.3003546802877347,0.23111055900241986,-0.2379732123432735,0.016263712110733443,0.1677659385800327,-0.0005182276570027875,25.35473604898237,20.844417367553113,10.41741802249798,8.15536549799103,8.85958744029866,7.391409295741106,7.669905857966085,4.419225739757565,4.579652348889484,5.094518261834585,4.7906863777741036,4.104259840685318,0.027422330630015597,-0.8480611789681483,-0.47085407138306706,0.2804512922641397,0.18696854980050784,0.1760681907122682,0.3711252499675385,0.36137970831367994,0.14463905972418659,0.13201699206865555,0.014708342945622082,-0.257327583924922,0.004231694030616525,-0.00015143565833568572,19.31969273082055,20.611415631183508,11.135913139716589,7.854311997338907,8.392385428623435,7.625140688337039,7.345578839352682,5.493912423806737,5.756511417587403,5.119036646224238,5.109354286685817,5.418234011035631,0.017777588095335178,five,/content/speechcommands/five/adebe223_nohash_0.wav,testing,5.0,Kitchen.wav
1308,-204.11450319817448,5.058318358147115,14.04012841413536,11.97011846817868,-10.551818665357574,8.316961637508216,2.488294397746583,9.400963321551412,-0.3481674351137647,16.848624215849483,14.223762678430809,2.278372575939545,0.10102509177522734,121.83805809086607,35.799830161463746,32.636404106802296,29.621617610270253,32.09292903157105,14.28151985151868,17.91964505213578,11.508096606369895,12.504793281665998,11.312595137519503,9.188735409791743,8.81904797522667,0.10083447459480932,4.736631996382973,1.8120120789373553,-0.7131806013333153,-0.8318775487534644,-0.6189042367209479,0.13694444541857087,-0.0019666576661884457,0.16624683074632016,-0.32942013199120695,-0.7050495549742756,-0.3050029065347649,0.06214470589226595,0.00030239731554062134,40.309483189826125,22.452168059244585,13.132435148406502,15.449057024076728,12.728446075819281,10.224454637487687,7.977816804741071,6.818364641663137,6.572398708509765,5.92227238603357,6.491015085589737,4.794110532073242,0.028512529928124995,1.7400843822082876,0.21859448739806595,-0.5273142095135819,-0.29296088336202253,0.006564921434444227,-0.17871716690248718,-0.13218598480817847,0.1351090754381417,0.15543691341246818,0.10744197045524,-0.10450346330300869,0.01313072684004862,0.00010760569324096044,29.557430296706283,27.24793858000845,13.188474458598291,16.258556963503683,15.799305162822835,12.67140142251149,8.873794511888066,7.281173395319116,7.912981637924131,6.806786318795389,7.703671811670053,6.473588587471075,0.0182200145098973,five,/content/speechcommands/five/9a69672b_nohash_2.wav,testing,5.0,Kitchen.wav
1309,-206.56678318161732,58.74247578729127,5.890365709744007,-3.228153505692067,-0.6871976222658794,-0.1587717818613339,1.5110399991519927,-4.5839284873508,1.1621262250402427,11.92574011649278,14.038166068041358,8.461812287628197,0.05917500378564,65.0878103999336,48.74757089949614,15.198167906770879,23.673002568243735,19.33922225380028,10.739988885910627,12.268686249483569,14.44336204579345,11.361115708397644,6.687153353620652,8.095985052602456,5.803784585315016,0.013317007106598245,1.6385353249905938,0.6221779310427958,-0.5967788003266143,-0.2155945660875291,-0.3626520123328124,-0.35629558571006403,-0.41106713662648275,-0.06803250604501211,0.08918423079998893,0.022772366520358918,0.22184738568310122,-0.02323591981632019,-0.00014012967867235983,23.055072125757018,17.480371512577232,8.871869393699813,9.549660455294196,8.613448636658095,5.519219400817661,4.831908736805012,4.5805899833502925,5.294123319879268,4.457804144127331,3.6247471206851656,2.6833233047973497,0.006436484537674265,-0.7074762892704968,0.026372660291832873,0.4757705237365214,-0.009066372433551528,0.1597690207477531,0.18865912800153697,0.08140645327377749,0.1982493626514731,0.3637962193937529,0.2572373839604876,0.09469937040711886,-0.029373842771063963,0.0002523409823576609,21.497087947759326,15.33095128516108,9.05283954120743,10.436609005114985,10.183568355941636,6.491333099048574,4.393524373270531,4.398397451340474,5.570377113850378,5.176128731564262,3.481624803902965,3.080575032271275,0.006619514839867141,five,/content/speechcommands/five/a4e8a997_nohash_0.wav,testing,5.0,Kitchen.wav
1310,-201.53275856488244,52.49458671162207,13.637637283943853,-11.436543408471152,0.25544190598674765,6.951394690048188,5.0689830421367335,-0.34710442800447505,6.160009241395535,3.051037561300956,0.6097527742317914,6.38809494835096,0.03938609949545935,68.31514675082025,34.08180576644191,32.71153401148465,15.591847192216132,10.124572066325372,8.091877435096565,7.739277707840748,7.472812351053428,9.714020936697716,7.082419744788841,5.442770674885918,4.687338771446389,0.02057958929708957,1.5477468805338908,1.0994068558539223,-0.03575132264970216,-0.7712591334142161,-0.5927156715843014,0.13467706337733526,0.30168322346494875,-0.29039145223339896,-0.14343362759906114,-0.40487413054324745,-0.3725227690267442,-0.41853363138166394,-0.00014192776213730536,35.25303024962749,21.502156597775173,13.475647242493778,11.290576269943053,6.854818288111538,4.5322266147319885,4.778685591906695,5.529743433021391,4.305751889434494,4.161412467850052,3.6564272538885216,3.922001860099781,0.01034726593920908,-2.5818645257242925,-1.896797338584826,0.43425772700439375,0.8718511930293034,0.36635753183504266,0.15128339935335816,0.2962180753907776,0.7905878168637135,0.37279589738748115,-0.23614792529928222,-0.5124934261081002,-0.052600402606618454,-0.0004343170672655106,28.508738311108853,19.298734257246803,10.680071397937278,11.329871478692867,7.839624545109107,4.477532144732529,6.549917041888329,5.654847320649894,4.686738036245583,4.574788771600838,4.547514293730511,4.980112100202046,0.010179267968440372,five,/content/speechcommands/five/5b1db3ee_nohash_1.wav,testing,5.0,Kitchen.wav
1311,-302.32197765971137,16.5227083110888,23.74674388666864,14.712719803249191,16.901422288404483,7.690967645751531,11.711485954980486,11.489113848381116,12.312952959168987,14.730313830952898,9.771169925118183,8.334545400967931,0.03507296214229427,51.25214390308321,29.27112252723312,17.693368098374634,15.441643238202694,7.532611531932064,8.66522801745297,7.3299218588223685,3.1242350308013958,4.333902541864246,7.280125266496029,3.9244350096291054,10.391554637043818,0.010093295326259398,-0.21326518285471344,-0.5238589360201289,-0.27240290214342827,0.3143402519891725,0.08792733817992056,-0.09602292995395958,0.057778963700409594,-0.1658853383112914,-0.1471462628334669,0.08107983518435298,-0.33926853547183833,-0.7316658037359922,-0.0011245293182230766,19.464913605740488,12.859504448434938,7.55870603916218,8.212098685274723,4.349777518119759,4.524284862638599,4.570247498511662,2.928993839582698,3.453588915779699,4.562073799242902,3.4802750889922067,4.247803866577634,0.005619774531002531,-0.47752845450286635,-0.1595437291221097,0.2514954044840586,0.1949305395078196,0.17517687416485667,0.41477134155965906,-0.11005161517775805,-0.19211614318671552,-0.1429261450583646,0.13426730370016468,0.04723238333451995,-0.0778056316429797,-0.000180011335760355,15.540993208433274,12.800495427294901,6.744531862772495,9.072865051374613,4.878308391072508,4.818474997615806,5.517463552365247,3.7933077902253913,4.093408764089539,6.237852358943076,5.208290197975007,4.856383040943921,0.003681206087511717,five,/content/speechcommands/five/4c4d2526_nohash_0.wav,testing,5.0,Kitchen.wav
1312,-173.1956410250769,6.626743610881231,18.71938713595786,9.94174057463367,9.244462672909124,2.3478599587334035,-3.827098980739878,0.5475699680565498,9.384364986964538,5.069840826800755,9.077798504865795,9.435798223883484,0.09335262590320781,73.07633372676176,44.209240491486234,19.216556772379963,16.700090340168792,15.185378317762188,13.425954788543,20.041658585443034,10.02636838440555,8.545866607456094,14.483762888047263,8.722071660356375,6.626776892901261,0.07252849382158748,1.4795710653838852,1.5210226894903505,1.1457745959340773,0.5367841736867942,-0.6316822245975021,-0.8952235660655424,-0.28454768815300036,-0.08081219350461563,0.1437671616902173,-0.16612103173190743,-0.47411436133808693,-0.4162474844170588,-0.00023982625815176193,18.46273444242642,14.931632313698934,10.95258282118774,9.117808818222372,9.071784351615811,7.040352336508839,7.164064669737309,5.93148299674345,6.392103760828454,7.259750224717776,5.547962529665593,4.24344963607253,0.0261575883214282,-0.640027547985243,-0.35543435118866,-0.10057642452329744,-0.25976603120106423,-0.35450801981799157,-0.020436682941430105,0.30063579633885534,0.5406607373949444,0.4793941548078795,0.28719525091781467,0.15353223424375778,0.12189188221568441,-0.00040425931413968407,11.654579440917164,14.089085356113985,9.563018306200348,9.955274778253937,11.010025970615043,8.480951386321545,6.177339397097844,6.5728703575546055,6.487848816366157,7.722547116122645,7.106464790422396,4.871768117903525,0.0199446285591664,five,/content/speechcommands/five/9a7c1f83_nohash_2.wav,testing,5.0,Kitchen.wav
1313,-271.4263756358074,-7.273737025813988,18.200447804812956,9.363705315610767,8.2069942569832,8.100071531853086,19.050473873522435,11.817893324016506,12.977025582999286,19.768684906386575,11.73676137812437,8.347203714004943,0.049124281213153154,71.09369481075751,31.223660494303225,36.62044970939178,24.59733696347714,22.064261376677766,13.175627321008657,12.374335983648185,4.43491076117344,10.850252245041688,11.550067459284682,6.679038613988092,7.228231556537489,0.014769140315221446,0.48626258379886533,0.14790811675164922,-0.06599700105537576,0.02226696279953037,-0.2281310397386505,0.022155709264498707,0.2389386960998079,0.33942898169803437,-0.00533733064021655,-0.06208755552802221,0.3417850395007903,0.27220149896771395,0.0005174206509705513,26.210240721850216,13.592306206648674,12.393289498554484,9.187103108141274,9.430114290174618,8.139677194544449,6.339269787534784,2.5740072147420787,6.065620527047182,4.530021639211833,3.642047722670438,4.100434825538269,0.006652648604242383,-0.08223892884092644,-0.09634855294040724,0.0053510553058117695,0.11292634039626434,0.13838190722985047,-0.009963343988715737,-0.2264602032266706,0.00653407854341547,-0.03828057604502814,-0.005570588857012145,0.1824118924270695,0.10777931839598578,0.00010670199990272521,24.264726947377195,15.266882771018418,8.808463144411506,9.32513216599154,9.915243019069717,8.816940043995743,5.995806415031253,3.3419360621435796,7.053420594371099,4.493645817476445,4.5514960863684815,4.5032256394789725,0.005419841012736951,five,/content/speechcommands/five/c0e0f834_nohash_1.wav,testing,5.0,Kitchen.wav
1314,-221.76338807795847,34.17668038573211,32.48290682060596,5.784787590426941,0.3060541734716111,6.204537367655658,16.272260252154858,1.9933410651309336,0.4643014080468325,1.3498893775802077,2.940924855665531,7.771905838164729,0.04873635387048125,77.46842552482607,45.47456049125806,27.60482194220581,25.460660486563775,23.883875495573506,12.658974279062003,15.808873155555252,4.903559397093884,7.228337985148788,6.10808684571224,3.4095772082979847,5.201827958329174,0.020808316691250203,0.7290515481635093,0.12233098501474504,0.024753006843724737,0.2548074864981717,0.366880854998284,0.5090976925512409,0.14244610493498439,0.014675254944071339,0.17327938590144762,0.3133094289330425,0.1202255170481081,-0.09367292342634466,0.00090776834516756,21.494325595763403,16.34820686265236,8.872742276179231,8.90685692231006,7.829636000350945,6.0890818577571455,6.744538189182024,3.4442374303583243,5.619019457546968,5.261551695044838,2.676048542562925,3.5452242159052143,0.006373568617694381,-0.2236960608992907,-0.1712133569512617,0.1913295502287826,0.12523394572293883,-0.03715054497380474,0.05823302668295766,0.12474330296932147,0.21200597538999216,0.08486312317705152,0.14370221346597767,0.20923757487410247,-0.015844898058990135,0.00020930555959542592,15.6555724633179,16.54874315550125,6.464630318378356,8.76181295488669,7.699169456684263,6.180280982881639,5.554771262602413,4.37906439557508,7.153254720520033,6.610714292513441,3.376533750566999,4.577598988721739,0.005209663092113365,five,/content/speechcommands/five/a1533da4_nohash_2.wav,testing,5.0,Kitchen.wav
1315,-153.78207174478126,61.74361452921963,9.087542271036758,-5.840765548887977,2.5465399807672173,3.846794206637318,1.8411877929505573,2.499352314913286,7.065802491961807,13.262195497920432,6.686237217513636,-0.12526981173388974,0.05746391757080952,65.45755914716968,23.278995774068488,15.509447149270834,13.601343742296615,9.034366941765757,4.945145422744425,6.2539820393173216,6.809829824472628,5.1372916540641,7.228448487236743,7.469170636143113,3.8501790443067736,0.028321675299026256,3.041780972167482,0.9181880804007309,-0.18433087245466556,0.6669720051279802,0.033419821292284636,-0.06446666395443644,-0.13881228565113796,-0.4768483026804277,-0.34418891342425456,0.10256235771531114,-0.12070825169575375,-0.23655045151902152,0.0004986354374680026,13.84554639819727,5.751590348317783,6.055806464908754,6.031080889409588,4.85071760786421,2.670328068519324,3.2530054094846337,2.9575761382181844,3.042076924337426,4.006704560469469,4.4968259809081115,3.3357702986422866,0.008777282373295621,-0.35252343803886027,-0.3107545260632111,-0.060841693707586374,0.12588694528208988,0.05382621141301357,-0.11547057527495466,0.14003489035030287,0.29239863206951283,-0.10503438711633484,0.0745204765901297,-0.01147983948364947,0.028437216853253018,-0.00035131722688674927,11.11735672335192,5.053321019518973,5.153371280565422,5.404120203765075,5.725776586854576,3.8830112254831297,3.4248388303910593,3.549720961164195,4.072309258498207,5.114910255939305,5.924073005710037,4.561674656409115,0.0046264602152013825,five,/content/speechcommands/five/b737ee80_nohash_0.wav,testing,5.0,Kitchen.wav
1316,-210.93074890222937,37.03070032701461,13.617098561925681,24.3050773487599,18.62013490976413,7.654637794058534,-1.3773269189247386,11.79837250260491,5.069579287068526,5.817106467009376,1.7214918766719887,7.796794358134338,0.16436599532607943,153.73436384590923,45.32851171073667,26.77428745066502,11.567229226381066,15.470343632536615,12.35544041231204,17.809231146787223,10.44349628802166,11.261139740644694,7.413893516246826,7.427639363323357,4.318141714086866,0.18201580218360186,7.641117299369211,-0.14382875876309822,-2.362090290483735,-0.4587852154448537,0.3495124627973833,0.5456104961446014,-1.0215812802011308,0.4255320526027434,-0.5003765936311485,-0.10237233031076809,-0.2625955146819298,-0.11333621369313543,0.0009894485194836893,37.24752435863977,21.742041808094047,11.1739946895984,9.58121823813996,6.978655800401582,6.318013489847883,8.310974471759554,6.672261649270579,6.004672811317385,5.098394871520962,5.402607315805723,3.5738581595673033,0.05665510736981409,0.04006281425965526,0.15418245698530839,-0.08270743914788525,-0.1940881424796231,0.013267529498411553,0.48519128852665955,0.3691636034801397,-0.1860905885302807,-0.12004429453301585,0.03718001873951812,0.20480709423253393,0.15266572065055134,-0.00038646509250005087,27.452794709380793,23.56463738368738,15.553091314633011,12.797969449853229,6.661902447419749,6.14751405151917,9.907329975867526,7.765770080071464,7.242170373433522,6.914560411250842,7.1113068126961165,5.23283169209656,0.04174695591143998,five,/content/speechcommands/five/964e8cfd_nohash_3.wav,testing,5.0,Kitchen.wav
1317,-140.7864549767756,52.4356616239348,14.2190279697053,9.553288970562743,7.835161685424993,4.81845538665833,-3.5326388590343836,4.079853744674947,6.598913437498641,7.121941538086599,3.586622736002299,3.8278871696122443,0.14482478640275076,110.385695085994,20.667712903326077,39.23386958245645,13.951942571632987,14.535948717096462,11.104039995188009,14.6295986496027,7.306883557405643,6.883489053420316,7.758706997991616,6.4711997308302065,6.356876028050688,0.16333968331406143,0.32129669210320116,0.26414084338321525,-0.06110039976340752,0.21818814448687454,0.24398325007808658,0.2763727269201435,0.1455626923230468,0.06889428423056637,-0.041747834977088484,0.5291594281155859,0.3172455410526576,0.019268842041670627,0.0006070060114706716,37.020485333040966,13.019055905423414,12.73125238241003,7.725808846349613,7.1551581541950835,7.391866742986732,5.822670622431397,6.0579466553160914,5.9735202234442175,5.083411519582951,5.707922725193688,4.191060206768111,0.05603773384597553,-1.0099203414899738,-0.33684552902315873,0.14858722848196196,-0.05170286949473321,0.02862674049221372,-0.36818831668764734,-0.24906240709027624,0.010379833415002497,-0.23579081482187134,0.02055629739109328,0.03673164275857672,0.0332695811508119,0.0002287073681751887,26.63343694161353,15.37986915859577,8.610742747852568,8.99069249237458,7.9281038553656575,8.481322646385944,6.585156501334746,7.464903964375478,6.97173137617329,5.749488443357274,6.449323108551456,5.317518205851451,0.03973233584928732,five,/content/speechcommands/five/881583a6_nohash_0.wav,testing,5.0,Kitchen.wav
1318,-282.540912227067,1.1285423087225621,25.893901337117622,14.086376905970697,19.053537270054882,9.348586920112531,11.437225545656288,12.63046768547279,12.720454120524948,11.780209594318286,2.580804774000377,3.8309409146940117,0.03255304248887114,42.62865821380002,21.443614074058925,24.302553904825945,20.19942598888185,5.899595384077587,7.088609161678771,3.789476364181289,4.990969050817162,4.203569128921534,4.967388688118259,4.70167576794479,8.70505227515004,0.011150632045580105,-0.1248104402418155,0.04861001120309309,0.05104266064368709,-0.058807234174433995,-0.050755636723418394,-0.20861691034086813,0.1030160934250806,-0.008494970651661049,-0.15585808977095247,-0.33082713509586625,-0.2731189364010379,-0.15995465927728322,7.004206699709739e-06,15.855301096032491,10.427153214435398,8.754152193562051,8.844482510177464,4.513289123638866,3.931237440255183,2.4080273863979103,3.618074487382744,3.5855946736977318,3.280171341425509,2.723969765618046,4.032152114705384,0.0038313858884962467,-0.24210797461142686,0.052582723031237975,-0.10069778102664456,-0.2701373971345387,-0.3749437028110416,-0.22326486313362254,0.11439418873174118,-0.030077866113499555,-0.08204210504063797,0.1015055908992243,0.02448515354978286,0.10355761509186591,2.301757534344991e-05,15.763572672371456,11.88203911340756,7.952748531863778,9.938237446650179,5.989598948775642,4.560821903419894,3.3930332295355967,4.076156628453499,5.01608175802716,4.0266389333906645,3.1484625179013053,4.094352755307269,0.002994024293484923,five,/content/speechcommands/five/2aa787cf_nohash_1.wav,testing,5.0,Kitchen.wav
1319,-267.8613407206126,12.463805819011501,31.040816589732916,9.030234270743591,6.777121605754634,7.978946331630082,11.560006393560654,12.30585668885644,16.017399346863492,9.093793722246556,1.1560321271364962,3.594391313708722,0.034993020875845104,74.8140945713018,39.90039919261364,22.32249509300661,20.260586796954698,18.887686713646165,10.57015058661777,7.449599453978496,7.601560631986789,6.3263288496645185,5.1001759457083145,6.974808946849379,7.752458064054868,0.01682921066175849,-0.02097375705684609,-0.032504718410174584,-0.1883840592948123,-0.12041874651103959,-0.19497829666989572,-0.06152763054861135,0.009404715541032902,0.022440446018430992,-0.11737746605228656,0.17190901923340654,0.0867256500480307,0.24622507697940385,0.0006863405747759727,23.795564638591724,14.22683781894315,9.489380054585364,8.928934015915194,7.414400988092833,7.269756187691415,4.659648087243714,5.26381862790463,2.9711306091843213,3.6978042161464804,4.114083378099471,4.297097461707857,0.007028954905415948,-0.05653729225301352,0.132788668917089,-0.03924940988028567,0.08401220522953418,0.09668962541845942,0.011739771873925994,0.042403095856321946,0.21234201626080929,0.05971472202586655,-0.04653983988401838,0.15227479989082227,-0.011158905138976098,1.1946260929107667e-05,17.206017764298007,11.915485494627372,8.942714021742459,8.49537390320935,7.689199918800067,8.324166002089243,5.977699157353411,5.965867759024087,3.3518544612717287,5.015805648190551,5.226210801287197,5.653285832401671,0.004427199066014235,five,/content/speechcommands/five/af405b69_nohash_0.wav,testing,5.0,Kitchen.wav
1320,-104.35027544530422,77.07054179658132,-9.542483704595758,-1.1460627441683002,-9.813512334079345,7.161740600362513,0.3527620086412744,1.5687594250456052,1.9748677441520572,9.679143997804376,7.550230424982127,-0.6511196035323953,0.08995327726006508,68.64896706527841,23.447715981197693,15.495941942834756,6.736876486241734,15.38619036012795,5.96796154187088,11.9241776719046,8.941042414066018,8.068689996356271,6.291684960224382,6.414076787634661,8.771282256116066,0.05064656249576468,-2.2941943678953187,-1.890078343437688,0.8084335725595635,0.29355155615927475,0.496781280982303,0.5307473955882706,-0.74756910965787,-0.0660788657386,0.6734588822995434,1.0233115576372949,0.5678838893906063,0.29807233751821044,-0.0017752119650443394,32.40230461060632,16.181115721011526,9.926312284843533,4.411931588160134,7.31205746593657,4.712831474195671,7.678238658469906,6.539350651826958,5.587254580978433,4.956877541927768,5.635387309690693,5.947080550063861,0.01938797286822594,-5.3181138998022535,-1.0865460017444797,1.247163942366525,-0.16120602694994546,0.3390532348709107,0.34105015037447484,0.2578087347942161,0.16430209018209965,0.314563607287183,-0.021533306220729,0.2756894394458583,-0.041490254746730314,0.0002269280143082142,25.699504955066047,19.285727792247172,9.949617302841219,5.77221977961398,7.555691879122609,5.528354136663025,9.525047254731046,7.621095429425185,6.711830616242653,5.883480682990233,8.163857447500758,6.5880416243017175,0.018693770347800065,five,/content/speechcommands/five/8fe52b97_nohash_1.wav,testing,5.0,Kitchen.wav
1321,-212.93732499254696,43.16128303755244,3.5339430880777107,16.106241208872515,-1.673301388384509,3.574833247934389,4.754137064668649,12.716514673853768,5.35345987768905,3.148880801011395,6.91041118681045,-0.3737364628080241,0.10627224395284429,116.74413986020971,41.72929103391664,42.64620811115512,17.389988607603396,22.607124977240183,21.66509832754804,7.475201107647003,7.046479622361843,8.3683713276794,7.308634336400243,9.2625996194527,8.440219106268032,0.0945023767250979,2.4989700937582144,0.32247969375989965,-0.5517446938534063,-0.6536609877674447,-0.8644882943406414,0.42452656740057054,-0.9091317224172932,-0.3010448341373089,0.05061707181026374,-0.10381434351682158,0.8821964466340148,-0.16037364110445568,-0.0007617036181111489,43.959870297289996,21.28096915447637,15.76737801707036,12.334545431146395,9.317845000552639,7.606019465032001,5.826390970494362,5.7028131936537765,4.608731145928457,4.445418064303808,4.94095667287455,4.9445518542219675,0.03312998130580194,-0.4378690594001455,-0.43513589931863295,-0.023307206904845047,-0.03956500517905148,0.025699882370525985,0.2942139458630792,0.22844578283794528,0.17790647867765774,0.14031865335337643,-0.10579758966710916,0.06316866601675629,0.27887493951923836,-0.0001596914604306221,34.99002171879264,22.080261648046868,11.509955345525135,15.808966726567393,8.9157202361589,8.720222384963902,7.515330039207483,6.737114865252958,5.396300484211358,5.696646249246096,6.0789168074607405,5.034202178985694,0.024952534642975647,five,/content/speechcommands/five/692a88e6_nohash_2.wav,testing,5.0,Kitchen.wav
1322,-245.18924071554608,40.39074905637922,33.86819680451717,20.069355694500416,14.035878565995578,7.72018395168925,12.687593348253078,10.370915621698582,6.225534720967378,4.632402270369701,7.281080862446212,9.138665267062015,0.05509051406988874,72.90490682416633,53.00626924086754,15.036620119761219,20.88885008936227,18.918609405097122,14.082318021970003,9.25464880472148,6.394295724350176,6.727699689115281,3.881772419544669,6.300133430048011,4.589787518387999,0.0484105586314272,-0.1913156235512676,-0.0934437192225183,-0.4360612511321127,-0.5420601197526321,-0.18849327328201945,-0.2540531960671173,-0.20102724343567507,-0.4873594592055489,-0.32487877328184545,0.06577429692118093,0.02161196298532145,0.342653325695552,-0.0007048951642167183,27.876775137488913,22.506882234243715,10.168882451927061,9.859147331281081,9.670639955748248,5.46810922672622,4.539995789471528,3.845218107420837,5.223360142318499,3.9713467125527826,3.5789536987554125,3.733729677270278,0.019061410935869962,-0.2117356337841424,-0.1325473735885111,0.1054504848270471,0.05349048725867398,-0.048962182850632155,0.031093679571750184,-0.07317422431597294,0.09213362486698588,-0.01238338750735828,0.0020004108798129896,-0.15268892384770555,-0.24316289326573223,0.00020841900259256364,22.15454599176477,21.886616917870416,11.156209046051776,12.228314254609845,11.725740615276765,5.8112547206079315,4.608205050339985,4.640611015052245,6.3901816045676,5.406202361271548,4.036789907920781,5.012325790249265,0.013020816196113262,five,/content/speechcommands/five/95ba4996_nohash_0.wav,testing,5.0,Kitchen.wav
1323,-226.57331375745602,54.89574543776061,17.39696975667312,5.587190125150968,4.073126235530178,-2.739094397571096,-0.3799328053213398,-0.4445464625772869,4.372663219654448,7.964979046733742,5.435611197374265,6.795069925674506,0.045667206752114,80.27476963457173,39.82038715464751,13.749366676995445,17.806318026109427,15.775858293693528,14.262488333817107,11.606685536039292,8.668038083867632,7.411713386685552,7.074801543703222,5.292691811400874,5.334827786713725,0.015981308631538967,4.446089700870417,2.675663588988125,-0.08755924268830373,-1.0443581608393038,-1.2311040053018234,-1.2743075789194331,-1.0704146560251533,-0.6339410431599581,-0.09763095041810846,0.05034752178233584,-0.28204159852657207,-0.34793494081723775,0.00031353509233843896,32.53084522599865,16.85105605262561,7.683482156412785,10.299361997149626,5.473978154624863,4.757928674376412,5.670874552433161,4.569124381354176,4.21985070936602,3.806313387966711,3.8637863415564038,4.3122535950975776,0.007843659219984297,-1.0383822014019322,0.03925285094626349,0.39849106187062233,0.09333832101835784,0.14135635434263183,0.16096211216947076,-0.08299874750138621,-0.09298411330217411,0.2403884966924075,-0.03560674388921262,-0.16327733995176735,-0.1536526788982527,-0.0005834665149450302,34.023415142180916,18.13153089621632,6.750566929106348,12.26830292153094,5.144321189112599,4.659402554169446,6.683565418097011,5.0816300360292015,4.784224942849388,4.073073139013273,4.363463029345764,5.51031877395666,0.0068865856636681,five,/content/speechcommands/five/5c8af87a_nohash_2.wav,testing,5.0,Kitchen.wav
1324,-268.8073831274787,6.696473314019778,22.214171720422524,10.730060077972826,12.86751831700236,2.263449485053969,7.181540769500896,12.765619061244704,12.117326812342931,8.807246628482751,5.242451647595163,6.230539497424608,0.04285590670770034,62.06950857850432,40.480075356788284,25.654563146662365,24.391702957743988,12.216784099779662,12.066853933613308,9.108975824925018,5.929921219676198,6.25304629714475,5.548604156266452,3.8661025225986214,6.37986929836802,0.02001641625773593,-1.363923027411411,-1.3143697473523583,-0.06851906115168706,0.2818890469652057,0.4386672586101686,0.9501440167204713,0.6612737163702512,-0.0012975192270489296,-0.15711133325376803,-0.03901940284754237,0.0008138152574586843,-0.04584765502221421,-0.0015430885156796825,16.542734259196617,11.304924605354735,10.414763298523756,8.75609247318643,4.635973461506172,5.146167315475765,4.675393084966113,5.384472476440411,5.199457135679142,4.1732257807733095,3.9893070706227682,3.533833443447671,0.004550075045205434,-0.5472826584793324,-0.236495764734655,0.065000579699007,-0.13293811514934226,-0.002140975483475967,0.1863904702141968,-0.01257585141116344,-0.2926834146335286,-0.03300655562276032,0.20894821347568987,0.11595374564198012,0.12317453705529831,-1.0196492075920105e-05,11.540101416988877,10.565276524839295,8.481776201690048,7.185005570571504,5.278033559914473,5.494768560532889,6.1022376579706705,7.091370276097017,5.871973209065265,5.612711983329298,5.263072934107867,4.0523583954376745,0.003986348579394168,five,/content/speechcommands/five/587f3271_nohash_0.wav,testing,5.0,Kitchen.wav
1325,-244.026200605614,16.81514820569824,11.635692897159313,7.7913031101035735,17.083620711221542,-1.8110729584242753,5.287866266432149,9.31741460129247,11.054730881678449,14.349290056464266,5.704743329719296,8.286794447617485,0.051368797750910744,69.77586571399831,28.034894935802438,42.40452925171498,21.22011312083427,8.96694966921034,15.094826193132008,8.123643782523501,6.945414456911877,6.24202000334575,8.489780086535019,6.2802221510791085,8.16082806722182,0.02722833198605204,0.9231546439947095,-0.3710386897544739,-0.266566314449488,0.38332819515603556,0.541975461552545,0.026347905253570312,-0.43733833056776844,-0.08453684615869174,0.736015720095963,0.11761997210565939,-0.3934199750741705,-0.14672087649813592,0.0007005112185593575,21.733152693704813,10.424942927644151,13.93530372557458,10.24809628808211,3.9948850600153385,7.5206378036930115,4.261903203818262,4.651534600988935,3.5395844185364447,4.431278536057851,3.60815933178776,3.992575253891147,0.007975197097081416,-0.07887823997137768,-0.11512887169106858,0.19745611638432894,-0.3124996128355505,-0.07238074024909592,0.08770200652094289,0.09388117957860723,0.08412816362367005,0.031054566739061654,0.17954206101460266,0.020617991778080807,0.05298924278720607,0.00019907709211111068,15.862157938390851,10.370925194597458,9.81813050252454,10.918377500389278,4.767559450125656,6.531240633079465,4.708505419099276,6.0493846892294165,3.3952067748869075,5.508812894330631,5.26266843373354,4.652774018679952,0.005180460534686762,five,/content/speechcommands/five/4290ca61_nohash_0.wav,testing,5.0,Kitchen.wav
1326,-173.90279667745136,55.806603620696094,12.549587728872432,2.393078059214157,-1.3053802951249585,5.344985730029666,-1.8695168922552317,2.4095679278300586,6.880503837007787,11.45217421681518,11.436901651142284,4.242915681195371,0.08399129140636195,92.17018683044769,48.32671872707382,25.34660687079855,19.493445660386673,23.249945452162173,7.069467103347681,12.465723233552765,9.189870958683441,9.5052899752688,6.708057343003995,7.48223965764518,7.3079878995303185,0.05104855843964603,2.059676192832971,1.0142224574656789,-0.5885720749649622,-0.8479527126153731,-0.5425127651060836,-0.24405170713544397,-0.23832256363638393,0.087746229066591,-0.12660118720578506,-0.15857551514075016,-0.3166499687705459,0.10843958825644974,0.0016118923032825644,27.085416012145643,19.593469833080277,12.667053884802295,8.454101044104755,8.959933693269198,4.616160159534217,7.478972177861754,5.505810819366438,7.081343394499079,6.3905008097858875,4.272797737728665,4.834171134891141,0.017422296103916192,-1.2255825301886953,-0.1770609718070304,0.43654221821319605,0.36595470699333754,0.5250118869784355,0.162654811552626,0.36159390820860554,0.10989657771582019,0.36848313138179023,0.27574655122161235,0.14512589482392946,-0.1332779856749824,0.0003283013190541949,16.26986042979969,21.252008268558072,13.251948553295307,9.078689080033914,7.519691132751234,5.1229428504669565,8.295459300280742,7.283124445398721,8.786402534111634,7.580251126420852,5.308574865657999,4.605793330316715,0.012987258097428222,five,/content/speechcommands/five/8fe52b97_nohash_0.wav,testing,5.0,Kitchen.wav
1327,-229.84010003293065,42.970300763220685,-8.560188194467226,5.059641680973443,9.392925397382665,-3.9198769961996023,14.320198402093531,14.281417360380438,6.70829279309366,9.15338936138242,1.621670791197662,2.317035235355841,0.08110031636897475,75.81308775555223,32.74123039992695,35.62876065433665,14.966235424468657,7.577277696042542,18.56330551522049,6.337502812614661,4.8927236536239835,6.378840905023554,6.314313771964652,8.668389369793248,10.892142410450953,0.06072140807875571,0.015542873785512536,0.1058933323555064,0.11899137763921896,0.1722638979053359,-0.0840047233756517,-0.007022772284434164,0.23625110488537832,0.3453400351821547,-0.11094121244903808,0.3083649201546849,0.23316277157467338,0.14457844224456948,-5.0080699786063164e-05,26.070297134373988,17.051867097402944,12.60409457815085,9.684171474410352,6.531431313606456,6.922390065769789,3.7623689447737965,4.083231398033279,4.058848997387328,4.207553806955961,5.351820878786156,6.19214809983371,0.016525432659592755,-0.26086060483344037,-0.09944929808227704,-0.011312949788065711,-0.0246689866373312,0.12182281424861957,0.14827543570180599,0.027295726284295087,0.24548046128222378,0.37842207611921275,0.06733739931007114,-0.027560511741593706,-0.06272502649048223,-7.91580726703008e-05,25.851601837827594,21.39283961127258,10.259529394025344,12.430010818472947,8.371351164374124,5.730774811736556,4.247137255082769,4.432647077505511,4.540692402122646,5.004900790712051,6.9394876868632,7.7676515711837375,0.009892333216927979,five,/content/speechcommands/five/7257420c_nohash_1.wav,testing,5.0,Kitchen.wav
1328,-192.55245653282842,14.586038085533753,13.436586104488761,13.071439093734266,-4.586507574928909,10.532048487873258,4.848363561042995,5.1355546634505735,7.229986924077734,16.14923182630558,13.023797903849301,0.6264464671403596,0.10912645497592166,115.09713850741309,30.74443081713838,46.42349565312775,26.025571334298828,28.42210284689473,14.258048862795324,18.937804142706362,10.834868018310154,9.39022071162615,11.008942313235528,10.360192261385992,9.10665439820056,0.09537073779106908,-3.116681382297114,-2.7457630502779438,-0.02503177152430379,0.7368920388054543,-0.3087403528048446,-0.5445129565989907,0.035540989678688344,0.3801106543942727,0.14205248879640392,0.04433869032901737,-0.07402487483196256,0.13774177090982612,-0.00018013689306474502,42.79817833546169,21.47567538937447,16.463288200992572,13.13522810795212,12.023171367405206,8.618780435577419,9.305354643224414,7.620953458132455,7.00247261751383,6.073599920215176,6.379398591805087,4.239910775684829,0.02901697501549444,0.29959555875643484,0.16136342672728585,0.031499640511623524,-0.04995969397566817,-0.16799513532052882,0.2228299731124464,0.1798648026589553,-0.1330046967670525,-0.22467265319327842,-0.22666839545891918,-0.00611867920080833,0.20061972355713475,-3.699647883574168e-05,43.533472528582756,28.691256887120534,14.68407215925558,15.744472905220201,14.072610530198782,8.919126016924135,9.197393710926763,10.47603218816807,9.598606718879932,6.728256174068104,9.79583026560902,5.458313996509601,0.02108064349691648,five,/content/speechcommands/five/9a69672b_nohash_4.wav,testing,5.0,Kitchen.wav
1329,-238.9622863343168,0.6041976951706625,13.162015981261861,14.597504968620871,7.2773791382610025,-0.6478067538943959,9.861040323741776,9.181462848047044,11.525026779563328,13.239073632794128,6.775571228917487,9.696391666884097,0.05293268378591165,102.99874322685301,51.02352899348493,35.24246772586641,10.177438726790093,14.057968631234711,19.055982820150557,8.956938502030397,12.98764155002381,9.477526784061396,5.791489311609884,5.284609620457949,4.534328637636282,0.046901567895302344,-1.6606387123871134,0.9675614278183473,0.7311650600876897,0.04453535482860068,0.5143020953446682,-0.24582546217589563,-0.4285470643472651,-0.9179725483224952,-0.1792713666623897,0.6985177962025568,0.2989621253794245,0.30389334488785597,0.00026717517645128314,36.73770858373334,19.477843795677245,15.321208240439095,6.151992263376624,7.518108948149302,7.316842695158231,4.452627646575683,7.076875774749512,6.717759458071948,4.618896351574467,3.968606977431142,3.381032141753197,0.01791876536077671,-0.3355671238253038,-0.38988264121858374,0.37626493589379634,0.18134237809922998,-0.10021941931099718,0.0006204734898020092,0.07940275195290028,0.35043948293521154,0.14611612348774847,0.1187332366111575,0.009116940577919822,0.11629181206193386,9.845905005931855e-05,25.781886181788835,18.074264773650672,12.91502775256963,7.855106862650496,8.574697042447008,7.690529128717015,5.75093604183148,7.703072561090622,8.06283122366533,5.4337533316485445,4.727190399612483,4.245363460656036,0.011410219494388956,five,/content/speechcommands/five/1fe4c891_nohash_0.wav,testing,5.0,Kitchen.wav
1330,-229.9456603188749,69.35740565356835,23.079531709848062,11.971816121781025,9.700173947243378,7.225921603032141,4.499749440554124,7.684812983699513,13.037296624286146,13.651395356358002,10.147713840770603,6.150017129553293,0.06260443263454363,78.72925043643747,41.76838151821374,22.632509732439686,20.370068351024,18.489635205296494,9.457208448380957,12.125574079405503,4.309338395565546,8.235919222339106,5.466922226188435,6.209972321888048,3.9473284824925003,0.029788943295762586,-2.5683301684064945,-0.45773491934853117,0.2079956920211298,0.4267023616876013,0.28064747496142123,0.23599178547238722,0.5406701799972499,0.09905516551191862,0.34085253591466413,0.1767005939635548,0.06791793564750057,-0.16098275785068397,-0.0003610317024492448,26.35072484014527,15.675951548237608,9.433528271619556,6.333572569683286,6.639401456549777,4.438961034676071,6.4604062426954005,3.2102484576134898,4.3647688061388825,4.019573340133715,3.4859056901663528,3.413764566158151,0.009288691929503773,-3.730787005809266,-2.4725826723193896,-0.2922682810075508,0.47333248540715545,0.8541577896780548,0.4022662425050907,0.30467855604674926,0.2924611862210225,0.4526148095051552,0.1702247530932762,-0.030012452480102335,-0.15420956895188634,-0.0007125668227672577,20.036516162332926,10.628585754414956,9.35654156675194,5.134833526895684,4.069844237529684,5.8143544523471125,6.726949516718382,3.9534648951290996,4.445721815801629,5.342722550138292,4.314666137564012,4.490315826423635,0.007181516206287079,five,/content/speechcommands/five/caf9fceb_nohash_0.wav,testing,5.0,Kitchen.wav
1331,-231.5714974562302,22.99150113443944,40.23031305028479,19.266874336345523,12.993418270600351,5.435889728144234,12.699047448730537,9.15888642449255,6.480955519071557,6.375734356311837,6.987720011086862,8.488129449607596,0.06617032364010811,85.95418803033547,58.56110169741947,23.00433145951712,21.559140539443362,22.771688059003658,15.93942657156959,9.32361208258052,5.030872425000389,7.134074470547748,8.360393345159304,6.498674454735801,5.494713748549415,0.05874665753051341,0.5294142399570572,-0.925491199339877,-0.6847532420825135,-0.07468564363443038,0.045491187682586545,-0.041112262800228984,0.09732271408851295,-0.07296262303880069,-0.2912358087642897,0.3885247072601375,0.5108227796585131,-0.037585328013001656,-8.579271454964914e-05,32.55113897312939,24.663067737399665,11.750495220120786,10.327981209010503,12.054835050215011,6.999230235442774,5.265404114056802,3.654440733521032,5.0069660251086665,5.717545220164549,4.864874294428141,3.9185034376323506,0.023986297755172237,-1.3695473873506083,-0.33284299035706166,-0.21795152184064814,-0.30697611386790885,-0.40900491949417034,-0.1933236596575636,-0.1824427004563928,-0.07998915923149186,0.05893797749138994,0.19553355865926997,0.2345268610911999,0.12424672346013908,2.429317682981491e-05,26.893464028743466,27.164406892242805,12.459655274419706,12.639262791883231,14.385302856687199,8.195692693354,5.362114558528933,4.811154914945697,5.853288898285354,6.656958842685091,6.163623924646376,4.961397215822356,0.019807400712418426,five,/content/speechcommands/five/95ba4996_nohash_3.wav,testing,5.0,Kitchen.wav
1332,-252.0311080223768,4.110692609860331,19.094806029988973,8.500681495518329,12.583315442725839,9.004466927009485,9.878734454213326,10.179931991461245,12.482185046457207,9.079529226772442,11.10712415150803,9.02007954462865,0.044179482967592776,83.56766756714995,43.19061409265383,27.32958729091974,19.651029900948036,16.73165430875566,13.443085379891224,12.779377142745755,5.579558816012227,8.830990624583524,4.067187978215382,10.44207947790392,5.522979099570337,0.01876798448619282,0.3685896448311078,0.017727681882853234,-0.2359049373350413,-0.44437705424227,-0.23965541465743193,0.11319668160508155,0.33427154624738953,0.23102991658392422,0.17907142221142477,0.041128770949667215,-0.08347018162188267,-0.11774422202892366,-0.0006821282027709869,26.343653758941876,16.620100872311166,10.496782063465087,9.13941258647707,7.345425554308569,7.341672488678102,7.514918894320481,4.3704758021266485,6.417814700851592,3.778126125622359,5.198062063404419,4.587389368283812,0.007148765007310462,-0.5687671424519484,-0.30886575835651053,0.06488649775235089,0.23083703116634322,0.04937062564796027,0.3708218454325151,0.10922956998882753,-0.21163498998421446,-0.2829412687745349,0.0705150539339772,0.3070337535409626,0.06424947920085528,-0.00021097523470719654,18.958623671445903,16.01404415454268,9.586787709589641,9.057577441197413,7.178031889151834,6.832563752179324,7.590455758087372,5.343172660832498,7.681114220895162,5.005871052209934,5.7752150594042275,5.5993447783274535,0.003934603079116473,five,/content/speechcommands/five/c518d1b1_nohash_0.wav,testing,5.0,Kitchen.wav
1333,-214.8115574449444,27.019201262323094,21.868907135101416,26.9356594338035,24.27969335450409,-7.500158328655461,1.5412147723497132,8.530509684661643,2.32576426072118,4.409089131919947,7.405774785394639,4.812740172537202,0.08013195096282288,94.38565206397479,51.522541661004084,32.88971494749843,23.625262676085196,13.299383652458825,22.47675535214345,12.86838568655854,8.065498825529845,12.254686643554056,12.522550174892455,7.992514863361249,8.190494119006427,0.053960759481947514,0.09998230786979984,0.31612496415094404,0.39569367613529105,0.34416566187842745,0.0628153787134772,-0.21424508041586168,-0.22792333240425022,0.036906619293623315,0.4769021240794239,0.4406288107658887,-0.13466450301084065,-0.18562252568225798,-0.000151287644140182,30.815475835845312,20.08025262041868,13.508458433177841,9.611377667374924,6.242466243216091,6.762087236028227,5.414434824201787,5.262057335196968,6.521140356371767,5.584970112788532,5.382546806305787,4.779312865140354,0.016507831365071883,-0.35792599216806403,-0.24727620177790102,0.052960613463428056,0.020887472150240012,-0.09619021302380996,0.04943564613255547,0.17121736601810128,0.31293554912739857,0.1681749492276225,0.022709074518432272,0.33877016135135946,0.17952592946761922,0.0002606028070052465,24.830890342926917,17.85977439264339,12.238702123545321,8.411093859936411,7.407129712552411,5.606778283489627,5.780285863554748,5.281139684583562,5.499490224634088,5.514619350614661,5.423237379574801,5.9119216543587285,0.011442725823418464,five,/content/speechcommands/five/b97c9f77_nohash_0.wav,testing,5.0,Kitchen.wav
1334,-253.8634673533711,50.494376961098105,1.5749080156482955,5.05728442309942,8.334629783700017,-1.9623995065144244,8.784466869982976,5.568904555516533,5.931420491468229,21.073939884406805,15.153971468342,8.850337545028864,0.04819115960142679,97.51004602266707,48.31624361530604,41.082007968923314,24.33050410339345,15.20724574211301,17.44914088568772,8.98647249173452,11.743319072323724,11.155877282279665,7.905103864410656,8.324931552409579,3.9369783649872,0.026789204061462492,6.766937526174,4.2732149975527065,-0.9299372189475844,-1.5207914471439465,-1.0206792868657089,-1.4084864225148908,-1.913508947802992,-2.1248857475944583,-0.8747416250717708,0.2933734735129133,0.34127930090816805,-0.25551274263815865,0.0017892437274841702,39.28255044944446,20.297294572845267,17.750475587172343,10.337183882588105,8.086658916236326,7.522903916686442,4.337357632682354,3.092936580120902,6.121624709944696,4.144138578016585,4.239534469846266,2.915384511567468,0.01158327088612482,-4.392089972389016,-1.330298388758758,2.2980603210119708,0.01603226173195682,-0.012510889601875963,0.8528140191734672,-0.16594148773409712,0.03204484046188255,0.0069986468545200076,-0.185532340455695,0.22910190344717263,0.31306932527395037,-0.0006089030648581684,32.25193348427304,19.157629153398588,10.808867558112105,9.5458808606037,10.373392736663975,8.166952402108793,4.890793142935646,3.922608341226651,5.8151415185286135,5.0373241695760465,5.146254787081364,3.3768450728580546,0.00953549215760806,five,/content/speechcommands/five/4a0e2c16_nohash_2.wav,testing,5.0,Kitchen.wav
1335,-185.66852376745976,22.466080280195435,18.435139472767453,19.931990332831138,6.58676913412637,4.862390794391582,1.9925991661192122,6.939409310483146,10.163293815516335,8.428618107371962,-8.289060996082783,-0.40852119968514383,0.06167310191085562,101.7384278722353,29.465337089805185,36.08896422159616,17.2385886484852,20.414156474020213,13.18397041854349,15.742830686642778,6.224823360027158,6.325832097041699,5.881741054655697,9.253559346732892,4.580332717716432,0.03786125296652245,-0.5113983068847318,-0.5964117371701434,-0.20651274971272937,-0.17305508292167449,0.03431345966238255,0.0824424038053453,0.04230060626289913,-0.0017864231122130018,-0.06864194458322233,0.29701684515781573,0.18954499964617633,-0.09279750870181305,-0.00044659344900038934,32.740630303867526,15.539586211422458,11.67304120681128,8.019533715504528,9.733827916323259,5.3898721689804345,5.343851670875925,4.145078928132419,4.997702232384754,4.968662205486046,4.220729115254121,2.9646600248485937,0.010366460682794275,-0.14201615311126783,-0.22590875467630225,0.08966533957157061,0.14130285816354823,0.09577506302096062,-0.047886800562586304,-0.11644839077493963,-0.020493905605401697,-0.008064238075046444,0.13935033819825063,0.07281302347716159,0.3278656511450233,-0.00015711734692255657,26.232488566275755,17.949955673940046,10.473759022129517,8.532999945607303,9.679329229373288,5.718307923511164,4.668603502119998,4.978213485551921,5.927132081654567,6.961247485603302,5.386382953035707,3.6473789210544454,0.00646848090925396,five,/content/speechcommands/five/9b3ea809_nohash_1.wav,testing,5.0,Kitchen.wav
1336,-255.2170755567965,5.004499902015819,36.47224383040718,17.247288940034466,12.473224645773897,6.626653360205802,13.279051166129584,5.313790894847774,9.018850330280307,16.89055856207839,10.756303812363594,7.853156740832204,0.05117640545171115,68.54078419603897,44.06502561133597,15.739031890910063,14.545195597392237,14.858715302548406,9.026679688203286,8.601826740350292,11.463495358334008,10.394121070048618,7.6512315287907615,5.709610657334384,5.164513139791163,0.015316945932031605,0.048162483805805324,0.08933156698634477,-0.049589364252879874,-0.2120119952511869,-0.0702946712439165,0.14380890507423352,0.002103188779204146,0.0324443144275814,-0.23408089482904254,-0.5095074768071923,-0.24519566019989383,-0.07151009377734313,-0.0012180381454527378,22.21965264837105,17.931707594347703,8.859550784409524,6.713973218209431,7.939155078267208,5.02254253635483,7.101992923004789,4.647359297150323,5.843128925998459,4.492272700956533,3.3256043136498836,3.284939795396559,0.007040473262664541,-0.307874045415868,-0.11621717587497797,0.12200901921491167,0.28125867877936334,0.23246651407841315,-0.06182132696791255,0.18573726124844997,0.07050034182345562,0.21589624713209118,0.030289210645385336,-0.05512831343788337,-0.2887173929581767,-0.00024825132227149503,16.223054135571786,17.025524645431737,9.903551768316948,6.113701825591705,7.513554883831313,6.03759333482663,8.074754881911991,4.781412275263045,6.108825919294521,5.185230831265326,4.192418755801304,3.9809869205508925,0.005349377228180499,five,/content/speechcommands/five/412c675c_nohash_0.wav,testing,5.0,Kitchen.wav
1337,-239.3053492297567,55.34088363005729,27.687896043764784,24.36381022103332,8.081130410501112,4.024271523749426,8.075274757875789,5.431348265521498,1.3766233266290815,6.332487632163099,5.848857281975402,11.173088292037841,0.07752025232184678,89.90338994547369,51.21853777963742,25.02254998570402,18.555272028788394,25.301524777849014,18.32261249783902,10.410772048149202,5.6131850854633445,5.772280723535079,7.0722483378749885,6.118580626856319,7.767386994390717,0.08211697657054767,1.2399369519459713,0.5704171463499269,0.060174549556805575,-0.15894227068442793,-0.8499026187810721,-0.845479133709954,-0.51648354705507,-0.5993987325298329,-0.22926126512207054,-0.24171026229905432,-0.07399769074100737,-0.03530514580035913,-0.000701240173751308,34.55341966130961,21.305477544833007,13.119544911971001,8.646500144385355,11.362541763509402,5.88657671589869,5.902226477822787,4.384117433619009,5.048282275664551,5.6306664092771,4.1925930929613395,6.114477873358623,0.03131526022699012,-1.2838426658243156,0.14920934164670036,0.31761218889418463,-0.2281727437322143,0.10395278534264793,0.010341928541634182,-0.21159495988089957,-0.11125615027847285,-0.06903329662630404,-0.3784325566939612,-0.13536868844818392,0.07371109471671405,5.036536604166031e-05,24.365473070249706,21.607848412959626,11.868107292756404,8.933874600300358,10.974518072236618,6.215974733766846,6.748320870106045,5.725863479357981,6.527745546740421,6.874290178962405,4.680591706600903,7.785326098537187,0.019801574775944113,five,/content/speechcommands/five/95ba4996_nohash_1.wav,testing,5.0,Kitchen.wav
1338,-218.59824962894245,16.119910033801997,17.82888472170765,-5.561422591708819,6.045407714050327,9.08664484485515,-0.17576358109346996,1.5015922426411472,7.8938104628696,7.823934778492266,16.14541526147755,7.615809458188727,0.0287784917413124,47.75312677061492,31.037307252277174,17.630603745820046,16.791944957619155,10.335598841077532,7.939551534533165,8.767123656261582,5.75350724256502,8.46184623011065,8.772972830110866,6.226779641747262,6.64864049844722,0.009549762713449874,0.9550026951936611,-0.6559707744962964,-0.3555796739066658,-1.019797266887009,0.09093027058836249,0.3418658603318087,0.24917717323441912,-0.046509705930482675,0.13039800948137592,0.040183238319878085,0.22273432452666453,-0.03410696772201171,-0.00024205867063116144,25.046227521508175,14.11170833140212,8.654225346680347,9.343116503348947,6.581729735828301,5.186023324353175,5.567082975327404,4.550945016114864,4.240579935001743,4.193886832043022,5.222079675823982,3.7898310662935475,0.004597389530861633,-0.20506313323031997,0.19676756466245793,-0.023111871207636463,-0.4143189469090051,0.3505473356439034,-0.2800096375800542,0.07994287050974053,0.11874989418554699,-0.01709642715344161,0.011757652083638033,-0.32398045516079854,0.20490205456842356,-0.0003266468500861755,27.528694742212565,12.562382368638655,9.616321006448521,9.34923023589843,7.347704091511946,5.266462187883186,5.972801339054432,5.81692937165188,5.522119405301404,4.998629255012051,5.873667981347464,3.6520895393928092,0.0036369163476026836,five,/content/speechcommands/five/3ff840aa_nohash_0.wav,testing,5.0,Kitchen.wav
1339,-153.73133266510453,48.27209224739826,-20.85578789493563,-7.841516522666579,-11.089531260725849,-2.2181958486266424,10.603284427537737,4.704304235641491,2.2067212552311775,18.31963643556412,5.733990316382124,-7.36235680939335,0.14398189427447505,113.23231021329131,43.726732903675966,55.77068678098449,35.53399864359043,16.601337804655227,27.59113090229099,9.726868455082476,12.350896524277557,14.527122552224313,9.74824211862614,4.6064958790444495,15.990665475912659,0.11428890550187738,0.8825646890111926,0.4086780775856606,-0.05288880342663362,-0.09362730521076124,-0.08091064988711656,-0.1325125644379552,-0.236782129264248,0.18744886215729542,0.17321553873269452,-0.11967509822112701,0.052988617334723216,0.1464336067964817,0.0001906002120625588,40.950450561886235,24.31497605793628,16.29412465188064,12.175758668303148,8.303422777341762,11.958679035692136,6.678415108623094,8.029538717366828,7.479401338355974,6.030840491754994,3.2309983127887447,6.726103619805121,0.035924267930935845,-0.5749135130941502,-0.0058386085588627646,0.2807043940199611,-0.1432172491926952,-0.19247574121435698,-0.11076502917425265,0.26876903528573093,0.3501542519298149,0.16291312095667246,0.09163990351799416,0.18748668313983063,0.12401776944901854,-0.00013534271468718846,42.06392218935163,29.347206271339846,15.224344396981426,13.979494668808483,9.871211009741945,11.208311831473631,9.199436281838915,9.288116499319562,5.812844988205287,7.758764254392591,3.6748061070263898,7.294137307341501,0.03961379929642613,five,/content/speechcommands/five/44715c1c_nohash_1.wav,testing,5.0,Kitchen.wav
1340,-204.5141673760967,37.951842602290014,10.45413968524907,16.898870865898704,9.40799671762749,4.070488913969964,5.215709470626274,-0.009786384401923254,0.7075471814608765,5.073793242369431,4.521489955673931,7.228912715018854,0.07872517089708708,94.27889670363781,30.643678759938883,24.49541374703376,21.58998650732421,14.715050524923022,15.743135185111967,11.710286661229636,9.620349811507705,7.503042757149699,8.52880336815154,6.845408012306802,5.009606495393649,0.07893372583679127,0.20295153952055178,-0.1083871840585785,0.04433297218801716,0.5452895988324559,0.45044289988606373,0.17983997746410196,-0.24913035322510158,-0.5774369324390101,0.06693502777543683,-0.003581726971510874,-0.31032029422289403,-0.31165274500251805,0.0006698827229199871,28.201143996666136,14.423195282043661,15.643506317588546,10.308698956044415,8.874020514087894,8.254808183381272,8.328575515601086,3.859711720578053,6.886530586237406,7.12549737041021,5.462096669818605,5.285425628568112,0.027092203266758073,-0.5793917857324042,-0.07358887643284552,0.38789238113431934,0.11067092088965189,0.04966145687341512,0.18857183842161607,-0.1109997758980031,0.1073380471880068,0.09008956702811996,0.24758934948706504,0.18957830941704054,0.056767626128178365,-6.035988529523214e-05,20.53289270767678,15.214686911190814,17.9647792994467,9.719861521646694,10.871179272168051,8.53008200868022,10.131698532204267,4.878590504979034,8.032225293509498,7.3592489857276,6.181422067638521,7.51492159220733,0.018155408235623335,five,/content/speechcommands/five/e1469561_nohash_2.wav,testing,5.0,Kitchen.wav
1341,-249.48266340297602,44.15151914262758,23.206999651839144,21.61102972574934,8.766964349155142,0.535316722571279,9.2556930469449,5.97098587831685,5.050671109327771,5.656429160843126,5.333035527082762,7.392043170878624,0.0802782058599405,103.12861187547739,40.58625530084596,31.72569954392482,22.753702779279827,15.712640636644947,14.460568663232033,10.597145213199955,9.98035571848953,11.165159379948065,9.914523919333911,7.871974475471342,7.275504559212697,0.0790051817004606,1.253064213408867,0.8744659477141247,-0.36579955708760054,-0.7696140167484995,-0.8279431404911598,-0.3314953339248491,0.10913953404350409,0.3044121196512914,0.13024618678831806,-0.37016551921405105,-0.8515089613436283,-0.755842649082107,-0.001029291941273597,38.247347359754215,18.955903599806405,14.76469347395508,11.557216146973493,8.9743564589448,8.036613236992512,7.170452968986121,4.7803476510456075,7.182616305027164,6.93515353981104,4.865409473773479,3.6922008159339756,0.029007558644624964,0.01253480177958887,0.11362889295600288,0.21628974840798515,-0.0091509326155473,0.18648592389408716,0.34347205395070174,0.14125333385009545,0.3153625737166258,-0.00098639224126534,-0.20458082738211456,-0.10157924782024216,-0.007212965023574292,1.564870278040568e-05,28.337319461637062,18.65770820236393,13.889188024492261,11.74391986142672,10.431117021234032,7.545821625347812,8.057989215528835,5.332361445252287,8.840039719898513,6.418044499341661,5.648521139576249,4.87203132704278,0.01889210366175153,five,/content/speechcommands/five/e1469561_nohash_4.wav,testing,5.0,Kitchen.wav
1342,-94.74517805273545,42.122753412334134,-3.6208765514502006,9.547476609061057,3.929101272148093,12.291091265168191,4.322140050492616,8.359939132484985,-4.059725600457389,8.08127752759871,3.244748119770186,0.5123570403251079,0.10796916601248085,84.60013776225735,33.9568960157976,24.044356546101035,14.892858223994395,14.665355452383922,7.884369764374103,8.902173081531659,9.171123302402235,8.856410726809578,7.62955326857741,5.642439411661102,6.328017593890818,0.09674527127946103,0.10108685450584225,-0.22044610717508814,0.4782133098072203,-0.2610508400859333,-0.0026197376204869613,0.46005557791794477,-0.07135429043853549,-0.3031687462604652,-0.02502814379244946,-0.13520645523963506,-0.041340783949672395,0.1812204311373222,0.0007759137980399593,27.27844830440021,21.732062293634367,12.940693653544148,9.748601433916024,6.849502083943684,5.067132149066523,6.453997088039396,6.768654724552792,4.522222952801309,4.870143157580039,4.689977567686643,3.705793778323497,0.03266517714117272,-1.5622610792565288,-0.17455011015278973,0.5771772962977064,0.31662943980627467,-0.005422014870428763,-0.20644456638572428,-0.002560913645343987,-0.1943517026641863,-0.02558083592019935,-0.09091574085854484,-0.156192958756319,0.2231335131465863,9.196090201536814e-05,26.084781237177047,22.325495388681656,14.106476561752562,10.485360083143519,7.434441591354851,5.822717207718722,6.615341384619639,7.2963228568763885,5.474833069249944,6.4473702165293005,5.634252199053748,4.492485477235616,0.021693540368511878,five,/content/speechcommands/five/47d01978_nohash_1.wav,testing,5.0,Kitchen.wav
1343,-232.47464306548713,46.0744724661724,40.92288035553585,12.564523888262084,7.39916783171153,4.330145023822583,11.468108676117044,4.891902241583582,2.7304792739644235,8.097250672211965,4.525020204044692,6.524649702489265,0.06947449903236702,88.61476031299529,63.68138291198581,15.347267476588039,15.668468691507982,18.441964171957963,10.980113869490062,10.87667765571332,8.076893722512436,7.600744791467194,6.334177987381708,3.754954257717699,3.720723172171018,0.05310004823880758,-1.7741571847397073,-0.9558691750020019,0.19804413603787793,0.17156192947952606,0.2691831199773702,-0.053420613286909883,0.18859399699561333,0.5130291189745617,0.49521662466148486,0.22415101733904863,-0.0030577750641122324,0.22624414958957895,0.0012841886810718043,28.82412543706045,23.101268568739993,9.973538065716783,8.232997045377425,9.751345503393143,5.520430022195034,6.074190976685699,3.9111339333242268,4.003183551099152,4.732432386367308,2.40069716666776,2.99806508015158,0.017514796363471016,0.15498326727647746,0.3953510609966225,0.029485894028966207,-0.17356778057235037,-0.15121539610968177,0.06065308546618648,0.08740379631058026,0.05622642210601327,0.3228342085035071,0.07897362699990981,0.021504683552448226,0.15349527431397042,-0.00017775228867928188,29.166788831692937,25.57660122336067,12.234092251746828,9.822140158704293,10.835568391215343,6.618753077727158,6.335045939689579,5.2309440588969665,4.995319426449059,5.726679440098937,3.047568019958112,4.25513132558273,0.010995639020488907,five,/content/speechcommands/five/e41a903b_nohash_0.wav,testing,5.0,Kitchen.wav
1344,-229.23628400165867,14.760988178396612,22.839841658134446,18.32746619322217,2.2247708545182387,8.801118514005093,17.241281820924428,6.763984313895465,5.6337042526277346,5.15462665581447,11.373804409969306,7.4538044040609455,0.0586004980529348,87.42121810829902,33.53012636817979,32.91055427846611,18.795627671909475,29.264177289813155,10.056123904442419,12.779588728274845,6.208901927631933,9.002202672337786,4.669339471530615,11.804953415352555,5.181449439835929,0.035769264773514116,0.6716609916644137,0.6728915353023404,-0.18039487728061035,-0.2030233056108166,-0.0002773935624822574,-0.280183203807281,-0.27642220407886414,0.12182225624953497,0.054232745665269595,-0.023554509476862297,0.13024171070891483,0.10297627060804879,0.0006272389457143586,30.164209329993948,15.077579548612615,11.973736280276258,11.077549837539822,11.553984180710742,6.373495163520025,5.979215799476841,4.993279246922183,6.560736990757911,4.6868336242345965,6.262510804465109,4.950481565225717,0.010970452083489545,-1.3245426225841297,-0.5819178755011586,0.5158241003155933,-0.03333288572949871,-0.22028359885214957,0.1712814812450115,0.36193384003319995,0.49041755105090407,-0.10282389517686832,0.3667518073455878,0.1824339055753002,0.107922005805745,-0.00021768361330032349,25.419189069845604,17.156397431184363,9.546277852233969,13.16359151596116,11.06364261504295,6.13050905365517,4.912594932166606,6.311673752070398,8.897457969147675,5.5946463861544515,7.688557597465523,7.20624140351988,0.0067654450620723465,five,/content/speechcommands/five/8494fba8_nohash_0.wav,testing,5.0,Kitchen.wav
1345,-174.042537672852,35.229333326405126,-22.425022552388306,-11.069971468857602,7.034165904512956,9.547721459104558,9.736458900125669,5.629594770044953,6.949751965708452,12.339782810100848,5.2756591346596835,3.4452432084648157,0.11403290100861341,90.21448398577981,30.980215738740746,45.87557546943168,22.181482676495936,16.797892244476603,14.591478300581105,9.751903349894848,10.239890369915502,9.676873553138606,3.978174314328584,8.798281035439809,9.558248665116928,0.12395986502789305,-2.9915311884925164,-1.4749735100597385,1.9060893316661631,1.3626343542741037,0.19237200463184104,0.05011310362843364,0.5069766974934902,0.533761066570651,-0.10072258637237537,-0.31841473299938156,-0.04730108835595213,0.00320710662597815,-6.582678085373294e-05,30.938646135413762,17.244655375866277,16.78120558733178,10.454259488566683,9.94053431132407,10.218664709482521,7.527525298181547,5.973890918544367,5.277817837358592,3.447340342216202,3.81128467041306,5.396079992842765,0.04501107872186131,-0.24860949934609,-0.17960719192992833,0.1044123873962422,0.1350838360509424,0.02630326690580477,0.015579638241873717,-0.17561838150949213,-0.10281511487842614,-0.23441980136856744,-0.026648448042196904,-0.10746623502089434,0.10860125117133065,-0.0003531288355588913,26.55569243293439,20.76674640854485,14.325437784640409,12.962569730049367,12.111541004688464,11.825530390199225,9.417737872679737,6.640320001427245,5.791599569777175,5.082606453710441,4.23051370949256,6.4675042302449555,0.03516831853849819,five,/content/speechcommands/five/798f702a_nohash_0.wav,testing,5.0,Kitchen.wav
1346,-159.89210775010378,58.06729229097713,-32.69036848168071,-1.8474074747280456,-15.619352816863671,4.052711618871134,12.969788876701893,1.4605202372402988,-2.3312132483112555,16.576815094616787,8.56120803475025,-4.4411215386081135,0.1583630222012289,111.59703042049016,38.00875796395946,53.38727905484942,36.039260379648425,22.458058226037956,17.61653128009754,8.320519642451353,9.09935750780865,11.85298762798578,8.350029821445435,4.831945157127022,16.652547106290385,0.11502263294124399,0.2628486821153881,-0.15272838821035573,-0.10870158235546243,-0.07023964563314371,-0.130427850229517,0.10866895279916143,0.04933451182337908,0.19467805447072728,0.18407198609945769,0.12129970313439578,-0.18295680827667837,-0.03757952345069561,-1.6549542065589657e-05,42.72092639827791,20.501469970467888,16.739270812012073,13.060988392357459,11.22322509905644,8.223668739266554,4.769313744987681,5.6042084165612405,5.512947981153707,3.3955814669981463,4.807166132978855,7.448511883131936,0.03474113277789087,-0.49612967688334353,-0.1414502000797825,0.2159136992425376,0.2081348814823719,0.040106153541321125,0.21125496016643025,0.20026969827519903,0.20684937012564614,0.23248900504819522,-0.010873994980103123,-0.09764267764404172,0.012155167225012302,-5.977240701516469e-05,40.99533567463385,20.81240656085207,16.951043219432158,14.004647726588495,11.33089410947929,8.839084073936231,5.729467232686459,6.1681948850397275,4.777107243823694,4.44484793813474,6.103066471372682,8.411329192515003,0.031058217013858583,five,/content/speechcommands/five/44715c1c_nohash_2.wav,testing,5.0,Kitchen.wav
1347,-246.23594961843264,18.728576515269463,13.632441463536294,6.121691617939506,6.906099655987028,-0.24583033097799709,10.573739329250454,5.970200697375178,8.42901633080689,17.635233965466757,14.23664031296775,7.785048608157198,0.04292581394753035,100.47328636435068,55.7181275014508,36.55025150112246,24.965736596471704,16.330835915526038,17.545320343385086,7.785627887088314,9.246921242502406,9.599982860035137,10.45928717498407,8.31069018508375,8.879031826305214,0.02867010306005254,11.57197059926593,6.812362437852213,-3.822366774094349,-1.7820655119027378,-0.7226029154015385,-2.4278012992002465,-1.5170340798664084,-0.7830616305932365,-0.05033256342916159,0.6869239104819371,-0.10591814467666216,-1.1904581863451527,0.002343948814086616,35.21514667117027,21.163353175126275,12.940013633453985,12.121154133687366,8.022878537612415,5.406241022569476,4.855413976431174,4.611628142439607,6.260637259840335,4.174381455802468,6.80463190646191,4.910307701733757,0.012519796311443464,-0.6917368241519871,-0.010490214756608414,0.6570404109881032,0.3568660179899356,0.09550107633408599,-0.20870823340666292,-0.6785431972242822,-0.17669454581709063,0.11830084676614057,0.04369403229024016,0.12400027307283282,-0.14076844744475625,-0.000753185898065567,31.82270032018897,20.923912089724784,10.725090872746627,13.749271129883253,8.109400682166752,5.550576417351366,5.320102496955391,5.759883722266493,6.300306254058325,4.621460056995664,9.606251790800702,6.675590448712437,0.011217467745796053,five,/content/speechcommands/five/4a0e2c16_nohash_0.wav,testing,5.0,Kitchen.wav
1348,-258.1666596665458,4.204981128548605,27.340652085284052,9.701466585906518,8.985572637181278,7.921151717097693,8.292829312161007,6.423745417026506,12.585445858158613,11.320783602241411,5.343018999256769,7.215869795127086,0.04547122854273766,64.31975985255372,34.643703218692245,27.588424693618162,21.167873668989035,14.326193723025339,9.521791236512874,8.411057941336274,8.992382050234015,5.830565824929796,4.623737616123019,6.620753279529336,6.957986240431507,0.0132260261771704,0.07192566474402574,-0.04083508549357526,0.3141941927026467,0.1841404740637279,-0.13240384702240202,-0.008375478916059892,-0.32312622861829327,-0.038149459057077104,0.21812239560273497,0.23320023526454892,0.21560742605770725,-0.14678200248214446,1.0881572961807251e-05,22.982689543751896,14.483589749296954,10.24609004192813,8.329473519063797,7.2459215474794325,6.040780373812601,3.971536356428117,5.5718720018186145,3.664506885273485,2.9538742239749753,4.569413528944716,3.536029322450296,0.006974590401483769,-0.11485305109617722,0.12482964491549092,0.4434295218899584,0.22159022382259197,0.04956344539860188,-0.015753205355795784,0.13147258097567285,0.07507796484751529,-0.1505110858536502,0.0563350272786904,0.036995875239152314,0.04424541993067794,-0.00017765617618958155,20.793807404783276,15.516530609404933,8.039127246629377,8.070292578408635,8.050208626964674,6.474586249853532,5.15950726300526,6.678206019824802,4.103506008938266,3.630740317857521,5.543423781798552,4.0013483395489295,0.004982270178891827,five,/content/speechcommands/five/daf230ac_nohash_1.wav,testing,5.0,Kitchen.wav
1349,-165.72851089353276,9.999001449337094,26.03975674891432,40.91591919840316,7.023291430260802,0.8704711619530212,9.645471515046925,-2.133273861514897,3.725591860045569,4.399993522745793,4.210338729011642,9.897234981448118,0.11929615057306364,128.5890475493791,43.513594771556164,27.887220561905647,25.889131198892763,16.406882797559298,13.772976739222438,15.907680342856333,11.410456117488014,12.193130937658024,11.334680005831428,9.682571867346045,9.81174051980159,0.10434134171085765,-0.6981588328994657,-0.7812903424297077,0.1618497628911382,1.0808078231945515,0.6603947984363328,-0.7898698874758492,-0.6140398945705855,0.21719079876714703,0.012242541279674172,-0.6165549208186819,-0.3662237581119054,0.08262490329534138,0.0004290743100066339,38.278375325357196,21.0846848441519,15.082665359517696,12.54649044222906,8.60173082114537,7.9568452501015265,8.854683671831038,6.277505342617933,9.511676149777271,7.780711919336201,7.120947688232802,7.331050634927009,0.032872559693248156,-0.45408394821595266,-0.10121078235075356,0.07515654462881306,-0.14864459179205056,0.0693840234076055,0.14462247872451298,0.2385218157214606,0.1120403473291729,0.02603310197582592,-0.026277985546727653,0.41965977732650167,0.3028000199290512,-0.0003990300620595614,27.669973305893908,23.286247121030318,14.406112412228346,11.585521024084963,7.79085175903378,9.831712959077086,9.753670596531016,7.29327278732166,10.942456050870419,8.548489748374168,8.070559971295635,8.679167842705098,0.021531318967545485,five,/content/speechcommands/five/c22d3f18_nohash_0.wav,testing,5.0,Kitchen.wav
1350,-277.0993616786835,7.2884040138901165,39.08653091453946,14.759601069791259,13.523708084143149,10.568875929634311,11.131594013784852,8.775689382741607,10.951274968136357,15.197212516319752,9.856589424885765,8.767390452387346,0.040813326719217,57.71095417399357,38.273621207938206,18.203670602564003,27.708512712011967,14.103780592820105,9.413465785863995,8.352381307427727,5.153530392835093,5.3486692785799,9.28865940169928,4.553410569325702,7.171625369470027,0.008128425801678501,2.842372269733216,2.03154629215185,0.020237978212966065,0.12005721686747342,-0.2473984715660525,-1.199875477845645,-0.9002894356381176,-0.2271654178078559,-0.3334217025145781,-0.38146052171407985,0.07619325534444978,0.03077269563607614,-0.00033828640176403906,21.90396059741591,15.205723708672533,7.914856125805531,11.87017874816758,6.5074539877946265,4.571760586465832,4.07994971370318,3.87870691147389,3.899340086615367,4.493234833971105,3.7989129626883957,4.57416301058679,0.00434680610765753,-1.0655278785753628,-0.13685163284665514,0.6788030194981335,0.4972972554558318,0.45001373702286557,0.1598758430756141,0.028146558473404266,0.016581802810749214,0.01968336014697923,-0.10410424638858527,-0.17908389395797428,0.047009463380732204,-4.468187689781189e-05,22.10666768052482,16.979668960139577,5.949882938015433,10.752972738095565,7.169887886879124,4.439363666431327,5.04721218341381,5.191867244596849,4.598182812890529,4.624638045306885,5.390715937250593,5.001525786612864,0.0037752794148115973,five,/content/speechcommands/five/4f8ef132_nohash_1.wav,testing,5.0,Kitchen.wav
1351,-339.82855495995267,0.20670534769484847,33.03941530999701,24.962215542015763,23.336235158168407,13.765794944792361,12.305443190838606,12.850450320613575,14.485314135599072,12.121065095376462,8.471435099126268,11.670793485390707,0.03999934397870675,8.338230231205428,4.203574427189548,3.589456900268321,4.432451166126013,5.490629045794951,5.119870903334226,4.001954933791651,3.562083009542651,3.7043913755615097,3.8442681889837993,3.684434474843936,2.547852556291967,0.0068757810230127385,0.4299668226176253,-0.15476784184739806,-0.04815902940698363,0.012680028631930528,-0.3558700490594566,0.2157513461241135,0.1326953831260224,-0.11226671274241294,0.007459051938485824,0.039401563561486996,0.08112897840249443,0.16247517765350988,0.00025748605689694806,3.743227929925181,4.102914525486825,3.1665847092516692,4.607404331288812,3.6892937756312456,4.499044633495241,3.609482272783546,4.030586821419052,3.795346504963323,3.529000566107406,3.750922380345803,2.7256466103897203,0.004855457894873516,-0.3742089451693971,-0.08781522194670084,0.10664107899243097,0.25453898176518946,0.3283734487714407,0.46566502995452574,0.255996620384831,-0.29994286709671164,-0.37748513795422983,-0.24926875515406552,-0.02388436131551638,0.14923143137590233,0.0001531132807334264,3.9937388425918576,5.483351451059879,4.366468097818878,6.412400555944677,4.508277033284085,5.137567593819234,4.650416673821163,5.369293551105418,5.660826923564679,4.870931634799478,5.115632687794514,3.769490833621547,0.004248854137730383,five,/content/speechcommands/five/3f2b358d_nohash_0.wav,testing,5.0,Kitchen.wav
1352,-213.11353942691187,35.296344482190094,23.54230889530357,27.538810675516757,12.47746154085953,5.256736063518885,7.584387409993157,6.278494856534299,2.101837352333516,2.6346033852138966,8.69064828628196,5.257416222621735,0.0656151877483353,98.1180440216983,36.82810650562997,31.078737300150962,20.738527257238292,17.702861562687524,16.105526162061114,11.880436920098612,8.550876969603923,9.309982107886709,9.731505415527733,7.643309981039407,5.393599148511431,0.04592534206657745,3.873669016121499,2.024023211179618,-0.7995035471052041,-0.8790093286098255,-0.4175392118919876,-0.22128069702143913,0.02138092367313063,-0.1752186465784087,-0.26309554129697454,-0.144314222689336,-0.3963407104819078,-0.40042424489284184,-0.0008207012809091998,34.48586989726997,20.426394798522484,14.041797732132958,10.380884391457363,9.463590536317602,7.449489230384642,6.1641811420085295,4.455760487875672,5.781116513525744,5.2585479966385265,4.809562571533645,3.7248558867434785,0.018907145639567156,0.1489651943446867,0.17907076488762794,-0.009004514998793548,-0.21734701290480604,-0.19818894111715188,-0.021885754862907742,-0.3109443362334974,-0.1291352121830508,0.10072668323287806,-0.06714220322836832,-0.007501527987963671,-0.046137036450630976,0.00011345980068047842,25.767763319076206,23.39676072496669,11.918971777214667,11.831451137753076,10.131727036204062,7.9790146953605525,6.220640085190996,5.113598294807311,7.126445115641525,4.90426849210786,5.714491257714501,4.66586880903646,0.015557936013214374,five,/content/speechcommands/five/c22d3f18_nohash_3.wav,testing,5.0,Kitchen.wav
1353,-261.23407588414847,11.731458612809298,36.593609109398365,6.702867461349013,14.992441124485945,11.94547867682586,11.545377128564162,10.61664267679347,14.32724839691723,12.620911670116007,2.247854609040945,5.466996459471803,0.03655886655906215,51.756030633584636,37.76051679387982,23.22581249957143,27.883228143478707,7.783411518434891,8.901059000926677,8.370106946254726,5.497954866083983,4.577433028902642,5.105513304332393,6.090809904365737,4.65866310851849,0.009305445724743629,-1.3951955510387466,-1.9702828594780095,-0.9719775501214583,-0.044620696243929364,0.14602425484400594,-0.007477583006298914,0.26238373322528297,-0.006044553020944554,-0.23432019716624222,0.08922786561172458,-0.17407764286411612,-0.15788139442428015,-0.00039832744627229627,21.30680141645205,17.964401397636493,9.156444390711219,10.077040385160343,4.921117339349794,5.538458526288408,4.217172777098527,3.586691665333837,2.584458157293383,3.4083307581224385,3.9742105787765847,3.5680598341441163,0.004812226362401556,-0.02344248648498516,0.23340785436986036,0.03675909525446173,0.031566089188147885,-0.06103097075195372,0.021348762694804138,0.18810087403048273,-0.0854657714327143,-0.17256288323851038,-0.02043070480383209,-0.1527522618058392,-0.2493413283019183,-0.0001453590268890063,20.533790316029613,20.072163825242953,8.330889579570965,8.327059958687942,6.2867547537738595,4.870775482661223,4.543449372187157,4.199966292740023,2.88210931682065,4.394302142112874,5.575934478859432,4.324772866634616,0.003372116705337728,five,/content/speechcommands/five/bb31b82b_nohash_0.wav,testing,5.0,Kitchen.wav
1354,-241.31138859521678,62.24702132240438,15.156495257506576,27.955373495023622,19.769408008427515,-7.583998380023393,0.1064933554122125,8.08726981584704,1.861232732394115,3.8102944845500772,8.307427407501402,5.890491879845243,0.07668256910983473,95.7131785068493,43.417739786310435,36.2205223517678,22.50612617528607,15.622188691498252,22.84994105171856,14.961981484481015,8.787760651572885,14.528537466378562,10.917513342017058,7.149129584240103,6.862608790237576,0.06617253314704513,4.648203758326902,1.571283070664419,-1.3149724136088865,-0.5631144604888304,-0.9531779284141271,-1.0278219596552276,-0.8371131651965598,0.29482109519980565,0.10231245462064475,-0.30834932906726703,0.711623762819388,0.3900609235979769,-0.0011989932747617845,33.54825191337672,18.168956212955447,15.508670028859221,10.995684601417599,8.179002852410996,8.30404633720957,7.049707857342696,4.647403757637473,8.528285251910773,6.057615269836714,4.564641532309218,4.9758337524174685,0.023493115496613315,1.2373544987447198,-0.26856716477245707,-0.6649601336721812,-0.2403592261200958,-0.2876187658949187,-0.045023212350369296,-0.01231231091348898,-0.003829101987746538,0.02211825454916981,-0.1152878198361407,0.20622508188756256,0.24203797750060344,7.539453605810801e-05,24.902046715311233,17.416168434756386,13.097682362581267,9.114027748864636,8.550055336479062,7.587734307171117,7.084243601261899,4.408034202243198,8.382379276439579,6.456012550464334,5.727973371538022,5.793846162647498,0.015214734700122962,five,/content/speechcommands/five/b97c9f77_nohash_4.wav,testing,5.0,Kitchen.wav
1355,-277.92311560968807,6.1687438444329015,37.04705804295426,19.94517015223433,15.112969927094957,4.934047226013956,6.9480683612049345,4.2114060685228925,7.460147463801173,9.280899036836992,5.902012939236754,8.227379377325523,0.042265319323632866,75.95115656029338,48.10168523659907,21.64305158078721,16.75895412940283,9.809699340204304,13.266816804639655,13.913500980633472,11.634824322368154,9.310684232739243,7.458072115512914,5.867471866907605,4.314339787028711,0.010927400046637767,1.2415497991944586,1.2160004945910619,-0.4258590311914769,-0.9061964158141622,0.11605831039834408,0.2192672574084505,0.03859338206280127,0.07156746847003924,0.9224129840016428,0.6913515649637525,0.02259533455518084,-0.367711576413043,-0.0006050105176625713,26.96204070947917,17.623531676753835,9.923416816634004,8.928550240334701,5.359128283502152,5.585129034624162,5.977908977904702,4.696497217357337,5.67497571978894,4.5266983924768125,3.2309118204716025,3.1822980158756082,0.006470017906957138,-0.983451871858685,-0.5890565032220844,0.2350371449394236,-0.018833192325126962,0.22302670425942478,0.23733049628482775,0.15575400256769434,0.12023348625365822,0.04047883252961902,0.2949944508713132,0.1499190312442263,-0.15405136424758756,-3.247552861769994e-05,19.697858971918997,16.075860144506777,8.093061496779468,9.881880060786502,5.743081284467229,5.744108444247177,6.357047858271369,4.926623428677175,6.2934663782052755,4.8977583406076395,3.6224336903160244,3.779055889511834,0.005427087468020087,five,/content/speechcommands/five/5c8af87a_nohash_0.wav,testing,5.0,Kitchen.wav
1356,-203.57704373931756,49.342703654104966,10.55133678121328,0.31514614127058493,13.05064138766427,3.2598863432974747,5.413503175627188,12.591602399947874,8.873707189719806,0.15982780262811813,0.47223826169410354,0.752387190052026,0.07018778289784677,96.81380808952515,53.957466310555986,39.09649705020892,27.425102537040615,12.552181614688875,21.863829172362923,10.93990798313487,7.1684600016946245,7.5945205784939755,9.59722238310569,4.098508191207803,7.398885638678593,0.04310587057306508,-3.437329863093357,-1.8125410905881107,0.8603246974315405,0.4387593135308663,-0.47844814553916043,-2.212710509605838,-0.8982221018296421,0.8809827900606854,0.5830196838783595,-0.03778096142515889,0.28547208295084464,0.09976845605701729,-0.001263233923142956,32.28076951178985,20.538236931001176,13.966535369331408,11.272876676722762,6.756128367792822,8.791288464543156,5.230310627292677,4.717091972028045,4.79304644306708,4.484973134504295,3.287315474108333,5.273599772624089,0.015006138080186679,0.36600574624215576,0.21578778674001028,0.42348622030390715,0.2690542474040498,-0.32280899342701036,-0.40662012827927313,-0.24258954422027504,-0.3450353553959029,-0.2604544635097188,0.1688058787528196,0.027821122491530837,-0.02353596509801624,0.00023622338970502216,25.354070957017555,18.141416539073035,11.941686230389603,10.912502188643767,6.55271309215177,7.438428136040955,6.813526922039804,6.49344442722447,6.370836027901546,5.62720225521914,4.075393901331394,5.659465440862569,0.012720678217606106,five,/content/speechcommands/five/f297e878_nohash_1.wav,testing,5.0,Kitchen.wav
1357,-224.70623544384023,24.789573870927764,12.41840002476839,9.454746190454138,10.509178890455908,-0.3651500558504137,2.4000953600670973,9.75466737601927,7.5195942169944745,4.532294684197817,4.576705298909525,3.939077238902076,0.06526084640063345,99.63775339005973,29.141496238559196,31.591395598267027,17.99423421222884,8.559415677162324,15.756743588285424,12.099784624703299,6.494777783767368,6.42581809971899,6.043498123832017,5.9078581657757105,8.619002515809818,0.05334516936372113,-0.54676477764266,-0.27138070482530247,0.1526960704943613,0.14832569517375213,0.3963545930887299,0.399717228808506,0.08678319435664877,0.0003070786431665523,0.20710719560959145,0.3978342017681441,0.24480241902687908,0.13911563592640971,0.0008563491245431285,27.397876571465904,9.825900317386624,11.273997594711036,9.243412835136274,5.550503254786469,6.284616290652433,5.04280578277192,3.7018541428495535,3.4724635106164334,4.119629876785146,4.409112766442165,4.877665720486843,0.01727838719386065,0.08977738381696554,-0.31260274558667744,-0.09155916611790964,0.2290640869277824,0.1946025143048221,0.1275698473959904,0.008953147361827441,-0.09580491409736265,0.10915053617102334,0.373612236818982,0.15730437272580852,-0.0692986757612541,0.00014617865284283956,20.66215810210578,9.622226713864563,8.162103292886648,10.131412047185774,6.442778505405314,6.923122149258951,6.039915683348879,3.51875606987509,4.008349528900158,4.651057893926124,4.743667259953412,5.575964245500026,0.010496998428139967,five,/content/speechcommands/five/692a88e6_nohash_4.wav,testing,5.0,Kitchen.wav
1358,-225.07516837826284,57.106474247235404,32.39245558844679,-4.629193598526591,0.881061515054695,5.5694178922404864,2.090351157201668,3.4862357253817655,4.568219824259101,6.028992996878256,4.9707917272189155,3.0526910384530543,0.042246744096759825,55.01235090743349,42.06565265783325,9.486634746881377,15.327517481895223,7.657745566010992,3.6423503322486743,8.660455839030057,7.567818931847648,5.591673091752457,5.695311209672853,6.28006751007502,5.691346479681821,0.015841250729813027,1.647773216246163,2.0760636277119238,0.407835050124507,-0.14520746046795718,-0.28750111795002525,-0.23036346310744987,-0.4090897482885327,-0.4999952189542302,-0.33314493902369224,-0.38078302794693003,-0.21345949511123796,-0.1996784047798325,0.0001341074084242185,24.07505802951065,16.775060022383368,6.613870185252455,7.9247729837875625,4.599889228707961,2.701227040140419,3.6880100551850314,3.4178133093577174,2.9502637086416144,3.187905513288369,2.5098771183978204,3.5625341196808162,0.005238182124665192,-1.116811443007361,-0.6627524794178178,0.23846195275411083,0.24913076056731595,-0.06047860649014293,0.07736841692627613,0.11279426304830721,0.3435995575450879,0.22557265605497262,0.14385134302530364,-0.025701322133506226,-0.05539747460222868,-0.00021239241649364602,22.707611688899863,17.11371249412364,6.947948727175126,7.506665261344387,5.13081920991043,3.3513845759131744,4.159952590324095,4.2967524624305025,3.635116162649845,4.04939836376799,3.3122152755155168,4.478588514631245,0.0033820852013066813,five,/content/speechcommands/five/5744b6a7_nohash_0.wav,testing,5.0,Kitchen.wav
1359,-278.4240157324816,12.232617441148335,39.34504698900395,8.550748849998369,8.509617655519461,7.3688901042424195,10.422234664263819,8.168416251917687,11.206918252405327,12.556368010956785,7.756104567952304,6.7465247750555974,0.03247432934585959,47.56962518005871,38.237326531933206,11.868240415511687,23.144398238610865,11.378654056316755,5.967773429768911,6.329863424877784,4.702975883501651,6.229221793622922,6.830122472937825,3.3539517383601374,4.4014356079013135,0.0060953965231498744,0.5194863081469282,0.2297756815321376,-0.065930356910139,0.04175012346279955,0.23645379439449196,0.439367628465643,0.09592230214498357,0.028148610799737222,0.2822557268121488,0.26795282723858355,-0.06974929415639067,-0.010667646742547778,0.0003927014167270353,19.373782825129634,15.091111283458972,6.122151544117271,9.099574193509534,5.520941048225061,4.247594244460323,4.417564253114386,3.754932964581901,3.706568112009134,3.5588631543590212,2.1744203124628534,3.3344080902532833,0.004007133610386213,-0.17808195705858149,0.1301052106665522,-0.0863403149508296,-0.10370931852903548,0.1580956350038873,0.28224695256065097,0.11343459649072492,-0.020972367314231674,-0.17966472277924303,-0.03453063556479658,0.09187637278178613,-0.07785016143344695,-4.726368933916092e-05,18.018681611451267,14.302712022201781,5.453941446368982,8.674145709349023,7.098650316881929,5.370005643003388,4.596000081369888,4.478837546977252,3.7774355819613152,3.8592831375589203,3.2981028320709584,4.34189120469422,0.003605037959207403,five,/content/speechcommands/five/863880b7_nohash_0.wav,testing,5.0,Kitchen.wav
1360,-192.68894359249927,67.40420421896835,5.694855467652344,11.23365692990049,10.310614786131081,11.020750443794078,2.392008797989149,7.5237013128314825,3.9470476587679615,7.474430589409851,8.758170150459506,4.478866965905686,0.07232268975349143,94.59386442784735,45.17759055483412,25.43563637999016,19.292042436158162,19.834088163081212,8.630287306996731,16.11401882328628,8.649930085030169,6.7033209271144,7.678445433007026,7.647965879400069,6.624617255325568,0.07162493626911798,2.0680388806325873,1.3674631411167306,-0.7995726663011611,-1.2119563500327328,-0.47840438306715866,-0.0052261403109579736,0.10346693853368068,-0.03523162648231611,-0.23233255680201564,-0.02173971665245838,0.11520405241951792,-0.11476831215414321,-0.00017608407764665543,33.57899759359801,21.273603508201532,10.943434920087304,10.731900050329727,9.036101992573618,4.431410073990157,6.570628962534103,4.001112609018424,3.757868718849197,5.37058458228512,4.039949431808493,3.9757797056935575,0.028497902518217877,-1.0814271852815003,-0.08040570939329482,0.3692745951260585,-0.3099894766731059,-0.0063803481205773945,0.2488955111415035,0.393796743262904,0.24539407224125792,-0.048736991539279864,0.01711749700511967,-0.07638244952475252,-0.3713111308520347,-0.00011801701039075852,30.167419502663257,23.551828856023725,13.076053195713271,13.380850816421818,8.536253275198366,5.113352896708532,6.910702682475119,4.205498897727583,5.346654376632215,5.781158134336797,4.305275873035238,4.290504077811406,0.0233893145553364,five,/content/speechcommands/five/caf9fceb_nohash_1.wav,testing,5.0,Kitchen.wav
1361,-239.9798636668032,64.92570558138719,12.823836884738512,2.825916886179299,10.443807122947764,-8.435284806813785,-10.190921807834421,5.9692578274573975,11.623250445781364,8.274195194682155,9.205992188352411,10.062137528912727,0.05850603624626442,67.87313461408206,49.41934857839651,25.137340803311947,19.819676630975692,14.681093743375822,27.38310868023539,24.771964207188287,12.870723572259838,10.45898499819177,7.905315388365066,9.935180900365122,3.601650171044259,0.03848484761917769,-1.7496911584069772,-0.5120941173105648,2.363084767746723,1.7474518261709728,0.890853506091675,-0.9141140509649202,-1.7320587656080269,-0.5268961248483625,-1.3552198752878095,0.06172562139991774,1.1947725925488653,0.03513979299952515,0.00015504106592673523,24.48604951757889,19.048230298117893,12.284281407385123,7.780757414051025,7.934732517043774,10.449139183806734,8.42401487716562,8.712857131869178,4.2146458613938655,6.153279386567828,4.878213242279669,3.6289345844851897,0.014816386989336364,-0.8892215724659058,-1.1612188724347414,0.30304404174766547,-0.03872710826306907,-0.16181295332784593,0.7844941318222866,0.7885762057994138,0.7205779056461056,0.11055582032259728,-0.04116700546127163,-0.10369891598831074,0.15759893221017696,-0.0005306217074394226,17.72787652079007,15.581771149270638,11.781529688331087,6.0300005917929,7.1291545732448105,8.93214264140111,8.874333762385831,9.471756141157977,4.662485380262427,7.070164688789545,6.070707042002207,5.292553500358975,0.009376160336553054,five,/content/speechcommands/five/83957201_nohash_0.wav,testing,5.0,Kitchen.wav
1362,-105.15695145597584,29.044124644612467,8.780636917380576,43.69314677230817,4.340146078360478,2.92030457017555,12.476953573433814,-6.33192561046334,-5.250232005007485,3.1714370096929048,-2.7260184154479346,5.409506501746199,0.14799085271079093,93.72311222476895,36.68421066997776,27.985476020543945,28.183334852863098,18.912085663931474,22.429402359047835,12.068485629092304,14.205236456345757,13.015322706809169,11.118104801891162,9.421232479393163,11.116706713850954,0.11106024674015992,0.34438058609364564,2.0103929074359455,1.9450088511039305,0.027885058746223438,0.8288865300538528,-0.14678063453517104,-0.22305605598000308,0.26776868881183047,-1.1106581255141563,-0.77180750136677,0.36299051055345505,-0.34861668560296094,0.0034605670840509475,37.90777464995849,21.744733101447963,18.134557931605592,14.19020686657712,9.365223532308466,9.317557168235732,8.130201757271495,6.602777509714623,5.507075665810927,7.790200212573902,6.63342710227485,6.1756462467173066,0.029568486243570096,-2.552373021487126,0.3061659178600304,1.4381463816282485,-0.6473743025497015,0.3463480522565801,0.4579863335153504,-0.0845312650024413,0.26903067115946677,-0.0333814369539765,0.23275689274277317,0.08442564799529505,-0.2589081785820488,-0.0006605672339598337,36.80255656521115,23.844522674384958,19.742155148638087,12.5774073856923,8.886293176570401,9.493117306880242,10.015578299838507,7.2848765172016945,6.5235790232239825,9.29975904456553,7.352599013119074,6.8347615114117275,0.02294241024682948,five,/content/speechcommands/five/c22d3f18_nohash_2.wav,testing,5.0,Kitchen.wav
1363,-291.57317316751426,37.2699406683366,19.129750907622334,7.36313162113974,9.486895395930315,10.778214784119852,14.336856877613272,10.410762970847609,10.986791886393101,12.228927969143584,7.952649117759284,8.268552454718685,0.02899273723596707,59.901341711534045,34.50778931765892,23.074014969761723,25.703532951159932,12.791109955255822,7.396388791304707,5.364699984891518,8.103651023950924,6.13115978587342,4.746755056456378,6.234815234794027,7.3573164549711025,0.009502391943214603,-0.9429074568693948,-0.4452681766718204,0.09018563284431919,0.06601389472994569,0.03334905772944517,0.27983032743060926,0.5426637715820987,0.21153605389773172,0.03354033259868374,0.22834982433409132,-0.14236363233189842,-0.47269978882413416,0.00029052163083707135,28.54182426910448,17.334111894151977,11.659194307820982,12.911500084306406,8.574946257906541,5.372794234444878,3.8498428864337493,5.800073003489884,4.307929872882016,4.222064708310813,3.6996771334032443,5.106334976969395,0.0038865822732637597,-1.0411981208932237,-0.5698297175064254,0.3936175806501074,0.46168950930790764,0.39134976582795933,-0.24352260820396854,-0.22213383432728342,0.2304112349128138,0.3612184703460528,0.09986387565608629,-0.018150038262671822,0.23513757919399872,-6.719989081223805e-05,27.2581256341243,20.917374204443792,9.353106012047832,14.510485677472328,10.149809054083693,5.076628083845753,5.231080282333134,6.129930034092153,4.426999475489458,5.495129687610841,4.415036669484291,6.042769703556112,0.003216436476912488,five,/content/speechcommands/five/4c7c95de_nohash_1.wav,testing,5.0,Kitchen.wav
1364,-270.5974238676855,45.51796642897141,14.478246512414664,9.142895882191889,8.419336602384488,6.879612776708854,4.891721186628782,5.062025859917608,11.799150796926265,10.456120628208044,10.230742434861348,10.236522055509003,0.03833864672924392,67.35264791525988,41.86526066530752,23.337374535767292,24.060893624566088,14.988810287404846,9.464120192370853,10.240074161568474,6.858995669055115,7.168652150473827,6.836969057169283,4.046427890096097,8.32522493400055,0.012678237904028314,0.9796012962300035,-0.4794463845310982,-0.9177126977328203,-0.00977155396821256,-0.2948637208018028,0.10583988200914332,-0.6332439914256105,-0.3816346586481575,0.49138545206422213,0.5808051976560321,-0.33397770341975,-0.14266881869539513,-0.00010363264910636409,25.021683672673127,17.85904975585143,10.08157888502648,11.139641926966894,7.731077473611214,6.445345627201962,5.296522946736443,3.622756920941052,4.909569290907297,4.803337112746976,3.284024740710981,4.912207052283307,0.0068394211047556105,-0.1333315162912072,-0.49486896836954414,0.11971071832692423,0.44060912712170197,0.0014322791655448106,0.12860386615545974,-0.022576622897854743,0.05650112118887461,-0.18893274433300972,-0.16149499368173062,0.030141334983050487,0.19837628376788546,6.386705984671911e-05,27.641963760975017,20.520508048865114,10.847074841390768,13.122318148869818,10.134726234753819,6.551163295943697,6.125827388681265,4.774172423620771,6.996898406385859,5.983142512404245,5.002629700627444,5.561605655827061,0.0054593124288620475,five,/content/speechcommands/five/4845bb10_nohash_0.wav,testing,5.0,Kitchen.wav
1365,-262.9781300269211,41.40137232062039,24.44858739095025,2.0223281173052348,6.039956503927433,2.57263313966114,0.8592775686066627,7.848253210566966,12.8164852169256,10.363780570970908,8.594877893954457,11.021052081645912,0.03948386374395341,45.87439136954207,40.789325200544916,21.574075477316217,21.964857619930793,22.778892066159337,20.07732955303116,19.103622435062213,10.124210708611061,8.890786647307314,7.240516452104286,12.402501246474698,5.671959384389337,0.010245199065468426,-3.1108101142915694,-1.5377935433714636,2.1115236986036487,1.9385768269123596,0.5178226772477434,-0.6753350203378337,-0.15961188456135594,-0.08176936588280768,-1.3134058812039142,0.15621278523953677,1.4072027963624933,0.5459738388532911,-5.025596868607306e-05,17.049424020278266,14.478356429841073,10.15192989276079,7.900586464802283,8.23523127697559,7.596354810566107,10.865610495578231,5.853257859415016,5.166754062375528,4.5561290270517025,4.936102464854851,4.427812045046756,0.0050781209258347,-0.16796830618984965,-0.22797829258439062,-0.4525230810017747,-0.0927812723142535,-0.22066630324239037,0.13119235758132508,0.2686181664502664,0.16678866777572868,0.11434108709901418,-0.18192480870813957,-0.20861197010942695,0.09063505494368537,-8.505744238694509e-05,13.73181596264925,11.009100273536575,8.221846920003918,4.961595521070664,5.345701272946393,7.554830042155637,10.251370578154056,5.970328714694673,6.079085787411749,5.239053221809716,5.199152499890964,6.386049065903764,0.0038996928650200965,five,/content/speechcommands/five/83957201_nohash_2.wav,testing,5.0,Kitchen.wav
1366,-222.12908204822136,26.801094944759456,-5.472917592746705,15.914509117130438,11.900902627018061,5.268279594429742,9.832482429821797,10.507238600614333,6.429246871417394,3.320148685236449,6.924677042907355,-0.8421830725923413,0.08400629489915445,90.72486725289014,33.81837753492055,39.22564402214245,20.234322996889766,8.32745082763255,12.533516552868223,7.988519265643243,9.006965441415396,14.490781968035533,7.818291193404607,7.242382949689165,10.613942953056412,0.08280895471137642,-0.7698293230783654,-0.6415942083563552,-0.1567168179990281,0.1995511692168617,0.6161234104793133,0.25711966008622905,-0.2879086273351846,-0.4026624510074198,-0.3859796675766946,-0.1458412386656701,-0.15553075588814844,-0.2301784558554856,0.0003804947820401961,30.830487947275664,16.31173380195021,14.068688561032932,10.883251241420728,6.1821824942873205,6.9882791820382755,4.409955799895489,6.360726394696298,8.39529987694023,3.5271119092669836,3.6431556481090515,5.403537898884648,0.02827550710739426,-0.15380673548704873,-0.08301576404599785,0.42732623925379054,-0.031730498635980924,-0.023357945591004813,0.6024296804691927,0.30792313821191725,-0.2946671731873751,-0.08637772857197827,0.24803974921350422,0.04236840142502526,0.042240905023655184,2.3181301852067312e-05,24.005048334062277,16.467496699615648,11.034631167110678,11.349358128429657,6.819759746120189,6.775128040757242,5.030907982073534,7.279048887140547,7.819413543155644,3.7295477610407186,4.440487231176632,6.031506096344178,0.01703095656411303,five,/content/speechcommands/five/6f2f57c1_nohash_0.wav,testing,5.0,Kitchen.wav
1367,-298.451929891445,20.167118351823046,32.83314721645412,14.785976804923102,12.409394431478225,8.020196699961446,12.952190894447735,10.045105040068623,9.023378336075071,9.292290778225293,7.244482756467189,7.798825420497137,0.029408063797745854,48.945310748211064,38.36839819363803,11.862683201190425,21.53304740573342,17.785003838264444,9.842426245238052,10.712797738009256,7.170727618475271,5.896797670995862,4.762691274819243,4.691937082971648,3.3783923991084808,0.005850947507486222,0.2010885048784325,-0.041789545473802044,-0.15347473765918554,-0.07377447987236252,-0.17945876313796963,0.036254829657766684,0.1405027604266233,0.20518155333974664,-0.06367454527478503,-0.010336073552905983,0.12845773394187743,0.031053411633629544,0.00023915156001044858,18.05121814022339,15.23454786837997,6.586158918704528,7.773853280826744,7.799578873119953,5.324344560436992,4.900002773823518,3.274756138959546,3.702727637198099,3.3185606672331756,3.5423099345281455,2.6419023311553547,0.003540562010141291,-0.17730700634741084,0.09816066687874762,0.1218359704155441,0.14952633086250805,0.09157113476876155,-0.08572010767862098,-0.14932998175577497,-0.17827500225663087,0.041834853908589945,0.2107805552043885,0.3984532965237281,0.09604654679704673,0.00010727631549040476,16.892253809002373,14.950790532837987,5.865639545495512,5.854325941028141,7.499139668576151,6.34735350569377,4.8283447326065625,3.8248435269267613,4.223485049092507,3.806387701589556,4.506529381129579,4.013894970315156,0.0029161362643093276,five,/content/speechcommands/five/7dc95912_nohash_1.wav,testing,5.0,Kitchen.wav
1368,-177.35079701176033,42.16307249445102,13.481446197738016,11.071108844096607,8.448565521202141,-4.778833625420985,4.406272833166403,-0.3414254807797009,-1.9525595863258707,12.67062430494894,4.399485117757459,0.7125484301352913,0.08259858592646196,109.42252551951188,46.17669375126856,27.5516567616762,15.937376507540048,18.79879368457649,15.233886968024576,10.302778774715835,10.299538750020185,11.081674267347376,6.364529807914172,6.207125932529074,12.11478920514591,0.08502322610710497,-5.711495955615634,-1.5055475303002182,0.8702133403944606,0.5374502171818526,1.0555078900625443,0.5847738370587813,0.8068013801811694,0.07595037787821463,-0.19714875937158546,-0.13647351033407923,0.2955174712212996,0.9800930256112167,-0.0006652191401489319,26.310052910767606,18.318045295222323,10.603379928823898,8.014862885837507,7.0400659255858855,7.768175882567617,6.333251933611362,5.6067684605739645,5.746425973796811,3.966267786863547,4.855278390116211,7.02296725046559,0.03343103849570826,-1.4435707947528433,-0.319235799992137,0.20244709299725702,0.11443533819237407,-0.11242834919425046,-0.04088428895669086,-0.28762048521006733,0.2456303836214863,0.5948975445476765,0.07301125433551044,-0.26905948913493927,-0.07997122402737743,-0.0006221328551570574,20.617597595238006,18.855751418745218,11.41958294443996,8.19416507902829,5.764328690947184,8.181840066207547,6.495310057406862,6.853909820535351,5.205384335964752,4.264299052500461,5.029449491518157,6.758796506126757,0.03501475099841954,five,/content/speechcommands/five/e5e54cee_nohash_0.wav,testing,5.0,Kitchen.wav
1369,-218.15319692094863,30.082053685846518,-2.387239243316251,15.39451516737514,3.8328058751186918,9.199814585844354,12.198119912020777,0.08238232468326334,8.338251987697742,4.083652920485016,6.87580800460525,6.389460223124246,0.07767136418260634,110.80047005077625,39.181329078034906,41.788037915800544,15.755593956929257,21.981782280871773,5.327574806198787,10.027949485119485,18.600761042060952,8.767177073027602,11.435224353017599,6.003249072876027,7.799311754090699,0.08118632500510373,0.10740198677970396,-0.03743969922444859,-0.5647378804486267,-0.2864924671399487,0.019518191871103253,0.05889053299533028,-0.0186882578396616,0.20296959711259743,0.2233096581352304,0.03125366176218007,0.030325425174698637,-0.01099806825949579,0.00012133919423626315,36.33978422184449,19.457201828082322,15.408194613024435,11.58731491458348,10.904562606197517,4.702577739065508,7.354485564248154,8.009004659029902,7.078647501180952,5.2937077633586185,3.5078924556927755,4.987492927707892,0.03095881345968333,-0.24890881703740178,0.029103558685437216,0.3694523412056452,0.08992173300013603,0.30535426591516346,0.14951225984195368,-0.07578411831775374,-0.12604704747266796,0.028427192378658362,0.10095476803563232,0.1396996292898835,-0.15007382921894064,3.512725234031677e-05,29.796838280000838,23.665063268813114,10.704296630093115,14.803378326019159,11.584330355630478,6.391734622602193,8.190493935879926,7.775036611295705,8.840894739622017,5.93637027156148,4.757262046807812,6.570134398177357,0.025822356731317983,five,/content/speechcommands/five/cd85758f_nohash_0.wav,testing,5.0,Kitchen.wav
1370,-185.82454466914317,20.265863134945835,29.233159426997535,19.332502936720573,9.68160205920757,2.2068089512522517,3.745511515991238,7.294101068172496,9.119174754251752,2.85579606444566,2.7833434374006014,2.990965071447609,0.09686767437960953,78.76690616106819,52.9852154772978,19.561662399020346,24.27413381679136,18.780935630894636,13.817687659552409,14.22064384187639,4.008763017234355,8.381403025029801,11.104258870603617,5.435504051819503,5.507634776795155,0.09109398875536324,2.2363757121917813,1.8019821702412573,1.0322516009008513,0.7790071815466961,0.3097319171206742,0.01552879012726649,0.10891322110989604,0.10403724179167195,-0.6119877489110874,-0.5915766818718338,-0.5138496219292438,-0.4559568073571523,0.00219727992530792,21.554974982554093,16.862048779925278,12.703277251118118,13.108862910688023,11.186089058962335,9.852197782256036,7.1966634207234765,3.5764083481376865,5.828848991525892,6.196504844358242,4.239653000319864,4.380963887553006,0.02781964735587816,-1.038004478300946,-0.4282321106155296,0.18637748483078115,0.11743520811160621,0.24551639557386515,0.37059482955339135,0.347904097722517,0.09125159954468413,0.03537391897902982,0.09302637226107713,-0.07509115233395436,-0.016463199422194444,-0.0006522797048091888,14.6051299874238,15.010523597326854,10.982346861144135,11.25140221713894,11.481846351841531,11.185330436157596,5.918393074394924,4.704524031188415,5.913872143300423,8.084171475713568,5.906784366734704,6.287115489652211,0.014808196678365092,five,/content/speechcommands/five/9a7c1f83_nohash_5.wav,testing,5.0,Kitchen.wav
1371,-209.5838047150079,32.76174482943307,5.871433514972675,1.6586271811949906,9.0085943543866,5.4644210576602905,9.875737054254254,7.394873919517671,6.2111092236980845,6.600252706702552,12.674211906744521,16.05464562906861,0.08239955425960943,109.61547365632453,55.452849464008175,39.01151952439547,22.628615037561044,17.473070142836022,10.904065116891527,10.230625468339685,5.988552815202077,8.132814201107628,8.265773731921012,5.449181566708409,7.132212138389144,0.06347225965342658,-0.29602737649510036,-0.34041793292780054,-0.13380130059300702,-0.26898315819864577,-0.004135341548895151,-0.09442280410756695,-0.002819866032845091,-0.13088801308050396,-0.14599284315746885,-0.1286646400555669,0.0731148394271554,-0.008094887072174392,-0.00019611394213091943,35.703522286932994,20.577676521339463,12.818862370209358,9.721083025663132,7.786653307956702,5.369973130324654,4.509715076828956,4.033905832096098,5.57878114250314,6.535471882187208,4.595852211936552,4.566502723772284,0.020684871835708694,-0.24401968377340494,-0.25932355219433173,-0.2124180069902632,-0.17187697775160693,0.08574698685495737,0.28680102957705694,0.18607538668423237,0.041686298504090315,0.02310623988654695,0.10650651815927237,0.06041271558756135,-0.14313283407604066,-0.0002373324086268743,29.72896789492032,23.48079444845128,9.729390494971984,10.866650798500006,8.55477785904953,6.1880493416131275,4.636313765299275,5.045334523837338,7.633819910430761,10.046630759948476,5.950238435379528,5.5873417792848175,0.013351271824307119,five,/content/speechcommands/five/e71b4ce6_nohash_0.wav,testing,5.0,Kitchen.wav
1372,-228.19946485074829,65.08857670901408,12.151651355176089,10.036876866187555,-1.926714726313714,6.348788862588229,13.849804585134605,3.7983687146705223,3.4368627420138766,1.6984785864597425,3.5870176393085176,6.024054636325893,0.07955637853592634,89.46458233289859,43.096251769542235,31.04358299830742,22.637343376435577,30.45018890136877,10.090913041109111,16.047371400871263,7.7518060407397344,5.422880250055453,8.22503896801008,6.576234738889645,7.549766529326202,0.04134075596608956,0.4200375133536872,0.05681460046373614,-0.350610720114396,-0.2911024091821111,-0.1443068850961336,-0.04163459538059529,0.21404824405274023,0.24809802432814823,0.15397776650675224,0.07567431364971212,-0.034298969096171486,0.10456933884496525,0.000310764798233586,26.73402023327369,16.055120891042485,12.119054102785775,8.342650231501551,10.402082601880988,6.037872717049594,6.598907945254482,4.77629771029487,4.369269215013051,6.2837250870632335,3.739286112576119,5.086450073236942,0.015396578289164143,-0.09634750113596624,-0.0646968159619463,-0.06868732052499014,-0.09145973855617899,-0.11906567294184936,-0.06175745282515794,0.14832118966159769,-0.08569076230389593,-0.03954505887970837,0.29515434982140487,0.21568313807191083,0.08643297455009519,0.0003343335042397181,22.112923472663798,17.476328540239432,10.898397568541347,9.610759868333478,9.406900181213347,6.126879006753425,5.7790449958698495,5.708923234760727,5.6826270785744555,6.894744914631371,3.8461276679424987,6.0633592902170745,0.009570968832090763,five,/content/speechcommands/five/a1533da4_nohash_1.wav,testing,5.0,Kitchen.wav
1373,-280.8185043167681,28.84571628214081,19.74796402261669,12.255494622984234,16.837682862605455,9.2571652725058,11.126852163555693,11.046832851657982,12.901855311621187,9.547734025978873,1.8176650555531895,3.1003634078500326,0.03813823446398601,32.4434652574412,19.30037547548849,17.003297574167664,14.939507720654131,5.841672409118888,6.902082361443864,4.180794516617424,4.26464616133722,4.97614448045401,4.540500121081942,6.299222816796274,6.991599564365104,0.013146446649193469,0.19940424300485363,0.2647776385205404,0.06381228499981136,0.28142367367405574,-0.1282669036440545,-0.11742939603415557,0.01841052885833141,0.06408323844451723,0.0849529594614859,0.057278058380514175,-0.12252552225841742,0.03237028208245002,-0.0010773481861237556,13.195507836494693,8.547729943503798,7.511694917005173,8.089315820293892,4.463963013355575,3.5659296260440487,3.39983325515833,3.2174988042411097,3.0538131359016725,3.2497381787827493,3.3491215940700076,3.3594803493055307,0.004593696912425473,-0.0425767062193529,0.19252237835418018,0.06638975506567331,0.09816763404905184,0.2664846049675076,0.15814610797659423,0.12601431110691969,-0.007048267546706022,0.152735710523082,-0.10340885888516398,-0.08208713606067483,0.14829889734279925,0.0001321000357468923,13.142108128142654,9.448071592165181,7.314099228580427,8.878068273388067,5.423341670292969,3.576208267281015,4.985359942571538,3.826883158151304,3.6054499611221273,3.750237489031936,3.365377256921737,4.2121635477549715,0.0033170440085110637,five,/content/speechcommands/five/2aa787cf_nohash_0.wav,testing,5.0,Kitchen.wav
1374,-232.23283527673357,10.783837935070009,12.202203126574023,11.607260997269105,15.887692511413995,8.933236332467331,10.304272549099114,10.237848187959402,11.170871487158083,14.386680081959204,9.7616487445652,8.245195593274456,0.03704089776147157,57.309276600642164,36.93300730116324,21.912303678919866,21.18554707699836,16.77412044582879,12.854463680757242,12.040620788466331,4.732576216512269,5.2165119765553465,7.278941371520639,4.754086663539849,5.22228169931217,0.014518395508301564,0.9180474343448474,0.6089209829869845,-0.47201549171530405,-0.30017169631591983,-0.6554572006073233,0.2176801415366532,0.5584479675234456,-0.23624029097759042,0.00322414489948982,0.30359104417821076,0.04873482971136804,-0.24831976435865247,0.000545409417921497,29.310209837388427,18.094664778287704,10.594130151783666,10.704319500818498,9.004381574210301,8.23602204737567,6.979443013340092,3.314278051873168,4.330503224124414,5.4267742656879765,3.036867174744751,3.971475310117903,0.00591634142261432,-1.8875160189426845,0.19524369006015116,1.0213616820921623,-0.5485314863394943,-0.01151110089495971,0.7043034932599964,0.05481130244470034,0.265697456038915,0.35019141575655177,0.019456449557012454,0.06540410694666707,-0.22580477294249873,-2.3620203137397766e-05,29.462431755079102,19.78520569200429,9.258850268118122,9.598468312826974,9.539512444772742,8.236684061335987,7.033358917447331,4.72962784203218,5.457386084755453,5.986795365338935,3.1026400990862983,4.475765339503409,0.005015540815348326,five,/content/speechcommands/five/cfde27ba_nohash_0.wav,testing,5.0,Kitchen.wav
1375,-157.9868861785808,27.46694316172283,15.790647685211873,16.33391673563743,14.485126427878267,8.78820796614613,10.215197147615733,6.124397326537094,5.603418265394119,8.93152642141078,3.7836051000321174,3.4188187428037202,0.05851395725039765,106.15426753177697,32.34796936742364,13.566951854046229,6.679135822562443,9.490259196825198,5.203319629705619,4.72425696432507,6.076938421679253,5.049286499826002,3.60382931150126,4.78337159713321,4.908400670191563,0.05325914407333652,-6.430252193534259,-2.7962279562786696,0.6222933424526211,0.5944387311709497,0.34484205214802854,0.025778612454316594,0.4717585070874242,0.4716696169970965,0.415754030153531,0.264954905731352,0.1868860486354393,0.5899992271505593,-0.0004610945620844441,36.31004646972795,7.792464153060366,6.8550572847364455,4.714523904859904,4.4925570776117825,4.505570877683154,3.6540697771588966,3.5366856742397985,3.2998069862962627,3.196953283092153,2.9930514965499313,3.112754871278019,0.02514012904540027,-0.10585039732935968,-0.11112053336241084,0.006472704892412414,0.3899037699422078,0.11758721280145909,-0.12504713861900954,-0.03256233729899615,-0.1578818236823525,0.15670816503580345,0.19604575478558262,-0.1498733520699841,0.02507290073150935,-0.00018999651074409486,30.716963564926072,10.1879609933311,7.729756792809336,6.177098882486177,5.515068501681143,5.867107432401467,5.036916790216105,4.395534000722463,4.35664991735508,4.928061296457759,4.003706694814036,4.9299085753382625,0.022458818391919416,five,/content/speechcommands/five/5c8af87a_nohash_1.wav,testing,5.0,Kitchen.wav
1376,-223.03121264590297,20.591778996094583,30.203847241513863,20.788138222554995,7.034991315945,8.996310521969964,4.535650889730939,2.3076408236367785,13.985984174399512,3.8959144808432535,-2.260468090515843,4.148245376097739,0.06311807117890567,88.17673017166288,41.58106224950301,26.511340846921847,23.320142172846634,16.753483853823422,12.044717672578638,7.320335240455916,10.80380179652144,7.74372579379722,5.436270318023804,7.184277155193689,6.192087121178455,0.038637988537901194,0.14039678615758674,-0.014465189250794956,-0.14645556157311612,0.15984348147306524,0.34033816112413523,0.07054067543469723,-0.20102993056024432,-0.007443644839381228,0.0549781933037588,0.2638915906020046,0.2791709063761033,0.2898207589320694,0.0010520339072231323,29.753325549676056,18.30584821063942,10.23555263633279,10.48289281780449,9.790070615452573,7.069166121557944,4.582201217745674,6.940317927316427,5.2014083315515816,3.8048937519270547,4.429223849768654,4.192713167479374,0.012614893634437047,-0.19460537367979402,-0.04058886557294071,0.09637792464670779,0.10626974685226329,0.1813384041148595,0.20654220255665587,0.16882806441220138,0.03388934442783711,-0.06218089791226943,-0.026340931017459202,-0.08019362782835758,0.24789294726853786,5.5411582191785173e-05,28.089559544580545,19.55095634237307,8.450925821202361,10.09748506606884,9.628127258763334,7.106046267147025,5.903505027936489,7.820755898934451,5.98461005951941,5.466884038755482,5.357306587429089,4.907910199500303,0.00883492617645042,five,/content/speechcommands/five/f428ca69_nohash_0.wav,testing,5.0,Kitchen.wav
1377,-223.61033191980707,6.061753226302278,9.685619978750283,10.57896322708077,14.805900630096879,11.159304679696207,5.955926454081394,4.013723984411191,13.3255022678762,8.935869734826515,5.902040879678962,9.327302245243352,0.044622054148931056,69.26719311760205,32.66975196636169,21.9239641140975,15.260990264649632,4.827278070713013,7.7431930850033535,7.790612985185852,11.29818433537398,6.076405434875992,6.733184702490552,5.5489574118377964,4.038203982600364,0.01519685570561422,-5.677827090715647,-1.760343091837373,0.7004673635607007,1.1592013393325549,0.6228776961999769,0.5804213922502808,0.6693142142289149,1.2898052466602348,0.2923416423830663,-0.2338313952647109,0.221867694064481,-0.21165669260546646,6.232747147160191e-05,9.610337662103134,6.799243242694021,7.823299765837998,4.323717874066858,2.555217796340009,4.503446725205315,3.3452278199959786,3.1404288421631783,3.3354263901817855,3.419149801396727,3.3473753333727774,3.4812227194553107,0.006626753790275449,0.0656495408380214,-0.17648349879004938,0.08968816066632854,0.02316013023941282,-0.04546811456825844,0.0276854454919888,0.23758268004379995,0.18297204719940544,0.038138603647670404,-0.2178994287162236,-0.3086977459871559,-0.15610357451177775,-0.0002957054724295934,7.340025041453573,6.176138007683449,5.95158822305876,3.828495987860134,3.5839665181458136,4.412013894733043,4.307847266758788,4.001840715327208,3.2617620486219456,3.4562535646506203,3.7793097474881936,4.549914516375502,0.004589364172597453,five,/content/speechcommands/five/5b1db3ee_nohash_0.wav,testing,5.0,Kitchen.wav
1378,-175.7922096441933,34.38869339912551,-0.5774494565362874,4.601248635531448,8.350746339878292,-2.5221998431046786,3.466277760969792,3.695449499646333,3.6730054785038404,2.6188900655641927,6.365378608908015,9.917945381145561,0.07454176887404174,78.75356482610546,46.650715478884095,22.788464228578626,19.040672436120623,12.114632474202196,11.383824667196036,16.612267738889432,8.131784610605013,7.896200025548755,5.40539770426313,5.8721218856774815,7.180939614079321,0.056658935329434515,-4.632244506099068,-1.3158212995850627,-0.11004938372108466,0.4078708953361244,-0.016677839993478685,0.029455201846607566,0.41276358155584,0.6836193220296332,0.37379515030643856,0.18176999683666392,0.7562150954275069,0.8919936501604481,8.637686410257893e-05,41.52984346622533,22.48837740278275,14.094467112525447,11.839772348181477,9.330873356898998,7.590680655177004,7.2310564964164366,4.506647085916859,6.054111589157905,5.33620371386525,5.019399859241328,3.3406361687992026,0.020749775240954345,0.10132999148710008,-0.267755736715921,-0.0024922572181401924,0.14236826953454573,0.04830176310618592,-0.0702185704984872,0.2074754018439648,0.2320184871458562,-0.11745385598552567,0.019525513203437525,0.33971808176351315,0.1475265368064506,4.8172970612843834e-05,39.48868631000337,23.153028901333197,16.090068994908194,12.133818179610453,12.35713518453011,9.979648201177595,5.717702401415615,4.388833700170585,7.242376015159944,7.3110164788625855,7.19871519221492,4.174376814087777,0.013930908182566155,five,/content/speechcommands/five/563aa4e6_nohash_1.wav,testing,5.0,Kitchen.wav
1379,-285.05452299319376,2.6068477935429932,44.054702322630675,10.120455551657571,5.3959541420293125,5.535595654501845,10.979856120798289,10.255013735245956,7.279181629736479,10.304892178376448,10.508871776728927,12.947000064998399,0.02998810712597333,34.44467901198306,31.977783366148497,6.938902651516368,20.34850558662488,21.76488037091036,12.182334510420247,5.5559362374931,5.740931227501184,6.703062611650963,4.991448579243857,5.049932225517696,4.491983627574256,0.009592725180670447,-1.5472115755583162,-1.2383940813140872,-0.24428008198536405,0.07754948776911554,-0.038779312322901605,0.04350230444936525,0.13472568121703274,0.12766734024952103,0.0743657339451959,0.2680043159838997,0.19250757972056118,-0.08188202462142155,0.00039185697753583233,14.693698552953727,13.714884190999964,5.051765764171066,8.627639020006272,8.82250909512896,5.876348462644453,4.895715867914363,4.414827441381148,4.919479191376525,3.955081105400884,2.588753583686444,2.77531589961921,0.0033093668658467357,0.11928164419852767,0.2834452097481489,0.10617618951251538,0.018546359372397823,0.07083469460112445,0.07700214200991654,-0.10343839143119188,-0.11613984082762961,-0.2905029157787491,-0.07697297157887088,0.03042101485534904,-0.21538441134286224,-9.963984290758768e-05,14.041125748565381,13.051288345603668,5.740769742608979,7.699815312711222,8.733423518309495,7.371051944902468,6.365734546509706,5.782712539373563,6.23880652606786,4.981660602758571,3.1860933171300885,3.7381293367126016,0.0025017671331457295,five,/content/speechcommands/five/20d3f11f_nohash_0.wav,testing,5.0,Kitchen.wav
1380,-226.0231259001669,13.812958997716553,16.75619813425323,9.63798608522146,5.841262468318432,-0.6368718925512074,7.358284416831056,8.424812544367192,4.293180188151813,11.832916857278175,10.783281452940033,3.1156896658326674,0.07581355172442272,88.51272378805581,42.26563305234132,40.92353297471787,30.83610208827517,14.954058523652403,14.15297561692633,7.190813962738511,10.574557471690365,11.875730736032624,7.029666541682999,5.598902959888145,11.743813617760773,0.05874244553275637,-2.934686648444229,-0.6871282744319488,1.1166244018771498,0.5882490651778445,0.5719202043338163,0.6583633438090176,0.5505346298003634,0.7745301421690282,0.1867840271702088,0.06520292215814741,0.09588734914743763,-0.023749296898084332,0.0004170359142364994,32.204774921325274,20.957993289815388,16.71546646040496,14.599703859623713,9.516021034819742,6.554879115766548,4.818486115410551,7.169407079556407,5.633322751366068,4.762582167708559,4.396879402800151,4.3236732697491425,0.019624584395898176,-0.7956518684732988,-0.15166314686888463,0.16151437250891712,0.10215134170395276,0.154030714957998,0.1303274755919377,0.038165798555520956,0.12877980411012271,-0.055680558724955156,0.3179316716039594,0.3668817540238057,0.253741547646505,8.979023744662603e-05,24.048641579398797,20.30648265246936,11.824466174602616,12.001612604973095,10.949053230282827,7.426066211206577,5.250377572381541,7.499240874323279,5.50158580190525,5.611347803319596,5.157139583488422,4.1401846803117435,0.01094093277149374,five,/content/speechcommands/five/1b4c9b89_nohash_2.wav,testing,5.0,Kitchen.wav
1381,-87.35880854992962,56.71958498974787,-31.758680799313442,-8.771910420931793,-13.576817668437037,3.8090547084097826,-1.9291623529016932,3.148942933095702,-3.241851506074795,2.1286817852714646,3.0732097080873424,-4.629407692936349,0.18346435925923288,88.08258318079085,22.11702820654392,29.207120226957336,32.92337165317006,23.56871018770941,14.275081520256046,10.48009081527593,9.080439291744103,8.540929647431815,11.783855068686693,7.465328794206949,16.991968179490712,0.08468464786215174,2.790770540190909,-0.2346946857638057,0.3877394878521939,1.9258486201994693,0.6208219733293011,-0.31555778591704287,-0.7471755132997586,-0.30399068048550243,-0.3893397887582754,-0.2120529855413829,-0.7535240833807079,-1.2596124333911365,0.0011103339493274689,28.011972737198754,17.147144721934865,10.844800313570591,8.33186542386501,7.848428666122445,6.952109524949443,6.191871162133797,4.46733823473672,5.037013949913095,5.879193219942923,4.6118233310957475,6.105767416176854,0.029069596336335206,-2.447721410373352,-0.669348765245563,-0.3746364429107292,-0.5836453345530512,0.45529925845682667,0.6835697127081072,0.20633527706972019,0.25006583341248256,-0.0318512289033432,0.17313797984954238,0.022413252375545797,0.05327566390480918,-0.0024047758430242538,24.624910124156514,17.304685691470976,12.392191380629212,7.970622099854502,7.182585048108548,6.553660215245933,8.350281397789887,5.940437410184306,6.222917170293795,5.46569925815642,5.38291822699921,6.162922907242505,0.021671494269791175,five,/content/speechcommands/five/94de6a6a_nohash_2.wav,testing,5.0,Kitchen.wav
1382,-298.25095265017757,20.763798642606652,16.24552489061455,11.515796389427317,13.473027202567478,12.942348859238606,13.497390135603085,10.7202194317258,10.680506401234693,11.941362545038901,6.212122086314021,7.86997773293937,0.031674182433034145,60.30830953306285,33.396842310417746,24.85325701564625,25.268199032567786,17.5258150420925,9.227051135049964,7.358037734229847,6.093233927212469,5.322680010447946,4.559272373059878,3.3389901257721393,6.874357792223885,0.012146422493309238,-0.13864923739030058,-0.2521729860103804,-0.03371206288053195,0.14469983256809277,-0.051383184406448734,-0.10105931968471195,-0.18879246656348603,-0.2428747300813677,0.0034960169635310716,0.09251162436692097,0.36767277145326105,0.07152934124029633,-0.0002810765368243059,21.89261919889574,13.595308025967332,10.281639536705178,10.180430658373616,8.140130516017152,6.091991027338007,4.745509974873566,4.926252385815073,4.519689363467554,3.3994575963377023,2.570772987175162,3.3776828401730348,0.004313294645668546,-0.08649651411328195,-0.1084898964602046,0.033980514843581514,-0.054490070690760437,-0.050272803224686045,0.0386675914494894,-0.1901692255853334,-0.01480883849802045,-0.014237291509424333,0.11957135961961539,-0.06745429448013636,0.005249407976475313,-0.00014721451262975562,18.120187937307463,14.228141439099536,8.091548433799783,9.19120442835964,8.250158565300813,6.470033861994346,5.148774304080796,6.2756940481488455,5.392413074399628,4.523173690475881,3.868731027030295,4.4960551929365495,0.003391719799000089,five,/content/speechcommands/five/fa446c16_nohash_0.wav,testing,5.0,Kitchen.wav
1383,-242.11104490031278,13.90028999925136,16.35576570781423,8.328280665303232,8.923190266278388,0.07192279231437215,13.649828814622321,15.351401671235706,11.891719474447212,8.64447347266225,-1.7317969956811468,6.143018086983739,0.07965093152597547,93.0766480541745,45.59724375041323,35.86496773591781,18.6893832649505,15.629898707880526,16.952208524743355,7.041587914903715,6.621018461622783,4.300841854467085,6.297628762804086,9.470739161150444,6.569932860074691,0.05673591991333108,0.07863904383671867,-0.06053890799523908,0.23488784054279951,0.07717932226414125,0.18439361821513314,0.2204705718404193,0.2352955370420664,0.20967597553106584,0.4050362573858925,0.530984359761399,0.3084274602486758,0.09687131514365928,0.00035435598223440106,29.564152000057835,20.455750348930508,11.317178919449894,11.624027207480113,9.62997535406855,8.219086615572303,5.346324998947944,4.375319105335241,3.992211599293125,3.86515759383632,4.425428973454854,4.176795938798574,0.015730753696360903,-0.4194289237105882,-0.11782648966006135,0.20501615813149718,0.28719462549837077,0.26515982597446086,0.2861308431220043,0.08008735805544755,0.02322543147073593,-0.10581530770938538,0.07188166502834363,-0.009897719722341651,-0.16518853058695074,0.00024807962278525035,27.03737435599229,24.120815926856164,8.737849083039094,15.921683601946057,12.226984667001082,8.723446847179476,6.459650481508534,4.933872903819286,5.216691307490172,4.791831719443638,5.326670835747526,5.35671487196301,0.009103296941950924,five,/content/speechcommands/five/ef2a3cfb_nohash_0.wav,testing,5.0,Kitchen.wav
1384,-242.4325390953255,31.854571254744123,12.38763453722315,19.697812661097046,19.261997888484725,4.219704813816549,9.585056493200446,12.484535200143732,11.561093095546244,16.113446446211867,0.4874003542783982,4.829971631411858,0.07544514944311231,96.04210454755717,47.27368894364362,29.531785627571058,20.191660398619412,9.533553709493981,15.033563728162578,9.374766009340656,8.841779326702984,8.88501885199865,8.818065026324632,7.987340951111,7.090263612884379,0.04528527872108407,-0.2920378732176507,-0.3005837622065282,-0.10836966974763748,0.3747578200149746,0.21268443138808013,-0.1814445952105977,-0.043202504761479285,-0.007292100905939179,0.1708521832276077,0.2943703756105988,0.10055984613061984,0.13031937786562842,-0.00040124464900262896,29.747134028924837,18.923816043306765,10.144104659934966,9.514119823133882,7.819066742344107,6.967768522812069,4.630790990453019,4.700315349394721,4.457179302461443,4.428938536463055,4.2010900773963735,4.371367754795363,0.013927678640600074,-0.32415397508751576,0.052646519311513394,0.15299818046534608,0.03291134312498881,-0.062139052335707254,-0.11319534557380878,0.1779105130621315,0.3729985685234183,0.32410920367768803,-0.26640577066239873,-0.06986963330843113,-0.04145130389134077,9.967796504497528e-05,25.803391296404577,20.283408216119867,8.683185361829704,9.605591372638068,9.941501868093685,6.550834379228505,5.245679646083915,6.196913846499627,4.976546422025364,4.487198188338189,4.785766781201779,5.12011552078418,0.00878249051274519,five,/content/speechcommands/five/b83c1acf_nohash_0.wav,testing,5.0,Kitchen.wav
1385,-161.41670409756608,84.9492244979239,-5.561137702824378,-11.20605271965752,-1.0543649885802826,-3.8023316341203883,-6.981667555429046,-6.874236512344599,8.986871308515465,22.604496222921945,-5.296255793181236,-1.4990249837492313,0.08950596824288368,45.99981449051681,41.27305906365077,24.346591672593597,17.666704842783446,17.065179739750583,11.903439189478776,10.165944851779818,8.372919851703,9.04637193864547,12.830918050845138,7.7069405289428214,12.268886870979767,0.06094534578866299,-0.9341777346343463,-1.5730245358276564,-1.1230892162079613,0.5752311238814639,1.289211513590251,0.7890922576083552,0.5509502019057009,0.24156406642319236,0.8534190618413582,0.5941302529913317,-0.5534174655933591,0.0003743994218852034,-0.0006655208638002133,25.95508958466307,17.13177051580372,11.251100423736657,8.024293431778226,4.57136952685766,3.376867253455712,5.784458786212203,4.3454573316770695,4.484733340267705,4.561390561359943,4.171418700592254,6.44726043973118,0.020927665884762907,-3.4558696908562996,0.8467525725799739,0.8250821160864329,-0.30005353231395054,-0.05510939189973785,0.16002395249463008,0.5046524099025816,-0.015162043254908284,0.11522116781801382,-0.3388522835422597,0.3230712354023744,-0.05665910628808733,-0.00039377229820404736,20.575026087824376,15.62627081976939,9.604514036672763,8.383277330748909,5.414959286259083,4.150672789574582,5.624798070707985,4.536959604083036,5.013471688611489,4.363445379097641,5.046382609870327,6.816536418739349,0.010606424352306446,five,/content/speechcommands/five/82b99576_nohash_0.wav,testing,5.0,Kitchen.wav
1386,-253.64424031492814,5.900040170810625,20.628201754450068,15.834458508806943,9.052257450078798,5.959094767990754,11.956196506204138,8.166582574334706,8.882173745886728,7.127644195434934,5.513674051269506,9.565648119770248,0.045202444278402254,71.51105606425428,43.68918450070531,11.910654840401746,14.494151505830475,20.817205283497284,6.1385128293904945,4.982373800237276,6.267510854781258,3.7297650376204383,3.4710702831879803,4.100936988494124,4.411715383202849,0.06393838770589647,6.9819491962943605,3.867815727049808,-0.9344398196980369,-0.9696085523801166,-1.8369400056154612,-0.039477821089072766,0.5814386615831459,-0.6770141625433247,0.32860205030670747,0.10851561392497212,-0.3426874446534812,-0.44290195221597395,0.007940362357804853,27.519933109635623,19.959004943384805,7.241225340977457,7.791024298617821,9.374060641118692,4.246013186188048,3.6623146595450926,3.7945788230692314,4.058531303875951,4.087647922325858,2.869505292707351,3.1841179744191503,0.02023030072387308,0.25103544667753513,-0.11840130998513226,-0.3439183559251339,0.02153999666538399,0.0900254680317186,0.15673265794527946,-0.15784410043140878,-0.3116710059280544,0.19135498869698922,0.2527138489055068,-0.2059713781065966,-0.02597028298158488,0.0010747534533341726,25.37911948810259,23.083595037559174,8.192448692740175,10.198545748594368,11.009110587875156,5.389469649333387,5.102470191835932,4.292679227684631,5.311771940106591,5.8802823962698385,3.5011553675219376,4.442684854905367,0.011359604280324927,five,/content/speechcommands/five/b49caed3_nohash_1.wav,testing,5.0,Kitchen.wav
1387,-184.60916871654337,17.133052600405,-2.6870232793834408,15.241062885616191,-0.3543854548074703,18.44115689974131,6.340523620825725,18.693318105760113,-0.5466583637074067,14.957796997463138,1.0190571425651584,7.996279628766279,0.09178287486429326,129.79755902266663,44.30517089503616,36.92439999337927,25.743569821134614,18.003920569973335,10.736536488865474,11.558171131361235,9.542492397721276,15.377019037947665,9.723321390872517,8.599439393944818,7.598128002282307,0.09067263644370827,-2.9907711223251594,-0.28305779693356603,0.7305322879733153,-0.3916063730702725,0.6268524179654428,0.052518493350403775,-0.6415390725481457,-0.15683711047987037,0.6079631586805377,0.6494339650458466,0.3544732949597658,-0.07634993455083805,0.00018258386802288794,41.12789489208318,27.557734314738877,16.08047838864473,13.261274393231057,10.301940517161468,8.79851339128729,6.390649509628888,7.099839180102352,6.971400537759377,5.771182191778997,7.7691027404326425,5.878743421095309,0.031943130174619735,-4.083648773404702,0.13677812995001812,1.3766098813320886,0.39605588853813567,1.4528720651194542,0.16579172446272755,0.5206856646749825,-0.627687548750307,0.11821747234551835,0.017759912625219018,0.5117373758060546,0.45794591611556734,-0.0003941600521405538,28.619969805769852,31.3323052831711,17.481314914277476,16.28405501815735,11.206149442768437,10.919722607837103,6.808224025169533,7.35455428421608,8.678704790958763,8.159496401661613,10.081457921934158,7.867454131393718,0.023822811081322434,five,/content/speechcommands/five/47d01978_nohash_0.wav,testing,5.0,Kitchen.wav
1388,-254.72535300549285,2.194872877702723,13.353220687091255,13.962116821647882,8.641013682553552,5.315993231842903,16.325725938014816,12.05952424240229,15.377931419779694,15.393391761153582,12.267148903852627,8.149547318039467,0.031963983026798815,74.08744545371808,31.058934639096314,36.7416820016473,23.36043438330485,21.568134150124457,9.426735131687177,11.909355459353634,3.36469641551896,7.401334010845883,9.337743445366682,6.33415088245039,4.991596819337442,0.011237856800141204,-2.5188565677773807,-0.5490539877948373,1.775273497605254,0.29639257098738375,-0.3154571102812323,0.3168201122479754,0.30393790824923056,0.180149795337788,0.14351515685715693,-0.07914059166123627,-0.26018565829052226,0.25937458578833344,-0.00021758182875571713,18.866867653986503,9.048403133620347,10.552530122923764,9.49210483613554,9.488402891607517,5.644315834094487,6.5963395311971675,3.3834014878388974,3.911887932075317,4.1555744722334405,2.982360059567728,3.949803243643859,0.0035904447719541763,0.6112616652943605,0.3523494052042242,0.011569754000025512,0.057893862464581385,-0.07133969880408925,-0.13669076419329548,-0.08536480812402125,0.1199923323438787,0.000874844776085008,-4.999597190386377e-05,-0.07732344867380624,-0.31242779852812586,0.00025421008467674255,17.395683016700776,8.168472715338437,8.55790139539824,9.08240438253225,8.65351823486595,6.178429638400743,5.97136553617634,5.412557579325913,4.443631609309208,4.1834507072633365,4.10766339608892,4.1542941876017805,0.0030755634186592044,five,/content/speechcommands/five/c0e0f834_nohash_0.wav,testing,5.0,Kitchen.wav
1389,-254.1770308100302,15.45861757657291,37.73289494352912,7.613965878650435,10.359818609055807,4.249609726317015,8.268453901282072,6.561847122581464,10.676199133744394,15.300611199637965,8.970450557477871,5.074777051261435,0.03695246236748062,45.772962615162875,35.427974708799844,12.536964700602246,17.603903816246344,12.716185427394816,8.785758283116998,8.966620346714762,6.215171615235569,4.426046931136311,7.640796532721292,5.421677118229317,6.988670333558148,0.014915701309452266,-0.2563411336440012,0.07302333998381089,0.4918228786843693,0.28359922788049774,0.3157629963376302,-0.10159119377569463,-0.21593867699085287,-0.2878335065308241,-0.2577318602574862,-0.014518684831890331,0.0038349111589708615,-0.11542196671304358,-0.0006531105647164006,16.33391149623102,14.902989655901534,7.4822692508701705,8.305436291320726,5.806025689315381,5.062702843653394,4.86981005530953,3.785351478925104,4.217566488474463,4.092846189698053,3.542489913576109,4.165657015969373,0.006356317962527671,-0.4463133811587435,-0.11232402790784815,-0.05215442214404706,0.10536380574459372,0.05000776528818219,0.11016605160655833,0.21650529379774663,0.15086571479900476,0.13593525128839493,0.053258739064629405,-0.09565461032262525,-0.16779331984248336,-2.006512756148974e-05,17.974384486328848,17.41456617530973,7.854125972292588,9.610158413188739,6.46007313339942,5.921554394381253,5.4144822915956485,4.743513419290977,5.154121878828298,4.9325243009591695,4.802661082013445,4.561318550209361,0.004876887735250192,five,/content/speechcommands/five/37fc5d97_nohash_1.wav,testing,5.0,Kitchen.wav
1390,-142.0052079857993,80.82597048583698,15.166081137912576,12.071310553389726,6.040992289300791,2.8963881809525525,2.8827476103283916,-0.1969913650370827,-0.26775327335639654,7.139877530161732,1.0876516406071857,4.1085245047971926,0.16033158311620355,101.2149753738652,23.679852100606436,25.449172402902885,16.553093910280147,10.402108897809997,6.298254181976572,9.898427084844535,9.176640548536689,11.275871019499704,9.34767987658696,7.595642029723258,7.559022614555882,0.1686022451552884,-1.2622582432277087,0.4504159662151612,1.8073622240274323,1.6949430187003136,0.8023766448853544,0.029123542313505474,-0.20184788351281693,0.1540532672522309,0.1284925830840447,-0.29318988363047577,0.055217352341248,0.35962640705533594,0.006981657036850529,38.89066167720125,15.343180661176312,15.712935392113488,5.536989262712231,5.321106778484835,5.458783056034336,6.019110444303687,4.633128935523168,5.968267628068268,5.549493782717234,6.334017901512256,6.443152533356827,0.04992271075938438,-1.1341747197787366,-0.30590990308051197,0.6722104912984946,0.50088691244446,0.2764247587357681,-0.2919022270656794,-0.42940417686947313,-0.1409623054760227,0.41031296465349754,0.18436097979904328,-0.05636475435448018,0.13478847656612897,-0.0011907743910948435,26.214342048311856,17.48932993140066,17.86983892894099,7.325888496994653,5.749913353606492,7.609622734565407,7.4787730362261104,5.914005793313474,5.794878826400597,6.117404931453938,7.909651309445275,9.375761326645266,0.04147272084316538,five,/content/speechcommands/five/e1469561_nohash_3.wav,testing,5.0,Kitchen.wav
1391,-188.12178276945957,7.337532805434066,25.189821663586564,-0.25137837865650114,1.0102464575261982,0.20468556672350652,9.811658520202684,10.242036000866069,7.376564423241712,7.692570519593772,6.4634594321507315,5.895524458676949,0.04789632768370211,39.23045735534698,32.70815698108773,11.891131504292304,22.54193238674504,13.717780272378812,6.815657257736859,9.724392830668865,5.756529440961772,4.9695801557020935,8.19580816789217,8.550501571369544,4.212150286323567,0.019563993695647316,-0.8691016789982282,-0.7766224277334323,0.02403160952383453,0.4727827541517959,0.5394431360519242,0.16730783846073594,-0.08242079836700837,0.041885426535969314,-0.028729748184739435,0.014897062308878254,0.05184071140230243,-0.15395167143322516,-0.0003815168935445047,15.95212917764135,15.204301127090936,6.44397778676102,9.828414616036012,7.841357174662894,5.134162682849672,5.068534902934992,3.58560266797675,3.8423762301777886,4.359655113994106,4.947602706434053,3.9585604184034007,0.006274219189102054,-0.18039993242518715,-0.041580995391068735,-0.20018270470873875,-0.09554558384488072,0.13894480052238248,0.19906840263646775,0.29569868251973563,0.042080622876771535,-0.1499288392666309,-0.04211330370310864,0.0985729928282686,0.10094479148974932,7.66165554523468e-05,15.57544579114634,16.480044825855348,6.592060582025762,9.544466497053454,9.645860697258579,6.700303868125024,5.278531614302668,4.540774753806439,4.57793413223616,4.50588013583118,6.361314354028737,5.106292778577889,0.00421815221091793,five,/content/speechcommands/five/f264e0df_nohash_0.wav,testing,5.0,Kitchen.wav
1392,-247.91890935000225,39.19560373254154,15.959374208952369,11.330727891080628,4.482200324972566,1.7212547997815184,7.971217551592259,9.346176992357602,5.769900249368707,7.325366525942666,3.3132314127745826,-0.028114318019083595,0.08136665564961731,82.90579319172997,44.07168363395866,30.56857447128261,28.384174458249934,16.491013057461075,15.980462712120843,9.161034621230852,11.18196011867771,11.856202648574223,4.729605704604106,5.128186766122215,9.049682135957521,0.05915601195789808,-0.5226292172808921,-0.3577550224624087,0.17601905378500435,0.34807194130698355,1.038404647463046,0.4706513241865244,-0.6816269965725469,-0.9868822834627445,-0.5005169096744064,-0.42959526465431036,0.15644125493151975,0.15812656166561811,-0.0009451845600720375,28.371101117377414,20.932951051658378,11.400191521718323,14.561165888594788,9.28763755978288,6.63668304247177,5.642399419846119,6.635704000939474,5.0149472898285286,4.0518390759391405,4.660074288636741,5.643292321939518,0.017561764183126136,0.24337670354673263,0.18960426244665005,-0.03719768933851716,0.1476905341605546,-0.07965895540675216,-0.1889530052594477,0.15067078729997085,0.20422396467584825,0.3055755728092977,0.182278884098877,0.06115963919218146,-0.0879342001476954,-0.0002057189742724101,22.97595367066224,21.190163619531848,7.301397433790448,14.850955004492677,10.983067060861208,6.483210994261123,7.806685558027319,6.948799201413085,4.3424679806120166,5.768983838297052,6.260219875414046,6.381436692052749,0.011119075262808415,five,/content/speechcommands/five/1b4c9b89_nohash_3.wav,testing,5.0,Kitchen.wav
1393,-126.23279548020915,85.58687829900667,2.0162635027117477,0.9574182743857211,7.734470029803614,17.871419869438483,13.952942382850894,3.476388814962326,3.9539337311304457,7.446920360989763,1.9167981531208018,4.881499072332907,0.14646024350076914,96.03985508741785,21.971003357092997,51.8399075518892,11.657092402825983,13.437498005113046,15.72875394960033,10.30315480121168,11.071600895278522,8.314067069740648,7.613184861647351,7.812657422006354,6.038522121360674,0.11501320538484143,1.1910927413726935,0.456202992705123,-0.35174248084007265,-0.07142586133405626,0.05049333750363906,-0.5493075921734263,-0.5753185230264565,-0.265742186826368,0.07243320015073718,0.13877983237546465,-0.019702913970767004,0.23045315447751605,0.0005363467479905774,31.688304627628337,11.29712256357144,12.240470100175076,4.886222195775408,9.338291266048389,6.917216940737549,7.189581233718488,6.131195499987393,5.077918453041652,4.54498345648662,5.130079146540798,4.7872761313045675,0.03725984183031946,-0.5041643456401336,-0.25003926695353823,0.16577748061776246,0.12039491819651969,-0.2329674826238217,0.2539611568621555,0.49137010340274806,0.21956482275340766,-0.02181669054399092,-0.12241420933280382,-0.26742990133280065,-0.15208128439039006,5.68833202123642e-05,30.2162250384756,13.46724609128857,7.40591346079617,5.598419088189514,10.698665190561863,8.611044967316618,8.66041759805039,7.9535246141876215,6.0513834723256,6.465272056012579,5.876288183970625,6.779568505903774,0.02446723973668395,five,/content/speechcommands/five/9d4bab4f_nohash_1.wav,testing,5.0,Kitchen.wav
1394,-270.75066405495625,8.68148482030856,33.100001062225566,5.949840580701212,9.349788419951938,6.425560281643902,12.664484504411975,10.180982383579085,10.86585274699112,14.626293149714385,4.138246931868736,4.098222842884299,0.03475179898669012,57.02390046565693,44.93151778617757,15.760876830733936,27.659617024017344,14.147751661860262,17.630229475450218,9.619281531670179,3.9242616815050377,7.281018189056241,8.637772254151871,4.576147191818303,8.176161459524485,0.015174708832964769,0.180369839836964,-0.09321213628475132,-0.024976470381593785,0.10060759428573328,0.16015682198841805,-0.10385572449426403,0.07065198133881119,0.0988636227588998,0.23279114825889993,0.2869312041241323,0.1513808475408222,-0.12342228524468554,2.3251519568504826e-05,16.35140187609991,13.110812609560853,8.261490248699992,10.458199779228035,6.390552060013896,10.183212600811949,5.274619779091662,3.726493443482751,5.560823740229769,5.064371144692694,4.177975878339783,4.61495542634859,0.004415734409829661,-0.18710493186734614,0.21851625332758104,0.2997856226034828,0.16128687836913044,0.17949139235647896,0.09730319687874861,0.09403596651358376,-0.013351113899778434,0.2614235139700997,0.16534303391498567,0.04937366734128347,0.0956521707922908,-9.134927143653234e-05,12.026939043843555,11.137838320994417,8.130592194814243,7.312175511361429,7.199968415410161,10.355660944954996,5.655145717764266,5.119998415620507,7.048232404383453,5.939738230279389,5.2358998128495085,5.470474871800134,0.0028923339159404727,five,/content/speechcommands/five/7add4c5f_nohash_2.wav,testing,5.0,Kitchen.wav
1395,-245.79921584093492,35.34246026922974,35.71252330569265,12.434590526338987,8.115261168336836,5.687191851729897,14.166049303939221,6.4437560982989845,4.13561410023224,10.617637740615248,8.803085575683625,9.153362393200306,0.06915925326757133,89.29180056276432,67.82089041688477,14.617808520603026,15.584238053706155,18.35278420874749,11.572596233020288,8.894252656772473,8.033273165663939,7.774847576274993,5.292360263103493,4.465508562232135,5.535638872395958,0.05566537781484296,-1.375779429504405,-1.2516821294197744,0.1828499065964476,0.8509526949200763,0.4698550582633592,-0.051704727616771654,-0.10219085665131693,0.06140759116041876,0.10540279732831297,0.05171570361866646,-0.05528353516508191,-0.13473093562002753,1.2262814467953098e-05,30.55947769414912,25.0303116054373,11.155019634727715,6.90553634526284,9.036052780398327,6.628615837458319,6.998469231011699,4.7169600311912845,4.908320602081766,4.530492593057758,3.54355737170634,3.3304659071473943,0.020310397061092444,-0.028739162747806784,-0.11633797285289417,0.11613228978958681,0.19385079650110917,0.052183137189260265,0.09775192518322236,0.2072140113145552,0.04067936240668525,-0.006710976994332067,0.009680474139131038,0.07406584508263091,-0.04453649731785235,4.59002951780955e-05,24.798376179451264,24.504747099646178,13.301044915677128,6.751046611084237,9.299385608322078,7.903266035327053,7.794269108107913,5.405097652425739,6.73379061445102,6.341973462690932,4.555399492780478,4.392234531671889,0.018414601960688795,five,/content/speechcommands/five/e41a903b_nohash_1.wav,testing,5.0,Kitchen.wav
1396,-273.77116154238365,35.08282816376263,14.570073340599713,6.2183252952910575,9.768078686798496,9.544770747629148,9.311970446463611,8.16984194907343,13.069444303542657,9.30107679243958,4.05648437411964,6.416888654973126,0.03961366188013926,70.79578708936718,48.02408654572259,23.46949562784116,28.689138721765627,16.93842783536635,9.377484593456055,12.193032170705601,6.966877011225863,6.876835422078884,3.1610398730908953,4.409905179987233,4.901724497132526,0.019413591969881357,0.1525112945859944,0.3446763648220324,-0.08445595097533197,-0.033029478918178236,0.21114803205142887,-0.11239896565817545,-0.2824695055258911,-0.1980542271850328,0.011002755857232831,0.1405171972367738,0.22314576611143988,0.01934955302581961,-0.0007591660945646224,24.20642159309017,18.4501109676538,9.789904107911271,10.491364833058604,8.061669356394455,6.63792705615937,6.39303864946081,3.981758376549337,4.419546175533771,2.5675004640993233,3.7260168548145876,3.8010913146608503,0.007127861915511864,-0.46347940898965967,-0.09685402953752516,0.11594739516351656,-0.20103622872761673,0.011461545502434412,-0.012301371203192168,0.07789095793407146,-0.09060642787296373,0.03383219714880295,-0.10230682980958364,0.07210835781757649,0.10592915188326095,0.00019040883829196293,20.786259155121268,17.446044618116495,8.703843978942185,9.072217453116922,8.311145571648096,6.078184308716493,6.705360327056488,4.7861775188929645,5.174289311225055,3.2565687077715397,5.3836624222607785,5.232009781905867,0.004435402174420472,five,/content/speechcommands/five/4845bb10_nohash_1.wav,testing,5.0,Kitchen.wav
1397,-200.96257974082664,23.311396783286007,11.845367412744778,3.6166784200197917,4.727387303835416,3.108083333878187,11.745338969819603,8.778008543601079,3.413133623598655,12.705673926536075,0.8148043697024113,7.1261754655563525,0.07446508412249386,86.34221646055144,31.890755817135272,30.168981806236122,29.373424921434836,13.540353872021585,20.455038844620084,7.567780629661984,4.90791871331033,10.019853324862064,6.0851361236859365,8.066021381645246,7.682125264704123,0.038895205459146875,-0.11808769911254095,0.22090240731714744,0.06882960951160375,0.05176842097333574,-0.006922621335192846,0.0955049965073142,0.21061334119706887,-0.0100162547276596,0.07998590203056259,-0.1879113907133512,-0.1636857414516829,0.3660034275292787,0.00016886488564552799,26.00134731005819,14.673594761898405,10.141605118239548,12.484353353960262,8.38845120853343,10.371088276256371,4.491959401866917,4.6313646555530426,4.608512024741736,4.3072726398628705,4.38748115020045,4.234164573576985,0.01398294668152533,-0.3440679415455387,-0.013252361420078351,0.005629849672523572,0.040510383318804584,0.04956605178813819,0.12495473356309267,0.19427712408015457,0.1027052555903678,-0.09839889489284263,0.0662882128706079,-0.04842120338423494,0.08781591382433698,0.00014361354211966197,22.06557366949579,16.579637623389196,10.6569480433192,12.515914094845625,9.815608693168805,9.935354918599984,5.8353085677011824,5.99898049685001,4.965912526843335,5.132691741816037,4.471072294464891,4.622396135046085,0.009713389710809478,five,/content/speechcommands/five/50033893_nohash_0.wav,testing,5.0,Kitchen.wav
1398,-76.565834616924,14.154590409059256,-20.560384741631744,11.76140504155359,-1.4434425247798688,7.310567740804853,3.1062676565730563,11.175212150865164,11.274890831411115,11.045474742328366,3.275738371307731,-1.4545487055014197,0.20828130131121725,111.41744115230247,26.96485942879746,40.699009945173955,20.197928722906777,16.957190776972844,15.74326027666624,13.438765776313067,7.596523035530704,10.6436017404098,7.964439286922063,6.635896767013064,9.972876270156075,0.18553545129056978,-0.9529088904515491,-0.604161176945209,0.17873129463520426,0.43798526208807353,0.5158585052513719,-0.007431831891919947,-0.19687802739091667,0.21248234816410075,-0.35705798591372057,-0.613241500594848,-0.4476116141796616,-0.1520519356037611,0.00042020253116084686,39.75493735480412,17.76512747430184,15.598529338550152,10.836636014382133,7.33642521108902,8.217266172661137,7.791606466080633,5.101186375040544,5.12242307717046,4.952062244558045,4.899575136665142,5.377568551316388,0.05510008906476247,-0.4349716733632997,-0.1358835697734356,0.013140530809979841,-0.32386611367778,-0.2397214720600894,-0.2130446316970285,-0.09343206758260501,-0.023477518017759515,-0.019815543431562926,0.26170945652407085,0.08860324393670714,0.04418249397493597,4.7227988640467324e-05,34.05854129366951,19.279417528123936,16.631454781164944,12.228432060328034,8.936048992642291,7.08835595757971,10.42821848294775,7.511668993038606,5.135137945930615,5.304557321114301,5.966338373614898,5.386975878107121,0.03405144798887637,five,/content/speechcommands/five/4290ca61_nohash_1.wav,testing,5.0,Kitchen.wav
1399,-263.80603677460806,26.211297419462394,30.13440146815281,1.0420168628251238,5.816700444894825,8.629065553011909,9.239960494359087,10.432461678425367,14.328266790340198,12.119134584890109,4.129993899193398,3.685341750029912,0.041110145168439034,59.73983326651414,40.293785250621,25.057810651256098,28.155464597563245,8.434467329504619,11.685716861906192,11.7173725845272,5.250874393750596,7.669294402560527,5.659163658207526,4.737288933961842,7.728617826799403,0.010216062782734379,-0.29937843530033015,-0.14451418037475522,0.11373017967161533,0.13933747033228674,0.09716219420560357,0.14086093348275525,-0.08690492117489436,-0.14689244089872175,-0.38049305498796415,-0.28267920270427566,0.04400054457594476,0.13299736846861349,-0.0003814689815044403,18.07577330399425,12.460647041711352,10.210888410668321,8.990008953638291,3.980352503202555,5.8970676653005,5.89040991446599,4.014121121044644,4.038163273478202,2.9061188725004397,3.787728717102504,3.612991613051246,0.004942492251778229,-0.2125914348257499,0.2050366099024032,0.3955974488245283,0.25986568869777815,-0.07185072938008101,-0.0347200716199028,-0.07891669330837767,0.11587579083903096,0.2711223127857865,0.13944248404457796,0.31296640683759025,0.23186332246670907,0.0001838214952370216,13.783351128070837,10.142389168500806,7.78650726851359,7.214092673564116,5.107594026570137,5.545511699435717,5.925797865235631,4.945906859975595,3.9553818933755944,3.5423827589208114,4.922077189421286,4.248841916219921,0.004070080564194149,five,/content/speechcommands/five/7add4c5f_nohash_0.wav,testing,5.0,Kitchen.wav
1400,-254.63233302412226,19.106861967702564,24.553804157761256,7.084824916940551,15.611725672985145,5.023291042981877,13.920888174883533,14.405376056568047,9.177189019873087,8.38498656187457,3.7477774667699304,4.064952130782385,0.044940733670955524,76.81463718293398,46.59280961543953,35.77892131990166,29.792185733730953,9.957043742475522,15.899891436776445,5.7008493902394495,6.013919577311289,7.222890538395428,5.37038107731853,4.772067198041141,7.0752792833330975,0.026431227647888775,-0.5143620452421098,0.01226164451965669,0.06088839105001971,0.10808801071783661,-0.07966441076492302,-0.46971029443449175,-0.3943347652614259,0.11433229844725339,-0.023565735628993605,-0.049339755062610714,0.06386360496844919,-0.1839353992430879,-0.0007393874768768587,24.984665117346584,17.224528543982288,13.576167712298535,11.564320003653279,8.584734770354931,7.014997256237803,4.507277687151005,5.3376764105091095,3.637843598055302,3.3097337294311213,3.3992547813639193,4.199055814715799,0.011166788743459851,-0.09019840769034507,0.17979032145641488,0.2425097034286556,-0.056875523613756584,0.07674752475248603,-0.07167953504601039,0.07722524501601864,0.0580532255207619,0.0616215973919575,0.10090508416291669,0.11838526566291391,-0.12315273377534466,0.00010447641834616661,19.538103228747904,16.05539290035796,8.993038762792814,9.233476009785777,9.972890989520536,6.340933473958939,6.104982892808546,7.43138356419386,4.819021156599128,4.316453669005364,4.444981628287974,5.270372189883656,0.009134615898082185,five,/content/speechcommands/five/1f3bece8_nohash_0.wav,testing,5.0,Kitchen.wav
1401,-219.13516189161928,21.148852539917822,0.3047424555985878,1.5709069005121137,12.059066150352223,4.734708017534763,9.936228119219699,11.976291922136157,10.022059984809403,9.560955659890066,-2.434339526983731,-2.471208530351861,0.09047063352772966,111.6434599531305,58.655498540351296,48.96651963543978,32.36879279173246,13.379131683118366,16.444827060448702,12.151002073849634,8.269735105072417,6.196552478198656,5.672836106061871,7.867632304507577,13.541100860446168,0.0786193040849847,2.126034705167837,1.933108245791272,0.7250077057259372,-0.013410840524603632,-0.4921480368329389,-1.3696860932343362,-1.3043426711035673,-0.4287421862118125,0.11002031702314373,0.015807561444874562,-0.05803201620051021,-0.09582725646545893,0.0003565670021118656,35.62194723569377,22.45541393121552,17.718302414199822,12.50954740763294,6.7492297595311355,7.22412703894817,5.596449267030735,4.838144280826072,3.6932302389742153,3.0681584704948905,4.379874018986388,4.981333007157975,0.022925957007681286,-3.4835904324719897,-1.5277955079996965,1.9513752123249868,0.941236019780836,0.2722297565506792,0.8421982498166508,0.03147406595248263,-0.3874667293037861,0.073382638493723,0.18067576088828963,0.2367628315757935,0.34289974473160256,-0.0005328445384899775,26.237296020565932,23.194242923265243,12.652147017646582,12.58631075388931,8.942609272388006,7.955456220504747,6.438269892870473,5.384561201028141,4.612795570623643,3.7777478862713907,5.403122334263045,5.063759476793197,0.012243480518778464,five,/content/speechcommands/five/798f702a_nohash_1.wav,testing,5.0,Kitchen.wav
1402,-294.7555087330321,18.201257550358786,21.751912096294284,12.786642883695746,16.382507446444787,8.663879001678332,12.289192672664155,12.34710491825033,12.035546996842974,9.863065632608173,1.9914340028861333,4.792721461012946,0.023908693343400955,35.083468749201266,20.461517263040605,18.758752711439403,16.501068717666502,5.87217749199549,6.47168618835604,4.058918612729356,5.358849371598308,4.122218931572541,4.391860960431481,5.452214186714016,8.891716037841508,0.004166110078277262,0.19599414749066843,-0.03987521888187664,-0.2005198855094212,-0.34845022881404225,-0.09809400860238483,0.09529681580890369,0.12958787839429017,0.02207533583737435,0.18018483471755223,-0.02180289913192262,0.06221578756098645,0.16152819700612167,-0.0005395884715741681,14.266956479005175,9.265106088386505,7.790358425452941,7.62578116818462,4.507310543183649,4.68479179051181,2.710952358126364,4.446467177531028,3.4442642927657734,3.6005359759375417,2.4906809766006375,4.473100673748119,0.0026139022368842674,-0.3467586606959173,-0.22258318561311885,-0.09740336652849232,0.00937249352032552,-0.1134566697332722,-0.12327054836533122,-0.06681250854908244,0.04523344000904963,0.2131850107047168,0.18228184649696408,-0.18767827276835047,-0.07607888086365365,-0.0001185235877831777,12.9062180865184,9.544968241491366,6.690270065206593,7.890616897882799,5.458646442431035,5.2273608513195375,3.5395979280649805,5.439022591719856,4.614323689275315,5.163099293351628,2.677955550043112,4.551780545591147,0.002182260581273759,five,/content/speechcommands/five/2aa787cf_nohash_2.wav,testing,5.0,Kitchen.wav
1403,-268.5490538873357,-3.6331001465331343,38.70778554450393,10.621300103198578,9.003317568806711,9.807785674395209,11.277278518014805,4.7490255450430015,5.503006051768391,9.552197703063975,5.872294079716954,7.189755472189627,0.03585180130903609,40.28600001153682,38.87332840897562,13.945624429274861,26.346510144566167,15.047349647410215,10.312790634830666,12.122149132159343,11.32175117929956,9.877970458447702,7.63255580510679,6.585971532992661,7.3617669080521875,0.012092069155095845,-0.12795956024627508,-0.159592518810267,0.3132765458195958,0.401431835966765,-0.14219436563790164,-0.10779149050568144,0.05346041230957622,0.15286599421273103,0.04844315855094762,0.06799831001579486,0.3363384856384371,0.18676617444214208,0.0006670000091675789,16.340820314406407,15.940212294716373,7.643026435879831,9.91406056329,7.470022772970142,6.126290551557324,5.691581190697117,4.584272916406216,6.124436365724983,5.114650715868179,3.6667688439106483,4.454780191886897,0.0047662758506668715,-0.30959611803716597,-0.14234802977893915,0.055315838453812265,0.23632959656573302,0.25194031879017525,0.08026249767295456,0.22862736596825037,0.3249409097036057,0.37546020152453896,0.08398489812550064,-0.07035556347514878,-0.08807949734779423,-0.00019842907786369324,15.497466141287196,15.503261202964994,6.985215666733951,7.450833754481897,8.015546757615446,6.317574944300902,6.078758647329843,5.038235193869474,6.386137673761125,5.963741507215516,4.654841300083234,5.01807276530072,0.0038048023821410535,five,/content/speechcommands/five/7e1054e7_nohash_0.wav,testing,5.0,Kitchen.wav
1404,-293.5833185353369,0.15531285125798755,35.80677728162303,16.2463481958932,16.06968719586364,8.197894145013564,10.872818537783004,9.953997861728059,8.971093071950337,12.804405154736536,8.695257105456829,9.181574193796106,0.02639277058187872,42.924328143680505,30.150690844126586,14.007729687051917,20.110073566799013,14.655469282032406,9.655809774181563,11.202142710304699,7.229681197808317,4.253294701325135,4.642401472215175,4.564534024116451,5.116940872883451,0.007755639893505944,0.16799352308185594,0.23927807921240996,-0.06530102602222725,-0.22992914367162415,-0.34807657281740123,-0.23867230329786265,-0.12721699734740646,-0.17417125984370205,-0.12335509933930618,-0.1353677473836724,0.2615493065753299,0.08235721661922592,-0.00037742646471146613,18.685651614269567,15.032407706920733,7.258125341831991,8.83232594990273,8.344897110059817,7.0020248983223,6.338628168111996,4.058251490517471,3.4244523666459146,3.7082364172737914,3.528464277382378,4.6138977430742525,0.002606090567990828,-0.372792014629052,-0.1275874465289115,0.10246648865989591,-0.1626998984842659,0.20676724072711158,0.14204873408659335,0.022029780516211666,0.0797637464742784,0.0462776345900731,-0.011502990733785742,0.03925559888338039,-0.09780623078460729,-7.842127233743667e-05,19.646613559070712,16.68943624417698,7.590206391158674,8.061420550440287,9.345763434509735,8.210299831066637,6.228038868241598,4.837715522397558,4.291380401133309,4.581841940684186,4.446883508310701,6.1731792841929884,0.002636532103360736,five,/content/speechcommands/five/d91a159e_nohash_1.wav,testing,5.0,Kitchen.wav
1405,-167.94572677927178,58.191742156100744,32.13878793912579,4.741034240099771,-5.237084316028967,-11.057804215076779,-5.305805744319681,4.787622441571891,15.3203753274156,14.96412683925279,5.538982886286163,-3.047565700287864,0.1353132394142449,87.7763827799473,49.626060224629505,31.735448673383704,27.893555370936895,17.32325927429954,17.80464804261664,13.328337124117855,10.878756303764282,8.09741200827902,7.181956587733859,5.755643253699143,5.9859202591818645,0.11468710291948563,0.26750165185494224,0.007019500470146136,0.1986541102693467,0.04038337694147605,-0.34427861549264815,-0.17079643920317383,-0.058414298704330396,0.37061783196464576,0.39887630406260904,0.5619503589044468,0.1998610942282941,-0.19060791255509155,0.0006284124308055447,57.914725504813575,25.290050567245068,20.46381786984909,15.959178333227669,11.303803197632025,9.734946536516862,6.754785423891256,5.737901101058287,5.938136105229026,4.5353697887673405,5.890734238147996,5.092562730925686,0.04307335355217332,-0.3858586570255042,0.00181954736288746,0.3040177943208685,0.044823110058115866,-0.2989704586893822,-0.2306979731014068,-0.14502629943527803,-0.03562989760140667,-0.02564987120996385,-0.13344424717814823,-0.0898473252453595,0.1654933409424304,-5.674660205841064e-05,62.31433210211959,27.49076374431645,22.76459957859277,17.20418392798206,13.520886783160693,9.592421738171828,7.749222221692985,6.124096117641883,7.042825287879463,5.313883449816485,8.382023782408275,6.540158576269824,0.04033857117960774,five,/content/speechcommands/five/5e3dde6b_nohash_3.wav,testing,5.0,Kitchen.wav
1406,-178.3429240831334,52.449001016625516,1.8707944554074352,-2.8610120792892535,6.764759348535907,5.12305258721589,2.3839252606789323,11.96310137582611,13.468092361743322,1.6256923372162988,-3.433660376252993,3.495694183740922,0.05234230775386095,66.55609442156256,15.468589117342848,41.089334279928195,13.201437040271863,7.945078057992643,5.963766605993849,7.106745828074843,7.985176651449279,8.414815359182185,4.96662828289832,5.36770530863615,7.014908493137927,0.037297570243661295,-0.1254326857520229,-0.3222402725559912,-0.3141252811555053,-0.024294534275737863,0.03042103033654849,-0.18690896988528852,0.2069206010725335,0.32987989885778907,0.003856400157327291,-0.07865049432399304,-0.09624030531584789,0.1658023246425305,0.00022247902327968228,22.832581385799664,10.262435640606682,14.181669348273774,7.566777158373555,4.202810726357738,4.491335727859051,5.040934824010613,5.648402530532492,5.010532523657308,3.3428141342106117,3.248826825938782,4.208903883128579,0.012191355244152874,-0.7774033432591144,-0.5109078574446669,0.42194272735588073,0.30684826145275446,0.09323360110636353,0.0018142445961799739,-0.04801299836265785,-0.01880399803213937,-0.05560445692947364,0.2731049052846169,-0.05204709345671055,-0.2887678918570894,0.00032671838998794557,20.565162885083147,13.391130209421812,11.31491413985653,9.511307064583201,4.996066256430186,5.398377631697346,6.83968207808322,6.321606690645105,5.999179543383939,4.262739358140173,4.481076368056487,4.647395618960495,0.006482288264107989,five,/content/speechcommands/five/0d53e045_nohash_0.wav,testing,5.0,Kitchen.wav
1407,-231.73127588990315,12.127390041942734,13.176741906826793,22.596572766381012,7.099790111007156,8.757333714202865,4.053431979215878,6.933007927562533,17.076527382279522,6.311485250914465,9.119177781730695,7.2890717536860725,0.060949305014219135,101.43483293478243,36.997228770745245,20.90884180574928,13.572389368868071,26.79301321221086,10.999329236795312,18.694995272397794,13.013230985133022,6.221253594631798,8.369827867935006,5.243417024354269,4.667527259563879,0.05660960389985225,-0.18078546547215066,-0.02865133213054696,-0.007317860289231226,0.43609735417927203,0.5068750587398555,0.5239370161503666,0.2677226435601829,-0.2040830698289472,-0.1369060858934556,-0.32853502228455056,-0.40772248982881365,0.046529982045541374,-0.00013910798776534296,35.734026799433984,17.1652572689621,10.924539565715008,8.218254712127507,11.426337272960193,7.095525924967044,6.718512356722189,6.529968823335976,5.648371001212696,5.013622556695591,3.7433690105335544,3.8818484634065737,0.024284596397864417,-0.3428816455542628,-0.20240622730622998,0.23063054440836622,0.19432674295552393,0.1949777426790682,0.1357252963141427,0.28780784452598485,0.10175391940164821,0.09230737384572893,0.11263449580302556,0.2325375837426682,0.25245929555482405,5.011496444543203e-05,24.072353990306176,18.938558807584986,11.448930106236194,7.809037142749511,11.053029569992221,8.354991359257285,6.622052631686295,6.669987526075697,7.901810762536021,5.739065922349799,5.5115976331119105,5.079657616824131,0.02243913292291699,five,/content/speechcommands/five/94de6a6a_nohash_3.wav,testing,5.0,Kitchen.wav
1408,-207.59861645156155,29.904321466447648,3.3673849299613323,15.469963023673206,13.753749110854756,-1.5342361758115257,0.8265704272219487,6.483876888402694,4.57825121531962,3.5734613844269725,8.037051492253504,8.43027360862255,0.06746489633223973,86.55372333863474,34.66172446921793,19.998119539378997,19.54207134985772,9.733706076960168,18.77888780346,13.431219620902597,7.823338676232329,9.497407655909795,9.775023514378777,6.028816634519989,6.640710956388319,0.059576833282274866,0.10197721404559953,0.04834489984513513,0.09484292612159637,0.2906309057980435,0.22552599949477134,0.015931928678867367,-0.1651488957636404,-0.4687781901990586,0.1685272346857724,-0.03909496788836983,-0.39264586842064747,-0.3323300019325412,0.000724628928207582,27.644555054584725,17.85447358002007,13.432888328558665,11.321080826311077,6.538826499261541,6.781032428612138,6.152235313052132,4.911271918397658,7.339483127172562,6.114572881929242,5.089565089383491,5.653893927884742,0.021850143669956065,-0.5187009420857062,-0.05706830212281543,0.3299545622148956,0.21950780946108198,0.2711395240833822,0.23173433085296757,-0.21270019435860063,-0.06521550328173181,0.039407870805736836,0.28829519503600737,0.17889555391296372,0.06408771476848389,-3.796586145957311e-05,21.227645352100588,19.787464300932875,13.91123319866523,10.012723872335428,7.939167501392577,7.045146957123836,7.4719883854198175,6.1694283862853405,7.34252650878075,6.249293022435953,6.78217787680711,6.906618191711607,0.015514958060644311,five,/content/speechcommands/five/964e8cfd_nohash_1.wav,testing,5.0,Kitchen.wav
1409,-222.3042188480393,42.15328333260129,33.75099013753022,8.689933179079112,12.06568571485256,8.285841703064918,9.843710511004154,3.1644464478867267,9.490654769616345,12.179811828623393,5.447430230938849,7.372474091577075,0.05856710043735802,69.98303660271374,41.49018416448809,27.773745523439676,25.569074702529658,15.200172421283687,10.098005397338236,10.661087913499815,6.207151644057817,7.044268971228184,7.267153273028485,4.615299626198551,6.750964332900354,0.0315903306913682,1.016115910755271,0.6053412947567541,-0.46958418942226626,-0.48551516416510976,-0.27800628570343283,-0.38049633912296216,-0.4205957255759144,-0.195075890326407,0.06692309454869877,-0.061788406393734875,-0.15887364423873146,-0.2063308933798004,-5.7978555560112e-05,20.979486558220728,15.18185472552012,8.316632557186232,9.421897142105353,6.51630966768598,5.467816624739397,5.197439566310018,3.200913255340012,4.85154735024705,4.448971067464969,2.9154382200117963,4.889127548217775,0.011171434996672945,-0.3062123221546017,0.1140682272589963,0.03750313426483013,-0.08226308543367704,0.1486266784425972,-0.020573806102097247,-0.13131256383346004,-0.16906079312673641,-0.16024947589241653,-0.14570833924345072,-0.038828289130930886,-0.2780295434168102,-9.974309553702672e-05,16.362968136730128,14.069118781760237,7.3738914493543986,7.603017484387771,6.355580526534814,5.170843809836523,5.429740946825171,4.448791569414377,5.30288268661859,4.6755996561053195,3.901874888071827,5.871257537918086,0.009099370845381602,five,/content/speechcommands/five/c7124b73_nohash_0.wav,testing,5.0,Kitchen.wav
1410,-289.2330067834492,-2.0716767144494352,41.22480864414226,13.242395759140143,10.854967488369233,9.744700977762024,12.084322638025263,7.895049591313594,10.099227692755274,13.843538426300517,10.84551135433688,10.277574624517163,0.03478854207787663,44.25704436979314,33.813708160134,6.139615670070678,22.72263053298875,16.25802893979899,6.209683028498298,8.04568299485522,6.671957213925482,6.750305132642874,4.698310787456112,6.217569578555298,5.4124262280853,0.007078459869918461,-0.31041250948453397,-0.28927807630902896,0.017641602897171538,-0.22495028348785706,0.03641437409286924,-0.07273772671020753,-0.20047573012214406,-0.26527283490195275,-0.011308771682328814,0.1415774399209656,0.24198908592708807,-0.01569542842516899,-0.0006655153007276597,15.57880884448361,12.32157902022696,4.89854615826307,8.40250081415326,6.7132845815194155,3.4061728263199376,4.5351303122761495,4.228066056140025,4.621200410257028,3.334227070273185,4.001585111813858,3.6563455629318304,0.004030964986280993,-0.0969781681094067,0.04937148485667014,0.26250032235962617,0.13447279027134246,-0.08204005351148555,-0.015302607094841391,-0.006985547166206511,0.010650802994976397,0.2522692621018203,0.11059760611714846,-0.00943971414461376,0.03700739251859062,-0.0001240068425734838,13.97751391668513,11.255326868851947,5.792861706070131,6.319023862487843,6.508533211609567,4.1551736271926885,5.08194029073492,5.266146635237807,4.836284567775947,4.028706408284521,5.589881577353039,4.401236778664107,0.0031118640101357705,five,/content/speechcommands/five/1528225c_nohash_0.wav,testing,5.0,Kitchen.wav
1411,-289.5628486658035,-5.432463798221736,37.82899164525908,16.428332730683344,21.456188205353946,12.954289819053134,14.922176719059012,12.078218290159146,7.815797933758944,7.85164926698317,3.4137024878896045,7.654339715341658,0.04230110009666532,36.08116420588124,26.364971217390725,20.23903328856034,15.753691857473243,8.859752651904973,16.714576680422923,8.626626677706511,5.837907920516224,6.899288150369476,6.876286987916559,3.764380781787272,4.631304034960459,0.012154147231370508,-0.5830257717130926,-0.19034613327065147,0.09107619790051887,-0.3245258829224387,-0.5403928865462316,-0.5628208176121327,-0.49289425815029064,-0.2683688873692581,-0.09302528921305116,0.02995563168757186,-0.013976210958523456,-0.15303813358313464,-0.0017294160901538788,17.058161274023654,12.48679759425053,8.14053597033919,7.357281173867394,5.312755141690654,7.380067100355122,4.637595470210905,4.0926413167868,4.338593958899996,4.694485977844986,3.396611536360608,2.799687171693809,0.006279860555476043,-0.5687191904497221,-0.15586984991166747,0.19243897722091308,0.3465134226677492,0.13973443041766345,0.0662719182504576,0.24506643115012391,0.21687850873611855,0.3725963737584058,-0.030749585151414526,-0.14674762405493585,0.04735689772894703,-5.449571957190832e-05,15.12884202376561,12.814616196464625,6.72070979315648,6.762460336562553,5.996098504924777,5.785225849354657,4.77926144851435,5.024815220145142,4.447629159692664,5.264234630518625,4.8382671343067685,3.3281062431133215,0.004443765534417745,five,/content/speechcommands/five/67961766_nohash_0.wav,testing,5.0,Kitchen.wav
1412,-205.53460019235325,17.861585864578053,14.34858066850019,30.626668100334975,2.3780698837457925,5.387403596345983,7.014092113523948,9.110511031542242,6.524119903669716,7.210267184478738,5.710400940723339,-1.290126423283804,0.05908061360241845,78.92365601136234,45.33733776006578,32.68037482764207,22.404966750233854,21.37769967135469,11.547783988002417,9.77870071221509,8.185887975940785,8.335830891785921,5.04872760684385,6.454668464460767,11.544617527083268,0.055184215988548266,2.2202907787461212,0.7913549574035261,-2.7992756642850374,-0.7997667544579636,-0.36189268596909874,0.14609804487337752,-0.2927141751879019,0.13023038734354858,0.8393955609887734,0.28987223059266704,-0.15128328398122268,-0.27015717394910826,-6.465121142325862e-05,31.653257459003285,24.262905757589085,15.428914817893109,12.43121384896611,7.3288187346564495,7.531453842087182,5.613230094738177,6.6564198552971625,5.478405710898508,3.7790316488147,5.450252789803448,5.4398046498144845,0.022368727598059406,-1.0472568772444348,0.3760512653893103,0.1429698570155896,-0.5412843149666069,0.049635331563016055,0.26908174576219873,0.17717313297683995,-0.12672872946587818,-0.17415257088639582,0.11254806359267061,0.14789296991916953,0.10790078241066364,0.00012234877794981003,26.640318970374896,25.32686867163436,15.18773114357547,10.725943124638857,6.0329293139836135,9.735323374965875,6.164751696843956,8.324268649721404,6.485646743372568,5.197368658603724,6.7516672790090935,7.011700736238705,0.016667602955444182,five,/content/speechcommands/five/97f4c236_nohash_2.wav,testing,5.0,Kitchen.wav
1413,-110.61477503366609,70.65588524318304,3.630738911915286,13.791296273684953,13.627632492997154,-0.19570740052382307,1.0579417496983865,7.695059510543194,5.952015856139743,2.330147840148408,0.1262200013876777,3.2996669166953705,0.17523752083070576,122.00830001833732,59.83729251096343,27.989310762045886,16.777356366348876,16.017055015325244,13.036856210654316,12.903847978808955,8.83362640202758,11.203742072262898,7.215555749010798,7.89523218167296,9.821545477768701,0.12969499897426667,-2.283566544371107,1.8212406376912391,2.3807703894806127,-2.4132439395152123,-1.892711549608344,0.2976353525055065,0.815643650145586,0.3128133555729487,-0.30574786111904245,0.04339069486153774,0.23222136816148395,-0.11650924199642669,-0.001198283937429228,48.52524519393777,23.884413735266822,20.95797345438286,14.133836639840391,12.933748058733832,8.131532673470371,7.75426055210732,5.159427431492023,7.126506266352249,6.424098973705394,7.073062021662354,5.7085700683913245,0.03804860513799178,0.6149513715467155,-0.30460545252952087,-0.2315492874464108,0.5859314679416397,0.40898655683898166,0.055657682822975826,0.09348760860227531,-0.08099124719973515,-0.01618926261711605,-0.3229365126757326,-0.2952225910607495,0.04389471446430851,-3.681375334660212e-05,44.042671832909654,26.936208271758936,25.771214848583792,19.699269378799308,17.62140697521538,10.633190110746561,9.891906886142747,7.074904637586325,8.587849910837663,8.674541799682652,10.377266263239349,7.016731704766278,0.024951687351129515,five,/content/speechcommands/five/964e8cfd_nohash_2.wav,testing,5.0,Kitchen.wav
1414,-217.6556500238098,48.03724478350044,23.64900801674994,0.5277361388978346,2.5041718905940633,2.385290387129752,7.022920334071788,3.798884873506367,6.548250277819468,15.39054579374,10.832689276366462,8.193093576369591,0.109510443842737,105.0098653435406,57.33766535838113,30.079846401015054,19.235769867395017,14.943224980489047,9.310805857823901,9.953333493721363,12.8606102042073,8.504827496048689,7.729319118368127,8.56067608320812,4.3457220876313984,0.14228721842397957,-0.08856089665125187,-0.04637905104801909,0.19103975188775965,0.3143368642034107,-0.03479587081941603,-0.30086523935280624,-0.49158711407372835,-0.3528493521761761,-0.01366725806776382,-0.07972167815263714,0.05817747452052445,0.010820284506906695,-0.00043047504920151926,33.97131273632967,19.20550482292054,12.455826582511406,10.121527135526705,6.518047578629283,5.579005791878488,4.839127521388414,5.579641697125568,5.796237084308809,5.6747985010593425,5.739951291863086,3.5118266130650877,0.05219734614415397,-0.6556989599748566,-0.4986589823615325,-0.021025234462968712,0.14613100349977917,0.025623473655477368,-0.14856210817634002,0.13933595216087138,0.006843313647423521,-0.20889530210284013,0.08117456492822578,0.05252880935762813,-0.026435532937165867,4.434629033009211e-05,24.787304712134382,18.409144121380905,13.25858658960691,11.720282864312068,6.696748963525701,7.064012028300711,6.034749506480651,7.038955186072274,6.775171260204993,6.473200374684744,7.321675684774675,4.641570737157562,0.03882543241098095,five,/content/speechcommands/five/d0faf7e4_nohash_3.wav,testing,5.0,Kitchen.wav
1415,-281.2658946194134,1.4287650180122684,35.03479830870283,10.506969063050999,11.504788038378502,10.535489543208834,10.683227389181226,8.094248245988563,10.806592978568624,15.543082224627335,10.123571487221056,8.627516141818653,0.03791217169454021,52.435126406181695,41.0564993893846,14.88155684796981,25.492135380962544,12.90551301217667,7.574104857647878,8.113248863447495,4.843167631496441,5.276395508982949,8.556016374980887,3.8991627567062213,5.195825246187499,0.009074170648697259,-0.4825746756487073,0.19227140536663126,-0.06784248590910712,-0.18907165689418642,-0.14243802311366546,-0.057795535765603506,-0.08239930351507437,0.08245513795336468,-0.26375606468089463,-0.4047029357390466,-0.18707406009559197,0.05748158420717715,-0.0007820703710118929,20.36141005945843,16.809433033983723,9.299045001793328,11.706434289323706,6.868726291145301,7.001607639739477,6.359008101115611,4.569540074595901,5.0052637523364725,4.883876406938735,3.14669697869666,3.6116342362329266,0.004849784412096068,-0.5797097263647284,-0.356295009758989,0.09284070583360156,0.41284262888972156,0.2005681766008782,0.23178698391992697,0.2287993455949465,0.011601321901414639,0.02076732830288966,0.1601825293148652,0.09128382456843949,0.034662674594707454,-0.00011221537816113439,15.270287001029523,16.309440117048574,10.221064872700312,9.475737281711138,6.993446870691751,9.410704166165825,8.309530430880155,6.523107313119036,6.533777953564785,5.497669471253577,3.700044074765451,4.275750681586778,0.0049870815893529085,five,/content/speechcommands/five/4f8ef132_nohash_0.wav,testing,5.0,Kitchen.wav
1416,-312.28851238197046,-6.326563674146534,24.213314575743745,23.890322249261622,21.433685683137277,12.20343521311981,15.785859584373743,14.324182086499796,13.043051122391013,9.449472307213163,6.205458558287414,9.98535633701477,0.02995072241174057,5.924668114317453,3.7237736913645363,3.8972317736451614,3.1327909880879834,2.4851792308524425,2.4665569105765486,3.160187959419384,2.6767338098760023,3.3415353485463926,2.644016751814804,3.485882543262325,2.388202786255739,0.008226910214890778,-0.6501996014723952,-0.3693070363077866,-0.3468255832062193,0.14764645475787436,0.25665331195934554,-0.21721070666017103,-0.1988593897442249,0.040776400044647845,-0.1578250653437328,-0.10248006214800702,-0.02708733231081881,-0.16151564447946257,-0.0007450186437176119,2.6905196931996733,2.8089919237752414,3.828644151168533,2.7721769933184,2.2246270707580003,2.65719057740012,3.0956625309377253,2.349607044438848,2.6754803838998087,2.712328103299225,3.4382682069424155,2.4281694219012224,0.0034218402372785564,-0.09390772553045394,-0.26693195753051835,0.14589849299471305,0.14448767826216066,0.09609436436532638,-0.016482207864390475,-0.0631920509646361,0.15377929987096023,0.22381174134428405,0.038474613454016225,0.14057419260124282,0.05312722730200867,5.563646554946899e-05,3.4689725884346947,3.769119200684934,5.5996737895968485,3.5283218098120592,3.0229860031033726,4.231956603626698,4.6287363003334985,3.3524562582204918,3.2505777812768355,3.835874416700544,5.042405385657209,3.5733598317879802,0.0025288179687591285,five,/content/speechcommands/five/3f2b358d_nohash_1.wav,testing,5.0,Kitchen.wav
1417,-204.67470578521284,36.6968209960219,14.269019881775355,23.70347220496776,4.781115064878854,3.4999924826166025,4.3657610499638615,6.571762239575065,5.234770031448241,2.2706165959368594,3.4884782737128877,-0.7487722469201696,0.09091658814577386,94.90735047408053,35.76693021465054,39.721385247649344,19.114256174840556,17.562510549310876,11.575252564219127,12.455915283169452,9.852981178149443,11.31173922224992,6.034715422765394,5.769742227114149,10.098541042587254,0.07063473620956119,0.3965650661373279,0.8017812915165953,0.9917829639052779,0.4577288098230799,-0.14788172030061456,-0.23484657562060615,-0.18730728165672872,0.2874893053295137,0.17061872616181026,-0.16306760534268422,-0.14499360122627994,0.15536871942333189,-0.0008821643648609038,31.638368822924583,21.551221369141533,19.545599405931608,10.474333818733333,7.31900344111902,7.198722294520062,6.659918038100555,6.132758968054548,8.137978324768783,4.664850316908994,5.207829330705819,4.908660059747552,0.022489325343817274,-0.2798100637946369,-0.21671465032160075,0.09034297909746604,0.06952182209818775,0.0743748396853921,-0.044350950650037614,-0.23872251056076627,-0.28941676278711287,-0.20231334207925827,0.03066410119703633,0.012800687239273693,-0.046189572874253966,-0.0002464332307378451,22.570184260385112,22.081100868196938,17.54108883975416,10.117174748297488,6.7983858356454006,9.19175412128924,7.699450279509449,6.911935526576429,9.011952700131896,6.4502478385489805,6.824624637977117,5.475691483139374,0.015059917639285816,five,/content/speechcommands/five/97f4c236_nohash_0.wav,testing,5.0,Kitchen.wav
1418,-205.21548668565757,61.2430125878606,29.649629721060254,2.177596948614259,9.44246789998429,2.412508918402599,2.6797234570393926,5.4350452395562385,7.637837828080195,11.926644674063304,4.6365614745764105,2.30041529652212,0.052815527625141606,68.95580762106093,35.783313967287995,29.0804049411863,21.981066936253377,9.556455356599837,7.944817538039576,10.112413532854722,6.056055522759625,7.3799840040289935,8.968558842728616,5.302335392820451,6.2629284487918975,0.027739107952963242,0.41717412801305803,0.34262271684429635,0.9888559822396561,1.2946058935538725,0.38658663001871446,-0.17164193414175674,-0.05746504946581486,0.6216174898683299,0.5695703912600206,0.010320646668200784,-0.16599432748569448,0.008430822237371283,0.0012491843973596892,28.926339760085668,18.464193943238993,12.72710001524735,8.656985313412171,6.353306718631968,5.892634395714648,5.748738927522644,3.487818211804288,3.3083615566334643,4.184683428165403,4.7775783881304665,4.283991958939373,0.011611943663583016,0.4780428043186848,0.5140822604245382,0.26699254286630725,0.07071306803625489,-0.00989489923287401,-0.28284357510792546,-0.2230941547824903,-0.028970351972040887,0.1119136049605343,-0.0895161128738439,-0.14970983550448083,-0.16283498683769634,-3.839091494165618e-05,30.61753030555776,22.464132521550475,13.17818245501341,7.910491406355948,8.184869922748527,7.009446899516634,6.9770091746617595,4.478756165727739,5.017131640655541,5.860076171738319,7.080662084848422,5.533128183737694,0.010690653805823583,five,/content/speechcommands/five/48a8a69d_nohash_0.wav,testing,5.0,Kitchen.wav
1419,-304.962007272042,-15.118340770577118,38.2414063664793,12.19238024117231,11.070747633770019,8.113604830271651,14.039599340835775,15.495269794114169,19.733382873606843,18.605352141621132,10.612639719764967,6.99688692937842,0.032231324643362314,26.913281129797962,20.714780547581775,4.269538952360921,21.472399741997542,21.24854605323256,10.262328523172018,5.0476599223939616,5.940665243485029,10.692501922733804,11.417820169028266,5.128290976045725,6.82236116485349,0.009739922090912815,-1.1016143344406737,-1.3197009796868615,0.1192576682106173,1.547075549769207,1.4524187493503316,0.7634727631003612,0.10667169424330863,-0.5733583793137962,-0.7727550194503333,-0.7898052918609517,-0.12590249348172552,0.4908575635659095,-0.0007236542240265877,13.967521397105548,9.634694207543566,3.3658225264126016,9.43070709768702,9.018365354687603,4.618532959904949,4.309059273279888,3.7353638585265014,4.059826672156513,5.025097179756576,3.30620238931545,4.241002908230795,0.005611405529226509,-1.7566466938952847,-1.3464713824084455,0.29017152506767574,1.2502345937070567,1.1184861182742991,0.6141671965655936,0.5036351225982105,0.24956700681398825,-0.30826227032150527,-0.5609952250384789,-0.21032448144153967,0.29647497791331384,0.0005423190693060557,13.15977482068729,8.856465906167653,4.490287914170036,8.758707331922073,8.88077656443666,5.666875937799541,5.213603112642353,4.544762278300896,5.07833663317982,5.454459637721016,4.215356569153871,5.61976899994753,0.006252034557703167,five,/content/speechcommands/five/3f2b358d_nohash_2.wav,testing,5.0,Kitchen.wav
1420,-194.26798532518768,-0.2739735222994575,12.029116717326389,11.800783786013879,12.683898047190912,2.7279747328229487,5.774386172028336,7.282244344830429,7.409306577218463,6.975173539753398,4.3101981308297415,5.622423996261054,0.07251784758409485,79.35351763301702,50.92195307210773,22.670318724742557,20.19807399147395,10.94733875632725,10.976996872197109,15.324121048054606,6.565572951216084,7.045875771758678,6.512061550978508,6.086815197777431,2.9662097646133545,0.050294011170569045,-0.18683040533060083,-0.04952821593377369,-0.07267504960224774,-0.0333118646977381,-0.05732426972247816,-0.06623868502595932,0.038927778142309855,0.01942912160627792,-0.01599053818878566,-0.21296724033219486,-0.03725816566680939,0.18810683532880915,-0.0008425801511733762,29.811963867883776,20.541220223140904,11.876536195141103,10.451475208298866,6.332694412112355,5.6491239430202,6.844227011980893,4.472484030710263,5.345050431097989,4.781377499444336,4.0752193075043355,3.1259128735559765,0.020473117722383118,-0.2575311753617046,-0.03446421417441954,0.0016246846952377326,0.020446423869245577,0.18130891920584719,0.018913060076477233,0.03578658229171579,-0.023787847318882584,0.051820666981232284,0.22207914749793875,0.23359521441713618,0.20508372451200002,-0.00010115206241607666,23.222781134244357,18.870740772062607,12.315497361862557,12.314926163074055,7.415959411974196,6.077417479532178,6.167318811151288,5.445635885135027,6.605524418624213,5.892144527058926,4.681944438605452,4.569795891148253,0.01428808267679596,five,/content/speechcommands/five/563aa4e6_nohash_4.wav,testing,5.0,Kitchen.wav
1421,-223.1603950106671,37.482889001165056,5.432441631704482,2.95142875249185,8.697870877794182,8.69337705932802,9.060096464883497,3.012161530938078,3.1808276019928123,14.363580632392878,7.017374111376103,6.407739717503496,0.06510943667061868,79.20578662992389,37.006986378044004,19.03557469708548,20.85670260800645,15.752920117509547,8.428051932069797,11.414258667753668,5.086407827627525,8.994442296721147,7.302186364672286,4.671462351193574,5.836682658715397,0.06907029062880672,0.5447237411327687,-1.2893374326911302,-0.07998792672024499,-0.3395319333607045,0.007481979598813559,0.07874514285304114,-0.025784746640601805,0.020334293784320324,0.09186180851446858,0.41125840583806406,0.4368135529329497,-0.1617783352133061,-0.00019803562512000402,25.05470968291295,19.476775894817397,9.887363698373258,10.702462798592972,8.732665167111238,5.5986076987633195,6.638673184616317,3.7261926961124567,4.78119114934498,4.75245988072464,3.815433308462163,4.123568050408166,0.02447084584215914,-0.31501021455059786,-0.05360484119373164,0.19645491407563992,0.26017595786632564,0.1684164790932358,-0.08141101715856909,-0.2562772066782993,-0.058093065863409066,-0.0005286984896523779,-0.19142746725308887,-0.22918491016289322,-0.06687784539573088,-0.00019903481006622314,22.435040978621323,24.362500615614458,9.390517153996203,10.737296162881373,10.096222069843018,5.788886977127349,5.816827341996579,4.493097969479251,4.932301631975742,5.443246389558331,5.136489450925749,5.0278689595017205,0.013203484880714498,five,/content/speechcommands/five/7192fddc_nohash_0.wav,testing,5.0,Kitchen.wav
1422,-236.12359067509118,60.15565107082153,19.213443209709908,23.16015469255439,15.293181004354249,-10.70522811158361,0.6900804692112394,5.922547549265273,-0.09134929379005463,4.642904542809025,7.527864532566422,7.084426826558168,0.07347978989128023,88.23067464867884,39.96381705210439,30.770578114940264,25.71197093189225,11.48664226812593,17.539781601025105,6.10688019222616,5.934488910975265,11.424666067758949,8.334878203896455,4.534054316403751,9.052575588356056,0.04771609144095777,1.076055107677218,0.6529108140436549,-0.3298877210279643,-1.1230757190547225,-1.0720548258123443,0.09082086709375818,0.4573381851075029,0.544055541820146,0.09671134858596193,-0.0733999492044539,-0.3299719049235804,-0.792866887153268,-0.0006933335455194597,27.060224146078507,17.405502051931926,12.397625327484484,13.14429501270429,6.8408676464498095,7.695684336008556,5.911668133750353,5.161157775215493,7.286069074861379,5.083155453550573,3.6237640336597003,4.79603648713688,0.017152648993230723,-0.4319829364210818,-0.3921593131465094,0.05786362406321963,0.17944857150874458,0.15316903864564987,0.2517659233713834,0.18740001717270377,0.11813381390910362,-0.012302198784564606,0.07030670541342783,0.16330013516040642,0.06159711002145582,-0.0004331640899181366,18.295388171928224,18.43241690557912,10.658710484082821,10.14045963084635,7.668049728890791,6.936999945369999,6.741554392469184,6.34171562333075,8.273325703497335,5.834055322959778,4.283751941426818,5.2712010304700305,0.011613056546680838,five,/content/speechcommands/five/b97c9f77_nohash_2.wav,testing,5.0,Kitchen.wav
1423,-224.6456625849172,6.719545401105238,3.90787921970537,3.840458877176188,16.469872934930564,10.844858608706701,10.709617386870509,4.670453519537851,5.07978803226446,12.594091039947205,0.36325540155729313,10.576295921781973,0.06704228741000406,89.22030516728174,43.15001502280891,37.62946144094358,26.9006433826359,9.760675663786266,11.465131066645629,8.310390032950993,10.876933319652922,12.523393781488195,6.580888370702658,6.244570442089349,5.16013866315322,0.059556518158899306,-1.2300022112859654,-0.46052394106587363,1.0039890130134483,0.525029389089179,-0.5060919063449242,-0.6600613133615406,-0.31712969369758953,0.4899137035286364,0.1171528739295858,-0.2623171465010177,-0.040044738438296285,0.019387600297558115,-0.0008252721219774216,27.803059896500606,18.736167639754782,10.731100296622955,9.897038842690467,7.7348189771945615,6.892870052817,4.277992435767015,6.685204657445736,6.215874289225027,4.143779922084732,3.296981140997825,3.8300956382269886,0.017245855674302313,-3.968346433421273,-3.014174433984295,0.48834941733960163,1.4098078506395777,1.1047338222665364,0.3248924769412762,0.06472292451683502,0.6814986174276036,0.8888571814648846,0.22786566533977565,0.20887115473602275,0.19391074642943654,-0.0014933601642648378,16.356458878383954,16.360444772932187,8.852935543731407,8.661863635989274,7.544564142340567,6.123398437176007,4.446035260076966,7.390908935294078,5.599420273111919,5.0858594990166335,3.931347732912795,4.898912122528272,0.007459587657534159,five,/content/speechcommands/five/2c6d3924_nohash_1.wav,testing,5.0,Kitchen.wav
1424,-167.97161979347823,36.49733476497088,10.65211675928227,12.30212272464682,20.909817322098178,6.887470161808387,-0.893113472575263,10.919767809169457,5.220384427428575,5.484008378199389,3.4797894013678885,6.223969191883547,0.15069193101953715,123.2112256531751,45.05018195044288,26.325505550494423,19.54754440298567,18.68415467959448,20.693641333779905,19.015527085087783,12.748284782615272,12.334425081262165,8.193769833515379,7.919621793574983,8.229259581326286,0.16220132686692873,2.8443533546166044,2.1010008789700203,-1.2629640418807078,-0.8005239301582459,0.35840901968658506,0.020200657748554084,-0.45023749161710797,0.08881940391496136,0.49321406383667726,0.21487753878150623,0.11154865539043772,-0.1610229803122205,-0.00020160237627644693,33.91000883007711,18.87525436575824,15.893667614660927,11.033047302479577,9.713749920271013,9.767747051023422,8.186952595840772,9.733849051953777,9.104404033621984,6.190667486156356,6.50323342653459,6.338212249787564,0.050470003911555976,-0.8840837824878498,0.2265773232885407,0.28799604798821987,-0.47951423834164414,-0.15723992518701724,-0.15347988539548413,0.17568459123337066,-0.7495804287616143,-0.45590775683308504,-0.06385668658335432,0.007946727293991603,-0.19627658395942751,-0.0003767295430103938,23.30550059232953,18.548292058567302,19.89381230807381,11.966658695246343,8.998850918904985,9.171451165562965,10.00061588610779,11.848513224581513,9.91082239644344,8.254499440597906,8.057206567903476,6.993462429386995,0.03326640865376006,five,/content/speechcommands/five/964e8cfd_nohash_0.wav,testing,5.0,Kitchen.wav
1425,-231.8202715089755,44.005131702092214,-2.8906348659184484,2.8237565193732665,0.22546511824952697,0.1004502391407871,11.85691413306451,3.165118161655176,7.135313141079287,22.58259868595022,14.212629656249126,11.21326469399045,0.06275186518905684,98.84779663719465,41.92870018275573,35.47260223889049,16.880687677011874,20.594052766938287,12.379999898899365,8.893946990930477,9.618749036093185,11.749121287164854,9.383022730334876,3.272219987142593,4.985745327168101,0.0461669095273579,0.08602389279842591,0.19132585543086159,-0.032686637214676885,0.1692554319993178,0.09121050781789498,0.22780023514218112,0.36894324379542215,0.12129773641330967,-0.3069405826040616,-0.34566408217704536,-0.28929623253555253,-0.0013257132982938133,0.0002604989755538202,31.621351419243634,15.657444326707521,10.535307109631267,6.293456159790568,7.889157096154145,5.980633368786938,4.656303808513406,3.408329776050304,5.60788456089124,4.248592838271456,3.1826006796167006,3.8783777332218357,0.020342198083201892,-0.48562151268041587,0.0985267975116179,0.25725716407732835,-0.1154928661593815,-0.10121539904755052,0.11426336738980876,0.21594473585676977,0.3174013442399031,-0.030777868374715654,-0.08266397847919477,0.08400270802188826,0.15176648746619031,0.0001595387856165568,28.27933260226902,17.619649935075856,7.68841312563561,7.069665905200697,8.736531708446092,7.249807663100138,5.394966273905177,3.640098589951044,6.380218900027361,4.3468830892884895,4.5115480279504085,4.465509717759121,0.018462158893026066,five,/content/speechcommands/five/84d1e469_nohash_0.wav,testing,5.0,Kitchen.wav
1426,-226.49294666029658,29.04425548401928,33.94160765612605,19.16626587537277,6.359667340228195,-4.988484844385408,-8.1860089466665,1.7298719192888568,9.596407109042403,8.630878474986089,18.610958489318726,15.01560176560525,0.09272195509402081,81.08986989967075,45.58129723685435,24.23617252217391,25.034558414021145,16.245289951713936,17.235276678723466,18.537744222619672,12.342152354178573,15.050848303184821,18.821631939490654,13.14416038342197,12.370062894243928,0.08341426569384687,-0.8818886087464359,-0.8520727037812494,0.0011402384893364848,0.8696586847743837,0.9514955017712079,0.8701316936712927,0.7482175980614243,0.4151255716329836,-0.011519389048157882,-0.2739471487569079,-0.6459099681593297,-0.7008587619014378,-0.0006247231316181921,25.63407171877933,21.39373723806801,14.313766210399002,11.926335581473491,7.255903460270802,8.296105981548914,6.721124073315897,7.390437655011853,8.846664075898591,7.2068468591011925,5.626956239839962,4.888285810878649,0.024645476159824476,-0.5646546734102363,-0.6271358557336769,-0.031932679866013794,0.4232809101219296,0.3958643186523492,0.33129937092169387,0.05931888852987767,0.12317509121413697,0.21346392364863517,0.05366284162838311,0.03156241885817674,-0.05800139894205062,-0.00011315060158570608,19.146290430116707,20.373011871037384,14.084188613234359,12.957134405505476,9.033133895783264,8.440931190098917,6.351978232075549,7.83919645030491,9.617921776851716,7.712247493466148,7.426301901109506,7.0518540622621435,0.013531128973693726,five,/content/speechcommands/five/9a7c1f83_nohash_3.wav,testing,5.0,Kitchen.wav
1427,-203.2085479732734,12.24967117821099,9.951638252459528,6.491146771684616,6.335466554825464,-0.24704357692434553,12.306267228057477,14.396151872552771,11.893721448330119,8.717410870505812,1.8556474860688266,3.81192909322537,0.04683754482539371,54.87546894912029,35.628595685698784,18.961324190224357,15.357969935798076,10.366519030851848,14.582175857523264,11.634692170702895,5.766703375689718,6.309214977373383,8.740937909855173,4.929200328374112,9.269274041749448,0.020301170217136455,0.1367729160042665,0.21473322955434834,-0.6082115890376049,-0.5700341549464093,0.16732331723152088,0.3719949344585711,0.2650027014213149,0.22644263150509925,-0.12988712054041265,-0.3218272257995745,-0.09297336320163033,0.2628097477942118,0.00040746336021730975,16.40072597723923,12.768944364230851,8.75737668532383,7.285446346013959,5.767456444399966,6.209130784902524,6.707261605357244,4.207632713264376,3.569977678584135,3.592382801524607,3.3027057147651733,4.874547548666171,0.007907084797780965,-0.07677619614355535,-0.04700488876742221,-0.41587466163875686,-0.09820556167835785,0.23832485569633413,0.3635419298580962,0.3223868845351889,0.33350912068630184,-0.03197913221981459,0.03088724376825353,0.012973103944139745,0.14357507040272466,-1.0862077275911968e-05,11.183094627662323,12.208390410834358,7.804683178073381,8.39885211025936,6.390287768514287,5.556546730825161,5.705542287431469,5.383606176513878,3.8871423109919068,3.753704782015745,4.118175845704574,4.838823563176254,0.005168767714644827,five,/content/speechcommands/five/8ec6dab6_nohash_0.wav,testing,5.0,Kitchen.wav
1428,-158.43597557510128,43.37492975182536,-1.7555165562334654,0.34625758204963564,0.4855973864418708,-0.5485125283863304,1.5273263112086597,-1.4006223830594406,-3.3855352102942966,-2.8389781966649403,0.033117903930801884,3.8258382420073507,0.09627650683978572,81.35867095742228,38.80833396204203,24.401294806370704,25.323828914740716,14.349381062032124,12.975654006260221,9.813195267534498,9.751933827480299,9.822203845978297,7.28301874014045,6.642682667383829,10.445704058523551,0.0654210372613975,-0.9311996392818773,-0.5261295277122137,-0.3658258197104149,0.0449161198650156,0.04773634907785114,0.08155661197629747,0.16088147365697852,-0.03954990170452802,-0.02925732960907431,-0.25025434168668537,-0.034118897923869795,0.44250681700708333,-0.0003548781237294597,30.86338504050715,20.651546643786418,11.054393198886823,13.580125497376631,7.252098818075407,6.944851809413051,5.090243198444794,5.8135059858958575,4.997949150183895,4.9271963585057055,3.990571917089763,4.660790881996858,0.02090830675079628,-0.17788196237902695,-0.053218118204854885,-0.13129666798137862,-0.27580239811811563,-0.14780645889609365,0.03817749874799459,0.18559274124744837,0.11028144603445676,-0.03472633680006224,-0.056008268938256126,0.0454076802217549,-0.0704200414790663,-0.00013430453836917877,26.56160621050544,20.32493620413487,10.338673114610609,13.378056361613192,9.237316520557268,7.6051194674023606,6.3233781786352425,6.576193760747256,4.765628065078495,5.447963720179922,4.633828753275193,5.231781722868281,0.01512883601013735,five,/content/speechcommands/five/1b4c9b89_nohash_0.wav,testing,5.0,Kitchen.wav
1429,-201.4609492738929,11.369980027281983,3.434387557667561,10.810860411480418,5.832606429282909,8.191737145597237,14.48986567551537,4.040040966710585,7.833050963287484,19.296119927208213,5.543425127700338,4.341469058771863,0.07420217717299238,110.06301333199197,46.7384716394638,39.31677317364809,17.165993406314424,22.64744724237568,13.495554467357524,15.119684854048252,11.665539815019553,8.534075878643717,9.459160572327049,4.706569852164088,7.979273060669774,0.07304295951092332,2.4657113194209597,0.3809440969215188,-1.1573027270746707,-0.031165223327678137,0.11463426564639377,0.3877849009714291,-0.2991865450569787,-0.5614831378483148,-0.10503081850110343,0.002582455115638214,-0.2612768629452649,-0.36878309765760436,0.000721619674755681,26.804778620548444,19.240788091018455,11.168836805646173,8.373332384245543,10.587713280991546,7.110402539910096,7.2766710795352605,4.920593613298642,5.518583185061609,4.736206662691771,4.314604244687364,4.311438224203029,0.023898666230802303,-0.7090441889393674,0.06864055324815853,0.016470485894735216,-0.23248592383391523,0.2575792686706226,-0.02979703530381729,0.3184923097030273,0.06193529992396788,-0.10568618731627234,0.07505164701544083,0.2382620984280469,0.2571210339510437,-2.3124366998672484e-05,20.14188264961304,20.481101439206054,10.758057197704543,9.572371132671577,10.362288351841228,6.847482393907344,6.102665813502851,6.885890942923188,7.3875526678630825,5.38767601315685,5.778856232233152,4.27960220551576,0.01535351907577851,five,/content/speechcommands/five/3cbd76a3_nohash_0.wav,testing,5.0,Kitchen.wav
1430,-274.0696099827021,32.22799398563946,32.92742836746704,16.603974180598165,17.327951488937853,9.842546917884437,11.741436152440487,11.477278756874732,10.554476864554521,10.200279721584764,8.144832467721109,7.36078850391778,0.04065079498104751,26.006185441562614,20.0688146916481,5.846316766242072,13.648309643374036,10.497145794202574,5.959351788224855,8.796511737322882,4.2225393839823555,5.054822860262049,5.781095959836357,5.27367248123925,4.525241273144164,0.012424918900954986,-0.20886474788751236,0.1493838636925051,-0.03302224618176255,0.3632243710785034,0.5598159336282251,0.003350154573783006,-0.07648462356247693,-0.13493196887945794,0.005895577055489347,0.30021759370268525,0.05155459675371953,-0.12882034262166872,0.00021851249039173126,11.021214007336631,9.128403077222144,4.206757068154122,6.349682551580882,5.526520128114555,3.5060524400396864,4.746943825726635,3.7315607510040976,4.308872164981969,4.155050852848346,3.1817183316673567,3.4163107536782564,0.007108003094126811,-0.5241346349207239,-0.36074783007857,-0.3378535945183972,0.07115292671435304,0.3869984941233414,0.11743419478940202,-0.23973075146972136,-0.3440270892623308,-0.17409507406306263,0.05872676577611043,0.027281690114260203,0.0399789003702946,-2.7439867456754048e-05,11.753913414432196,9.327318991848882,5.6396943970483315,5.712177105274796,5.495010191389573,3.8350989199067764,4.767887083005145,5.513871003456919,5.699990621149529,4.302130581206648,3.9548869432727716,4.168178333670746,0.005118239486776669,five,/content/speechcommands/five/a8e25ebb_nohash_0.wav,testing,5.0,Kitchen.wav
1431,-183.7716240229233,73.56749077940302,14.707745075436812,-1.3065898299170042,-3.4420605455781086,1.4047052133150428,8.138959307310266,3.704038872340699,7.223295323505731,12.739184577025876,10.646139215956246,6.3144796343226215,0.1483795595704578,124.82324103820339,49.696614084791705,30.036492864946833,22.018718365144103,17.23546450859114,11.609865572736325,10.392600270699742,11.603177516551808,10.280546049769518,11.77277303101708,10.023276727127811,4.7291838176712515,0.14036219911316483,7.073014618797508,2.7963954128189816,-0.27187828137780296,-0.3844200919062703,-0.3017037894575868,-0.31853812112595414,-0.3063004502002681,-0.6799620417083129,-0.9002757031020046,-1.0071882973046349,-0.37507783466532113,-0.4732732831092318,0.0017819307263820402,42.98260859956907,17.055430974085702,11.207044341151393,9.168381627397247,7.198243326158385,6.462087424299055,5.458953259382162,4.264295727955605,5.762646124289752,5.852285493455767,5.120268412237198,2.4590767078715916,0.0516875853420679,-1.1258996373396906,0.13140848097974736,-0.05804275219031408,0.026894751011302395,-0.0640655857890245,0.14586923398268206,0.040309064314182415,-0.18327054315547447,-0.09601781390129616,0.33020072921489146,0.06414237420121303,-0.1172237789460596,-0.0005061693489551544,41.866431396924945,16.919932447164392,12.781130217031663,9.868890800933922,6.788477634812937,7.417833107414539,6.227507826912383,4.8221107727699986,8.552247345825457,7.082735541004182,5.9158149262704605,3.558674900901545,0.041550031072997984,five,/content/speechcommands/five/d0faf7e4_nohash_1.wav,testing,5.0,Kitchen.wav
1432,-286.45814688081606,36.271080572146786,24.057902469755216,18.44078791679373,17.53875408673945,7.721020610170115,6.854679175893634,6.4298263661752975,8.902761344228772,7.041582445014493,0.9073190880890891,6.86043868958667,0.03950033671571873,54.16220608968935,39.577376360468236,12.329179724115127,17.604055073166236,9.988937524279963,11.215525409844185,6.546960628090006,8.393984597788373,5.460068141994,6.453760763495509,6.461038223302308,5.039885278139388,0.019295622775971844,0.4426792732597956,0.3017706349590233,-0.024750745802409845,-0.4510704091101893,-0.36988062835570545,-0.39690557514896696,-0.46568918024147005,-0.3465411555120326,0.0027148095490265437,0.15151687422740698,-0.38040208557899774,-0.2595090129325536,-0.0003794855888812773,21.441653056210498,16.325468539228538,7.805409984080475,8.720386139721237,5.837835262174234,6.413222274415966,3.9841639197781538,4.993094833342887,4.663714453854887,4.427334288920573,3.793246285425044,3.8231286466285033,0.006258356111882938,-0.03421834518802598,0.23279011472914976,-0.2827069968749931,-0.04244691681864469,0.2276231984172004,-0.16099342765125257,-0.06364363766258538,0.14336194324933274,-0.04324457268227574,0.1451471521533076,0.07133039001549878,0.06224287758220983,-0.0002587482954065005,21.323703122524226,16.495772366220905,8.610464620453998,8.308116290252856,6.398565352092712,6.6559423255122105,5.2720239927469805,5.0915335847166565,6.079723654680796,5.760506515721581,4.517719993141389,5.113667191530191,0.0045236855022216535,five,/content/speechcommands/five/f292725f_nohash_0.wav,testing,5.0,Kitchen.wav
1433,-190.8154396976308,9.198272194082952,33.32679134832737,14.067041605575788,8.685544476502146,6.539604556257157,12.973526428499204,10.64036819885874,9.23359542022083,9.118736634712487,6.593582956142773,8.576884162583395,0.059406312723313606,50.70850666165136,46.42738530662916,10.94540441080406,17.576249055269187,16.683686188508826,11.535417968925794,7.580788805704926,5.4496899901294835,7.489624554128147,4.942516306443904,4.946267786975263,3.858305169017808,0.03320443383506609,-0.04824671801600384,0.2703905313181854,0.17123730333551077,-0.11923346552891362,-0.09059921730895688,-0.37120599402127563,-0.17250831034615116,-0.009751870070955763,0.17368310840072887,0.25688928596202826,-0.23573495745436154,-0.1151812651162718,-0.000788359468181928,20.33249575831896,20.492436926097646,10.18672020487792,9.681095211581713,8.776160374628006,5.345411209191704,4.368656253436988,4.441938106324236,5.443302448504781,4.075662340556995,3.8877005613417768,3.6421991560227345,0.012888696872552842,-0.23285673576942573,-0.3098238787433957,-0.27283609123801844,-0.23838350481875784,-0.21328010113269602,-0.0890969087290345,-0.17267167233882985,-0.23192491734770765,-0.17934244637010954,-0.11337018172432613,0.09929509842550761,0.3467313253678866,-0.00012694369873096203,16.62984493571248,19.156085469649142,12.259902859299418,9.428928593868822,9.772412180941549,6.515523941082411,4.680238537317055,6.236219214096494,6.413456190649214,4.966222654789756,4.393274437191963,4.898394196045814,0.009598347859819736,five,/content/speechcommands/five/95ba4996_nohash_2.wav,testing,5.0,Kitchen.wav
1434,-222.63956930618386,40.91356419085898,21.719540224087144,11.311380174897428,-2.5855922688855317,1.0113812751103137,10.9039969490947,4.909044118393471,9.849657015943844,9.08239531593058,0.7355192538801661,3.4459492705651735,0.08558989604352973,107.47110015833202,64.33820357708171,22.60983705414168,22.66974431844003,29.066798907334892,14.256930827027968,12.614440903961482,11.14163482587611,6.516070014739649,8.381600414541508,5.3772341181667835,8.425440375282127,0.076119054391407,3.5908163794198997,3.020521871987774,1.005953803710761,0.7634053064352455,-0.17213975138725476,-1.0662807830782446,-0.6255777567252587,-0.6955791182073832,-0.6073442949858863,-0.8996238521713328,-0.3440744837809411,-0.10148203765079619,0.001847783914737163,27.57693263653869,18.672875530980345,8.23383404004988,7.9436967105515155,9.512513496245097,4.748539324156715,6.218308021771644,3.7060106392456906,4.843313808061626,4.84430006706242,3.8634476670648374,3.6244269455366833,0.0223573655834715,-0.10598542963728429,0.339792870019883,0.3500434455294297,0.10480755649375553,0.1303538735301527,0.1409802693415259,0.15025821309951728,-0.008208183196974472,-0.22523339289285232,-0.46892996334153797,-0.2671627798920563,0.22205438795548443,-0.00022061004613836607,20.95791668650024,17.13380870253276,6.527093888921437,6.75305588420434,7.478732288654581,5.3548484572680906,7.650693554186673,5.077703719049659,5.8903568862601485,4.746485093256089,4.8638352969999845,3.8784555075204254,0.013253609463476436,five,/content/speechcommands/five/b49caed3_nohash_3.wav,testing,5.0,Kitchen.wav
1435,-257.1769018379425,9.347620640560406,18.73038509953937,24.32469656380551,15.877161900467861,8.840466218786773,12.31269080916335,8.995140747895942,11.68535538470886,9.460557326675005,9.99083107353464,8.327905698209301,0.036437291477341205,61.39705413325601,36.886331965499316,10.709072093450303,9.815220250860255,9.568011274257277,7.275185300270899,5.841598560770512,7.443244693069661,7.786616764987744,5.090326837447754,3.824009112668557,5.302059878658028,0.00958641779838725,-0.06744612348296641,0.30124473737243285,0.03302941535547515,0.04246391197654066,0.21104567681294228,0.21792397028263405,0.2674612004739967,0.03881902156633391,-0.12871429644306695,-0.1816008618301837,-0.2275148315312083,-0.42376154606454114,-0.00023007050396934631,21.924887760220233,15.852983747560048,8.385635724788944,6.233996016221338,5.637702156287424,4.877943491041586,4.490287277726154,4.64985826840331,5.500067794688712,4.319715810261518,3.6158885403416914,3.263109987747523,0.004605652546135959,-0.48828423180662717,-0.47624009822299096,-0.043764422034399016,-0.0905596296959666,-0.02924680112134901,0.032357077974077816,0.43492488843328403,0.24470404635333604,-0.029703233383195145,-0.382216345497104,0.002221345569234027,0.15895198822206602,-4.700782398382823e-05,15.966823902910312,14.96827577684359,11.24590473398704,6.434433787924702,6.711912486283401,6.329654466755292,5.105195191262211,5.9883861295654395,7.1421761128863395,5.678273882220675,5.283259225793738,4.195152962030529,0.0036113976091148633,five,/content/speechcommands/five/37dca74f_nohash_3.wav,testing,5.0,Kitchen.wav
1436,-261.03491714392464,11.069205578954818,28.854602309818894,7.282190264520805,9.942434136098553,0.5438273824615321,6.470273005544178,9.416063583183988,13.238075491717757,12.984857177919762,6.307900317224329,6.825984761351604,0.03345875913510099,60.41557348435107,44.248667796077896,17.41315565422649,23.81964699588797,13.628169686973406,17.185769279735073,14.56035406568327,6.091767743303493,4.712781499173601,7.483580817217312,5.119443893542591,8.341879801998568,0.009193116992592294,0.35710218910235053,0.1456096626720616,0.19684597875228707,0.21947071284832514,0.1027841333348781,-0.3558722548067447,-0.474528365470246,-0.06845416888354094,0.13505187791639525,0.025143487709098484,0.06441656814088231,-0.11552309385926837,0.00014684114965700333,16.6164492294797,13.230216888822207,8.512112887836615,8.865495876297247,5.505483808770512,7.194633458071105,6.287013447512492,4.16714003470384,3.591690355430711,4.529563271012231,4.211447275903974,4.213010295406216,0.004494479470722831,-0.14359650426039822,-0.03800414531339105,-0.0009252473091760767,0.07166784028598604,-0.03552650988571351,0.13496419488836744,0.06826434475691835,0.18678764842114545,-0.06260809411199644,0.16239901040719312,-0.09345880732105392,-0.17671931965853954,-9.22602911790212e-05,12.563627737489528,12.213463707744454,10.630814747864708,7.776764332322021,6.153271377813006,7.904572516461039,6.4546090532398175,5.159883279880094,4.380418703590811,4.931433112419184,5.165373687882693,4.182571021282876,0.0034374979496722305,five,/content/speechcommands/five/7add4c5f_nohash_1.wav,testing,5.0,Kitchen.wav
1437,-288.7399646698251,35.67933166569226,24.96120899948653,12.688694953223886,13.689581051212043,8.408928938380487,11.793640905243638,12.33288577402325,11.299242705195368,10.72264098274318,8.248838903019504,9.666357727261786,0.03785367991076782,40.327607706332756,25.10765497436441,12.211575494672436,16.760864217222526,13.342488942830714,7.7907336468854,9.302574836411152,6.256180078011331,4.379864252522261,5.92281028034653,4.512486460540024,3.134767090073791,0.008508925557378793,0.25147962923653444,-0.6331431688325873,-0.4916383622790181,0.02337006422414555,-0.08566230033817238,-0.0004181833943535322,0.2978954547971446,0.16935033442769937,0.1618253690220281,0.20232710078474878,-0.1336797964905763,0.06711206908218345,-0.00010892418363401967,23.826822163428915,14.380019998939476,7.048266523688001,9.628579359764549,8.79203697457116,7.448117658403527,6.446509228322037,4.58725400733162,4.741458266186587,4.921450377498424,3.2522278865814296,2.6645128024773834,0.00383572306348239,0.1553780141877894,0.25187437424967835,0.022142216447588462,0.0012396997298863492,-0.1651702046344931,-0.030354141288102453,0.20537265222865575,0.27039354278013766,0.5224417552182989,0.25498337211667477,0.01540376857485198,-0.1326021444869616,-2.6463468869527182e-05,24.554169101912134,15.862280083127608,6.169618192124119,9.538868655725528,9.378332375060706,8.88732381961223,6.1039666233936565,5.553607881186269,6.289435832962378,5.929442476524073,4.031870895106471,3.8144781254325086,0.0028199473119429864,five,/content/speechcommands/five/d91a159e_nohash_0.wav,testing,5.0,Kitchen.wav
1438,-171.2949978155964,24.228755270342617,25.948218512356533,2.2961543943615497,-9.912500969270877,-17.268038086513045,-6.474259612850368,5.912551889026708,15.88742806695266,15.97622804053179,7.7628889672912775,2.983073465040218,0.11325923097319901,63.77577080965139,47.30459047068013,13.077438445342842,18.848703164065153,15.993292222103104,14.376155471451098,9.902253536155088,7.7490814763254585,4.849190721725255,6.449559180741577,5.035522008573216,6.395580484166641,0.1229400512970939,-1.3583888368588077,-1.4754899705765232,-0.24167164395527405,0.6097814528948851,1.37359173554057,1.308343877978331,0.6700463199817572,0.14980021000011837,-0.18861381986023995,-0.43568581594692307,-0.41107032858064174,0.19704238432622265,0.0008752567152823171,22.014196403813678,18.22495805906444,7.786827088014725,8.704103851471743,7.210728927565068,7.782692642448186,4.938823680457686,4.585086801488859,3.809638825897229,4.175844675668433,3.5262396836387597,3.8836483241118342,0.042969425804905745,-0.051770390671507724,0.19480000111886647,0.12154244480771367,-0.01268530333942112,0.08786119436225945,0.08676110744383578,0.03489036563384491,-0.03175620417807199,0.15171083339149322,0.17831787168968474,0.14849183776880287,0.12885758670900885,0.00013977171232302984,17.68782463708084,16.549240811478388,7.265681680156121,8.082292755545012,7.86429635816979,8.798319894678345,5.317408329832472,5.08136613895032,4.812533120379558,4.571422633457876,4.3407046538858625,4.637622655754967,0.02832731231722077,five,/content/speechcommands/five/5e3dde6b_nohash_0.wav,testing,5.0,Kitchen.wav
1439,-232.40934126657925,43.27749330133463,14.421178063122955,25.77822256875544,18.657491459049155,-7.40666168207504,8.06309594716485,11.372670633315026,1.630654142370469,6.783082553029605,8.012499876621643,4.460437372175007,0.08434829901671037,95.71163821085071,46.638484811482705,29.0175911575639,22.47262753407054,9.887384842803995,23.61528223962571,9.02783213327026,8.613246542409266,15.050830783586099,11.797274843057076,5.448774632280719,8.010732735452503,0.06270385402428938,-0.04164927413262972,0.19319910163174056,0.2718202446363353,0.11814606647875024,-0.3818109347950985,-0.36620788584717845,-0.25978990077185293,-0.32033409001294244,-0.37801149020347874,-0.29755830153465834,0.08847932014438377,-0.04055853303674777,-0.0013245913770891006,33.088251611151705,23.157901946727794,11.550089234090022,11.154279988726893,6.45640333713906,7.881022131513289,6.5496456502555205,5.971772610580721,10.06304757731038,5.710327141494997,3.909678649888888,4.715934777224744,0.021027492991140394,0.20595795374535725,0.16790883936333115,0.30508575865493825,0.16446459257552323,0.07179694591013573,0.04556413291003878,0.2473442581519368,-0.09700419662573694,-0.013001629075869391,-0.34580269713551814,-0.21890478669422583,0.001566818917867548,9.493970622618993e-05,29.830566860917273,26.68329760580679,10.391571341698073,10.83041731824068,8.927214208007362,7.258247436242384,7.290896255992691,7.019038289812156,11.15451793296814,5.485151632128377,4.711029875631264,6.186178519354312,0.01793276503933538,five,/content/speechcommands/five/b97c9f77_nohash_3.wav,testing,5.0,Kitchen.wav
1440,-296.6641822030516,25.305204028872566,32.06882097544545,16.08086513042035,13.470211137038808,11.724991436586173,15.751059321762705,13.23030291165206,11.594442176412793,13.129428282180259,10.13821349298944,7.994358928379752,0.03587330336449668,53.87006576970058,32.16619185955795,19.446666461947267,16.136221098573305,17.540998100354436,9.801955123211162,11.29969882650142,4.792652946047075,6.662198825726587,6.881141572032693,5.350276863546313,5.541121206488264,0.009194609538611202,0.37756330859574594,0.0017810824639783237,-0.35608714435598876,-0.24777612372796573,0.13826823777164468,0.21170031916992263,-0.2934224744104873,-0.23218158233125386,0.10628017562588085,-0.08321050136815906,0.2267753182967087,0.1524864325005797,-0.0006634595413361826,21.670581463709038,16.82392919146886,11.346594603582938,7.10123062177727,8.092998689796467,6.89985260952186,7.277493396429888,3.2762148708387304,4.76731400568379,5.342212947021253,3.577892276815583,3.2888051640897715,0.005388516056331705,-0.7997510473562632,-0.04837905747421471,0.2151621867223875,0.08613273383289956,0.10841015367013386,-0.13890980074248055,-0.08216479734987671,0.11018531861652517,-0.06716088026152729,-0.27367287296144593,-0.01213727210232678,0.1754875992708687,1.2553296983242035e-05,19.833373055940967,18.161364028954782,10.890859100115593,6.220819692213627,6.9588784819350336,8.229373789435344,7.192901476825787,4.106846655782304,5.700695511956008,6.172042188856616,3.8577219430051133,4.129707221003962,0.0044033847778352925,five,/content/speechcommands/five/d91a159e_nohash_2.wav,testing,5.0,Kitchen.wav
1441,-179.9386144698766,28.893246550192558,13.437293927904404,22.40999460120881,-1.1932816307105534,-2.6050587957044318,0.7002180754795913,3.329484510480088,1.7674131622715155,0.500134193577144,3.5094338055893726,-0.4041075875708291,0.09354756580432877,89.18433582820387,33.70038984547881,26.070431852900953,24.437285752591478,19.60451368468201,10.341528409386635,7.467830289937838,8.78924583425374,11.120230145127561,6.785539438230453,7.377139634084553,10.202588178911636,0.07547259169420105,-3.85420958528474,-1.98153169560907,0.8615454507934184,1.2594793166155327,1.288132976836267,0.25005426045444645,0.7101566329911685,0.23999007948263812,0.42201522022725635,0.3256721781328426,-0.26128778906271954,-0.04256214970478008,-0.0013385832670234864,27.886518537364914,19.711312817325616,12.354749754226564,10.192944839854684,8.270689301971023,6.355170242398942,4.692390356776896,4.744354797486503,6.206565083512954,3.3137925708239018,5.011973308683375,5.587983438327621,0.023734149941158397,-0.48910958447709185,0.34559899938226857,0.4003047164739322,-0.296960744905221,0.14323770200504818,0.01904581723818346,0.29211084982312374,0.24780172339813972,0.06311568033395408,0.041304768508406656,0.0010829812905371365,0.11837824238396616,-0.000110325093070666,25.156596323136995,19.765312256192573,12.00182726549598,11.155290211850524,9.74857230055129,8.445931514634688,6.5756612029229755,5.462041353428723,6.761017328640574,4.283893021080928,5.881788052704816,6.54627959557951,0.01863156829543319,five,/content/speechcommands/five/97f4c236_nohash_1.wav,testing,5.0,Kitchen.wav
1442,-253.14628839049305,14.077900589028726,32.56994267572737,14.678191132253147,12.781936113384953,1.6010774173351972,9.08676825464341,7.4148193136444736,6.0681238969367035,8.160949572993923,9.30789089804917,9.758132737220894,0.04428589384770021,63.39006668669525,36.74277375235823,20.189641236644086,25.033430166932767,13.786506849944297,14.669212371203034,12.138037516705689,6.669634429390271,9.509997796130955,10.206199730520224,6.395586275523911,4.4450104352000235,0.012448095071167285,-0.14480028937140516,-0.31904827997981927,0.49386006087780904,0.6300095953811228,-0.09984748839682166,0.01801747550661495,0.08859773836404171,0.11569793267568959,0.2450648848712177,0.3775938949445627,0.3588577099563721,0.10531934776881376,0.0003319866955280304,22.308493813613506,15.221634474364057,10.653699984252851,12.746042079799123,9.16056453947594,7.665704452747792,7.263326288184448,4.454965244271562,5.813135898630443,6.937987394463572,4.662367997249053,3.841792345143626,0.00454871530714345,-0.4845760423495657,-0.3107154545652348,-0.1614652382496614,0.10476314287630663,0.3625321287945353,0.16683317059814826,0.05153197405320675,0.06561826296901832,0.09805072823083674,0.10926336852218803,0.03152914020764985,-0.1549522913483969,-8.114029963811239e-05,15.422194761801435,14.401180138221278,9.070510051009771,11.036683394038745,10.077798183886461,8.175992538229687,7.3280157585734775,6.37673472987934,5.4922428451047525,6.4979363897059494,5.066849699739241,5.189130512760859,0.002783974801431158,five,/content/speechcommands/five/c22d3f18_nohash_1.wav,testing,5.0,Kitchen.wav
1443,-202.04041054463306,49.18449845076224,23.17773882896393,15.17580034622749,-3.904390133201352,1.536688096529447,6.193048803867376,0.9323863856728801,9.738074192361339,2.468029068064614,-3.911676539587056,1.345389052486263,0.11592851046589203,114.65078149476527,57.122274979697565,31.766632880555836,21.342670539206708,31.11048725659541,11.494824784877041,15.773619966626093,9.60455206772704,8.949629131113532,8.497746133410407,7.033014238231262,7.4657324028620655,0.0976743774802857,0.3107714121794047,-0.1318638166619321,0.28270012811723594,0.1742502292512601,0.25608307788879375,0.1601967857161268,-0.16232133921643585,0.09163205875398611,0.5104474760212236,0.16846378833921608,-0.05713651114328778,-0.07820566929807556,0.0015580865043786265,33.79100889224406,21.170378759044468,9.57722450351526,8.500382047415533,10.104011105824718,5.826659752528691,6.462457629598403,3.921230859117455,5.555011415615386,4.410506730275831,4.339493094790703,5.18242651288751,0.029389663392628274,-0.6867390815509339,-0.4677001946114917,-0.30149843149722777,0.0008225033842238124,0.009874653249770778,0.03289395840830336,-0.05919982293818885,0.022383400115734423,0.10375601936293428,0.13213005231027697,0.3752102047263944,0.3223485192658914,0.0002153101998070876,25.13650705890707,20.93396664719912,6.860188573532436,8.655111147494567,8.230818458428292,6.400202952793128,5.711063737294185,3.893340812083382,5.6988136376663245,4.569361366843026,4.587234495910424,5.790460976170649,0.02224727360910736,five,/content/speechcommands/five/b49caed3_nohash_4.wav,testing,5.0,Kitchen.wav
1444,-229.02795664277932,35.88934839637156,20.38460550157652,10.131371702696002,14.675227338051457,-3.6834967840567545,1.6793602985493008,11.566984970719538,9.926902598644203,14.20392943681928,6.079713982546252,0.7811886826463201,0.0746768842509482,101.9139735086155,60.09751133714798,35.949546359809744,18.93708997956887,6.737561677786962,18.835673640049208,15.44459992602392,7.832431805585899,4.740323377859253,6.991020294001032,7.107316409385025,10.86213366556942,0.06548014290561308,-1.1831939848255626,-1.2233823714054137,0.31581353210735136,0.6000022764555729,0.48963177259935803,0.7023419681458027,0.7855751057375283,0.710927450063988,0.5848272518228097,-0.33769210115723575,-1.1030337956957512,-0.9529459577956383,-0.0005766989122475347,29.63238105070713,18.619455293580966,12.383022935474077,7.032505670609078,3.3269748056623603,7.866060503520447,5.787912998307408,4.596353290729719,3.588709465698798,4.3374525626194655,4.3904627034612,6.019900582488152,0.017531296665585082,-1.228651920422621,-0.9237640463643598,0.0010379872769493185,0.006063661944914145,-0.04599946139874535,0.22244960068744166,-0.14948441933019474,-0.0535512380948866,0.09809519105064683,0.3571126200910122,0.43573560040904397,0.27742214155245615,-0.0013293213210999965,22.591123219269136,17.88700911384842,9.61234780148929,8.503042066185078,4.2094169813506905,7.137555971950582,5.500709265423346,4.8850921669434735,4.18712662532714,5.089104750924892,4.6443331611615095,4.497153804785189,0.00815927163604438,five,/content/speechcommands/five/aef8dcf5_nohash_1.wav,testing,5.0,Kitchen.wav
1445,-140.3729209948075,30.68314064945875,-9.628648392134998,26.875503169835458,-0.5545202247291439,-0.9097962108865909,-3.1047339932968616,5.750007519498365,3.9406404600208806,5.224743041208921,4.565871773537207,-5.307567352452341,0.1590338203823194,99.37133464539382,47.207376708901265,31.9125817447227,20.5631001226036,25.999927174224563,12.15991403587755,6.940827498112828,10.193641525188575,10.155562734536845,7.322696895103322,9.663362498704371,10.089625486719147,0.1355001524912137,1.7615526122158656,1.8353342111784456,-0.757705281734325,-1.2226967262022368,0.05973000039664536,-0.44405211073193923,-0.5664860677029031,-0.23086956546136778,0.11748863339807067,0.2631662802020756,-0.2686916075963851,-0.07245974720569562,0.0003267319332207403,49.81061072866127,25.36031353916038,21.236422785847246,9.764982037914839,13.301925878221095,7.338288146619515,6.3518040054947456,7.494406127404183,6.49799928562234,5.32952903215945,5.955382368149454,7.539979578899295,0.041060909406916445,-5.128224449781377,0.9215097352169475,1.250709482102908,-0.6534808771660681,0.908455735699126,-0.07226991689381874,0.47520985598122156,0.052657609958903694,-0.008932246997244774,0.24861763645442359,0.14851201227798339,0.3342953066764192,-0.00046440990020831424,41.88606126556428,27.43786577219285,20.045945288271856,10.110706476486836,14.7261214626911,9.126504020531394,8.35647198930109,9.439837270197103,8.4943315229078,7.572241742581687,6.655078022173189,10.277575204048079,0.03524703361949752,five,/content/speechcommands/five/97f4c236_nohash_4.wav,testing,5.0,Kitchen.wav
1446,-272.62804599702304,9.373092230684987,33.55375854630232,9.42492473426459,1.8315274614621773,3.907164491414413,7.035517376694367,6.820874131784589,9.781427826178472,12.199808251858663,7.631504012513602,9.827732889057264,0.033525330713018775,40.21676616360072,29.580043228221175,12.657935390590492,22.79941149318756,18.309005357950735,12.709069823184569,12.79574660346355,6.033406893939933,4.861350016100649,6.127070909267793,5.166390004174287,6.745218309128694,0.006278652542577379,1.529851417430683,0.6582986999393087,-0.5877754545256529,-0.9682619109486356,-0.4284917901215533,-0.026967035550755993,-0.2573406217585468,-0.22588701207594958,0.3666201097792385,0.7596370258695702,0.2830834618763968,-0.08351826733539226,-0.00015478797497287872,15.542833749570965,14.147106069806771,6.091930984989428,10.594919318260217,9.94018183681931,7.988812844701633,6.224347575547777,4.181899855287763,4.223526808769923,3.993779358817991,3.776786570254182,4.670278784201542,0.0032580565439044662,-0.1714185354074232,0.27429057168736043,0.33119712525103295,0.18283054452015826,-0.1355243170443622,-0.2515942239658575,0.11817955515880237,0.18657341000980565,0.034821386456447306,-0.014895806058597394,0.2215056109658239,0.026991152248494465,-2.7651588122049967e-06,16.952274839294745,16.153807200900516,6.5005604898149105,11.254999102960916,11.094710254771968,9.6922509849154,7.446341429542061,6.002460508298576,5.324636934579942,4.420768422049864,4.736430329142567,5.9547888743201725,0.0028186870614824145,five,/content/speechcommands/five/b11a05d2_nohash_0.wav,testing,5.0,Kitchen.wav
1447,-213.89471351242454,74.78226412701972,25.12907821387917,21.2698513891828,23.637105381839117,4.734686339836716,4.740225577568843,7.41404141768884,10.200245321105589,11.431614638547694,0.7866823823043664,2.9714111774886183,0.056029332535607476,56.28358005963838,40.60497243914069,20.029821753852385,24.45914207708031,15.117802524103967,8.812731705138708,9.593028180445597,9.152625632163295,7.01624272454216,9.573054945439845,6.098451610319586,5.409394787826048,0.01820207241655908,-0.7328912862838507,-2.7375620705168684,-2.55244600688231,-1.645894332543015,-0.9625235177931518,-0.19421181747123412,-0.0891675168385159,0.6737754983506619,0.8311177063051705,0.5004016876516795,-0.45219213344663667,0.23494996269015395,-0.002936223614960909,24.26719969279298,21.18859382760216,9.652243716937368,11.584028696587726,8.066377880197846,5.9445046144720886,5.842411243677711,5.340317080153391,5.3502032182312185,4.476301138934433,3.429649549989832,4.463462733974356,0.008578052977238335,-0.5751508939585207,-0.6443692800445315,-0.7063589534764878,-0.2822392978152111,-0.02646582712201837,-0.0975180396185598,-0.40158381484727496,-0.1293691056783076,-0.3297376909723248,-0.052701182492708505,-0.10924834106500207,-0.24317947748123067,-0.00033202512483847767,17.87840161111939,18.684541597857784,10.721425207837797,9.663640268559309,9.275073103587355,7.747520356205551,7.122378270491185,5.294255123629027,6.150774488584705,4.676784662622925,4.064029375948854,6.318699738114815,0.007188687386178637,five,/content/speechcommands/five/9d171fee_nohash_0.wav,testing,5.0,Kitchen.wav
1448,-263.07325370312225,-8.871714760480799,30.347297794587284,23.55188174934977,18.27820248004438,9.447186717321284,13.210723899169457,9.093301541800324,7.065441053548557,12.344641279607899,10.085199599566923,5.363294758874354,0.03384270201786421,74.8075207503124,39.683838272730384,17.85556276364699,8.457498455269299,10.089412757400913,9.875918892354036,6.304915138047394,7.2952820500388125,4.579135539418681,5.098954379193463,5.332212516812178,3.637350743824826,0.014671388190874178,0.8051388298632454,0.07025330454140633,0.06683600959262061,-0.028612492131193608,-0.07647885775633999,-0.16270973508822748,-0.19835070977554775,-0.13857210817218993,-0.0206027109775252,-0.009846943805717486,-0.07468358576902233,-0.03592401514973306,0.0007576329573508232,27.182125128175915,17.205506370253904,8.082629554495616,5.372541815969242,6.402525059112421,4.895192554423314,4.485143254427781,3.7101647665115034,4.245455464846292,3.545857961004986,3.670136630741132,2.6075813894503836,0.006129678601251982,-1.7282597181904265,-1.0955599228426531,0.1803736933961177,-0.026257158710234898,0.05640953658479718,-0.004868611353096064,0.07770276456822268,0.10023713835919817,-0.0344170487997444,-0.03402755568366501,-0.08741396150524008,-0.029765631679212964,-0.00022330600768327713,22.489076130774183,16.43794038988997,8.257725673957818,5.718075162662796,6.483991773056394,5.804314771812205,5.786230165453805,4.756815343251635,5.634794876440986,4.803705498883076,4.309380257392256,3.7218853107613272,0.005735374728807377,five,/content/speechcommands/five/37dca74f_nohash_0.wav,testing,5.0,Kitchen.wav
1449,-206.80395759011407,41.447261140461336,8.156908668642544,-3.4695609030748953,9.640247032081653,5.794352858389131,9.5110408870082,9.762906281199589,10.042842766694434,4.2610552644831525,-1.4530172778229358,4.138590231981106,0.08345482387812808,94.16043611439908,34.001028128124716,43.305029791472876,16.111391560561074,11.758522929007052,11.569085740066644,5.882121156907264,8.30792474708418,5.61136645228233,4.189665374978409,7.569165723575216,8.742143829641305,0.06876494042839003,0.3267708041691389,0.4521404589260401,-0.7625364642008989,0.33320348933250116,0.0723278176254104,0.00957507567098644,-0.5556925902847298,-0.06678581520907037,0.43730038152276146,0.21655074994887716,-0.10510210592278242,-0.17268580204647768,-0.00041074702335942175,32.40673581464939,16.15039639021887,16.878861181721867,10.674802964133665,5.98900251334401,5.994857308376063,3.887304232177686,5.696815644002501,3.1222534079949704,3.520862701685409,5.572309072549717,5.38761236837164,0.023742076508208525,-0.47928582632488126,-0.33723377199554994,0.6461944990714454,-0.044683788114402566,-0.17218883177263145,0.11839908011311268,0.2493157987026537,-0.15412936039804032,-0.059444106422613295,-0.031122748747478647,-0.1475098209738062,-0.04314971849499261,8.703432977199554e-05,28.911363073078366,19.174831014708,15.278838729812827,14.58218108675413,6.879292938492981,5.041974918963354,4.850611485996186,5.492143307199221,3.5692358111821805,4.383065210202346,7.250923489935092,6.765790053957673,0.01720883765641671,five,/content/speechcommands/five/840c366d_nohash_0.wav,testing,5.0,Kitchen.wav
1450,-256.39815561083475,40.07565230585603,29.41544525340308,14.32942489812725,11.089325926097997,6.758158093070832,14.59948093092972,9.082463747465718,8.041891322821645,9.414916812862348,6.592652485665326,6.73258946550543,0.07255877304123715,85.44605049044245,66.20490094121497,16.515264613551068,16.983965238984045,20.384752100627924,10.348267786513183,8.371113584816234,8.714615210805407,7.372651029066819,5.994538481239223,3.0938594203348164,4.369837071212082,0.047206562292274046,-0.3226764569449389,-0.49119482270219555,-0.38037348232981216,-0.4639846715648119,-0.11653558375608207,0.019808436611174353,-0.020132579544285968,-0.17814799601426246,0.046606020718818676,0.2835233361189927,-0.007566657617630398,-0.1108509512563899,-0.0005366700070519601,30.55417748144548,27.695648728105127,12.535978738236178,8.327750315249274,10.394906301663482,6.049107141204971,6.305345014901944,4.622909640258018,3.3443947253889026,4.8662524550960224,2.9994563478109075,2.4617106805232054,0.017536057832934097,-0.02902904875901413,-0.1668183035810936,-0.1001651837789673,-0.1394520653997068,-0.149404486560107,0.25189675041411336,0.32098038574695925,0.1119749270072754,0.14513151756673107,0.03443768196407954,-0.05861728159533725,-0.01045743790867634,-0.00014969172577063242,27.140606892129,30.042551171039662,14.002808506825337,8.534275589806171,11.641870471624182,7.901343275480073,6.976059780582572,5.257872117795037,4.000881530877977,5.965227868620711,4.2250327005849,3.1331595664575116,0.012167556243215824,five,/content/speechcommands/five/e41a903b_nohash_4.wav,testing,5.0,Kitchen.wav
1451,-271.6122739960193,23.487156054422467,17.56407701045915,25.46398087941891,16.45634024788042,12.019732840405286,10.892493394481399,6.189887806015649,8.773142495041407,9.624692280268263,9.204354384228035,7.578403268587108,0.03322912234580144,79.55976918216699,34.28665965121899,21.265838307198162,9.491237427001101,10.564095556209324,5.791795044757577,6.812939148946134,8.240026015203762,5.844242325772193,4.3333634188703405,6.164403195380971,4.352762891189896,0.014909662470471863,-0.12315798345417761,-0.08375061339490478,0.3392442779505939,0.40897199148202323,0.1224473126911976,-0.15063198376086812,0.04083206360051826,0.08071163829699854,-0.02666912517291971,-0.33531497113615955,0.07487023585986231,0.10441793583670188,0.00021224889543748672,29.098120608071767,16.763442735689022,10.538094845031223,5.847201590233329,6.715156771661483,4.652078971067532,5.111202318100084,4.714053175032172,4.046220097278918,4.2144185363009194,4.004285372496899,3.02006249128174,0.005983425846740433,-0.558345734176127,-0.2401925320671306,-0.2087202812893401,-0.08302746133784217,-0.00853140163897379,0.05713817447250757,0.20866861228131312,0.08395315276495748,0.024275231413787422,0.21563932376860903,0.13529022670890448,-0.018743716513281092,0.00019328581790129345,21.841462845407438,17.430810264297673,11.115946226884189,6.901909112833896,7.8229381138479495,6.870131364388307,6.66698187054117,6.278213719176638,5.442120940158445,5.9398270440935335,5.106715063750833,3.709277920791335,0.004379387139538847,five,/content/speechcommands/five/37dca74f_nohash_1.wav,testing,5.0,Kitchen.wav
1452,-190.12156264577018,17.12835140472141,14.28704505310446,13.324475990042323,3.0360081603233917,13.760218706601664,6.454304791823648,-0.5707344606560544,5.752970125399841,8.06387295689395,10.886103728732932,4.165204270687884,0.08630946092307568,108.01296573600663,55.9588734809136,42.69199774838624,14.280946564975538,18.54831182065336,12.006511532086854,9.671104448665226,18.572828333028838,7.918852544733808,8.834828415331003,7.700810778050974,10.838644230548782,0.06219057224335536,6.608021231035735,1.0142440859336677,-1.2253631235152864,-0.17154784294868616,-0.8195925709561299,-0.6844703311145577,-0.6319588389645474,-0.09771184645850556,0.18717124349987985,-0.009375964131274384,-0.4648944300662613,-0.8582851683157068,0.000687320145868486,33.82372654564657,16.99285721200803,15.684843213481447,8.034290421128768,10.706865692759852,5.808792156531924,7.416427146851113,7.689398301775822,6.025420753762551,6.531584138935965,3.3372475382825337,5.0171365463155,0.027292727139708203,-1.0000077399036253,0.09469871014869315,0.0991493997229779,-0.015002699594541487,0.06568742173988772,-0.18341527176703212,-0.2223929791889721,0.1285612463999249,0.23441241497722817,0.17677837673941693,-0.04897104105455181,-0.03501695579632026,0.0002556456873814265,36.84145316296849,16.90345299647814,12.629683918447077,9.07227300490558,12.007729610933865,7.592889300305332,8.717625490469604,8.287662820800431,6.368068899758877,7.994174237575685,4.2842623613319715,6.083152455199617,0.020941353866563265,five,/content/speechcommands/five/cd85758f_nohash_4.wav,testing,5.0,Kitchen.wav
1453,-159.44631485465771,49.134429043750714,20.05433756032058,1.6866319277968527,-1.0162509788572454,-2.869863295854934,-1.2212250095549515,3.4040505031203865,8.745473442915191,17.844123637460445,8.197139209304357,-4.925939253229867,0.09594164963345975,80.81561646732514,38.81515110203082,18.35579473290572,18.32317058807727,16.518797539974646,14.61561012083679,8.834210683339306,6.877879448901701,9.656418661164574,5.282703440892745,3.089348753596279,9.907082157391683,0.08541472511289425,1.5326583910193456,1.4146881422372724,-0.29302371130582183,-0.41691928169385084,0.17733638810952054,0.1827830783596369,-0.06792399213478477,-0.23361873716132042,-0.274236757782417,-0.052730589541875206,-0.19169185245929563,-0.40956198992687165,-0.0009236400646548118,35.33945370152561,18.73144700596578,8.533370001003261,9.487417152942067,6.7317635458883505,7.627550335827274,5.846891553970379,5.348188877821894,5.656898135047719,3.717107954098991,2.4322317093585526,5.219895498320888,0.03685294365512061,-1.309033963943983,-0.7018793383322398,0.15721727535286606,0.05627268568211348,0.24065933016580812,0.3856765998846754,0.4746495802264654,0.060048078287993314,-0.06608184192481466,-0.19213667168194715,-0.32932996124992747,0.009289745219074597,-5.412523945172628e-05,34.81830314688011,18.560596701530656,7.777824769561879,9.213619701253501,7.138012271833636,7.36374419403894,7.165025967181471,5.940740131244337,6.346659278435866,4.516611533095023,3.299175805097281,5.98733469819678,0.04130436935554818,five,/content/speechcommands/five/5e3dde6b_nohash_4.wav,testing,5.0,Kitchen.wav
1454,-230.77733551347075,14.673340269929216,30.733721730238507,13.96539473372954,8.828263462131698,3.9983771291712644,2.3502466599986827,4.701876837912773,10.484106509437787,9.465696003592608,1.2049530905683536,1.3050261575609141,0.05942720151506364,89.38936898859673,47.200470346002454,32.656688528514394,23.904043209681838,17.858316291744785,11.97457313057747,11.56738106273255,7.953672617472206,6.6394100124624,4.193564765255514,8.226398125480815,12.135622711945734,0.03423545714138562,0.6485563840256889,0.08945917066267071,-0.060683665993555944,-0.2197299411298828,-0.11250108698891433,-0.020013654084848436,-0.014875323611145765,0.015417307134673859,0.1153293325778694,-0.33962322892045366,0.02837650707705532,0.29382017711662367,-9.328535487574916e-05,34.385984485339705,19.660227037597878,14.405000082878564,10.077888601509727,8.616346275476266,5.924291546822513,8.03227440475016,5.968948119596244,5.332612334693818,3.6677573237840035,5.209384858762941,5.508153531610284,0.010768767345868227,-0.036333915636671085,0.07059866505755785,0.1161463461956096,0.14745303845043073,0.20939108215763666,0.012000173728010448,0.10632278381884112,-0.0944692604516546,-0.1571546716923006,0.07572946336735906,0.08114084491309116,-0.11406115082225081,0.00011796491841475169,31.92550812468617,20.6507631952765,12.357538082698456,9.354496355044933,8.088787386466473,5.831509724258491,9.788406695859763,7.500345498293876,6.186208064516043,5.526643196731083,5.788878626485565,6.2244611909663154,0.009208976379417613,five,/content/speechcommands/five/f428ca69_nohash_1.wav,testing,5.0,Kitchen.wav
1455,-213.97538732000322,-14.8167298991767,-1.3934159868005223,30.881251186486168,8.245230939182795,5.092089287495542,10.200758077442083,7.721113074130799,12.244741830992046,12.93000215468609,10.454858852900799,5.8781478083984435,0.05429363047005609,89.06538759238377,32.15755706479629,31.78036344162281,13.594646053355993,25.223243412349422,11.978177815532643,10.963476733919467,7.856252537548359,5.429864771055033,5.963005114821081,5.6176907000562,5.7994228424642245,0.035947648828523526,0.1431530397673578,-0.402953158878269,-0.4737102087875678,-0.21469790281559603,0.09430273296175394,0.320635121096441,-0.23919651917000767,0.37740859057703463,0.5019499533968415,0.04994879974649845,-0.21723915415520167,-0.01644689579038101,0.0003681104149549238,36.41085477961679,16.066728422063555,14.317772010753076,8.128189622042333,12.918217548328903,7.7850149472945915,7.0599934659435855,5.163386943958378,4.205455485314571,4.337784772020118,3.0327202878742234,4.74606956583138,0.017599055872812706,-1.3287238556769756,-0.25408608499505403,0.7330077540078925,-0.22717424439058956,-0.34103306531303945,0.3984761597564101,0.32359144898002606,0.14474952287842463,-0.224884481977419,-0.2098700504685332,0.2897822518910284,0.4557269529319197,-0.00011023941139380138,34.05240694975632,17.26034055248952,13.978648291573018,9.05567806543621,12.906182725322896,8.537228893147903,6.745064985961119,6.034989610229387,5.3112447186488865,5.103126559405735,3.7612030719294087,5.154386699756369,0.019216123688593205,five,/content/speechcommands/five/ca48dc76_nohash_0.wav,testing,5.0,Kitchen.wav
1456,-256.4710251964115,7.950582856758467,22.396512392752022,8.240978421052771,1.1777015002184354,8.114499578787708,7.9736850639264585,11.328399827093405,16.280323417317888,10.138213512428441,4.032613191960987,6.986189533163862,0.05077119107590988,83.00168241673104,42.48606621483162,27.02521919534963,26.393116104990412,19.8486752430978,11.136682573124556,6.505020696249139,6.066848656233876,7.222380685650726,5.470438457448,5.015101317593874,6.400728480645081,0.027381238107692666,0.5842621934385431,0.7743107062512296,-0.11565305272557004,0.005605767282382142,-0.29548257271820333,-0.23384576595822718,0.07705881177037248,0.2769278225952255,0.0716624947096084,-0.3222865497752692,-0.0478866421207874,0.24855516968141758,0.00032792805183318353,25.840716037995055,15.707818867024214,10.157901007840339,9.532613037830986,7.608330035875291,7.386291683904555,5.0479027963724885,4.81634811143854,4.071448968267891,3.9241405933304585,4.219178620583808,3.9880796030569416,0.012292977167827086,-0.07011507789900785,0.13730848965480955,0.08436775093890958,0.15428771474190484,-0.03052007894756823,-0.12432336857267433,0.07885838277263447,0.10260003365043682,-0.1335237359837418,-0.26809356391975037,-0.05753829459525749,0.11671566727583547,0.00011078448345263799,17.870473421618563,15.264016269556171,9.037955473256865,8.333721658687201,7.619042052655078,8.202478469132345,6.936093985242374,5.734949100191471,4.84344335778605,5.0815295264046645,6.222791790371889,5.397759344039271,0.009356551674869235,five,/content/speechcommands/five/af405b69_nohash_1.wav,testing,5.0,Kitchen.wav
1457,-191.3747721288529,-2.226238551777471,3.184486497028635,22.46206944807085,3.1426404388281504,-1.7781596667309523,9.537227486520063,9.585144465176459,5.864822706415291,6.620258373571502,-1.2141493841557698,6.930652289134411,0.13031677342951298,121.90755699613828,27.95051109731473,50.021940330076255,15.485759957140656,20.47085302780547,16.392093754718214,11.19928488021843,6.061570049518171,8.434178953288956,6.5840130404737325,9.353017906885011,7.414931901380862,0.1223691171364996,-1.059984681530739,-0.9437637053456983,-0.45025260332135586,-0.614722690271427,-0.39847972244508945,-0.15772298296862464,0.0027583465348755,0.16303609924968032,0.10455206767466436,0.17988276647031223,0.5745941127208254,0.9234335742729058,-0.00026530261722303205,42.56774937787772,19.62372288105409,15.537251542264732,10.08432007177384,11.68261543571964,9.34867464454813,6.161486775988143,5.031237966223271,4.614864584602256,4.849844571252781,6.285035782148658,5.2774362928323,0.03595880161886364,-0.3811951229098914,-0.3705339195165884,0.46891811269591116,0.47891914715932793,0.21876504100715025,0.1299496039043395,0.3793954252816325,0.2858393606853304,0.018936417984940116,0.2373834418197398,0.12957915863145084,-0.4143239771421036,-0.000225988340874513,36.511537551630475,23.19455010524711,13.617763299529548,12.29512392453651,11.535423971504898,10.31393198452096,4.679270432538231,6.358604715963385,5.2500414422746315,6.18745930595383,7.2108201057628145,6.098145896819088,0.022143246854791892,five,/content/speechcommands/five/44260689_nohash_0.wav,testing,5.0,Kitchen.wav
1458,-224.89991540094337,29.43906890284562,0.4558783332931151,11.125569916390837,12.475726675103934,-0.8010625664932863,17.39903288363963,11.966614365227496,7.432326201750421,11.295224539566236,2.196191213519381,4.468681601505537,0.08766073442529887,95.99323468695692,46.76152618821377,44.479467560347686,21.02302510703345,11.865021307299038,18.238432346839726,9.680935897317687,9.37900268374528,6.873142614040486,6.08299284728392,9.034041883767403,10.157174758290225,0.06921514681932091,-0.9837414430020573,0.7628654062104366,1.9722111258245802,-0.09917496807135388,-0.5603886242555183,-0.6169495141332255,-0.8915141600131035,0.07725451533400514,0.13442030953593342,-0.19089029937319676,-0.2586843045989404,-0.009798936247103216,-3.309475798760691e-05,39.2340919188879,23.649482918844264,20.589483556733274,13.378418869323797,8.528037557407094,8.067354811299912,6.644656691201263,6.014185239895369,5.472855552689142,3.1906946035520485,4.378696058663501,5.966949564288327,0.024523172438695465,0.7077588276352065,-0.5214542662180098,-1.4203154380239071,-0.3239643059158886,-0.16268573130316136,-0.02563116924419132,0.48918007983562967,0.30260082388622445,0.1360047639721343,0.27363893459053107,0.31280153287235374,0.21137555552108853,1.0078152020772299e-05,41.89043153121607,30.793748034114923,20.74672574740959,18.280875913034183,11.363353932657484,8.788895364263409,7.657833562553136,6.747999675185652,6.824629314863589,4.034347659466563,4.325532444458169,7.568930287723628,0.021733242270944853,five,/content/speechcommands/five/7257420c_nohash_0.wav,testing,5.0,Kitchen.wav
1459,-257.8704546897853,57.20986954283456,34.882677316515235,8.071177388544536,9.77770651237596,2.5306353197932006,9.293193767139694,7.887572905342626,10.227193267524127,13.631669486633896,4.169633139785219,4.2581959193960754,0.05205546546494588,59.7868758519068,40.22366814261957,18.653650752154466,25.04698312872855,19.36916457006165,14.849393460446251,10.157861846896349,3.433859863045005,7.301210952504693,7.156834468663836,3.7914571852899313,5.9858309386204684,0.018764196523548556,0.37475399931909414,0.3415908528513355,0.002221560850106844,-0.2777048700723684,-0.2234776299602013,-0.29026834048215927,-0.3663527070659613,0.19266967638235746,0.5890186403339629,0.37805236134945797,-0.0880910893006063,-0.34397644632287033,0.0002866138013139848,24.253069685636984,15.973588749391393,9.362813110701309,10.015870407065217,7.777026394721005,9.805591175490866,5.271150671222311,3.2985075594209015,3.712025018316246,3.1469418614474165,3.107319478186951,4.29231505062392,0.008241470676246955,-0.5674118627397036,-0.0815832377539626,-0.09633637328132708,-0.07801499037554636,0.15503064283969412,0.22709205089662116,0.1359575442533079,0.2670088417379104,0.039535024241281747,-0.09459430098018498,-0.004660224564156934,-0.1045335532198691,-0.00011435927202304204,23.084075183924337,17.334517102904883,9.463127604472326,8.737847029984064,7.944064852696759,9.858602255968776,4.957158166069149,4.496561170836926,4.767127095871308,4.101089394100321,4.058090211871131,5.027085795438769,0.007797697212363553,five,/content/speechcommands/five/b11a05d2_nohash_1.wav,testing,5.0,Kitchen.wav
1460,-160.40435453785162,70.38886624417721,22.240717688718338,-4.910656970958366,-3.535948475488804,1.3350152320806186,-1.2566654336900698,0.1244796171966385,3.1508888562478763,13.159335780758834,4.580989344834085,3.5943928642359864,0.07241563709533733,62.86657488724017,35.31878652818202,24.106611220612645,18.975445399241053,19.78958820524518,9.702925228360241,12.836466315418326,6.558446427700879,9.63663913203018,9.123728013684955,4.649348425864342,5.323295449329339,0.0408394933499849,-0.9113401617681905,-4.462809342386851,-2.0094944812936033,1.2222602097700468,0.20162635734125567,0.7245729894745498,-0.09334395570395206,0.6570780036935863,0.4838199735791082,0.07519307234187046,-0.12914789509949187,0.16768897341552338,6.686464290727268e-05,23.304390768256418,19.257172853018247,11.096073492295522,7.848682253906206,8.959954429163767,6.292943545114918,7.279296965336125,4.827037327397383,5.558349053167314,4.819789004740429,2.47378070335401,4.706328892200579,0.015545949241976754,0.6272377148005446,-0.4464170511664757,-0.7949115419487843,-0.28722249690171164,-0.08072332058002374,0.058257178845338466,-0.22017990769675086,0.23663103954526626,0.13622193479260028,-0.0831304026957621,-0.3138767401425109,-0.17542302534354115,-0.00013632416015579586,15.538362691316763,18.081998899223276,11.554006414068226,6.46632673777367,8.153530052035205,6.038240270879611,7.025557749829584,5.332501386267467,5.745410085365079,4.769030455333175,3.0770738815940026,5.200273937596063,0.012393802494303387,five,/content/speechcommands/five/8fe52b97_nohash_2.wav,testing,5.0,Kitchen.wav
1461,-262.5292287066693,4.0002609521805965,29.49987314233686,7.437509275660204,13.462795769275685,8.916059948395382,5.932848925677378,8.444192136719316,16.659828987012848,12.05148943646278,6.567359790262781,8.309342900547906,0.0381321242894046,58.80722754048714,41.97519571913424,23.192316408215092,23.02736846895974,9.85953686971909,11.321690116898417,12.938442656758983,10.097921690853406,5.837270786944979,6.839954556224578,4.038474774848881,5.697441461637953,0.014793809475776205,-1.8671662209271698,-2.463240268207913,-0.904564420845944,0.417392114551438,0.6893992228471898,0.9460336365985355,1.31613226395825,1.2368199568536957,0.06355866854418792,-0.7465620254050094,-0.5086154543677536,0.43645749109252874,-0.00037850691906867487,13.390096454238483,8.388616344168215,10.078793286695408,7.202007265093922,3.6369391846131016,6.075536264924664,3.989161498789526,2.8954913278584256,3.1754915052794876,2.9608454077168567,2.4650875194610973,3.3096572842749388,0.004780326848725731,-1.039232912809958,-0.48430805524691856,0.5360817856399294,0.5471875828336099,0.10114915924368727,0.11375625145377093,-0.007470379284431654,0.09061058888416254,0.08985461118414566,0.01823727065424506,0.031600189208083405,0.030388829281884532,-3.907407323519389e-05,7.603025500787992,7.001785047243984,5.774140949827228,4.952738268302442,4.740192518946308,5.719024962016512,4.213817212173128,3.356503080937912,3.3202059996952764,3.131223718566137,3.5530607197401975,4.708652160632475,0.0035070509693098384,five,/content/speechcommands/five/5b1db3ee_nohash_2.wav,testing,5.0,Kitchen.wav
1462,-201.97900500040953,-8.297134160477755,22.688364563759684,9.350619462460187,8.64644548324584,5.3804214901223775,10.453461667363431,8.989531164186593,8.557923414433779,8.079891311134865,4.250203707104892,5.569636292930492,0.03896371894065411,27.33802218961146,20.644714716035715,8.966412139829368,14.999540441731565,9.588553926417378,6.356185631749524,4.805642253160517,3.1537948390218986,4.001456227876816,3.2608384485592143,3.8317903673246225,4.079182494449804,0.011917269786871776,0.7825460376151351,0.6385939280530505,-0.33370662946284113,-0.37590528822263447,-0.5513934416350103,-0.348423300553799,0.09366838924947658,0.33410242433323595,0.39789256121220967,-0.0006503420280647099,-0.17927244710520032,0.08254073367222829,-0.00019173398613929747,13.083666740268319,11.202463476484485,5.2554180470177165,9.708509518789064,7.907468874403873,4.796858287978523,3.7030291800913138,3.207238165658822,3.254347832576353,2.9505723037458056,3.6567125174477413,2.749124664654788,0.004729039194911594,-0.3613830833474108,-0.2916508085321655,0.04904141794349705,-0.08377486420430316,-0.24916265739434681,-0.05785640826566358,0.06835768607872988,0.13093846493951827,0.15822612466443597,0.02165205243455122,0.027363409639465586,0.1027232772554143,0.00022208215347651778,13.607634491100196,12.754470065012548,4.922387336803274,9.900590714261956,9.867914936410092,5.42356847453257,4.569309302776802,4.917917267189509,3.9270217626161132,4.10747316644371,5.031215496127603,4.056453118290088,0.003945735339114198,five,/content/speechcommands/five/422d3197_nohash_1.wav,testing,5.0,Kitchen.wav
1463,-202.75134382731562,49.11505197093635,18.561583865840056,4.589828928174551,-0.612355558399281,-0.04571810394379128,7.583782622570704,-3.667069231152698,1.6414080871890775,16.08639218346776,-1.303152550186519,10.552233677856975,0.09648948948597535,116.22757403549518,41.27353147273416,24.438190727807385,22.956581744033155,23.4765501537483,15.841515119212637,9.43320923711533,11.153188856374195,7.47738089599921,12.934904452821307,10.25966707576029,8.681404842518221,0.09410074738496066,-0.515677719591419,-0.7365736609172683,-0.1304463685366372,0.3938690837305215,0.188561900360763,-0.3992372557923366,0.36957443661332917,0.5636163677017928,0.721889737650238,0.8827759851941173,-0.5477256587517892,-0.501101174825341,0.0003210568139629979,34.29487483312557,20.610284211646732,11.012094611135051,7.792116951604664,8.710885777908253,7.107173319534658,6.662286994660254,5.791008223346257,5.677763409931191,5.770537549383495,5.419566576096491,5.607613455879362,0.03685040228313049,-0.8460042250874645,-0.20242668705949843,-0.039767182871807805,0.46440570682471993,0.1289738942913397,-0.178299696547366,-0.10436947088400104,-0.09895580041486803,-0.07089914264386102,0.020656171947201922,0.15381715671289872,0.02052368346190902,-0.0002507557471593221,23.341938371075784,21.864515382512444,11.866387616657992,6.008764900436545,6.877399844202054,7.444448414071998,8.869328202629115,6.349844405469252,7.220654192591441,5.5101424351661,6.665559049862842,6.454007856070031,0.02526935202128142,five,/content/speechcommands/five/1093c8e7_nohash_0.wav,testing,5.0,Kitchen.wav
1464,-243.8337747789594,55.665567231502045,30.14850536045609,16.47906084805924,1.7810032730333294,-5.200692566858905,0.3189773970879628,9.886328210471653,14.488517186153448,13.784130078009312,9.328326165043773,4.62086450217572,0.09914804046275094,79.77807528737425,68.04514660962407,19.584657209511175,25.653576134222842,16.826393254745046,21.663605725766406,15.740001605909306,9.513905581301923,6.9462729344443295,6.985293946063705,4.351132269977651,9.873281698346288,0.09621754604056451,0.6822083634430156,0.4435399176446648,0.18777755837586432,0.057048958898018524,0.06427290069809471,0.05613785296109691,-0.3017896879852192,-0.11321792233943728,-0.264260475370482,0.008157633650946256,0.2193533487409488,0.2685389964598421,0.0003279825492251304,30.78391673880821,23.436446489431916,12.311336241325918,12.229541393093646,9.097283723993908,9.706166013547382,6.124464752633405,4.7401071392458665,5.231628684218964,4.967311353494184,3.8866721068139385,4.462381226437445,0.030373382709359246,-0.19868982157047033,-0.11015866848823433,-0.03701808841675091,0.05887754585111242,0.27499507046222776,0.038778303332376335,0.07396720704726872,0.1739187347071552,-0.1480706257301928,-0.18853228796374064,-0.08329053611148035,0.08439810303153769,-3.4454651176929475e-05,26.20129207501077,20.642766681918353,10.916387116625836,9.536585542438669,9.789763568778616,10.015195452443821,5.82649928655815,5.941977434348802,5.501109937122517,5.877312168427549,5.2535099512437125,6.123440371108642,0.026550137666882436,five,/content/speechcommands/five/5e3dde6b_nohash_2.wav,testing,5.0,Kitchen.wav
1465,-216.21703016023022,57.77888021509288,33.84298750854721,0.42878268492471056,8.02551247096857,1.9826815667965392,2.240770484979217,4.8713688781713484,2.7424195995078184,-4.373983764600219,-4.858596150007971,6.644884821474665,0.060282578837359324,63.656268740161714,37.94196895709308,29.162759543063878,26.73849694167383,11.90310868269801,11.170181944464874,8.607951825074556,5.443831316149487,5.8367312698150355,7.443592968807985,7.617732746534703,5.613297832098761,0.04913898623660187,-1.2003530262842066,-0.9721193699091256,0.5576632422884755,0.5873259476376423,0.1882690450419272,-0.02541729852189686,-0.33697475535923893,-0.22922790691016784,0.18722280098373478,0.18785363969941687,0.5157935213205752,0.30581902399629657,-0.00013317534279438757,20.682040542566757,14.683135866777903,11.208555389064001,10.298520619557348,5.605984414389277,4.662788366703947,3.6362399971649837,4.839448764365115,4.324805986998377,4.083420627076009,4.1240805821955195,3.906820765510285,0.015145281959309215,-0.19119353456152435,0.18170621907314047,-0.04285766346330154,0.1301893182230265,0.08095391513237184,0.20770705619366925,0.23725651859644467,-0.06599020783734326,-0.024058007735529005,-0.19025861312506173,-0.12631393791072512,-0.12407141942660278,2.7210513750712076e-05,16.01449167918273,14.358465335980274,7.882611790503569,8.753629108267532,6.100257546677494,4.275602881158115,4.2642358606828115,5.817535061987327,5.085383927658186,4.632152457040349,4.738993986261885,4.346597738787358,0.010020312465889417,five,/content/speechcommands/five/7bae88ed_nohash_1.wav,testing,5.0,Kitchen.wav
1466,-221.43814385629304,34.997215335229065,24.586232088909068,-3.954299209174773,11.050607477976108,13.884748168409253,8.146490589355079,3.349496152800604,5.507105552477527,5.158238931587826,3.417328824963535,7.558179582899238,0.0422980087779222,51.40518658299781,26.233974554610892,30.66277781121909,23.36235387980449,6.132704335467652,11.970535456526253,11.99188287075601,8.473298873418452,7.621008177411533,6.817499884862749,4.530154570138743,6.358524807166266,0.018442418156812503,-0.02183836514612286,0.22349375207680838,0.027914637628284448,-0.33262058070623923,-0.2215332804684205,-0.30970245055219586,-0.4837674038888032,-0.35994010410109656,-0.0009181805304245987,-0.15468165245829077,-0.13538559347262485,0.07973876515917316,0.00010907774170239766,19.04528187534357,11.129924355302547,12.25103015687915,10.099552969647725,4.52591947678212,6.6034638799257905,5.846914805677781,5.934302373657099,4.300124778289548,4.924945952276169,3.3214879369658847,3.9069401639627315,0.007576830863070408,-0.2622745919017683,-0.05481987016946867,-0.09051443777809734,0.005472038745898893,0.08629956676653713,0.060439238334475426,0.059305653472714756,-0.16540054707739096,-0.10162790337011753,0.026941116516449246,0.10925396469287345,-0.1386923167304476,-1.0814774653007244e-05,17.493913940246397,10.914010905374115,9.894845594028624,8.799961377210057,5.091066885788037,6.370724891205469,6.662826811220853,6.848396532905416,4.748044873908888,6.22933323114526,3.789977217653068,5.266601464832723,0.005306782904030224,five,/content/speechcommands/five/8a325749_nohash_1.wav,testing,5.0,Kitchen.wav
1467,-201.42517497014677,28.41683069758943,45.084850744849426,28.597893188841734,-1.317535569580497,4.456953712548772,-3.8663259889335495,-2.2823200393365655,-3.139571114772105,2.2379294183174157,0.9994127128797519,1.151001906180005,0.05617262376472354,77.8873039153635,28.768849084043715,36.394987300554746,11.01690571555524,28.446564574505175,11.320104481168546,13.253887169142038,12.995465096515328,15.31012821037595,7.512084644568606,6.6128650784019944,9.55773579411786,0.026494838255959195,-2.080199471171474,-2.299063146796325,-1.0244466753188082,-0.2914001179175294,-0.007276102478482363,-0.4446602190315302,0.20336520492760587,0.6443560001421961,1.1922227650687234,0.5567004349498631,-0.9497890766350189,0.07526711530286113,-0.000152409557373293,40.93677020673369,17.44758799991243,15.541520830309821,6.692501221866009,15.709135925844098,7.106538650296505,10.383753830987283,8.038101308590585,8.159719011732054,4.9951270580122085,5.653283642166179,5.706091385806862,0.01416622677184335,0.246526948981059,0.35180920995781073,0.5068801696612245,-0.08743486929316309,-0.21426508622681223,0.2550116159339874,0.02947286248329235,-0.056786700550836615,-0.08916951660857796,0.23657825456536125,-0.0703937557375094,-0.3508912792466627,3.4358352422714233e-05,39.079958934326605,19.033456363442635,16.62101146945704,7.998893128276902,17.91566593350952,9.175957317503775,14.765552960189334,8.925265957063031,11.060818885150885,6.664549583778195,7.748808150108748,6.574874747017363,0.010800930501105154,five,/content/speechcommands/five/94de6a6a_nohash_1.wav,testing,5.0,Kitchen.wav
1468,-209.1808409742123,42.3441324070331,-5.284045933748964,4.617896705315526,6.2436676531634925,-1.5844748003708857,13.651505922244382,17.953710253490932,9.75487663548855,6.633758242615861,1.3871485817492517,0.20498817918428908,0.07511035879724659,109.91581138226755,48.650401016682906,43.063865440682704,20.83746969703921,9.406541598052884,16.343433819693004,7.868664551333657,7.748322119483129,11.293117007863676,4.7448069879176185,6.5316687617793034,9.66578169836708,0.06716480912978959,0.671994582327717,0.6805202360499807,-0.006516008141040912,-0.15425157765058373,-0.25232332192575047,0.008487345460199634,0.012890539698710091,-0.05072989190701959,0.22040065724937205,-0.0029031955174915083,-0.33849853605193636,-0.21291722199775895,-0.00043233408923110654,34.756056662802514,18.243921600567976,17.415565500878277,10.248884094266021,6.017522724393084,8.452820289509635,6.135314652150788,6.095532968259873,4.7235432406977305,3.3514398606083073,4.4608787627198545,4.6517962963276736,0.026789490458337156,-0.26374267376039123,-0.025564322906142738,0.1678208457589071,0.04294359943754908,0.007922265175080944,0.08969823851008618,0.0836276278217737,-0.2300385501537369,-0.004646931456801617,0.31872452134513174,0.18945368410240662,-0.03707681919830013,-0.0003267311491072178,28.769017817577126,18.769127367197935,17.195934659589767,12.695630795865236,7.275210169997474,10.485967000340892,8.736376424594457,7.300973330584114,4.91177411536707,3.825817922482539,5.850316191569919,5.998675660917863,0.024238462094054315,five,/content/speechcommands/five/798f702a_nohash_2.wav,testing,5.0,Kitchen.wav
1469,-235.97651129718324,44.04044778509166,-8.517447102812673,-0.6492568567771035,7.050223358667473,6.80864412759401,14.788401961907532,9.78678732261397,7.525895438516408,8.404710919620607,7.062803694161174,5.931623098805426,0.07911412924295291,98.96759610053114,43.05140891325073,50.596652240864344,22.966646763948255,12.913137039995663,12.31975872563632,7.0169636374128155,4.70009212125099,5.570577164557426,4.188071057235427,4.277213477132868,7.899554667715511,0.06738470124519991,-0.12073955018540104,-0.20108132886962568,0.2336672844368987,0.2951488858970148,-0.1508512947952915,-0.35187142192357695,-0.508161124381407,-0.2936392063558793,0.0715192460691668,0.05809763722846922,-0.0669536979964648,0.0357720664553826,0.0006652945472348121,32.53203226238882,17.912408405971693,17.462931896768946,12.16079468071407,7.721963236561769,7.5466901066252685,4.3175590597971185,3.9589930056903455,4.453615216809281,3.39450173409191,3.1760035811798955,4.23039406747286,0.023354490627856963,-0.4256237423644166,-0.2306507264325456,0.17326350792743891,-0.015118506772804042,-0.1623768476165853,-0.047462458471405414,0.21233183008901085,-0.13051759782042532,0.09918389621558035,0.22483981035097625,0.017079528444944002,-0.03131295860871119,8.490867912769318e-06,26.090203875117382,20.272648586258857,12.54901442267667,14.185547584863956,10.234415581124551,7.968843164085661,4.952208025336264,5.307620949603834,5.7223369592189846,4.234865725181151,4.507080265110882,5.082578554151505,0.015304094513839791,five,/content/speechcommands/five/42beb5eb_nohash_0.wav,testing,5.0,Kitchen.wav
1470,-269.1566298526948,5.472268187708885,49.066286015733446,19.82332102940111,14.450130789696662,12.451339999163274,12.846175999323753,9.187221417820954,10.119754373205094,9.248796556639345,6.054269062921064,4.2443969554356435,0.03797391714761034,38.45790598346623,35.843762262856195,7.722563771956131,16.109354330689445,8.912607820269406,5.164292096268055,7.624897102020512,6.419546654130652,8.174210200329528,4.861044827712623,5.982130656215393,5.875447058030812,0.017641757653585912,0.33222117834646914,-0.08015617339146479,-0.44738508800197596,-0.733717100067363,-0.30263026970294393,-0.042912990209496876,-0.1972564969338022,-0.08880850822036723,-0.0450644273210318,-0.02030555794747942,-0.25058551300775456,-0.09314462543918561,5.4299110366452125e-05,15.563654426006863,13.650386213021367,5.54865462487822,8.032698819276659,6.5261224736143415,3.596469525432152,4.607874076716797,3.1065933102574617,4.971687102726137,3.605573936852972,3.577374305202019,3.543384596271986,0.007535454497667191,-0.23729842816867783,-0.06781120795386997,0.12127721937444538,0.17603194418933502,0.17319799730100657,-0.03682379669145955,0.2889072134917461,0.044971343415927685,0.0959350275986198,0.34607252752570195,0.24935040591628546,0.01465203681305584,0.0001789369930823644,11.291793144363774,10.210782034005785,5.832984580787382,6.859119418572724,7.193445893026716,4.342945772213848,4.546419889487506,3.2628797820784396,5.570525230261724,4.661115428876163,4.622533561536358,4.940007071966297,0.0046191392475679275,five,/content/speechcommands/five/e9901cf0_nohash_0.wav,testing,5.0,Kitchen.wav
1471,-265.250779230121,25.29781503193331,14.480625717080933,19.53436737702622,15.863828194483183,7.2129540663578915,5.174156578409862,6.8922945608214405,7.2172762002576505,6.252792858723865,5.329124833793644,7.274519002882734,0.057813885039649904,104.86968497186096,51.72022248801991,31.480646508027217,18.905195756352725,14.744287290404268,14.565746391143746,16.003099616509203,6.739516883235508,6.836597831662821,4.801565546830171,6.175163477808801,4.481287432977018,0.0600467672369107,0.22208960354985888,0.13441623489834598,0.009567347576911227,0.12788277577686744,-0.08856106199289643,-0.19953752980347791,-0.07178411463824681,0.21547455419283962,-0.055535447398145546,-0.34161132196377797,-0.0229587677121288,-0.036270633643794466,0.0003205010847699258,36.6125833438967,22.35987201639602,11.397042270886354,10.824858500768144,8.774720588302081,7.544651729033162,6.163977154741443,4.393602444300128,4.446207903992075,3.9651068599590853,4.78734657137314,3.1486026127731335,0.020374893267101225,-0.36914495840924816,0.22342775669205073,0.09468552905894695,-0.06967018452681106,0.154669614485879,0.20044942755071773,-0.013123879968935508,-0.1357682172068591,0.07276966411396832,-0.03692373318445368,-0.017321006852707727,-0.3558298396987978,4.2070386310418444e-05,28.80871768116343,22.513483181716925,8.678088448912424,12.261347853541338,11.414122376744697,8.94483504449284,5.238933124340192,5.191680201630439,4.848581684325547,4.762116513844056,5.82400631730794,4.137559756965672,0.01289263481974713,five,/content/speechcommands/five/563aa4e6_nohash_2.wav,testing,5.0,Kitchen.wav
1472,-161.76402488916773,36.08110381135394,-17.785113008424418,-6.233893328489931,-7.9133794452210475,2.421909310987136,15.450731144858779,3.0082755315515417,1.3385213662267965,16.569645875966636,7.398778833058372,-5.923961090038283,0.15807786514051259,113.70612434921273,43.92711657200745,53.47775356506653,33.83232919800705,17.967006896495974,20.393596227406245,6.696154961519064,10.755606984673864,12.809606500150261,8.611365081936077,5.626916113128585,13.48534385922927,0.12096781727163572,0.06902200265058915,-0.32858362449597184,-0.4487241954180578,-0.36762248740176795,-0.4739854733776821,-0.2319166838103935,-0.2693744253497463,-0.10315576151119454,0.07777578553635202,0.06580346928971835,0.04012950974629024,0.1012973269765329,-0.0008537761206107755,40.6396983263933,22.173286562539396,16.6973180450649,12.72125622809574,8.161635125099433,9.267815353098698,4.239067107018689,5.884889518581378,6.410377149525994,3.3835956268893552,3.9701508051480494,5.669116336173349,0.03402609577758027,-0.1712942722723535,-0.30972866336094496,-0.1734314065004644,-0.16703365640977239,-0.12997670029728264,0.0744428875805209,0.272356849997735,0.15532226548788722,0.0047376665970139935,0.09466047838135666,0.4153320206378423,0.04989615817872748,-3.340927263100942e-05,35.26471962989834,22.539901483256987,15.948433464102816,14.669138612735942,8.804581365135201,8.985369988778881,5.014239334854843,5.998784929900704,5.426432866299933,3.437327344070653,4.467633797776078,5.624587821603323,0.02697511719945625,five,/content/speechcommands/five/44715c1c_nohash_0.wav,testing,5.0,Kitchen.wav
1473,-155.15660251027984,28.005532536453728,12.615754160685269,24.289166341701872,2.9866841591304767,-9.874891996112032,5.597543020378563,-1.3503926435271962,2.3735353543348547,15.416466784784989,4.3513083040822265,4.553264241841697,0.12789360649185255,135.22160120504873,32.34910267284051,30.07332389028232,27.84811769878954,11.502079367155194,15.030066392554252,17.97951197981897,8.213301712393921,12.473552809886137,15.46660262573952,10.073705142419872,7.039726313670032,0.1430471331157389,-0.02891004713015423,-0.1653628104872167,0.22944037324859576,-0.1415364444822786,0.07169506581294907,0.28408037834189864,0.40577307665826196,0.561039614231141,-0.11303155670751004,-0.31179415603513727,-0.1749293781797147,0.11002482440185384,0.0002551549865353492,51.978297856564474,19.727717803659008,21.73459747136797,15.333471370685395,8.149350384217652,8.566099486336643,14.016694401830886,5.553558898842388,7.562035670700048,9.364260727106496,6.9486124444746,6.521707682994981,0.047353212058535855,-0.890294696050779,-0.28389365993629606,0.5466451097470739,0.23877335744928666,0.19026846538203918,0.36196755858002305,0.2320635585227721,0.02671206428948576,-0.16149164226522253,-0.39983628022859036,-0.24635510971872476,0.041090498439014723,0.00011556508640448252,46.48406092849884,21.68750710287581,26.341928469810654,15.569050472095803,9.450600646601481,9.725715093429137,18.582956628682815,6.939779674865087,9.380147957738535,9.296893536734236,7.99256248056888,9.088124088387483,0.029346458576175585,five,/content/speechcommands/five/c22d3f18_nohash_4.wav,testing,5.0,Kitchen.wav
1474,-195.04338482060734,45.53369796999587,18.611413772151675,11.137937447226372,13.461850590010368,7.165865837038853,10.116461519127917,3.9180439560231113,1.842366522813655,9.640089146412073,9.440719243826855,3.7225358485525395,0.06383985956199467,96.43657905756332,38.42726268829373,20.856156737133134,16.14137723796285,12.495951389933865,9.244572286792177,7.439277819538106,5.70082490553554,8.566581633150221,5.942873456382212,7.728035527412849,5.818877631845522,0.03812829826258849,3.295868539001829,1.6458606586464108,-1.0768114621941243,-0.5736737083943378,-0.2431787327289636,-0.026596593282058427,-0.15000067858543956,-0.2580637020245043,-0.5351809949299244,-0.05234033083577755,0.2681278669715352,0.2506246059023121,0.00016119210950789914,23.144876379432134,11.592028210394108,6.084073203150035,5.635425926515819,5.18321830889239,4.471670720218242,5.049157351891896,3.7213778589503117,3.9532636567065214,3.659736638949161,4.243044337681474,3.686142766223552,0.012412114468155372,-0.6811893971195043,-0.4436941620532508,0.01278263607947494,-0.13604317361307097,-0.27525025921483554,-0.06119559619015981,0.21446057089477336,0.256733136600218,0.19666712902185074,-0.03452239792477609,0.059345059546111904,-0.2579264532165578,-0.00019178191820780436,18.402032345748655,12.012149853365864,6.812747814805699,6.028465337355546,5.40367707703374,4.866313925416376,6.167469583344721,5.044253832906097,3.7297361053377274,4.237405941258842,5.0459614657148295,4.115697858925065,0.007335182109390147,five,/content/speechcommands/five/105a0eea_nohash_1.wav,testing,5.0,Kitchen.wav
1475,-254.27385380357424,31.577515355862968,10.9254873813925,5.373518452722963,7.7960196755661695,5.950088335755991,11.099950399591583,1.6832875477113585,4.556826125548992,15.703288080505033,13.994127509122038,8.345228078018579,0.034393020381685346,58.953203027455665,37.514359335802574,15.305367908730402,17.569217525553043,19.121525403827754,10.209164261899591,9.826181786849407,10.355274647270436,7.7071448170694286,7.344586027031555,7.270788493133504,4.0819634837084955,0.011282763144775542,0.35068062322645877,0.20525130156428356,-0.2130495190839585,-0.3874348857790976,-0.33795999275984706,0.20018064393623508,0.3006740632977202,-0.23725760101684926,0.21421186243980148,0.1945160808342077,-0.19119078580821877,-0.13233645950407463,-0.00047897751773557355,20.78460200905749,14.506088953957098,7.244759102276435,6.5564943297015805,7.392011932957135,4.485756336138502,4.622201284204564,5.66901111748826,5.512404284848522,3.6914959030017287,3.8079597153164437,2.8267906686263546,0.004702915301640387,-0.2075394715515775,-0.061512637209070485,0.08952610808105194,-0.06382179455500475,0.015870406579954612,-0.02116325267774014,-0.11360856904367236,-0.21242080608504352,-0.22291833456117432,0.0280048336101121,0.002426611512307897,0.15236898979297617,-0.00020779526482025783,20.217651958320044,15.540883383090993,7.538571440304297,7.240611699616352,8.152029734284557,5.03974159070423,3.8897476812543625,6.0971877317417915,7.093622483084528,4.068231447131234,4.776482228468683,3.9719563562021225,0.0038603613104189385,five,/content/speechcommands/five/6b889021_nohash_0.wav,testing,5.0,Kitchen.wav
1476,-228.22393325533,31.092739783705838,34.270097622723426,17.860358319473374,7.3828070234440935,-5.106040320921438,-7.50916069866685,0.36172711560456783,8.79469495437694,11.710893810556822,20.884845067628923,13.739705153310176,0.0935596531489864,82.76172366351345,44.29700826513088,23.929895023049067,24.145484117955093,14.83079084750907,17.03452896725779,18.135000905901528,12.223798305001901,14.989687934875123,20.136312706016255,13.870696576108433,13.257503542079133,0.08278323361082407,-0.7571193443673037,-1.0519444540694172,-0.6225732962319637,0.31670820254453236,0.6544992335440736,0.8756552340139903,0.5732175345455295,0.5915753683761454,-0.09653044310666244,-0.41809883360331346,-0.7391602057753066,-0.5706952561970373,-0.0002421228395354363,25.95790170169417,21.766359433029155,14.348458300433121,12.632123023033586,7.5071797255289825,7.980709209960151,6.896152857643129,7.637654170068703,9.325095176838023,7.644448100400244,5.411653726732397,4.944985623824171,0.025754566793837655,-0.8824659003057036,-0.4949629823570165,0.15980372034704426,0.6058573615423927,0.5033154053605744,0.10151624056935624,0.1811917283734483,-0.020679754397422822,-0.13023271162232644,-0.16870125462388622,0.0006615882028677097,0.2073055945664017,4.168103138605753e-06,19.259978644495845,20.741069447996,14.208778828840654,13.663415579710843,9.323284445891334,7.730020085117209,6.944665280752426,8.326311168575218,9.996178966821873,8.13785430939942,6.866667677891461,6.662280329957206,0.013927670373707806,five,/content/speechcommands/five/9a7c1f83_nohash_4.wav,testing,5.0,Kitchen.wav
1477,-170.68764187489626,40.634104967270716,20.247731811024728,-9.545660586426608,1.8073257288042461,2.115697904454369,-1.1789998521414227,-3.4911417336272543,4.160165422862914,7.675327130810903,1.439546977079034,1.9520741507276451,0.08053515723440796,78.4345751528412,64.22638896686743,18.306157714208467,36.654887914952894,19.21966229464262,10.650515157680879,17.727279291100885,14.885706160155125,10.52212091745057,5.463859257031991,6.489345346410309,5.703687465313355,0.04224438016234025,0.5230208413763309,0.6661990248297502,0.6163968499748066,0.32525402529743974,0.1111268078909952,0.19166753607392847,0.07867567782280621,-0.19689476030956268,-0.10784612842115969,-0.2686019871913368,-0.26836257890990056,-0.1799112083291786,-0.00019534869540122247,25.3027731622443,23.948345017560513,8.717725289909827,11.085346891950993,8.156456889587492,7.101137987983607,7.531150797276576,6.799448431483363,5.781707765707337,3.847242161178178,3.802298854579482,3.995046060918833,0.012726331068241356,-0.26734780347644477,-0.22506562015331616,0.0842528021565774,0.1236714644720461,0.12477731729205992,0.19823188267888797,-0.1566142857400156,0.056071234270869574,0.005012552778987682,-0.05168929158980307,-0.0729074131138321,0.14895625188789197,-0.00027326146761576334,25.168514953297993,26.208845270404026,9.571811747901195,9.8686752490169,9.67659388404474,8.456484438353291,7.876101164380826,8.306672682681645,7.382337035989583,5.30350925714057,4.854083418596814,5.208004422462984,0.008585136492202383,five,/content/speechcommands/five/5f814c23_nohash_0.wav,testing,5.0,Kitchen.wav
1478,-314.3486603262046,22.847079574455915,46.10457439247014,28.715580102923255,26.321794092762964,17.820121452731826,13.247694812646147,9.26044556215139,8.805854860387171,9.135502180174074,5.200836161909864,5.236413303837294,0.03949358212412335,18.43907928564402,17.111683466896643,5.8116081715523125,4.8717496246882686,3.57938373293278,3.7920149719458704,5.226026564926219,5.664158564072411,5.175690671029697,2.669429385341356,3.874409786260898,3.031282652836805,0.010638745872542002,0.18957716556186158,0.15999291017466052,-0.018901394589032717,-0.16225342006914786,-0.11979925343915454,0.2593427032320794,0.3994754134270037,0.3268353770353804,0.20970397256180817,0.15443369232983808,0.20565931310036234,-0.2672668342810181,0.0010473639253647097,6.851609239343533,7.452079840320336,3.867480485080854,3.841625102107194,3.0366388598196132,3.761290140492986,2.969210627893183,3.3574985697172703,3.2991679207391154,2.738479419206614,2.994476637627679,2.609774334358855,0.004231661811722577,-0.27218250286481216,-0.25823106313160776,-0.09350009530473358,-0.04677711877209312,0.4028796096147759,0.09181560027922622,-0.038984945382058454,-0.18092197670770635,0.047521537554470035,0.034998689713285694,0.04816277004933296,0.03381407630677149,0.00012457758809129396,6.343187941706088,7.021910693423168,4.630897745522722,4.827616408014694,3.740300318258507,4.752143294482727,3.534741601426961,4.7555050640543985,3.883937509976755,3.7941323731455237,3.8498929248570937,3.5635549166295526,0.00360033549423663,five,/content/speechcommands/five/6e916de8_nohash_0.wav,testing,5.0,Kitchen.wav
1479,-343.44977548697614,-8.035903243470596,41.4809476921581,28.35406886242461,25.735395132582894,15.546766952458983,17.97991671284106,14.951988030492505,12.92250275003829,12.37276313859577,8.401210351682346,10.153643679802926,0.03499288239981979,6.588718740376564,4.342785401367731,3.8244964497954395,4.750086482598787,4.511333257563897,3.4156010434818067,2.7818880898225467,2.9449036882106183,2.240567452314899,2.749020968903664,3.3740066752833155,2.8471139379436337,0.010710888859556005,-0.39422214392996485,-0.41127633987267587,0.14635036699950837,0.34254796324990944,0.3316794851198531,-0.15910644313416264,-0.16915205337113667,0.09748648640612967,0.16798252543148065,0.219395856823203,-0.12501459013028982,0.015924832517727753,0.0004773331024954396,3.0223297196872063,2.5592090751745245,2.75340317096995,3.127117381641287,2.61793783393358,2.77376097286552,2.545280234515652,3.280498111950648,2.5143623315003643,2.2494988622354297,3.237521006662754,2.455975161331288,0.006892059402677138,-0.19158585278050091,-0.028681126306887024,0.17599943305927207,0.07965002984507213,0.07478199247763537,-0.19241268861352598,-0.20957530829190574,-0.15970885622162043,0.017052221374559196,0.198995473240911,0.2492073059771186,-0.012104272303181556,-3.6434456706047055e-05,3.5759381809443904,3.0542921329263324,3.5297746358420614,4.018377501416803,3.4919350689783943,3.5097117880295503,3.8093229938174984,4.779633570099787,3.952975619718287,3.0286738301335823,4.55178527664538,3.2264781445073507,0.00580427539419864,five,/content/speechcommands/five/b83c1acf_nohash_2.wav,testing,5.0,Kitchen.wav
1480,-242.1844732401155,24.12259698393038,38.55394051870157,5.23131062338319,6.063328054778264,6.60415093655375,9.62377024570502,6.62286959178601,6.230122799693004,11.962886889590495,11.71641966957292,10.356840569525145,0.04923220009853443,48.318508345393205,38.09676372352877,14.10190007099376,18.986499785365726,16.755726098579267,8.118982408616894,9.692722011817137,6.147261421684557,4.85435630507283,6.140791922701715,5.9692943872039494,4.915964725242081,0.012539561403428556,-6.256125771669951,-4.636143191075087,0.385683014845654,1.3359324979651852,0.45230368583085356,-0.0927546835661077,-0.11871519181547549,-0.29591890691837675,-0.18073458945010185,0.2949141131322062,0.08496489874958905,0.21063148075214844,-0.0009117165337438169,21.44662866258289,17.92318335373856,8.245870774986894,8.819021967286474,7.954851169773481,5.014253256114338,5.805256053003382,3.6999615398684305,4.073651098711556,4.351045787489781,3.164285337155176,3.0791139814816932,0.007450881047824115,0.15583143116026707,0.05297158888828028,-0.37123923257113883,-0.1501414553500223,0.14862465599229582,0.13421490102299705,0.3422843253909378,-0.09230760040715434,-0.1100885061530664,-0.06717447147893262,-0.24981439221407295,0.06830765656397868,0.00024265795946121216,16.869452841810332,15.076117299146894,7.241695359949794,7.3646441206222235,6.9934548230382285,5.611205254796624,5.672893458330802,4.0816182013609,5.73036368620851,5.323410672020931,3.4537340387920037,3.9910879522283818,0.0060446942534535305,five,/content/speechcommands/five/7dc95912_nohash_0.wav,testing,5.0,Kitchen.wav
1481,-170.0226694895327,55.051389766036195,15.65325983790809,-5.503563868691012,-13.170692931047089,-0.9034324573777119,4.600852804295567,5.656999975130576,10.63756368812776,9.873216167224562,-3.4488605795639615,-3.387491846836877,0.1321991464938037,99.64570377728076,51.455789638680564,33.51619003893454,23.86713776919939,18.41660257548787,14.77147273313651,11.338990268450168,7.679081185300319,12.282279577474112,7.848398169574911,7.690312338473741,9.514546418900297,0.11990795344343061,-0.4469060930169046,-0.5884185718026945,0.05465891653117232,0.7434391214025957,0.8177591346201091,0.6340037017813608,0.012500967221628988,0.04258496219894053,0.045361949278725985,-0.07791883462477976,0.030268803130182664,0.08842552533331675,0.00019104832843426736,26.897946251159865,18.29395338103033,12.36678980097653,10.791004487028545,6.388450860531549,7.402552064813231,5.077489002308936,4.879876954244123,6.725055847348025,4.418883528318232,4.383159132790774,4.464298663831149,0.03429830977704701,-1.069501378282166,-0.43865561348153703,0.3706992112495327,0.3619286193442689,0.16286160333014182,-0.024132326256341763,0.11453197295522545,0.10934734169950898,0.1533807682041933,0.06674343757394893,-0.07656155422494514,0.17912569447994564,-0.00012480722119410833,21.89945662673938,21.438950224863216,9.74049020845748,11.891206816580405,6.833092112128097,6.450166964575416,5.217995097070052,5.4267114278871516,6.339346406418827,4.334174494971943,4.63369617078252,4.185596338191442,0.021665455373300304,five,/content/speechcommands/five/ffb86d3c_nohash_0.wav,testing,5.0,Kitchen.wav
1482,-267.5257181540011,11.98718855861207,40.381716334427544,12.500356019360623,10.035828648825696,8.621136215784643,10.489672195245499,7.786718894485529,10.007477466077368,9.680079903718902,4.0420073887436345,7.444721135398927,0.04228473163675517,49.990765675796816,40.855056599034214,9.800299541352457,21.912506138206922,14.94820707157445,6.446343387195686,9.736093284945651,8.123289102237237,5.699762161705105,5.463613925164652,5.661361758323657,3.674934414609256,0.014313203257573666,-0.031006467400881057,-0.3032706703306007,0.12793417265872298,0.25601373807854594,-0.0013993879841157236,-0.16841604904812957,0.003388371431914813,0.04139787921444143,-0.12337381910115168,-0.10426448791050563,-0.1067470804343735,-0.17285924020289725,-0.0005123641101583358,16.201702211151705,15.58207341391549,7.309065572097129,8.190165418107034,5.574272691029467,3.814638738964446,5.479696917335292,4.801106827466352,4.412705236065391,3.632261136206039,3.0676977152022666,2.577522507707263,0.005311539842177978,-0.4789588290943603,-0.5143736849115037,0.01119982492591518,0.02402623649929681,0.11812645034608238,0.12654825100563533,0.057230904392765146,0.3539527094896099,0.17417023920405506,0.07470336595921641,0.10548264229897149,0.02277256637096885,-3.238022327423096e-06,13.147562615745024,14.71684752269579,8.535582613452823,7.176383218397966,5.15182966807367,4.289364682557554,5.875972391958219,6.163353821456617,5.958005762095361,4.987831826869774,3.8099414275507355,3.653739233108337,0.0032513877710366925,five,/content/speechcommands/five/37fc5d97_nohash_0.wav,testing,5.0,Kitchen.wav
1483,-233.4784960576646,21.787269121729672,21.85605703279879,11.479951931868836,10.084642031043366,-0.4499254400099961,2.628511359195621,10.374052583879298,10.607648339367852,7.584090281343052,0.30252302904144734,1.1326567186823553,0.07511381374206394,81.19540369397443,42.80428365000435,34.33814964375395,21.50525998759838,10.945409191288917,15.424527986508988,10.749779082139332,8.109135257792902,8.197501590355065,4.7547780179904535,7.4712085833297746,8.08503596719852,0.04296411731451522,-4.885646302454916e-05,-0.3384473606839778,-0.2274110833779478,0.0734377431751468,-0.17228481434870485,0.012990406491360821,0.14727292482117887,0.2952122356303281,0.26385992582441914,-0.1790676661698108,-0.3888216269374743,-0.09658151326870817,0.0003006260000890301,30.637117684201947,19.58639493861437,12.989911021652885,10.962521567430652,6.051442829313252,7.535000053679212,7.231744549823364,5.011470995786422,4.783765982303904,3.461174570441669,4.594194284991304,5.3975257041321925,0.015770313443810823,-0.6174313785684622,-0.17271994632836846,0.5326813311178931,0.29814385991147846,-0.06743424647916427,0.21271559638412582,0.43806414093681695,-0.18247558343034326,-0.4766589019724366,-0.03591043547442719,0.315160052259385,0.14695183674403753,7.561358312765757e-05,26.56224252408302,20.07927239438087,10.335968060499967,12.998478218939692,7.180855287247691,7.568111846654023,7.440941036293838,5.673279889255745,4.746121859947156,5.221683357378483,5.413136869892586,6.742190721962148,0.015733015850050817,five,/content/speechcommands/five/692a88e6_nohash_3.wav,testing,5.0,Kitchen.wav
1484,-219.55195428993318,46.160995605675055,15.968974307432743,13.548533461187686,1.7556379246124754,4.270590638189988,7.360235821083217,4.94098889365584,10.540464016057088,3.8163868989164476,0.1771469564493413,1.4495184692706604,0.08239006478106603,107.75735058558686,57.23764018994262,24.794000795930256,14.480069358730296,27.109653279130796,11.163104996738468,12.116056202616997,11.42438144050835,8.555354960979573,7.4269803511841905,6.440090200190868,8.408750332763136,0.08766727707789512,2.523729287108944,2.324373217919992,0.7990247634671368,-0.24888206618671121,-0.34199457754090357,-0.35296651151168856,0.04467808978006853,0.39517068836180774,0.04033191028944557,-0.5414128801582059,-0.7118415733959684,-0.36693390388410274,0.0010648408544159705,28.361976980563828,16.11708736471963,10.933819465614384,5.790610554938289,8.94917072820577,4.5570474875357,6.5499733522877195,5.915137156518752,6.751700722664614,4.607748709234806,3.052939351092526,3.553904662586526,0.02873730635936261,-0.15711276668284999,-0.39730595119408085,-0.3536022109282124,-0.3423769837253506,-0.0980185988658184,0.15649228605715843,0.5121462760609146,0.5580804623505397,0.12227217666588436,-0.010776436784788856,0.10677898225412523,0.2978049697330038,-0.0005012952722609043,19.3776613119298,14.79192862152038,10.678538421884978,4.414859247946736,6.663565551868404,5.281916699919782,5.793723335106288,5.8983985802736045,8.420048434980973,6.120945400004263,4.544884531089188,4.945305413592009,0.016410871081263365,five,/content/speechcommands/five/b49caed3_nohash_0.wav,testing,5.0,Kitchen.wav
1485,-251.5161915853316,14.012803889758834,22.94650000557359,22.26792459132985,13.407298205598583,7.814337980014988,10.382926689901854,5.970851773683991,8.308207703949343,10.786736148592237,11.636354082716302,4.997278550297828,0.04385249727056362,92.45918654659764,41.24374305007601,26.852455575937718,10.02562453266587,15.255046216694138,7.198982004987486,11.291564146628074,6.304910207982701,5.947036938266317,5.862830175352196,8.464608429596783,6.648175767731525,0.024216939414618874,-0.881048719051276,-0.7244322328823241,-0.02637399932053135,-0.22446869030060998,-0.05687355796275914,0.4987966127393698,0.38162661270161186,0.249316064751718,-0.11714683629544087,-0.200355904838278,-0.09711391992275213,0.0558857790313703,0.0007649588608934034,26.48256066814508,12.655891396606242,10.282954463381145,6.443251884324527,7.717628516869558,3.1043963915457877,6.595119775744638,3.919669540683603,3.862405948043661,4.480509247634882,5.52567154810537,4.624455418746965,0.0077675598005465685,0.19029744000237278,0.2469756459804503,0.12952626615785381,0.1238921598077623,0.0703282384261481,0.0036778985604302744,0.20244350001795883,0.17545155572687954,-0.2482542443975431,-0.1615510700802023,-0.03918100694728753,-0.24692243677055345,-0.0003031258781750997,17.013237841926273,9.73939264024877,9.04874017208912,6.3455448299512165,6.717478804085472,3.8706578914957195,7.137413320576257,5.058728874321946,4.870689394797594,5.252328346102383,6.119176543926467,6.451239368990821,0.0045007248737855355,five,/content/speechcommands/five/37dca74f_nohash_4.wav,testing,5.0,Kitchen.wav
1486,-167.48382161047118,73.80647222932032,31.329335541949646,-3.793610424217089,0.3827080991993809,-1.9671364017260964,-3.2670476943643654,-3.045103823601402,0.628435742417444,12.812164773080237,13.028618739862072,3.814089894223493,0.11981890682363883,79.93982354972687,45.38411732438381,21.405215586415906,27.088328493424765,15.20655072648205,7.4957587539197075,8.113798439910262,7.022511574553643,7.449637951576511,5.383473449145539,5.829047425815315,5.605766233309059,0.11434840328417085,-5.835853854082158,-2.8530344454247807,0.9650372136825418,-0.24938061111544274,0.10486656671235174,0.7017974569672363,0.7890445827823701,0.6384553043416612,0.6875036742080163,-0.09042828201740949,-0.14007391826410318,0.42547693811317755,-0.0011422527172873097,28.215754695027528,17.701782586367035,8.394864394599383,11.394171994715276,6.594121399694749,4.178206639073217,4.0454479637130225,4.951322431518773,3.4413394767370034,3.8007029438871593,4.501225099767446,3.2258570562332434,0.04177836465214191,-0.2819149365193278,-0.26641154224372854,0.03976774057912949,0.11339616509944156,-0.1628884857732969,-0.012785551392012451,0.1375569565618483,0.35590118214129707,0.12858950524180301,-0.16532346713294765,0.019397184578227446,0.021212001186979575,0.00020716078579425813,19.467593174614723,15.620080728790787,6.734899166806042,12.281859189087777,8.231332827446261,5.331613496247571,4.966027208015931,5.288982467702805,4.327927157543527,4.543289816283494,5.550174177748505,3.2937168492176196,0.03280112073717251,five,/content/speechcommands/five/d0faf7e4_nohash_4.wav,testing,5.0,Kitchen.wav
1487,-240.00833612307528,56.159131286548366,20.914745311683582,13.332911938598599,14.327179421659116,10.311355966904173,10.595808726097964,9.287725561642503,5.816122943371972,10.922209660873527,8.085195346111488,5.986416235210744,0.05459047149633989,79.23763575463514,52.23918643058739,23.21377917604119,24.81516031800604,17.136566389990914,12.348197053594216,14.198493592585036,5.7412482902676665,8.222719782885429,7.614056849428817,4.825952194535145,7.624040359976483,0.02687547506055997,0.9809274310043454,-0.40414627369389394,0.003673337409139547,0.05779504275660207,-0.3930407247459197,-0.22263500472258013,-0.29145781361054507,-0.2656060437059252,-0.24011675569625027,0.1734900166508371,0.19716401103733372,0.04394014797703811,-0.0011182825171178387,22.381285098378996,18.416363336733966,8.58890520945289,9.342738074151006,9.430826180397798,7.075938720434657,7.645346309332719,5.9057050814217,4.639525007459976,4.966330554077622,4.307024297431635,5.3476437168833035,0.009467029467369542,-1.0857066634605739,-0.04728485152467468,-0.21079008738284,-0.16173562193563243,0.11032326734151715,-0.07208815016574792,-0.1892285761741369,0.03886782449971685,0.03393987422633291,0.23611745659179326,0.2481961703013522,0.4339061739197836,-0.00011728946119546891,19.965808817724835,18.74420843700288,7.416873930172421,8.11227049944579,10.153008670291545,6.286002965711868,7.02906732275135,8.387292776553387,5.710493198624907,4.744634690286726,5.450535690177185,6.015067826662042,0.007097762074844485,five,/content/speechcommands/five/5ff3f9a1_nohash_0.wav,testing,5.0,Kitchen.wav
1488,-221.7722178850214,65.618665900408,16.793122651399337,4.981760610999373,3.7313975164928688,0.7832339673041399,6.52429514156584,6.567836571855115,7.916470271053256,14.833054368897344,12.013443686126735,7.879908540514368,0.1315466242376715,114.4161893394188,50.1401039433168,34.17531287622698,16.770223761609664,16.882496360157532,12.157667354268462,11.249126893678676,9.807569359095151,7.494972399931102,7.866803346115923,7.354579167906805,7.650153512485162,0.15706569246888333,0.08585856022085636,0.052312488199409854,-0.0839223984437795,-0.17654123706792188,-0.30970534601072996,0.02472173064886082,0.3302694528130521,0.042027864250877726,-0.12161141310763014,-0.08534489834963457,0.037023904474500616,-0.2392575556041168,-0.0003553288237702462,36.76099688161925,17.256503496740198,12.365751640245886,8.799875189003226,7.802786479573206,5.9150669959003475,6.323737014139484,5.100977622886649,5.233420079023371,5.116866034300177,4.3632673041195895,3.9109623183855593,0.05544607366763054,-0.3532282376904246,0.02464728985766437,0.024117913047373207,-0.06657373394426488,-0.1184001690503376,0.23003627605430638,0.34043303217431464,0.1875857959327746,0.2148078920738663,0.2099731293265996,0.05722915490695121,0.081930137189006,8.688531816005706e-05,29.192653491571168,16.486099237844464,10.228254400490394,10.657056978196957,6.855857369994643,5.870544645586573,6.945744675548863,5.803788373182471,6.779387235455281,5.638721732650746,5.023940811890882,4.906320473173139,0.03861594048514014,five,/content/speechcommands/five/d0faf7e4_nohash_0.wav,testing,5.0,Kitchen.wav
1489,-222.46416279900157,20.04209229271819,18.69240380927895,12.80032929879595,2.9846162097639946,7.807856973399977,13.127220694676218,4.72046658800663,7.140851101662751,3.7481623042072805,14.692350677253241,8.037764985760218,0.061744365259073675,75.46402558287079,27.740277406734695,29.70572210358945,14.051357984439148,25.58564886708096,8.637968292646294,14.95939394895176,5.433057994885385,10.141574560346172,4.989889795701734,7.214048602418989,5.840131343979263,0.02826520055689632,0.19640408917945984,-0.28906607672576873,-0.06348049938340147,0.1717907735684899,0.13110283652573715,-0.12947469143093346,-0.2387961708142083,0.2253391423670162,0.553152840783,0.018549320109029842,0.268002567506239,0.09685242527084109,0.0005471252145305757,34.55414105628742,13.891019487981252,11.950951595554757,7.959675601109371,10.28257223391746,6.293475350329582,6.7775339781655815,4.534413179032575,5.926984146310882,3.9555250250392406,4.677883265127897,4.833833935771684,0.008955332386066599,-1.4735416242829937,0.03879593762001609,0.4480274712033231,0.323392631319035,0.45139776247778607,0.23222860714013263,0.31915205253275586,0.2364657621261654,0.10036618707947867,0.07366043810215933,-0.1663719948689609,0.017645784330079697,-8.785277605056762e-05,30.0210628393369,16.50172253265476,8.68202847111146,9.091124282394434,8.921517744390858,6.771119666023761,6.4139375914133945,5.9714551438184715,6.3417274399955295,4.663965373252591,5.801417150298105,5.8963354139644935,0.0049517439007413745,five,/content/speechcommands/five/8494fba8_nohash_1.wav,testing,5.0,Kitchen.wav
1490,-233.23896474017795,13.769394508804304,11.840089621661468,16.109922748024502,14.958113613739961,11.330451028786571,8.8114459265929,0.2004297775005095,7.788572646193361,4.750219088588175,8.763260598593316,5.356907536506505,0.0766911379469093,107.67394661923583,44.11122061177788,40.406645753502715,17.67683569283359,16.226917055143932,8.923144224689107,9.472800607258016,15.38894039551804,11.348840051055413,9.879240535670395,7.503060689575876,9.473707944938788,0.07532523746181179,-0.21624065399135434,-0.5459655488286697,-0.5217939640372307,-0.4244592640646459,-0.41022476009663367,-0.44705996391509534,-0.3052458788191863,-0.3939290665327258,-0.21722325202757614,-0.23742556861056335,0.030448996978580934,0.10702891946782234,-0.0017014538208323141,34.704067245118715,20.97298376357,13.212257433204012,10.26508660016243,9.676255389283096,5.878101384335748,6.099621050363025,6.165131030161702,9.662936820295446,5.701337869197262,5.423623461741161,5.082145972433143,0.025429019719441382,-0.24461170407223207,0.19608194811829094,0.31865357179240156,0.1849775113164372,-0.17864328243097502,-0.08123598534570314,-0.11602214235541315,0.04098534099638075,0.25243742503501937,-0.07796894579085815,0.2260124916415925,0.052203475818114006,0.00012434665113687516,28.90991377200977,26.586485020294017,8.539284620778114,11.248690276800557,12.108721742162043,6.973637442787774,7.130935781939628,6.054244441736168,12.322656007744976,6.6775406193059546,6.143970440602752,6.5297984257761845,0.017670246462461223,five,/content/speechcommands/five/cd85758f_nohash_1.wav,testing,5.0,Kitchen.wav
1491,-266.4487108493712,1.5755690148472685,12.103762798712467,13.038256576445198,17.490813333201512,7.240377942762752,16.65029053755488,15.315760305798253,7.290465526702956,7.267033801677551,1.56417868524083,2.344974670296914,0.04226313563412987,75.66397367343389,35.47645573010675,37.2283569611322,21.816016418700155,8.860556587426023,9.569719171200845,4.842682498036975,7.386823124931216,7.119350976117733,5.273288887925648,7.041070101895852,10.547805212118128,0.021519907781035137,-0.7671544957459101,-0.3581371435611282,0.1334449492546544,-0.000540710647875871,-0.04807459663544953,0.24281478208358787,0.2760673324765054,0.17624090894588837,0.17911073658606733,0.07279734044173418,0.2556486537994563,0.16124585979422446,0.0004436506499205866,27.04266175535734,17.083712121347453,12.993395505218524,10.671328866967102,6.70706038470067,5.15665010166247,3.6628338971007994,4.1628746738182345,5.1114960839664905,3.9477599744154315,4.428219647908588,5.108354513566907,0.0071798913306723175,-0.2296771776891338,-0.33195801200366665,-0.12268512302351506,-0.12339863047558192,-0.26476962088980827,-0.1959118368922063,-0.06880292270203198,-0.008542545480019292,0.11423198769433135,0.3917843993361332,0.2265759740802937,0.04495902439944472,-0.0002204302077492078,22.177648665190535,18.264389273517104,9.820645143065605,11.928831733089408,8.971357209276558,5.851238490069691,5.153667105373631,4.471322220429863,5.556234017179136,4.302661771115745,6.206414314109374,5.983615900310694,0.004628428969243101,five,/content/speechcommands/five/022cd682_nohash_0.wav,testing,5.0,Kitchen.wav
1492,-179.28282016052336,63.776360914393564,0.1348288853001025,-17.06724795239092,-4.969582417425974,-4.684874178088185,0.9382644888547501,4.815238047129797,13.380866466527701,19.56681575253411,7.85264471777014,-1.8820366110463531,0.06325300656739742,56.69667390444235,24.201698354885483,27.930215406473334,11.622921840141801,8.971809958313829,5.430863866593189,6.440980348272135,5.023764053408211,5.2727572801685305,4.116210607710828,4.933980343613592,7.559139365570274,0.033351297714630725,-0.9659779069770698,-0.8183761754276655,0.42989624564191475,0.13174948117903248,-0.09310111258595212,-0.10407985572016441,0.14390799990483163,0.486551861667602,0.5352333261434915,0.43300622199357997,0.35761107612703275,0.2895698270426161,0.0008579036841789881,17.29784060087412,9.819207993210448,10.677793446550343,5.211933746481743,5.345838411682165,4.987198396149511,3.956956711099827,3.893508965246684,2.4775845619642305,2.256776759917807,3.866543784593537,4.19940142709843,0.011756788315903625,-0.18643622367688134,-0.09648579563958821,0.024674138401526494,0.01705098475796895,0.1959284552922103,0.18119611957168108,0.14418839800969804,-0.13764121790573303,-0.005612145149341638,0.31310851341130785,0.2734768607008061,0.23613749300356437,8.12935418096082e-05,11.56511488687517,11.138558170232985,8.768581559923687,7.162565355220856,6.242081645252738,6.243192643422494,4.976977906748906,5.034700219363981,3.3260493035305756,3.033062953937053,4.270780729572113,4.336590316976314,0.007790934679982454,five,/content/speechcommands/five/5828dfa2_nohash_1.wav,testing,5.0,Kitchen.wav
1493,-192.44528462302867,47.17046054573263,22.091160797002267,-0.33706428432738766,0.1740227496959026,-2.6686891486910653,5.195467943407591,0.6735017250348563,3.0344702953745606,13.279130182052507,10.548003694361537,6.197572700095137,0.14437460780027322,103.90744962998983,50.20575411259783,33.15648530157932,15.869890312881722,13.809886990199738,10.910619435015882,8.281396313774342,7.802400718420623,6.796058708469384,8.246861935532735,9.712207166623406,6.752681151447203,0.1818007012179905,0.07201797835205047,0.019663984079858848,0.03807706236301785,0.0183717171789147,-0.03837429908720841,-0.2608023737955995,-0.4842321252628627,-0.30785475994586425,-0.36351483904932674,-0.18473203281002978,-0.045282928154041516,0.204193328810271,-4.750454137402196e-05,32.0143066413779,17.235025740385048,12.747785825469148,8.472891400522894,6.084854689195559,6.053193657609306,4.064320235875279,4.236198764590193,5.166692390139726,5.604162637664994,4.3778276751475,3.3840991586004887,0.06323354612523498,-0.21236773296966285,0.04328732899350598,0.356015914939431,0.3139777344518422,-0.1530723422075119,-0.07743090045555867,-0.005448673678849877,0.07740519352947875,-0.1910953895999135,-0.10745655191125116,-0.035822641120401615,0.01866441191565998,-7.520193854967752e-05,22.96805980684554,16.823790503968656,11.314385526705728,10.121372450754366,6.10703191337598,7.577221344202602,3.4844281916266353,4.8059380317243345,6.8743105454703315,6.633387797668296,4.561118057007587,4.638329029584863,0.04536761602967504,five,/content/speechcommands/five/d0faf7e4_nohash_2.wav,testing,5.0,Kitchen.wav
1494,-196.75063380598658,75.94262123127285,10.855688444418318,20.27849960558168,9.327657215612202,-13.663095672131526,2.4789860115752096,4.467827728199163,1.6083353370842226,5.468557345001065,4.447716700276013,1.9742182733408253,0.09938956506084651,95.14304350832343,36.5341064916851,36.90950174671299,31.396690519521282,19.229357782728936,21.753692331427068,8.221214390490463,10.90570345870758,15.38429208189641,13.037206340645724,6.3660090867679555,5.914036521962064,0.07921542061348093,0.24355820706197145,0.5221583070548484,0.8062242667616691,0.45016670921973084,-0.601232776792956,-0.5516129664123371,0.5103945297295708,1.2007248972789615,0.7242054873841262,0.18515747621746198,0.24699338258669554,-0.11835942851970256,0.0009778521714671965,31.077304355250426,19.210940206045844,12.652234702045412,12.526456820355603,8.989805555882931,8.814731618137122,6.340435226661561,6.2397131654427,10.282599341085191,6.966331722374881,5.478045828446316,4.70193309650663,0.02557224255017524,-0.8026541599040233,-0.3760909353844402,0.15558539839398927,-0.2021763089609479,-0.20778778015900143,0.28769515920595445,0.49398376602153365,0.3438715378823709,0.4124765874507953,0.4230818504817237,0.2412060773885282,0.2954388882971039,-0.0003608163446187973,26.606732541552955,21.711564035083622,10.576562836979335,9.65860098549732,9.399716551863834,7.519120646423856,6.470104115982916,6.717259918869549,10.660346954106114,7.708393418303348,6.394696794555615,6.156949292606213,0.023417515776983262,five,/content/speechcommands/five/b97c9f77_nohash_1.wav,testing,5.0,Kitchen.wav
1495,-232.90040961373023,42.78293912773086,25.922606861165193,28.96823181975134,17.364452013504735,4.3117988577154405,7.688168697871808,4.445043749092294,2.3742029476481408,3.8227632977139554,3.8815711067799037,6.684066943456122,0.09396212012507021,100.95873944138694,44.26823377068533,31.32493376277274,18.914350735198205,15.320436797146982,14.04092848941296,10.788654075139158,6.945101211627055,9.34780382978106,9.89372449245051,5.413840086865624,4.478413987347729,0.08546725689864632,0.03167809710693761,0.1343874672234429,0.45684073280136406,0.28584408801110434,0.11304063461213802,-0.21791574901632713,0.003306723787278222,-0.04612240952802673,0.08741053273258773,0.47713819369215577,-0.15759374376663413,0.10552920794763264,0.0007615040146535443,35.60151997736786,19.64406666672081,13.716235960378139,11.115331922280511,7.924546802904505,7.808318819555583,7.441061252756335,4.309353088366385,7.828986431251172,8.663096110292573,3.766917494531905,4.170407874567102,0.03140376325512557,-0.2875493969616798,-0.2489716588199601,-0.17854687993704488,0.13641370534601632,0.2760870251936232,0.2046542201920645,0.2745464397229869,0.09417729632628428,0.038320487931020296,-0.0037049585854477484,0.051904011260372404,0.17165537159142008,5.2708449463049574e-05,26.79538034467123,19.083257800849548,15.623758647032627,10.358004913433557,9.124645761195396,9.120891397680236,8.733859760740547,5.444453571421919,9.078209593240194,10.019074637861982,5.203368325548697,5.892320084030943,0.02157366217677169,five,/content/speechcommands/five/e1469561_nohash_0.wav,testing,5.0,Kitchen.wav
1496,-168.38485386110963,51.190137265658095,10.15767599343527,-15.628494896545313,-0.12383739533133853,-0.45805632924593565,-7.021342754804724,-6.73498043981693,-0.6454138284025053,5.844405309746564,16.71782536909286,7.73717309710719,0.055554130114614964,48.29865766330284,49.71760360596772,23.760045159849057,21.931241162703888,13.391830608525495,11.299439747938457,9.641764077012912,10.860937144812226,8.849976079648206,7.0490161522445165,6.492450419729393,7.585645808820624,0.027217404474333667,-0.5035518319212571,-0.11729177156817092,0.03294642899972493,-0.013766276299670041,-0.07201876121539309,-0.17243530563584403,0.4936376335934055,0.40408652863658034,0.26696744038340214,0.0868369874283247,0.08656950830921337,-0.20581755464679943,0.0004461501394548724,22.074625597396324,17.509278128676062,11.934937808395587,10.51874187304674,6.289074753130836,5.637522931351557,5.019746217326502,4.501293683314628,4.122052686536002,5.174121892362206,4.80762582008016,4.503528005069013,0.008780869521934083,-2.022250116072681,-0.47506901828127845,0.2383709306043246,0.49166578071366107,0.04667842235811316,0.06588166528649714,0.20036690167232935,0.008298030707048673,0.2198821842706753,0.3099498430951898,0.1522335045705639,-0.0829500538850318,-0.00013396162539720536,20.32007628984885,14.623375372824466,11.687145267542153,9.74918705197824,5.879007137113711,6.623898826766275,5.833648773303922,5.304771600136383,5.883657918194742,5.534098559287666,5.760663862548862,5.033062312144756,0.00641028904636001,five,/content/speechcommands/five/a4e8a997_nohash_1.wav,testing,5.0,Kitchen.wav
1497,-287.5344844111238,16.30102769798479,19.45706728900209,16.225474759588018,16.474613010775897,4.95739252096385,10.141390500530278,11.016770871564383,6.722626023795203,11.375049775123873,7.416822722423464,5.77720370670381,0.035577953327447176,70.7019100171843,41.464663303666185,27.585521068054575,24.28065149860645,13.402396180988793,17.14014241464862,12.423753531746293,6.570132820002803,9.674655211630482,5.221013360842283,6.0487217499351305,7.894797547014526,0.011500472382051936,-0.09302229133570453,0.04276567971375094,-0.22762935293997547,-0.10978572142919499,-0.27627278538627276,-0.2960942171811926,-0.16571968420634534,-0.06934987353645364,0.22401097521767566,0.3030809186031924,0.16338534258749263,0.03633716225444577,-0.00047181318363835736,24.626081530126232,17.127773208418386,11.651092798158723,11.376461735418998,7.269446793319628,8.36520295646176,6.903378372831061,5.018513692985555,6.5542273204960475,4.287376123609177,3.5280775190743463,5.0238160902467754,0.005436766057571404,-0.1466798432696521,-0.13360144780190375,0.16443216398378968,0.1701245218515718,0.008383183813431097,-0.16561872037858005,-0.013124913252755672,0.08175091103179165,-0.11980549667527071,-0.05045896666307552,0.09225903552058323,0.16035569314532055,-1.97893629471461e-06,20.385710955412513,17.47040099160062,9.488342563746428,10.738804527138727,8.772478459776218,8.107686841224275,8.48480192774424,5.716314939352198,7.28197748791903,5.268374026578987,4.031399805590305,6.17431309195552,0.0044460849659867475,five,/content/speechcommands/five/9dc1889e_nohash_0.wav,testing,5.0,Kitchen.wav
1498,-228.73020866519602,-3.34899820625762,17.184947096256742,17.720866649651555,-3.6734855697074225,9.658777777035139,7.162910421976371,3.739908639085475,7.903585652044445,13.536176459688447,14.648401610762372,3.442660676866712,0.07369522849330679,110.34720783759214,41.34075288255186,41.98142827328018,30.643130385669878,29.34795638393458,13.719935585124304,15.122137639598646,13.613015837032712,8.67969355997094,9.345573705240799,8.863137675397903,10.31310454641016,0.0680118676633251,0.5140054395023385,0.07100723351163056,0.2565616835568706,0.19485507850126788,0.01772325291303189,0.6691428798708545,-0.02832906534336606,0.008244314902419256,0.25696478512313586,-0.27943092482401277,0.320608173717508,-0.23701955701704608,0.00013574296908993875,37.779811963918405,20.048269604966393,16.899420865389736,15.90221946204773,13.64956684858048,9.325259453999998,9.869038527233755,7.185214423297274,6.163442536494071,6.547023991707324,7.0192468748829935,4.02108649560148,0.02631880053675324,-0.27109735339271473,-0.016576632361267586,-0.06641643233563575,-0.010962189242426253,0.3647262283024241,0.20551804889373695,0.3700320172581018,0.2846107572765815,0.19158201493400076,0.13495463979079397,-0.02621981573430053,0.18923283949240996,-8.76386339465777e-05,32.62262312145714,23.94068518082148,13.087849528121373,19.90646425788909,15.968993683568202,9.690403623660641,10.561728742261618,8.71244531152332,6.906296440134068,7.5048885916600385,10.312844373952345,5.253171618920562,0.026519322460779256,five,/content/speechcommands/five/9a69672b_nohash_1.wav,testing,5.0,Kitchen.wav
1499,-93.6965043468883,40.82361368360297,-15.227442027980743,24.603609467594364,8.883956489198361,6.70384129890985,-4.662891180282238,1.8034535204092934,-4.293958692539982,3.4076310945219643,0.6375402551827662,-6.34632432640864,0.2077761723776348,103.63678234471011,25.926608864365214,60.6321635009781,36.58209762017609,28.805810058039256,19.62564429144708,12.749370942326406,11.21617319159425,7.41117973037218,10.912548517553454,9.061422652387575,9.877692918324554,0.1306997940439528,-0.7148366877021444,-2.495521366109356,1.5028422557371401,-0.439173174194409,0.901277113770973,-0.37072463291353586,0.22518356897650932,0.24034906450936583,0.14189259314396302,0.2384541031370307,0.3067567246234803,0.1113614457433061,-0.006712690476448306,46.98788018407908,18.679440212476408,21.075898493102592,14.103192352905172,10.325642786778106,10.44615698121961,7.9982121035088465,7.386812044464908,7.172726736932273,7.025721606263687,6.011727508847826,5.61329498767464,0.034816026886289105,-2.4855093503432824,-0.8106940549261457,0.2474103038898776,0.31515047720265593,0.2296445425668692,-0.03069785694516689,-0.504105044805201,-0.1006245334906044,0.3866934483121207,-0.3699391641185541,-0.22387795317638304,0.30440272104921146,-0.0011432987948258718,46.00125961947029,23.975428642577167,19.84544400266796,16.3630241373831,9.955886120744513,10.468922682865314,9.111948365637438,9.103995047058225,8.9521138935761,8.253446040258885,6.750081397335107,7.4641239726191095,0.03150275176066085,five,/content/speechcommands/five/4290ca61_nohash_2.wav,testing,5.0,Kitchen.wav
1500,-224.9261988817547,53.1349772065255,4.5857636175442344,1.696321060711863,15.631131842218716,13.78738483059107,6.237503289903192,5.6092444533111365,6.785860352257611,3.3306756258807515,1.654938400176327,4.804454178560629,0.055612228258892345,67.17747793237812,16.441913682011155,41.71131182202689,12.91504289424753,6.959698110283877,9.979801239550962,10.045994879128065,7.266876479617609,6.181156757833364,6.140231004296506,4.396937111571009,8.6030192609167,0.0344914671421562,-0.8987914482679188,-0.3425922978158243,0.6059783732745051,-0.014610030621904153,-0.393924233154596,0.20317135056458333,0.0224589295426004,-0.10615788613016729,-0.5837924999933822,-0.2300192618320456,-0.36891494589175455,0.22672195825314623,-0.00030574460442249593,28.49285724910109,9.123931123872216,16.644041618037082,7.71776616470431,6.1688200672681885,5.637858702308771,6.92059434404984,5.7499823612539105,4.2910644733837175,5.603178876136454,3.455953228571397,5.720669161723749,0.015630465418002486,0.31095599216558073,0.1042149475272096,-0.14657384905182141,0.4032147888081131,0.2859300407876562,-0.004396795005686869,-0.03124592153841725,-0.14595874762257238,-0.34038457993881077,-0.06697808795400056,0.2833808495379251,-0.035137607248304545,-8.382216095924377e-05,23.73597618337687,12.259916558895924,12.794122221599274,10.506893352315634,7.040840402122843,5.746569893451398,9.342235771980942,8.299107274532332,5.087575421032043,8.397454925436103,4.3108953591194314,7.339001325186395,0.011514187472421913,five,/content/speechcommands/five/8a325749_nohash_0.wav,testing,5.0,Kitchen.wav
1501,-247.04749645209228,37.37353360597677,22.31191986782899,8.93773102886862,6.86638702225256,6.344485970262831,8.93321951195648,11.713325727987598,7.657828588106798,6.9647810042249585,5.857461902711383,6.752354017474962,0.04350612923735753,58.5341200042666,30.36335127355504,12.423500365911336,14.079989835619608,10.242582071162186,4.598069304385496,10.355617098576765,5.683057025568312,6.592231683507587,4.192167541985144,6.228186485070372,5.6479362611829345,0.017171207390605285,-0.14846596993169947,-0.04170715398724426,-0.07616463582656634,0.08721345971498623,0.16957156344894872,-0.037184117219791576,0.03115760237818814,0.02889902792553845,0.11693671149204361,0.1777833121652906,0.012017632408868587,0.11153657845197586,0.00013484349173884238,25.177726790932056,13.267905712076978,8.875918775935435,7.39991398385129,5.626996660251502,3.7988246853099756,5.0486809100289625,4.264827062287197,4.753067622050309,3.3997411383064926,4.1551932785437,4.492907119355946,0.009621880421868682,-0.28360258262558585,-0.16624090019638657,0.08852552358195769,0.16199527052285395,0.230706505652634,0.030923709547967644,-0.10032170400927318,0.10212691955508166,0.20768684809959215,0.2695504637370296,0.09854780057615332,0.017717813880689624,-0.0002911920348803202,18.874983781319116,12.561626363562343,9.410855342136957,8.205578495166256,6.153298157421234,4.358565947539508,5.780507024063567,5.2805437731752765,5.661310155074561,3.9919507739474103,4.652646860483274,5.418247214210019,0.007233321798329415,five,/content/speechcommands/five/5744b6a7_nohash_1.wav,testing,5.0,Kitchen.wav
1502,-238.75398952154282,36.666722770583235,14.611329328697206,5.067437332438457,6.954013805768726,8.884348860132008,13.06045237106769,7.319414820794369,4.575030201513264,8.220943642953232,0.9895248166908921,3.9505250837494614,0.051858285907655954,80.18614685781516,55.572321875067104,15.019746357917567,28.116809068168855,20.862577277194934,6.925663122599276,9.125228055242935,8.574176838465839,8.428550598304726,5.5759763271386,4.159872553955894,3.948468688032445,0.04273175635731473,0.14546942098327198,0.13714710929685064,-0.02429219485659424,-0.19842544187397754,-0.2129878334278524,-0.16725861861918495,0.0770114276847081,0.02222345464586909,-0.2728922129462414,-0.12520628789074578,0.11539506442248468,0.07308209783446079,0.00047500281324309686,21.952089372125087,19.331378847913932,11.407123235254648,9.45962783432887,7.938274357889729,4.344147432814951,6.47439747195619,4.407554160417913,4.9147670628652484,4.783773755028685,3.49751574481361,3.861782315738163,0.016563387231746895,-0.3057369580114539,0.1398614544163159,0.36742396163193736,0.07870263756017112,-0.10717526373594956,-0.05852177382133359,0.27300175117312153,0.20870253649301837,0.13135209306941384,0.21943588263033434,0.30778829963154786,0.1817415228711471,0.0001950517917672793,14.290558916042318,17.315567712356664,13.06024824473986,7.614132691917694,7.511865445992881,5.578642407567496,7.643899321898081,5.052110053440074,6.064393886229613,6.356977825813655,4.14335534144457,5.825763127797994,0.011634584335589298,five,/content/speechcommands/five/6736bc64_nohash_0.wav,testing,5.0,Kitchen.wav
1503,-181.53853360953053,2.804461559852574,1.5797402019643014,5.6298978304314,11.3342359070022,0.32843479065703063,2.986607652009238,7.667912319768806,11.159967687431905,10.44926122619236,-2.134989144853222,4.078671982184055,0.0786233315593563,95.29465482201765,47.421625687342235,35.013113759327496,24.704327139179917,9.335920934921598,13.698942317911762,14.031813434455213,8.709603164570407,5.48480306946296,4.672390946630463,7.299974105718926,5.94938360394246,0.06193071330511447,-0.10607804026889812,0.12609001322062677,0.05183546985026961,-0.05287648082833634,-0.024253449906580207,-0.25008118394285495,-0.14606839069458624,0.1581196127101544,0.09655596896222766,0.23128854674733118,0.35978040739366995,-0.11593031288962179,-0.000197207314833518,29.682310032246953,17.035920319841026,13.96577652177276,9.631599781513973,4.83683364843397,6.2693448066955675,6.234988096997777,5.001339325805331,3.961449743150593,3.961158303524565,3.559909753413602,3.6467690551606533,0.019537956505340473,-0.09309999578555855,0.06367414411671354,0.08778609844822766,0.15888659116292067,0.12047970540365398,-0.14900905714838328,-0.05079103953691053,-0.043866615465500566,0.04759781690187414,0.17223645047593436,-0.012386124662108599,0.19541088415771626,-6.200696031252542e-05,20.79126966108073,16.020774901376434,11.869622824765333,9.663681041780684,6.141219696780495,6.342645859819042,7.119951310610502,5.197306137283097,5.091950134228427,5.668360993790667,4.833582862269109,4.552673195008165,0.012643580354359517,five,/content/speechcommands/five/b1f8326d_nohash_0.wav,testing,5.0,Kitchen.wav
1504,-147.4935803934667,8.565788166789575,-3.537084062082906,4.033532121998416,12.438832167487256,-1.5060418956301964,6.056434946353354,8.237847584582987,3.572123321284444,6.805970021792108,7.917373826592995,-1.2676555916567323,0.06954386120196432,69.22218867376031,32.62627026167539,27.282075597102434,17.70954744955231,10.375019967734545,9.251536348795288,10.787839435780864,11.153313228552918,7.105764810388396,12.316918472523383,6.98825471373817,7.804195678988186,0.051624160581830995,-4.144103545932808,2.455357900627038,0.3607820577130546,0.4239321014085091,0.284502797199977,0.3446340720663374,0.8740510954624535,0.32908664359833534,-0.41778256004740494,0.11103935163468005,-0.1574926652623961,0.02768967942366397,-0.0023289494697124728,20.56925305563874,9.350161767564305,11.180718270411562,7.38188601916669,4.202673043440353,5.505556968159631,4.966356765637931,3.6959710465619153,4.3986168021052725,5.149400209701953,4.928570301725147,5.606613113440532,0.016735060920092464,-0.30925785047007204,0.08676492968827354,0.03473689891948452,0.09806964019902148,0.0743835492916895,-0.06264301900990119,-0.2152807528412018,0.11915850279255637,-0.1263811743418416,0.03644901555815251,0.1604888936608764,-0.2180746151434942,-0.0016664989292621613,17.99220219291945,9.501138741314199,10.101858022652337,8.282039976787718,4.60402773495121,6.1409516001157405,5.4292982502427805,4.091661200581638,4.46639258334214,4.819503367267538,5.661777888129924,6.664919262790056,0.011059545514017747,five,/content/speechcommands/five/24ad3ebe_nohash_1.wav,testing,5.0,Kitchen.wav
1505,-203.68165765677458,29.45677371391088,23.91024650490179,11.189746462726063,7.377399416043963,9.691086842299505,11.698998706278083,5.670121456971291,5.737544048150122,14.586028939067251,2.5126661187602792,-0.916217005398834,0.06789466098416597,107.0245330529173,31.41013863015875,41.987244893500524,22.953389863058643,18.32057945168978,9.092959191569152,10.496594212813498,9.779997050835611,11.590234198576848,9.751208362444963,6.739800537861254,7.516960362524982,0.06265835908067696,1.103381086545339,0.20226653492763175,-0.822466660208393,-0.18255815503672404,0.39453833905198593,0.2824483968831935,-0.16145895485549455,-0.28929162393551383,0.13746048158791463,0.1703324389237714,0.1961106594789559,-0.3841096728113899,0.00011888825364651219,31.900300661707874,15.95377147185334,13.965992933115638,11.05901582942862,7.6004480433893296,5.072451789286455,4.944670009261261,4.302489085426352,7.078213858392363,5.453572209962196,5.554184978909289,3.122133884089825,0.02037344296633138,-0.6130118804920731,0.07695965272728757,0.4163351328606789,-0.15694438484354892,-0.14317220548960854,0.12832389348287798,0.12266509437583424,0.02915519917355045,0.08672607863978084,0.11191825395247358,0.14018803942212146,0.16299201945624198,-0.00013766884803771972,24.203254678769135,20.041067909099247,11.109788425292779,13.543175434852989,7.579404485884954,4.5968458422484035,4.504845652622742,5.190269057271743,7.800923863010325,5.516593206591314,7.178160510296398,3.9107020289294216,0.0120920845170199,five,/content/speechcommands/five/9b3ea809_nohash_0.wav,testing,5.0,Kitchen.wav
1506,-268.72628978968237,29.682812419846343,24.600423043318358,9.4223383469104,9.068543442912262,6.176750861680064,9.19664732868059,5.416039227263239,7.695963821340168,7.951055908319123,3.38716111922314,5.438298673527594,0.03553763369563967,40.80110067359194,30.855889884130587,14.118023763511605,22.43514223526644,13.409348079955885,8.100149757516713,10.022013848890568,11.122555171748923,10.145949772171944,7.928803366595736,7.327885572126593,8.983976437374626,0.009045434505100028,0.21522211901283997,0.16393107582987096,-0.1457944570800697,0.038459771346621076,0.24331305003356535,0.11614977118764401,0.21220215432068373,0.013352799680078194,0.27227874613861613,0.3125122696460442,-0.026474554626437753,-0.18094595292208615,-0.0006955059305314094,14.036210873418202,12.723029267028888,8.32578940080035,9.29698007359641,6.462440632692211,5.741929350520781,5.273518443071515,4.676343802419452,6.5158026958619955,4.863483034969269,3.345411006185202,4.625262311607952,0.00431563427922725,-0.2954373089296837,-0.027773481242084615,-0.07195028334043994,0.01557776577552931,0.09184754914319958,0.03033378289890495,-0.05285899210442858,-0.14078691408966365,-0.19266766227634377,0.007791454197652037,-0.01826836543804277,0.042463592127074325,-6.88172255953153e-05,11.97297434764014,11.545471434378902,8.837195504961608,7.519680628265559,7.073762091015235,6.83149676000353,6.16480402446243,5.628335355943635,6.84613688422822,5.296915071916468,4.390498640764117,6.132564654015031,0.0031403538051532395,five,/content/speechcommands/five/7e1054e7_nohash_1.wav,testing,5.0,Kitchen.wav
1507,-251.32678267004616,19.94439070373752,38.641575419814195,16.7900843800511,12.718081793434278,7.855310326429699,15.990884242572054,10.48129811005558,8.922513069326438,11.11149799313338,7.982179772362428,9.867981482686073,0.06528410836472176,90.63864685468363,69.40729016131934,16.33396873234671,16.07968929837971,18.36530309678999,10.989150550096172,8.744223314949979,10.19087095013628,9.37972833636232,6.102829294810047,2.9811487574402493,5.398778033676524,0.054024969889387736,-0.354904697399474,0.29030045414663097,-0.05499429347820102,0.09821400473782127,0.13710199527973257,0.32132209128164607,0.17041080102539063,-0.07783131096496777,0.1342323835596654,0.16045951550566456,0.22049334034433826,-0.0322483721021015,0.000527249739295052,31.723518875500883,26.268137821624055,12.002519609050898,8.154628664326266,8.449221177966155,4.84464189612154,6.156420363506251,5.073244766683278,5.100271922835154,5.585267025576698,2.467622041230275,3.448986100164948,0.017433329722354906,-0.39149816772641466,-0.09330888364948914,0.34449184064314053,0.2825434971047423,0.05031782050697948,-0.2971317672373684,-0.07563532205463623,-0.003405793173202909,-0.223494999535401,-0.05351956251343406,-0.04529914442335059,0.001814795796930202,-0.00011077532544732094,25.396448732358234,25.076763005642512,13.481320352170684,9.076507696032849,9.281536033909179,5.529330562504373,6.883050576441003,5.27606732181741,5.806559779579809,7.003574331765894,3.44995932536358,4.740610990195865,0.01377696628949237,five,/content/speechcommands/five/e41a903b_nohash_3.wav,testing,5.0,Kitchen.wav
1508,-169.25252999449026,67.30156019242075,-8.24644969135151,1.2984906790739283,5.783581274057763,14.43348666958286,15.036096426935401,2.745526247047139,-0.8344518102393543,7.395636401278629,7.222033001685001,5.560605734947124,0.11168645147699863,107.78597514432784,31.849203294919754,37.65045810904475,14.05341916762036,16.291477669801115,19.857627656332284,10.844743466070476,8.863091469521828,10.427007142603534,7.695554072044278,9.745878773596454,7.545291784686704,0.09922271396610434,-0.6255224417411297,0.31529813028629783,0.989884757605743,1.0872569915024919,0.2536546010133403,-0.38023645782082993,0.08519954404485063,0.37455071893707226,0.10877851763662207,-0.471676189993298,-0.614205776167349,-0.16142116629312184,0.0004215987939988413,37.555393170007264,13.64200820947153,13.708183077989922,5.856501928404398,8.84974069423101,6.8325303140535905,4.767217406614699,6.15013711749371,6.277634264947216,3.7970577156734655,5.350947155679107,5.081571212174527,0.039794875395782914,-0.09945219687194609,0.04508340366365822,-0.08825610076317894,-0.02359880240891575,-0.13737141586972895,0.07587568129001585,0.08167060527069629,-0.030443012630893426,0.0066240659205329955,-0.022055489878846046,0.05718768679491146,-0.3064844999205184,-0.00028429410109917324,33.76178408109233,13.546084901680532,11.548389081204565,6.361639262683375,9.169868010527043,6.4103642323842465,4.595028286906708,7.976546277023343,7.808610019617763,5.078987595318673,6.477133991300641,4.752861598376049,0.042263103676481166,five,/content/speechcommands/five/9d4bab4f_nohash_0.wav,testing,5.0,Kitchen.wav
1509,-261.06951996929354,40.95441948706085,17.787063253890874,0.04112748783007447,2.316243603516392,2.967811435472862,12.201430177016265,12.700077010327092,6.011509522760235,7.997273458616804,10.18115868352864,9.595691259280098,0.036216276066918525,30.73102309297055,29.209502094274054,11.482898359870454,12.631402572882466,12.768898343719144,9.97196284710421,10.394744237991901,7.695585463110664,5.379479766510654,4.964215314451185,5.1702515891269805,3.5464439961742484,0.010359602853423267,-0.10338064141976512,-0.04297498238042869,-0.13069137984701656,0.08775011525730486,-0.18983126980582016,-0.08810590081407658,-0.1854261195673016,0.26006475407887136,0.30145098570133205,-0.015616300732061817,-0.22259915076547096,-0.04802723903532214,-0.00036466301729281745,13.16753030057294,12.021866159888361,7.80420812585483,5.503975370304532,6.64562817294085,5.61845949924672,5.500913886961816,4.454603848770801,3.460074567857526,3.5434982416824243,2.5181741512300193,2.820984388880174,0.005784785523705467,-0.6369223568142133,-0.34142417407694176,-0.1792158136104466,0.2535581333245133,0.4663765088606438,0.31602755190822285,0.009510805926440335,-0.2881191573809147,-0.045522061046960806,0.11877589210341874,0.12702757166567238,0.3676447594280816,-0.0003830129601832094,13.011955274727937,11.071167646672771,8.687763160206092,5.602543113025501,5.516347344611003,5.110853165844355,6.059498116737567,5.443395179422708,4.130667262009388,5.021008297028879,3.071500628626202,3.338986437023001,0.004131578326813052,five,/content/speechcommands/five/7dc95912_nohash_2.wav,testing,5.0,Kitchen.wav
1510,-219.24387875608505,55.57214839618817,9.180889917085487,13.727237708422702,1.6980681318069575,1.1835740846992542,12.344971216105794,6.519141729136853,9.57055297059651,13.659827650233,5.801985756977096,8.185494237332769,0.08714718633564189,108.8575999283502,47.347450186708954,34.71429145172942,17.62060159140808,29.353718306096525,13.745741047881495,12.666824396879022,10.12181766711799,6.6581169494850245,7.783911354022457,4.1184966097318005,6.554889488120164,0.08499335977374584,0.3407872235173386,0.4508671352063589,0.3774105461069399,0.23029111943289413,0.07184667551786324,-0.38178823941276957,-0.4536241044468074,-0.14991039683839383,0.31077457338075737,0.4729409244341998,0.06663096937971069,-0.39421315280654284,0.0008198717428791908,31.55289970733496,17.823725293531115,12.36061547078591,8.335334508804575,11.938637150407954,6.124884139131636,5.410130370437121,4.359649242479204,4.173209641451914,4.931524605180123,3.9112909370124562,4.587504307202105,0.02865931142836277,-0.9312504552921143,-0.6331594717165809,-0.001997497424390815,-0.11878213632854653,-0.3079697892618301,-0.07345233781820901,0.18143898540784228,0.3249178397295991,0.3966748196576401,0.1666498459426241,-0.22823617065849167,-0.08099543280300917,-0.0002412197490533193,25.757269014139208,20.028653515052387,9.839993464937544,7.965542569889335,11.039980113295142,7.6493200509484955,4.819753041902619,4.4910572747591715,4.106438310738286,5.662848371358429,5.05772487067128,5.492209884819526,0.022405672990539627,five,/content/speechcommands/five/653a48f5_nohash_0.wav,testing,5.0,Kitchen.wav
1511,-248.5061209446153,-9.09515631313512,1.2048309486963014,6.350665144771334,20.98524095586685,10.894072933445873,14.47850442043639,11.323574320934615,10.631953839057564,10.283161286527974,4.149873858409845,7.9506636577764995,0.046934003214119,76.13737922214862,32.00423652787404,45.870979187453905,24.319267535908686,5.182368170287664,11.964063555983309,6.080697983506201,7.612745213316534,5.71094394944151,4.989197765913656,7.671338585915784,5.1103776464682245,0.028556449558421817,1.1291176103784786,-0.11217032347041887,-0.5548543154464944,-0.4063777425050724,-0.22972971173672152,-0.06632515726937607,-0.4657826369999343,0.020256107514618572,0.270715006642966,-0.17129645102603328,-0.19739829969340383,-0.06060176484871135,0.0011354336334813025,25.663280945136467,14.347528136877603,14.676063169359642,11.915179042498263,3.873446332961804,6.774886601528811,4.77596398634003,4.442529254260887,4.290187008390319,3.409539769161055,3.9588331486631225,3.031302515139093,0.008879335031934749,-0.30159320814424667,-0.04228216870490063,0.07661225205574619,-0.18748057892516917,0.03622230507925058,-0.10299753398277786,-0.07614328822655611,-0.026927910141023404,0.1596824084011768,0.2806512091115735,-0.09403759515627375,-0.005822237624004778,0.00024156998842954635,24.13145276824046,15.79389255666889,12.686482967573246,14.027950858028284,4.064121995255056,6.594465089591114,7.034158652383539,5.1500984286398115,5.048196190152936,4.404720200423342,3.7604730063402605,3.911180943078373,0.005572423790044989,five,/content/speechcommands/five/26b28ea7_nohash_0.wav,testing,5.0,Kitchen.wav
1512,-161.0507097497938,18.911963905656016,8.620295877399462,-10.880130428356258,1.610803507872356,2.2748202324192777,3.411870402529273,3.4725384060472053,3.8346321549902407,4.6525978798804735,4.122267335860974,1.1332574377010107,0.08858038049431578,120.66102481814474,32.445681919413445,30.524054433648313,26.026547468531327,13.642887779682825,12.397810803079322,11.26561785530716,12.454908627167015,6.019921293797317,7.6015107263694865,8.297487961077355,8.731767324863467,0.0731837376412627,2.468115468655505,1.4838397260392129,0.2827439846980036,-0.27709188279329594,-1.1016988919139117,-0.889217354908698,-0.30782882799010436,-0.27111362083947554,-0.3853555460217989,-0.10254257436976501,0.07218167074495836,0.048641839405816525,0.00033678840845823287,38.39378939838833,13.511732777903799,14.52987428630463,7.993846673998782,6.696705371297002,6.2223522216125,6.342056290381931,6.528025212093987,3.8227074052660113,3.4930790033788313,4.629236974886876,3.6670667481485237,0.018727717418660653,-0.2205444693867694,-0.27538412084407926,0.07501082213041918,-0.09406716060507271,-0.6378504099007297,-0.20103503524161645,0.07809950993251223,-0.005482375820092512,-0.18337310651690159,0.21312295784542878,-0.037479307220463005,0.004331400983925122,-0.00012666963297745278,39.49467943331069,14.108015256335104,14.191173319410245,6.812830932117279,7.853701980359494,6.8611507455359595,7.598849252347768,7.730267478729669,5.286120179597528,4.558353576318874,5.257747652075386,4.146891385101037,0.01203389028701761,five,/content/speechcommands/five/210f3aa9_nohash_0.wav,testing,5.0,Kitchen.wav
1513,-196.52451251758984,10.40507875102358,14.553562367299973,13.20270625147845,-7.760326914483681,7.788322815395143,-3.1218500618781,4.739496745506948,0.10283408021645313,13.584346258429289,14.786973947510438,2.9710322468439716,0.08638904357212596,114.1985349264984,32.10275223297711,36.71182513251707,31.49482947232617,22.064455459518474,10.783421161414116,18.998651734875065,13.23482096920988,13.54865639200903,12.37118110614028,10.511672130197303,10.405052730341026,0.08555171866911222,0.7947838876567703,0.42683463549778516,-0.2651059649393237,-0.33073951143332864,-0.32963225960408243,-0.36441467918778436,-0.13275435021300294,-0.22339310945933363,-0.0033633291450408547,-0.2247146057840826,-0.08803127907373137,0.1387842628941755,0.00027493002914613293,36.78453030910999,19.967334257119052,14.72367898151838,15.18109521346726,10.401904495347772,8.508518134507725,8.892571864572572,8.041222675240975,7.971413597893241,6.3434275463093135,8.2884929233493,5.31963664809688,0.026027063084279146,-0.38335486790756207,-0.27890057792649886,0.026750900271071743,0.10700382070947866,-0.14458752596811617,0.08153062634044922,0.1436701797508069,0.3208424433769584,0.24561530416139743,0.13561622255320357,0.03116550023031482,0.06793736792122947,0.00018637763957182567,28.16143605273512,23.332047315139402,11.523169313221759,15.918292690664263,13.78212663677727,10.649609176051703,9.375181491510448,8.880631183024759,8.343166994555418,6.155994912208756,11.226713173598647,6.917789291313029,0.017751528275783312,five,/content/speechcommands/five/9a69672b_nohash_0.wav,testing,5.0,Kitchen.wav
1514,-211.097200705157,28.79009556960515,-20.940268230751066,30.309427362557518,2.034246924548143,-2.308141663433,17.8387958410281,2.5752985942505364,9.210619839200353,11.8148183332422,0.9133352609460325,5.0613534620866,0.08968712954271224,104.55538378098097,35.09584912655466,43.88929895310658,14.61321929181616,21.779759039739904,12.20918026900131,8.900438925288704,17.92747383823377,7.085287310489568,4.594006795403641,10.563570473770548,5.570916187258355,0.08006253148571457,0.813536876854288,-0.04898320158010214,-0.9359851986018138,0.10352846969489775,-0.4652512962289348,-0.5457361536146551,-0.209855674765443,-0.2516416364775797,0.04757958073007054,-0.0754161884528274,-0.4555125893926715,-0.17722822328482762,0.000405179833372434,34.48614915768573,18.640794248480187,13.279157879244295,7.400206235721929,10.784296291656938,5.830928802158707,5.068822932908329,7.360872844169981,5.1908686848314005,3.9693611661662405,3.3072999390313247,4.301416946577959,0.024354425774275913,-0.5586540706519317,-0.015851130856353902,0.1752318981674571,-0.0644386492612188,0.49757539659950567,0.025062578550796084,0.011313084026233586,0.16850899645765627,0.09452747320524195,-0.006618942981167846,-0.026675073682513963,0.12386839201607693,0.00017326826165462364,30.923907120213073,21.567594955621246,11.292952910228287,9.084234056584801,12.330382004308309,6.428738218822702,5.148653532769962,7.535891984453725,6.7552153448460395,4.878394622470709,3.5905227829052535,5.673950093737301,0.01593283834756072,five,/content/speechcommands/five/8625475c_nohash_0.wav,testing,5.0,Kitchen.wav
1515,-245.92541363713562,38.405218920388926,38.03440671856794,14.68875340138931,7.90374762619924,6.168618327798721,11.954447288961312,6.733163499799959,5.340948953989614,10.390118147790457,6.384078613293896,6.082249042978164,0.0703337604063563,95.14197323208083,69.52410969438178,16.99173492657968,21.24102850847134,18.444141999087336,11.623719443540063,10.84271383418538,9.447745382627195,9.476881975306917,5.5994300380098805,2.9022526305594996,6.273322702248807,0.04766103941598518,4.397118558693658,3.523412780458385,-0.8403509051858026,-1.3754193664576968,-0.3252101138497753,-0.5298604457992747,-0.4507500802127317,-0.31654706780725317,-0.4745323350101781,-0.3380358652504138,-0.22763145469002588,-0.36742122548544054,0.0006229411209783246,36.64350728990204,28.55381285020183,10.8877647856315,10.590873931359948,9.072553458950336,5.735509616693601,7.641166725943801,5.202226253462834,4.163261567787037,3.8435039655907937,2.70478778656354,3.4548534813642284,0.017748400969951686,0.327667375771162,0.6177546009545992,-0.1359925223404955,-0.3052566672411631,-0.10194314852738827,-0.11825073278265046,-0.2651977888084871,-0.17697967165407394,-0.00801104330072624,-0.19595865053789624,-0.03374850082263355,0.1088363450264867,-2.757652352253596e-05,32.396550513567114,27.645191659854685,11.31405017083177,12.182072859361913,10.270268901266693,6.169881523971785,9.330557522443218,6.632484094460249,4.780129940559981,4.8425573554578,4.092634862933101,4.562938447043108,0.013504319051544113,five,/content/speechcommands/five/e41a903b_nohash_2.wav,testing,5.0,Kitchen.wav
1516,-275.5414619794661,13.261071600895136,12.434873736727075,16.60438437256667,7.125105206746701,9.237111733212942,15.923316224082072,12.911147772465608,13.217449610012144,7.787899049233797,3.660003833480249,7.541727084861072,0.04173905079369433,81.32076718132885,28.46846789569079,37.415142741360725,18.533539502091795,21.02951459109919,15.30215103785786,6.593849811240788,8.550882000871566,6.3657788872439935,6.179904024602802,6.634993855772302,5.92233636477321,0.023849352715286168,-0.09934884442222827,-0.15943039614756946,0.020845729851516014,0.04118620526753442,0.11790107329280738,0.4074678490249808,0.0050112709718188025,-0.07409435184197191,0.5959678376240346,0.17979735648938178,-0.058312338643661706,-0.40396808246392923,-0.0003706040461697886,25.87061997081797,14.630524032010499,12.866984750951818,9.595946645531605,8.75647381935693,7.016984728942997,3.339502711603121,6.040839786337814,3.8414994968224003,3.6511932115145433,3.8910879300796473,3.707825335807683,0.0074361787438978625,-0.5138139779170672,-0.15936700914204263,-0.013629761177885887,-0.19653592271739176,0.1686124790771549,0.42739739992879394,0.23869119878106973,0.1135589865692322,-0.13940042448079157,-0.025640522257364278,-0.18916096367369967,0.00017976231387922443,-0.00013626860454678534,20.971119402667107,16.682884589151584,9.692068607796672,11.01178993655041,9.15172483265835,5.953504413937243,2.922895821710929,7.243649435378261,4.383612010379558,4.163828321464859,4.253362066504213,4.117860899814743,0.004690927271120311,five,/content/speechcommands/five/daf230ac_nohash_0.wav,testing,5.0,Kitchen.wav
1517,-182.53556045862484,28.556048216092893,16.93627094000217,4.1875224107130595,6.727602404803727,7.705647882296786,6.109614836024228,9.8711084486335,10.573946500987082,15.194931341516536,11.072505523374108,5.439260419281043,0.05997103912523016,96.51060801978953,44.53425149655443,23.990602137214253,20.390598871235902,15.72096366136662,7.838032510489794,9.123786893384386,6.020386245715794,5.448649141569553,4.784946734574005,7.820404473558422,6.174590119233252,0.02826736429017598,0.2853994649228574,0.22862754617366543,0.12277483118885911,-0.014723864339123498,-0.30968753522518044,-0.05321466300818578,-0.20758235141104345,-0.28153964767602685,-0.11299767954005395,-0.029217480113781412,0.0835979198374857,-0.10710125204245091,-0.00024361740196904828,43.18545768960119,14.021964657705762,10.94432956638258,7.462907033839055,6.034844174142887,4.529907733524716,5.6215551270288175,2.7670698946745373,3.717397244628125,4.16388397267874,4.986034802818485,3.8412772044329815,0.012775215564545063,-0.6317255258808208,-0.014846088756068365,0.3605967414891559,0.060854167273397826,-0.0031975947691343263,0.13534949633914042,0.3217285254140429,0.19529185772175087,0.19370209999754126,0.21472412369170973,0.07906023616190577,0.23896737342369492,0.00017541845639546712,42.49861031723988,14.93856100552895,10.741821385506533,6.456083081437499,6.154497025714546,5.681259978173576,5.926738314666848,3.2058375693430996,4.89627388285857,5.349330452200845,5.078512803108507,4.494966213849642,0.01159768840811284,five,/content/speechcommands/five/105a0eea_nohash_0.wav,testing,5.0,Kitchen.wav
1518,-224.75614177858944,34.8851278947016,20.0756123710742,-0.9870788156752863,0.1677250221793578,5.672704503566337,15.246114092339324,8.551000190284373,8.376929426858228,6.411241839251076,4.1294480253779176,7.60916466499443,0.03625884116627276,64.44251319010142,37.305868048312455,21.63280076300528,18.9098394853387,22.729756964626993,8.816849794008752,13.759295080328444,5.4960029831925965,5.284524079298843,6.784481907759658,6.155099848056862,5.8532157725533125,0.011995153302140824,1.9397053626712477,1.7245069269566753,-0.1441675001662587,-0.9962090281367257,-0.9048361396911463,-0.4702787304895305,-0.453400664160412,-0.3277232998799853,-0.40912135139913963,-0.5621034965002047,-0.340788243421181,-0.023481993934058275,-0.0003633413824342912,23.49219331736663,17.121724879630307,9.786654817187962,8.49264073605069,9.401398241462461,5.136416468479341,6.490388144241974,4.233668257451983,4.577465577098187,2.8987444980310277,3.1043820016443298,2.712814074417207,0.006107288830887234,-1.1075890176438596,-0.4515924087073638,0.19381255307116993,0.18741938383984916,-0.05359086385735606,0.043361099806014915,0.05246781572265651,0.37087529026572524,0.44260707447476205,0.11904539452914872,0.005784701249440646,0.0035139891492821816,2.0641088485717774e-05,21.847306485772165,19.21645843656237,9.354054530924659,9.708611196583526,8.004106542665928,5.117633208967426,6.074579498189963,4.992652586404363,6.31797689450775,3.621649555110993,4.257085747781442,3.6053911254523765,0.005444230385846126,five,/content/speechcommands/five/0f250098_nohash_0.wav,testing,5.0,Kitchen.wav
1519,-325.3495361204315,14.482606594543558,29.79923604150335,20.961067855358575,18.96565319307222,12.124796835750667,15.030999302261002,14.319127872107078,15.071938602069675,9.352603477939475,1.6081219558822237,6.5210681954145695,0.03976601187605411,31.78469008811983,23.307434979667427,10.255205885926747,16.875986649405746,9.43751585226134,6.01131873128846,4.041289195209,5.720222681024103,3.6769696900561217,3.632747083146167,9.297078587435713,8.106014760686788,0.009885983962155193,0.06185984987810813,0.09671606622200116,-0.04143097975904495,0.17173966764198095,-0.06439507118651006,-0.12342166891830196,-0.06299965460617467,-0.04094713087751411,0.04247726393268943,0.034960482810866375,0.30993263100680757,0.17920919918749936,0.0009773625962195857,13.923039694337488,11.2164337516725,6.776036868127279,8.549034471939233,5.163608659392672,4.279917112533299,3.3700394356298533,4.224981205289727,3.2864758738709865,2.8869650440814625,4.956628420035617,5.6016782070179465,0.004403991512981066,-0.1382420457897524,-0.11762733432255189,0.13292242378812796,0.14996715818973846,0.1698064583424839,-0.21336985895690408,-0.06631987740263418,0.07580857620402787,0.0539680794043561,0.08951332930822983,0.1122977853399975,0.09886423538619422,0.0001581126203139623,12.151854295973857,11.175135610379394,7.33314607025321,7.470827928390664,5.570415161370806,5.102002041725699,3.9880398341531635,5.69984549617859,5.07183637511671,3.9477464099333957,5.437267904093484,7.060172380338842,0.0036870185254788473,five,/content/speechcommands/five/90b94017_nohash_0.wav,testing,5.0,Kitchen.wav
1520,-235.9777899203887,26.251746533477387,15.668646851162197,7.713022102733428,6.514858640581302,8.799151198401084,11.395270430639563,11.871631649216711,16.853543001048365,6.1113639405556865,3.719221000404818,6.812945398917987,0.05229456399224306,83.4486289563751,36.85891016032629,34.6044841889761,19.42205701585613,14.942354384535664,6.848104815509373,5.697819534917473,8.535465071273276,8.014822473145308,5.347562094256049,6.206055569393632,5.046954164441007,0.02558334295665901,1.6596273772930803,0.6190458988730568,-0.37152478575072145,-0.6847085446479091,-0.16804191409382024,-0.08309310610697225,0.22854164629915907,0.26055198854369926,-0.037095454399134295,-0.17574167965416315,-0.3232713765666231,-0.15817568226704123,-8.735360784663094e-05,35.746637265871975,20.285793883331728,16.38614568540486,12.182011576194363,8.5450629414463,5.890761203472853,4.388850124368524,6.942540894329968,5.003285167015471,3.479150069275851,4.147512073813044,3.1224094686656465,0.011229211096904146,-2.126325300292017,-1.7615125158973601,-0.04343991284080652,0.5024583805713055,0.45743868644686464,0.6661790333761738,0.2472005256607964,0.16292672752034393,0.2939828272479686,0.47690404122184704,0.9481791871924257,0.4489924485560149,-0.00042520342942546397,24.239052036605703,21.191920139855927,11.09648016315886,14.1906263699386,9.310091956875644,6.3869148282160895,5.423523554721483,8.153952866485273,4.617941909043072,4.15729918230544,4.430779589286398,3.430836203031074,0.006277675140146134,five,/content/speechcommands/five/5eb5fc74_nohash_0.wav,testing,5.0,Kitchen.wav
1521,-207.84957639822426,-16.853913458025723,18.572787033531664,12.906313176801783,11.376935833884303,5.5613587686363894,9.273703236086446,10.970304323272732,12.374852463085489,10.668360925947605,6.745803421801012,7.579917093706452,0.03935696562984958,34.7543099556885,26.316914183360623,6.273206645937115,9.271608791447115,10.701463890687391,5.340493813848674,6.161328504393671,3.6668502656608677,5.351127709240958,4.021244580787907,4.299834276231508,5.579172325765004,0.013773422654300569,0.29132426189117894,0.6752318824985907,0.03599522877158061,-0.10941881871873957,-0.12077890265576949,-0.15025790546788342,-0.07492675040449771,0.3968097946491547,0.394179690266743,0.4146388763669457,0.4703106450355697,0.6069182176381389,0.0010845010439234396,11.26719675945912,9.756487950625417,4.8289479843534,6.796093222902033,7.6190938680963844,4.708463797304634,4.514308981397155,2.5882502924830315,3.4949445189806214,2.8442679871521976,2.8274950671694548,4.403797040109647,0.004169278115942181,-0.4393486919026865,-0.19858327048311117,0.19547864309904536,0.33829095686519944,0.3194955237187262,0.19323654172105056,-0.014024892496278458,0.011219149474643805,0.019279036402696667,-0.09860094089441436,-0.08831913571247085,0.10362608740305487,0.00010178834199905395,8.852382578758865,8.965417678557014,5.876201183442724,6.899193330393563,7.299001760586575,5.79616928887795,4.8684660686901715,3.730615130172715,3.954754850555019,3.6242633259777817,3.18413640471621,5.334636353247369,0.0032251722180744735,five,/content/speechcommands/five/fce96bac_nohash_0.wav,testing,5.0,Kitchen.wav
1522,-232.98798320902318,29.36440502775844,15.623938266560458,-0.547523199588072,10.12194420593726,7.53659656308657,12.549750451164687,7.249969467829381,3.3009807032025873,6.371603632824216,-0.056436028154737736,3.9763838116591943,0.038885326066520065,84.55328579771044,49.48171345556991,29.684946596281808,26.25125315614804,12.073358965019128,11.33070348700404,5.536076755766948,6.7355997071525415,6.87176886853669,8.018173664697754,5.4781570143216305,7.125016412762007,0.027684752700640716,0.00268603978905217,0.06964387529469336,-0.1161814180877178,-0.032350542687888624,-0.08447249217176932,-0.020269022505417702,0.020884373963254193,0.10456182163659722,-0.14436684251953452,-0.09435554064658948,-0.19925440677936435,-0.1320772338458935,-2.6503697999062077e-05,29.153371416325843,19.345662002542806,11.698271056199278,12.39355983790268,7.1515329199946525,6.5414678606713075,3.825598825504985,4.8076464268277865,2.924719889498977,5.7531221255768275,3.3053472322729394,5.036270448317708,0.01188504805303181,-0.21125281890061462,-0.066346589421725,0.14296007376307454,0.13990283636488723,0.006455509884096629,-0.031069629980613852,-0.023073253699744296,-0.00015284821727276447,0.0742027582165122,0.14569581952145255,0.08560771800921944,-0.25244154638809957,9.333379566669464e-05,27.98185047931569,21.109539313734807,10.875180643596044,13.468467568447604,7.775330792987407,6.365471130865525,4.798963575349699,6.087083664830859,3.725140840695927,7.177537516109753,3.8140580564587903,6.390778589514544,0.010004682811904505,five,/content/speechcommands/five/4c7c95de_nohash_0.wav,testing,5.0,Kitchen.wav
1523,-195.55867303082607,15.737410378340595,7.165806530762074,23.55617361528951,4.571028132436959,7.455849917919815,10.300520536085761,0.7006732640220794,6.82426964209602,5.633285466856874,8.382603846332952,10.108594914338223,0.0884966537123546,101.0467645606468,42.19788036479731,40.01230967651084,19.671347624155164,19.032341154819395,9.90056977793886,8.934569998353782,14.204567167815169,9.712069661794741,8.32146562795743,4.27849600512535,7.275414476167076,0.07320148582137113,0.7704924167288085,0.5853215842564273,-0.29142572040370085,-0.337139326339031,0.17122717151488634,-0.22107005197193913,-0.1527886858201271,-0.020804577686803386,-0.11703968432106611,-0.07280707879050413,0.0662058319371471,0.2502273204039886,0.00023643456159099457,33.13468940883419,18.24403721738326,13.692548177307957,11.011701232493976,11.254406262633,6.618345992927174,6.003937226223616,6.478376432058332,7.52582776402673,4.4890780717846805,3.176330890403991,5.40547628139362,0.025009909706079032,-0.06776065089389742,-0.035937603808080296,0.08050353169914218,0.13257946361402126,-0.09057600465607282,0.011571453511517582,-0.007229690435055739,0.04430353898040877,-0.018533631426776807,-0.048858740885104744,0.043073846325989755,0.10820630447990064,0.0002092516670624415,26.179943358095258,19.657758760393524,9.07844319306731,10.91958614485001,12.657658233010117,8.163369335803878,6.714324939731743,6.426406724247567,8.688642211764105,5.818405234964457,4.513920229410768,7.141889329185337,0.015079211751083732,five,/content/speechcommands/five/cd85758f_nohash_3.wav,testing,5.0,Kitchen.wav
1524,-157.36119141704617,53.052722505495254,29.10108500686717,21.947744937053216,11.00481555845241,-4.880166449031532,-6.120450855051274,-2.0899498503867595,2.632842105088194,5.442593736807453,3.7798355005216817,7.91094973946148,0.14327835571020842,120.33984972394545,27.11437833217618,37.34148592547354,15.717095694653036,9.768933311465291,14.942872166500235,11.71957078757847,8.749929429773282,10.9484758035927,7.214600228611868,7.3732939503149195,7.311316232462614,0.16091136260242142,-0.5495640095647153,-0.42006109389808216,-0.4121972882748413,-0.36782981777952284,0.1485965383083222,0.5495529105780446,0.8335273820228531,0.8437254142829718,0.6156675484627224,0.009900604427035697,-0.43814749975604483,-0.648105481979953,0.00027654422146658746,36.705500046770716,16.630783557316207,16.412734345313375,10.213532077453207,5.831100189440168,7.3626464112268115,6.988400399582603,4.567734534656382,7.09916952093718,6.250898448754928,4.151488482008185,5.981047745795564,0.05219262705349028,-1.046744612217004,-0.9150296954191819,-0.3540883914265159,-0.12032556232282386,-0.32010206043665046,-0.37876871686146935,-0.025692514146691714,-0.038185443384163666,0.12817136137963356,-0.017974695977198134,0.07120574562600164,0.14927749322255965,-0.0018263081088662147,23.580768045541202,20.85752769643551,16.302646065076512,11.688861558984192,6.8615976177377425,7.034103093060297,7.239736039317362,5.365022291905187,7.858935607309709,7.554492056939494,5.057378696271169,7.881816338949845,0.028136986367323168,five,/content/speechcommands/five/e1469561_nohash_1.wav,testing,5.0,Kitchen.wav
1525,-204.68193946391298,67.50363939170101,16.651229460591928,8.074131289384113,8.615447892988797,-2.0845417693740242,3.190801025488809,8.124638645264705,13.034133223502241,8.538176137609085,-0.21408235996930713,4.229320674538113,0.08959875936852768,81.17356415395014,38.38837088312287,45.98623184714834,20.990060721739702,11.024231408873115,11.711620834716292,6.906978345396174,7.965366059487215,8.502190373182216,5.340090440084186,8.662824380197192,8.286561711021914,0.05821663977150321,-0.5212617167919698,0.34621881529432724,1.6007302576892026,1.7563300785934144,0.9975679998895399,0.0928120739425804,-0.18666943237864395,-0.1708308316033942,-0.11059036355937259,0.4199065427876002,0.8189763152775433,0.29052476715574016,-0.0014839215624716975,23.791518260654403,16.306528800685165,15.233969815411593,6.539657006389573,6.56697876470664,7.019196970577758,6.005549265879863,5.5051731885300805,4.580656429825048,4.1334796213903315,3.6106920710988915,3.7986618418382427,0.01699649149024753,-1.8436592584551232,0.08958608106867179,1.326269480999835,0.08746078804400748,0.342102286931133,0.43711032507059516,0.07423996955906025,0.3269469513027984,-0.02507492517371799,-0.15550942161561257,-0.018305180905730842,0.1661734528719709,9.347051382064819e-05,19.336949855213064,16.762411330797942,10.936445712803314,5.853206770843106,7.576459340562606,7.485278610745513,8.291204221715628,6.554047068505858,4.247789222593754,5.045752907459595,4.585749514224134,4.055991293806121,0.012383567975297641,five,/content/speechcommands/five/4c841771_nohash_1.wav,testing,5.0,Kitchen.wav
1526,-242.49776512969356,48.73026510149403,7.816036113065719,11.444173896450806,3.9846891777819415,0.9568068583448432,3.9926378393719384,4.09700159454996,1.0926550261270105,4.349340440616441,4.351002397764654,2.7542858888937385,0.07974699378246441,94.65220205423066,42.35218392097285,36.6739118888909,27.37138765736975,18.77917504871228,15.367520823819012,6.87002427083291,10.355356597251824,12.857918568686728,6.272537114154564,6.789035107436573,12.10056203743246,0.06032443979506038,-0.8043984081582457,-0.1457256911393466,0.3061949307470871,0.2785529247008509,0.2575007870264271,0.10039467577967566,0.42824221119581907,0.09303390759762593,-0.15462115408933855,-0.07394295619743628,-0.3416852723177407,-0.40367034164597604,-0.000477207524161185,29.261978509887953,17.895775790336863,14.253544945177918,12.728607111111678,9.277502884816085,6.8175567606096665,3.687367626555661,6.630189007656589,5.655514946324402,4.272458980940327,4.911434371472931,5.928654379605057,0.018305153263648073,-0.3853135911694513,-0.08803606826625106,0.09536401287999456,0.17168626055932562,0.18574940460292122,0.0887718370801809,0.11667558179640856,0.044105356925987674,0.26334496936419444,0.14614521172727496,-0.11888381440816784,0.09478025617922281,-0.00014853725830713907,21.940563711271878,17.782126455661988,9.346385015670473,12.818018783901282,11.22257393165039,6.695010607248062,4.5274380016105455,7.113859164701341,5.573344353149198,5.513390854569153,5.694156591054307,6.973327945877613,0.01267859825085185,five,/content/speechcommands/five/1b4c9b89_nohash_4.wav,testing,5.0,Kitchen.wav
1527,-215.74286141544115,34.051778187629246,29.798764658833917,8.708154786610004,0.5527357892674182,-0.4668736478220732,3.547527195349742,-0.26147381384019863,4.257589796627974,13.925257617594788,2.0367249364499216,5.24621830047337,0.05274255888070911,100.71192174694853,49.700497892303275,23.215779421319475,21.011318961438068,19.40646033706113,15.152167908184321,12.821005640623396,14.577478053831246,7.0014548123640985,13.6912897770277,6.653027527477042,5.280661337623971,0.04391740114426319,3.0149094791358992,1.6585436045820428,-1.088352928545499,-0.4924202486684665,0.26615301952406617,-0.4394904919364026,-0.3478149452103075,-0.33252636684933085,0.1848013616984078,0.5156023767699004,-0.23069446309850208,-0.2791227942774929,0.0006605253344581973,35.477362558596944,18.62401755113658,8.858957747219863,6.841256396814407,9.669225435608984,7.90351254592756,4.868477224994793,6.354384653085511,4.28339512776096,6.25158319074072,5.241611701780021,4.341435684851432,0.01605812545777675,-0.15875357634280884,-0.46457867745266307,-0.26884389900431976,-0.2679627641127632,-0.18927238046715184,0.010597491076832248,0.18761390297386757,0.35756581652465325,0.13105755082966838,-0.06910689234888583,0.3693402291616613,0.09120647275884929,2.6162775854269663e-05,35.43577424741441,21.8804279061571,8.329689020582576,6.144557373710219,10.614671708265039,8.957718631806578,4.7968534843196755,7.316053813364294,5.381979902988177,6.915259443725235,6.3670913502451905,5.414179146780198,0.0151131518078803,five,/content/speechcommands/five/1093c8e7_nohash_1.wav,testing,5.0,Kitchen.wav
1528,-214.42258719427173,26.66750943902687,23.177853636459446,9.86678866230615,17.931256996131676,9.392585819498645,10.507464915164022,17.622935967918792,11.260668187810246,13.932099310912626,4.502028443584633,8.949684098167374,0.07159054453950375,95.91982706629024,43.76961829320209,35.298939768251714,23.09420359213524,13.33741647359402,11.843480858284508,11.000261528953128,7.930403318691847,11.042508892580013,5.77018067854354,8.349321962086542,7.562444710636226,0.05523233674627734,2.8598725948358537,1.8693054862676037,-0.7969689629951051,-1.0049142956254413,-0.6584642042190443,-0.6277227088122778,-0.4647916013241775,-0.23340260643010516,-0.07345791887673901,-0.07612483060571595,-0.007789067166241339,-0.1049954678086566,-0.0005034265979643791,30.093330337711038,20.82529626380345,11.885002595905643,9.439953660278691,8.190890916761594,5.990802152855933,5.617038159942117,6.036675922611091,5.613144819229046,4.287767292362371,4.043638714418038,5.3101884383903455,0.018929966864749462,0.14629356699865353,0.32570505598536975,0.272270093919002,0.10521318320638547,0.03137202952164066,0.24841122003711563,0.07819378068679654,-0.05236215672405399,0.225848377140234,0.15974610514890616,-0.16527916006243792,-0.01797979731392895,0.00012444481253623963,22.807510485423805,22.761097368091555,10.824133971579597,10.466218044525014,10.915143274851212,8.061918319805722,8.397244263224447,7.362123658983603,5.636082286699518,5.06308632061477,4.3047856945362915,6.160364069906565,0.010583344718489773,five,/content/speechcommands/five/b83c1acf_nohash_3.wav,testing,5.0,Kitchen.wav
1529,-203.19074552679245,40.30241267633174,3.5737009211940753,4.648901036296186,4.0833951204560925,-2.6339579931454855,11.707093462336022,7.703372874249828,1.7747622725266865,9.737232307774995,9.313401695450025,6.947611929541603,0.07312707044184208,81.34586147716847,49.26086039536651,24.763735705846525,15.389631506352876,12.298348572632849,14.391457564803964,8.277370971012061,6.642618942104385,12.869725214706484,7.3566873224465965,9.040662378257304,8.64743216793521,0.05487260135247816,-1.23647498781872,0.2735760567159115,0.30104170470738195,0.5846708562533321,0.6000493314998532,0.35551740936321985,0.21460994613945364,0.17184322788210327,0.12236427105354371,-0.37831276363708644,-0.3324428593311674,-0.017900147980896983,0.000571867871669031,28.504122103879116,22.308072715219293,9.212612216670081,9.448952362012152,7.837316017811866,6.474266483333573,5.458288277353015,5.244424234834997,5.53947639908367,4.006094862802049,5.312904244698461,4.452427206779468,0.01740472067038806,-0.38262812769124915,-0.2548794492267409,0.227851146769863,0.061442539692899936,0.2597090732042015,0.3445020294029856,0.03386881433175025,-0.11563899917493996,0.15719770900203373,0.059278949642940046,0.07675266007090364,0.23090485066725633,-2.7490283052126567e-05,23.659138356361172,23.14616167968136,8.57782137757157,10.64804104537666,8.799429393889893,6.548237453245534,6.166560668379463,5.942183774220138,5.285515838303858,4.4536857345721765,4.651929698309844,4.608173778603818,0.01048563592157548,five,/content/speechcommands/five/563aa4e6_nohash_0.wav,testing,5.0,Kitchen.wav
1530,-257.899479059512,16.104635126344025,21.223761232567988,10.937071632251968,8.936773480441952,6.465203685214946,14.83985864557715,7.667567296610322,10.535047063114511,15.285198619710958,10.678322156070596,6.9498038109024165,0.03617284202482551,66.15807692519702,30.964582398660404,27.581899025923555,16.125523808044125,18.672697568717755,9.119616491517911,9.042761364227552,6.678955186917267,5.242477836896854,8.519251986073378,5.727863221423058,5.4473727957713205,0.010393899995470584,0.4310610310834187,-0.04802175504840285,0.06106321182083947,0.13046274184233803,-0.08821049426672876,-0.021637045420125196,0.12080102485976722,0.02845854685568775,0.07212660733143707,-0.00739608124688525,-0.16022908222590673,-0.16524489785776936,-0.0005421491279717415,22.35056511867671,14.891325541682681,9.192779096465554,7.580976723689839,7.796224353049277,4.7657987899035215,5.407661825404275,3.691658141291119,3.6830602250107,3.2518416725503916,3.2993909974071243,3.7811935595494446,0.00451611997585505,-0.11363314560000504,-0.03618370478375253,0.14596714140606817,-0.008312369133214582,-0.2091144415800673,-0.16760168641554749,-0.019474717305008108,0.20255530490196136,0.2954804934164335,-0.004759882447167918,-0.10149432476568968,-0.23674358145502028,-0.00015454006691773732,19.723734714308886,17.20484706365938,6.630751712602716,9.298647443046326,6.820750171795982,5.228980594280898,5.292110999390986,4.3627282279313855,3.7169133162749572,3.51253756366051,4.142109041110768,4.039146810628975,0.004229558665420416,five,/content/speechcommands/five/2d82a556_nohash_0.wav,testing,5.0,Kitchen.wav
1531,-165.65047720807019,63.889578870252805,18.0533113850395,14.647836475190825,7.713141108060929,-1.485067021402332,1.4628835484858431,2.819878746630654,1.5890643205158534,0.1767500609764322,-0.9771544009202059,-5.429492729410709,0.08170050091575831,62.42945786985907,39.86085504271935,28.26008675519347,25.13676081067045,15.618357928769582,14.709053570581673,8.877520049970983,9.109144174434656,9.573767951899427,6.578833809873574,6.55594619944732,6.977916299778956,0.062131302963001366,3.870986752094921,2.4478897749589996,-0.5991806094668742,-0.6090474312335731,-0.09768047347734499,-0.7867063937138339,-0.5646320680934002,-0.2424733034977482,-0.1621232453122851,-0.2326719785806459,-0.3797281077789102,-0.16979478668889011,0.00017498890238423502,39.32477956831107,23.56297712789354,16.04490975768443,12.505174889217805,8.446239192219382,6.94532509109413,4.747769689787317,7.10642221704895,6.815768971888441,4.3163482643759385,5.276749952573373,4.549780753106618,0.024469793740351617,-3.22585394362079,-1.6781627671849735,0.8156917055799291,0.10233299910703521,-0.17168396668614053,0.0961525933417807,-0.029213500537938645,0.013200036774766237,0.029714683172533334,0.1665231530121001,0.025925175418795614,-0.0677255346841042,0.00016375941534837088,31.809880907821267,23.14963037257292,13.702278617462484,13.364037821315868,9.107160595926366,6.963733770173743,5.585859505502601,8.220687282676465,8.070534023232371,5.836979063589301,6.499027216392909,5.389949737452171,0.01725731314699072,five,/content/speechcommands/five/97f4c236_nohash_3.wav,testing,5.0,Kitchen.wav
1532,-269.77720172563215,-4.859909997818617,29.383923374102267,23.28383102069517,18.39384929775117,9.964790129581857,14.792799147214254,8.132214478914689,9.39562323411968,14.07985694542026,8.92749570871351,8.47790414318626,0.032903940096730366,80.20640904044069,40.829809150399754,18.37791389500368,9.218527118918727,14.136463515331492,9.309657614008547,9.53861223215797,7.843211721135331,6.645826780171093,5.7394208846192045,5.311940954218961,6.1416326347798655,0.01520020711848239,-0.3161383096056808,-0.2336643558644408,-0.2504721758526261,-0.27437448358578065,-0.2708012327017059,-0.4069709489409369,-0.015247152800020317,-0.38294553521058183,-0.2288829609345938,0.1469395861954152,-0.2112822992797802,-0.0026651044204986456,-0.0004271104811660705,33.264958448253026,19.499341991542178,11.307950329485914,7.1223098630954045,8.714877924043707,7.142940818532418,7.715092404780157,4.078993960402106,4.369090409036392,4.833648978754667,3.654510755587797,3.979023391368664,0.007329480031614984,-0.4524987721964654,-0.17941505750337244,-0.07460240711771497,0.4213879257424399,0.18538329029985098,-0.2309048770761732,0.30891417340832616,-0.019169415156540973,-0.0868617935186523,-0.10040101284247971,-0.1156880861502336,0.17200394456173018,-0.0001043568675716718,29.057063324498547,21.30185950141359,14.364870351468378,8.194031387027245,9.319018511664837,9.21645728394776,9.292106781968155,5.611590613952265,5.348997498897524,6.250946977899116,4.911206167653714,4.544003646068295,0.006737345172251366,five,/content/speechcommands/five/37dca74f_nohash_2.wav,testing,5.0,Kitchen.wav
1533,-226.92187538918984,21.068346193732737,21.28233573118339,14.112783444860511,17.708201224275395,1.073660296765013,7.833931564699126,12.49392546740922,12.487249365800992,13.064541558632278,1.5782565996818085,5.221074725617252,0.0660465132095851,87.58478945694317,50.751495261096395,27.24947475220738,22.78879695634191,9.312530902813291,15.503087675680492,9.388502729606307,7.243322548285875,8.21884164430539,4.66714834804399,6.640217538386191,9.9576927313633,0.047808489417406404,-0.41110093908622275,0.2072021996556493,0.049372034625745055,-0.16625931884283834,-0.01788061202186918,-0.26599122167083855,-0.14593499936937596,0.035073780084107595,-0.004929234269221424,-0.00687558215481914,0.09900650034660034,0.12177344326932295,-0.00024663957376633923,25.96224050869466,18.35314074882422,9.318897533143993,8.621833392079534,5.352607870124865,6.942594227526755,5.258927708552503,4.660551798778904,4.062196498396541,3.8908282792528626,3.8350437506357125,4.852482981275155,0.015219615484698018,-0.08164911367717499,0.07889832769698751,-0.08037207262356343,-0.026760847378560135,0.1478622302607589,0.11732216345544112,0.07287116130907391,0.02881856320685383,0.17474146444833724,0.1447967640378768,0.04185812442670673,0.05599229092704358,4.2276146511236824e-05,20.55658624365634,16.64827672362994,7.650189125343218,7.890474646884652,5.028223694636567,6.776548256425893,6.414478936352094,5.461720035172003,4.3875104636554445,4.9266521399666585,4.241930986547992,5.771100522629861,0.011207492029765304,five,/content/speechcommands/five/b83c1acf_nohash_1.wav,testing,5.0,Kitchen.wav
1534,-244.79685822009804,6.788022054927112,14.672755215856633,7.007002234354047,15.322763940760815,6.577530588126901,10.026327590349801,7.659685754209388,13.41785227451303,9.082517605234074,5.501145977910243,6.783611466877728,0.04037784721003845,73.50924638813945,24.235026534158642,24.849143340226203,19.447038236817875,7.7712075837200745,6.82375624792767,7.104085065772803,11.237891468344094,6.335806291612287,8.589729595185519,5.031472329605699,11.018999170767696,0.011924674681488152,0.4660781168450802,0.10765036112516863,0.059331418329439695,0.061240002155450154,-0.21290414681322875,0.04096332925422175,0.22815037210183395,-0.1099196110097509,-0.1937746107537042,-0.14405124902217484,0.12811393643693741,0.2935568242043814,0.00027051231553477625,23.54834230811556,9.937852557946924,8.966368318040791,8.600780544581628,3.6200869969870046,4.032079256406321,5.26098875273278,5.3384503269987,3.755574291228622,4.956828409732099,2.9319290078305658,4.957871242354578,0.004062997772380834,0.0379006670764871,0.13490320268172695,0.24375303876354634,0.06708547085826073,0.04801265792709953,0.10577312608524547,0.014889380418331358,0.06737310792868471,0.2249106830983609,0.12738101324349035,-0.07801782617794321,0.0013119181397919454,0.00014019235968589782,22.721458330826938,10.89133898478817,8.743564937672065,9.897540464965012,4.391451080164218,5.379380821247289,5.789013381623439,5.346400215304629,4.721464736588302,5.680942460637313,3.910377524810329,5.420364625651787,0.0032013192056376477,five,/content/speechcommands/five/dc75148d_nohash_0.wav,testing,5.0,Kitchen.wav
1535,-241.93291125484876,47.53675904770438,19.89823546447679,20.63528605020219,6.7923973238248845,7.930006497054445,2.6016917235226855,8.84052988246432,10.598216178334871,4.310859247064417,7.343028424355838,6.980528632738848,0.09607680945191532,101.09353051230518,53.384939697506866,19.751419290833514,24.48600246356293,21.314219784464925,16.074177295061116,18.99398090365386,4.111867865141185,10.34379602254992,15.316647531568453,6.34615990551499,7.352764955749258,0.08960182641475829,3.6162656560668953,2.6556332284693545,0.8533730697510282,1.4080075421105342,0.3722578653401577,-0.3295280274073011,0.008167245294410132,0.30341000267286405,-1.1098116737253347,-0.9971465707131041,-0.31697127647709267,-0.6959871821465042,0.0017548550761515094,24.245898544883275,17.321605721810617,12.455464693546741,14.191537183004412,11.395476310811793,11.026866196839222,8.063233273026025,3.101813206170292,6.384236617873627,7.154740371021568,4.706776833523707,4.3169785676773635,0.02838042736654902,-0.9039935795245829,-0.2275885831498627,0.23300550938337708,0.15070699416810812,0.4986298208496042,0.2928314763479533,0.29961270100109644,-0.020442784578908874,0.18030267020662524,0.16347223481466291,-0.0021717722403678864,-0.09775184544538221,-0.0006507066388924917,14.608102700768928,15.836225320593703,11.063750222137486,12.50839152715497,10.408612979280067,12.892209068186677,6.539535330411569,3.603552990222954,7.152722244211948,9.296669636632972,5.865991157875146,5.83582815752666,0.015835743749560323,five,/content/speechcommands/five/9a7c1f83_nohash_6.wav,testing,5.0,Kitchen.wav
1536,-185.3825860748169,54.12603233703523,30.274611792184135,-0.8883373544015472,-7.081378292087607,-0.031325680017129764,8.79675596505373,-5.945920292305004,4.484089576044535,12.497266532383804,-1.649371207008878,7.619858459773024,0.0598023664788343,73.39259273083493,31.637622696785865,24.479749091635142,15.350394113165152,25.79559076612614,13.521231522506362,13.046322525055047,10.897379717298021,5.358851125163325,8.684480069387059,9.996114435424104,6.777935711777786,0.04487476966786114,-0.7249704648102542,1.5922985869740365,0.4680138478834154,0.16059921550817732,0.1342001087645436,-0.5898313885644616,-0.03895214353883861,0.18653116990579438,-0.01946676577120696,-0.1801832765961146,-0.011690684247225545,-0.09703721659674691,4.6953919433778335e-05,28.42775202966374,17.540544176585104,11.00583830470458,8.680919052543027,9.469456267723421,6.0993137932515635,6.085315872990832,5.066342275103127,4.702956198157564,4.277593225127922,4.625704745587078,5.366259810379947,0.014918603460338863,-1.54794179787812,-1.5853574787709428,0.3285967102626406,-0.1624546759491602,-0.6148716263351427,0.0253405376567545,0.20108904223997506,0.3838211624734764,0.12421391740480195,0.15545636682288888,0.018790407701730297,0.19705627405064038,-0.0002910364419221878,25.34364507979031,19.323634997817486,9.181735748413473,9.469679983018038,8.67906912422449,6.42278880115545,6.190652477050018,5.609571334659184,6.758902955794189,4.671231215502132,4.559431824894832,5.513631042429325,0.009104387091338076,five,/content/speechcommands/five/1093c8e7_nohash_2.wav,testing,5.0,Kitchen.wav
1537,-297.1513743520259,27.976151833384932,40.320165780290814,21.775507340047607,20.76011853662206,9.324208023730543,10.74186742157721,12.120363214463413,12.406035573494346,8.867725187646858,4.633879140628924,8.130224459869028,0.03311654311255552,49.26009778274177,35.17235393417711,18.328984777387657,19.19176062956878,11.295429871479797,11.890715365285475,8.658214035546996,5.702332955417292,4.3633447026631,5.067500795531419,6.617962577445285,5.556591086828978,0.009151767403990962,0.03730938511067221,-0.24680336449083917,-0.26086398498719426,-0.17814701501877914,-0.31560898367963086,-0.3851138031012904,0.018100963232606727,-0.09011737602092275,-0.3143141279362288,0.08286837941709532,0.18395027230971642,0.020619219201391318,-0.00040991096607139035,18.714655752481164,15.556400570012757,8.859456313919491,7.203896239146473,5.406251896890896,5.953725838275318,4.478192852168922,4.453438547345225,3.4171356861851665,2.875294581776616,3.5711323634546597,3.0375727204049894,0.004649264075855399,-0.2370296914674706,-0.09670402428168222,0.1071435610548976,-0.024437023859154177,-0.14633798915735163,-0.2088057282854733,0.1311602862717347,0.38403074879729737,0.22667904765469676,-0.049269827892437175,-0.10114758941188298,0.13709929908125085,-0.00014489879831671714,15.45919337256265,14.795798378850417,8.717471611368676,6.785276687729549,5.630278903805021,5.205722520666494,4.90798229065068,4.876862663210741,4.068747388504023,3.251993915127222,4.806188692685627,3.5480236757083756,0.0043521366519351104,five,/content/speechcommands/five/1f653d27_nohash_0.wav,testing,5.0,Kitchen.wav
1538,-298.582035867896,23.929912925571095,27.278088146464903,18.268117031428403,21.044481084874825,11.51862494552666,8.843330569039836,6.998606887465857,9.99612065116772,12.119661182770916,7.702813573791055,8.089207285177402,0.03871005729888566,59.136414102734236,42.22161659422718,13.526884621878434,16.891102447300746,11.111443636219798,11.721283550449858,11.091480161556083,9.532151880844161,6.212724041280353,4.17728954728083,5.039427530793603,5.602838125736841,0.009664042465396845,0.16117277491289608,0.3175154885284444,0.24117760850771064,-0.10012206842560739,-0.23890704636646318,0.025389582665827307,0.16772977362794636,0.29604470137916844,0.20149263658565703,0.057410248678750816,0.28877678946847984,-0.035394082498113294,0.0011143345505960525,23.00719196026096,17.149015347197967,7.739269281080317,9.479599497953963,6.300672254558958,4.796269961272531,4.934080579856429,5.131972312202081,5.1769789170077924,3.885106628108019,4.65403643255139,3.9896700922922634,0.0033227294802073673,-0.5809972606131605,-0.4118455619394066,0.21586423689662634,0.13826396392470178,0.3318351902498161,-0.03372033760904962,-0.06710601061983747,-0.17080784565747706,-0.09165675295521301,0.13800444098130854,0.17653254659211798,0.10141165819178331,5.458931749065717e-05,20.864208486915587,16.999118473442284,7.828664598996914,11.303191172598886,7.978866305321068,5.329615839199555,5.972756925440942,6.73586725213212,6.6572501301206914,5.19947469067673,6.994020924957812,5.580714735001731,0.0026883975243054007,five,/content/speechcommands/five/5c8af87a_nohash_3.wav,testing,5.0,Kitchen.wav
1539,-257.54331803400635,10.403181435685644,31.604100420025436,10.488826011567518,9.401863338695273,4.926155188234862,12.525921337953383,8.691964620174188,9.817264885100629,13.79402187238816,9.09789734722873,5.943331194454657,0.04182888436480425,82.21231300023572,47.09748081706069,27.276030094611794,22.162194466656977,17.611433177648216,13.764941112100246,10.177545017870036,5.760399222265688,6.528428171713344,5.492898788077107,3.7463335461289677,8.268440252879259,0.027749462103948554,0.40527918964308046,-0.045939016649706635,-0.35228774138168467,-0.09812868390270527,-0.11081101166559648,-0.4793246888454771,-0.19873672060333678,0.008111072439425777,0.0354517877612766,-0.2414281776959378,-0.3194898160084102,-0.25036791653435764,-0.0003048902858168848,31.27682161406933,18.88637629012698,13.774175533308282,9.33373188052788,7.708115460138595,7.494119878779502,5.612605671768811,4.482762350160795,4.997648121833627,3.392960067077971,3.823648446665073,4.830733268026398,0.012580506585879636,-0.28003357114031,-0.31827663031727094,-0.004486381007679086,0.27029789158981277,0.10178663050695645,-0.14293668252561165,-0.07662294975754586,0.22252647977111,-0.04110863348547724,-0.011385341876953555,0.24960872952637242,0.15808067691744318,-0.00021790020788709324,26.208340030983354,18.657023902088053,14.880689132843186,8.901735958118564,8.770813523765364,7.991271808069183,5.969162253265076,5.804492969505504,5.979239931444437,4.054803200627808,5.014382206871076,5.567082975076338,0.009518673506916707,five,/content/speechcommands/five/370844f7_nohash_0.wav,testing,5.0,Kitchen.wav
1540,-212.93972073638594,48.438569986174414,6.8265434287651265,8.28075481974526,5.335934418908163,6.993429138602822,-4.758720496868307,4.250765915507003,10.59043292931784,1.8544270009185349,11.754460798107594,11.640168995292802,0.08231975857052021,81.34671538614542,39.93189721832579,21.361464072613735,16.819444845221813,14.156153086021895,12.448309800330712,24.9784801792263,10.198303248729209,8.489593708003703,17.641590670420356,7.93275983976409,7.778843004592347,0.07964379405838067,1.2793339107200001,1.7107130900414518,1.476050439275576,0.32338224433243173,-0.8125988374005101,-1.1529233838666002,-0.6239826246159278,0.16347840487133258,-0.10450527032975293,-0.3486338272400499,-0.39699387267606195,-0.2505968628701823,7.541922311629019e-05,21.18371431479491,14.546454614996396,10.867701882888497,10.003033515241695,9.28624178676101,7.650405697752129,7.876680011479737,6.647500201958091,6.291636105324877,8.539143782918023,5.66342420200785,5.351669830979645,0.025653557917614415,-1.0103526772494689,-0.6748746003806995,0.38971373800281517,-0.04820210935814237,-0.22371233118437536,0.23917146177602167,0.2572976831275408,0.21009146839688425,0.3607874411158548,0.6105935319551193,0.2380408837363151,0.30743071220886603,-0.0006263066083192825,12.512690219836212,13.993970063837281,9.089480081411281,10.634815953526074,10.994118047003456,8.728869086823845,6.67322130395889,7.365963197525251,6.936946456782825,8.93395218148714,6.893975000446912,6.16573984822627,0.018682574447195576,five,/content/speechcommands/five/9a7c1f83_nohash_1.wav,testing,5.0,Kitchen.wav
1541,-242.29216190648228,6.756316720775062,17.22036569874205,7.656814060502754,9.931727068940546,9.229950893185801,8.706405338413123,10.224503752568136,12.870458750039514,11.119572759604349,8.038079933888847,9.121234280673661,0.05375791201367974,84.71820407054582,47.23273554379457,31.912531568254966,22.357755604511198,17.704245191340707,15.748145337615487,12.920621555135744,5.381026124578037,6.239903525214096,5.718396521442709,7.5639346013065385,7.324006698259144,0.02687643308737775,-0.17855328237874896,-0.769582403468274,0.21230265241378185,0.5478078675333046,-0.29383517383531715,0.3255372702545253,-0.15052659247424655,-0.2930977854695365,0.12457268721827758,-0.22015707953637395,0.06271596769266323,0.3714993189690022,0.0004880764792042394,28.25771183557416,20.835767447803576,14.117821268127589,10.82738746918128,9.460310936059006,8.948033523640298,7.053503757733686,5.033963108327496,5.500859174976512,4.078629885537872,6.012510906617599,6.295722883579962,0.010328589808889092,0.37457252077281283,-0.23491326869732418,0.06091117826295687,0.29335942265160203,-0.09787706037805428,0.18407949793964135,-0.17378574823251355,-0.05519422023005983,0.29232347301220346,-0.19136244442716727,0.30956634393950844,0.4988015197227673,0.00012246109545230866,19.670019569500845,21.339550940382846,12.64235058380746,10.899709421233348,10.773827836206461,9.190712712159693,7.568660654624985,6.5665014793618095,6.5837776752069335,4.944611403273559,7.39151319285326,7.728983500335045,0.006696774314243911,five,/content/speechcommands/five/c518d1b1_nohash_1.wav,testing,5.0,Kitchen.wav
1542,-248.0315160248776,27.743322015958327,9.269538540384316,21.036121545553087,1.8261591309756828,11.20617639286198,1.2619656303058822,6.872303744011165,13.37600532659658,5.111002242746219,6.421875946737957,6.850126128607602,0.06561397016048431,117.93971643275503,41.854590908958265,26.373416979326755,18.946613470815294,28.919557779619943,13.94801136245399,16.460606215494696,9.922256045850556,6.819018061238305,9.792324980706871,5.165278065420276,5.417289063730677,0.06129048427713153,0.9234097091439475,-0.27551370662727487,-0.16395514989772053,-0.5363256637640278,-0.3747819727243438,-0.19353971698736014,0.03662810644861226,0.5150791441492636,0.2777027399137293,0.5572848983647606,0.29158340753371953,0.023523041714379668,-0.0011119042793589255,37.206613175888585,17.567444321526807,12.537410799652987,11.26964176790185,10.151967508861787,7.206596182602044,5.940669997621498,5.440686330193759,5.730683323565059,5.381398500679156,4.6124112632128815,5.081620971262886,0.02418757907944128,0.033848048987814155,-0.2584414042584366,-0.2267704877954003,-0.18191194737280286,-0.07472782663548691,0.01107469200492807,-0.2522589197357719,-0.0014849674103407059,0.12716968278814988,0.23435892009271603,0.012181624313068113,-0.10910122383842277,-0.0003461313123504321,25.61175329686033,17.294733463958575,12.577843237046293,10.159274122614663,8.62594673989041,6.450189193359183,6.647851384286399,5.310066518019377,6.696386852881325,6.346814671089313,5.44426836269554,6.800161582474038,0.01837524330190546,five,/content/speechcommands/five/94de6a6a_nohash_4.wav,testing,5.0,Kitchen.wav
1543,-237.88677858029365,28.332023962272224,-0.36708111332304094,25.41461056553492,8.632496979533645,7.497825036084967,10.830613558989095,-1.7323397163021876,6.781237708541144,4.845601516929191,5.254234343260027,6.620329815059226,0.07432533847168088,113.7509525208592,35.86605190238045,45.302739881969416,19.528089220137982,21.39805501321211,13.250321986621394,6.762106569088905,18.14985935965426,9.889251120906232,6.773362993880197,6.884035976597758,8.579510883631523,0.06618999892838734,-0.36501250214530223,-0.41889426369949007,-0.05263829673775834,-0.09795654612041048,0.029880914069331715,0.016597141146757654,0.14636782002637,-0.20811937660806498,0.01718321402977618,0.40845595388066,0.5019732926944714,0.2916791500476552,-0.0001680021204294697,37.02320361521929,17.687504468967333,15.239954960606514,12.433156516804413,11.93636836723025,6.15133398705592,4.66081342630488,8.75494093792147,7.802145441317817,4.429572180275651,5.580564648728018,5.540129860001283,0.02477460284667954,-0.023385536484555304,0.04557949945051391,-0.05098076867254437,-0.02994946499279981,-0.1669136588262391,-0.09084776971306023,0.12147847453100358,0.10330809541377815,0.2147669285680929,-0.12007414722894512,-0.027711958211396905,0.09913061996761414,3.7905449668566385e-06,29.342629282160146,19.360653346302996,9.46790796559045,16.507525417763517,13.0982334259537,6.685575535717475,5.398058302349321,8.842892016295533,8.50107839644587,5.58105725833423,8.29629167580908,6.899685298975289,0.016960027836759307,five,/content/speechcommands/five/cd85758f_nohash_2.wav,testing,5.0,Kitchen.wav
1544,-263.10634318912895,39.998716836572285,18.319495957508117,22.101788776421806,15.60894556152619,3.3241135149110392,3.0437982418490668,7.709303021215295,5.402874238809105,4.4768194847585825,5.509631927174526,4.9524520136957655,0.07350685814162716,107.50042501118502,45.48658503218088,37.64509101695664,19.9635061237115,17.215672934246733,13.607710894866829,15.178022400626704,7.449700938660768,7.5504615232477095,6.29892555106508,6.853446688322852,4.526303481467071,0.0582164265105489,-0.35736431222133386,-0.3042375315969108,0.1727051174998845,-0.04388029050309431,0.010475448149923792,0.09762448202578328,0.1454092273821882,0.2001759724660744,0.07599244030516869,0.005183555779888923,-0.25387429616719953,-0.17146232893447141,-7.487521056205995e-05,36.7126772662742,20.216083189531037,11.949125413674812,9.69241446274814,8.258221024926252,6.4192280890047195,6.194030545814136,4.672829395973415,5.413440495902412,4.687506316163791,5.16779758183626,4.096342807128092,0.02291849524264299,-0.32622623923429994,-0.03568624470223061,0.17166374346430083,0.13812865407797142,0.07665397350693025,0.24373722836192524,0.2641275422226753,0.25013416714380116,0.25926314094032665,0.3395800470593285,0.4372842612622832,0.266184735332775,0.00011523043115933737,26.15912470970719,21.06333857934264,8.322639708695403,10.763870232912096,8.227044620521584,7.12895772040035,5.142073108423119,5.193414360045179,6.645664993660101,6.1070110842567455,5.677081449607892,4.9451871709638295,0.0157121368409073,five,/content/speechcommands/five/563aa4e6_nohash_3.wav,testing,5.0,Kitchen.wav
1545,-239.36864141436683,4.221183399773517,17.671304085050764,10.149164344845945,13.29306951079823,8.045224296774595,10.678445661243492,12.888323925907226,13.535604634613724,8.23424598125383,0.9247365842873639,3.692580284087545,0.04053536380524747,52.329720552054866,36.213731057177405,24.246730539391937,25.18231977565299,8.797259202897516,7.596942112604377,5.786808017309609,4.497630762314472,4.814442313383261,4.312937545959521,10.182612091310684,9.082126636616778,0.013463729831022548,-0.5982811916120321,-0.42885111300457923,-0.6623002461294842,0.1385113526316348,0.37770843771504936,0.15993175331394094,0.07640420868295814,-0.126997285651286,0.06552573689128345,-0.0814855247647647,-0.23006016685299277,-0.004493463064316921,-0.000438122829842952,21.330221456337856,14.221685924029918,11.823911901752773,10.049879170610591,5.612002910382178,6.32125964119721,4.94227700789497,4.429917832158584,4.043526127192487,2.4378060080731534,4.248054523077547,4.0979292123179265,0.005552662620397572,-0.28808479559259015,-0.418063640505905,0.017208753786862256,0.25769587222894436,-0.038156329645615786,0.06545729301426485,0.07969926099502658,-0.15070700210375193,0.054551188540967445,0.06292924124194409,-0.036697773806594704,-0.12227103683455655,-3.825162226955096e-05,17.249088748724294,11.73599952242809,9.529448300915377,9.509847804772596,6.6628799955914975,6.709726249007768,5.9941706009879665,5.77689939604991,4.794263151445202,3.2776957589601827,4.827603347047202,4.2614600282971375,0.004153353221955629,five,/content/speechcommands/five/d1a4fb3f_nohash_0.wav,testing,5.0,Kitchen.wav
1546,-203.59884872451218,40.979915598053836,15.14733330521877,12.168177953576194,14.647437269880678,0.18411369814396195,7.704958155744995,8.653816148001928,3.4262295027240537,11.41827204602081,0.3536485521815802,2.5542015333777934,0.09655484749237075,92.84253748246691,42.08683026667445,29.454476371060103,18.40195607215949,9.703410931295476,16.55052873703989,8.418437131406355,8.59422664945677,7.751272475551833,7.05850019090238,8.417144718387277,9.516638304998567,0.06823820134952575,0.606301145952898,0.2526839120629044,-0.529388450904187,-0.10297918762567924,-0.06809972474707539,-0.5712350088476817,-0.36627510979576877,0.15409593317699832,0.14218498366431476,-0.2864119071341958,-0.6011044480820599,-0.484864757958474,-0.001464626601626796,27.84197559275163,19.02925219172528,11.062868626381055,8.812811620286274,7.46023190481291,6.9358695726699,5.122406474399102,4.717121173493636,4.3016970785839135,4.680119154223137,4.037491284441308,4.998468426085619,0.020646099788592127,-0.42077659480429663,-0.19587415452396015,-0.11366075776008308,-0.06919734607022558,0.01865558658108964,0.36792891428163244,0.17513541620463552,0.0690476194507563,-0.03725434372686577,0.2040271212013434,-0.2615742464710427,-0.20437610544507845,3.78319372733434e-05,18.356015584132685,20.427661624617,11.515469834873688,9.54978340756088,9.786157489836251,8.059587454050448,6.018944750320023,5.039331847898424,4.372740981429821,5.706059812794433,4.482382555662225,5.847185093289234,0.013871280723503151,five,/content/speechcommands/five/b83c1acf_nohash_4.wav,testing,5.0,Kitchen.wav
1547,-246.03800891495953,46.67567313553667,39.494486589127646,6.8315332505411455,5.981563285924113,0.38080339978882183,2.3390347163769105,1.702056958559082,2.4115597020224255,-2.112575261531995,-2.8368526573971145,7.389265722939433,0.0490268042194657,51.46928461420603,34.62710381553505,16.543980078511545,24.2975897974856,10.36673585299314,9.585504536673186,8.46160943634175,5.233824354195624,6.35893269382626,5.654111301258885,7.685123160304904,6.433529164682977,0.02212835227793207,0.34839003572679694,-0.3266736483343083,0.02481480917488042,-0.14525370178411207,-0.4347704650425257,-0.45941611928902004,-0.3531096617500774,-0.19391746591110334,0.09981257499555445,-0.04442601616688779,-0.2444520968237565,0.015600540909134717,-2.5598512541863228e-05,17.136356198050965,13.431556696829865,7.072930908854043,10.485700204193737,6.705686387411512,4.373121721758162,3.9387114897881426,4.601204517256454,4.695686385224029,3.6397482147007287,3.720682282079132,4.805122423816957,0.008801793562502488,-0.3901260327732189,-0.10503284166220261,0.015371209522646723,-0.05606242113191276,0.2705460529679749,0.08694042578853137,0.044948042405180244,-0.028544591215780457,0.09984214107292363,0.18027386974530776,-0.021833348189208717,-0.05367540291721514,0.00025522230813900627,15.96472889350779,13.373401455223462,5.59914293592298,11.170213264793048,9.419059384641837,3.9845100150381003,4.636869163219541,5.288199458423808,5.252005377026973,4.777291773098948,4.557464660228322,5.797802701802281,0.007692283216180804,five,/content/speechcommands/five/7bae88ed_nohash_0.wav,testing,5.0,Kitchen.wav
1548,-253.69064008502636,42.79031786939003,4.194649515987714,15.152215817057764,10.624945059398588,-1.1043989476673481,10.369024126218942,15.39620243292267,8.213520724135815,5.158995026360449,3.6961211664282048,1.980564814583132,0.08959792339010164,105.6486863065709,42.25440751784037,46.73343415173266,18.739276864057636,15.077730930400628,18.6914990820588,7.812785413473422,5.867590363374134,7.403717156844975,6.51331605864918,6.612190629755176,8.371843434131774,0.07127599411584871,-0.2999997934982084,0.07419098280478184,0.07050665696271444,-0.050280699913214204,-0.14571462867095772,-0.01774408759145354,-0.10521718284566878,-0.15941711712740952,-0.24558589948552267,0.11031794684392243,-0.12769651888942518,0.2652243506990725,0.0003241236892438704,37.25876492676865,21.5269871776304,17.148545949587913,12.566235080176687,7.896365369549319,7.289963978083428,4.731927407893283,5.084577815447357,5.284794400042347,3.382769725842275,5.88559394844747,6.602767279388512,0.02480533516680496,-0.07858770314772036,-0.15463509208810625,-0.09798650847659213,0.10148388101235153,0.08602441009630653,-0.08878000034042384,0.02490764121248971,0.14269959229480336,-0.021528127676587426,0.10705342184141203,0.10034540161073723,-0.0404235371432199,3.6448240280151366e-06,35.38296861915207,26.65593861484412,13.349494873171059,16.52452106670602,10.375281032772275,8.053247345201447,6.061920027895943,5.942483692106213,6.037881838122981,4.428901067014628,7.648092865625576,9.020919699250046,0.01616128979637363,five,/content/speechcommands/five/692a88e6_nohash_0.wav,testing,5.0,Kitchen.wav
1549,-213.14035853638586,34.69541773870303,16.415164742698828,-3.7605531649867867,2.695993132095006,1.9507846830907756,6.2957879351432435,6.490437235322445,12.150472454503756,15.866202386378433,10.408114197186189,3.176057182839327,0.05074312404030934,60.46166478841299,30.948804838399845,17.454393371071095,24.184622962350915,12.23929421795681,5.58590619631831,4.863754158542613,3.6925447060806054,3.804661774815667,5.7698007899495805,3.565602776110379,6.433347756805795,0.01937286881082675,0.05143251279343344,-0.022089538925120205,0.036405611597355995,-0.05138430655105358,-0.24879591080852698,-0.11093541530983866,-0.007364651732604556,0.15362250721107323,-0.15912590497323564,-0.2191769282437094,0.27156135428673717,-0.12782831638793798,0.0004940222828618942,20.582736772713744,12.197511701983673,7.463757612673768,8.169939887532678,6.168995004021195,4.104743530032374,3.0574645626135215,3.3261907304257123,3.3075674742226764,3.575331375355466,3.272388167239721,4.129882451593438,0.008548665898202815,-0.18608942602504422,-0.05725194340715074,0.23498172248933463,0.12127123053922612,0.12320508633783529,0.04332397259641752,0.13755603521406426,0.20750463174320577,-0.003815500905019261,-0.01702067413701475,0.21461525160312936,0.08848905327982165,0.00012074125309785207,14.092497204029316,10.749510166736501,6.828202875354784,6.077840155194627,6.302804402847721,5.615792023036933,4.0776253881147255,4.738231970429394,4.549901255464476,5.202012341878252,4.6077436268788095,5.13596846475199,0.006252219979659727,five,/content/speechcommands/five/5828dfa2_nohash_0.wav,testing,5.0,Kitchen.wav
1550,-177.83927972079044,47.620191538683855,15.415291433433842,9.39410909321737,13.461201052777742,-1.8755069225215932,-1.4851396178790022,6.1512177860443185,6.539812926679531,6.891779975279368,5.225759355551272,5.532862015734203,0.10905776772415265,110.07733844888136,54.46404237783726,29.672759271623413,11.368079736437231,14.464299743045034,10.429089859511501,12.709145462180842,9.141313820967612,10.906607849296384,9.292117587948711,7.253126490706712,7.377032907961125,0.09929340185160068,6.867300070044513,4.153779170980921,-1.2382767015746354,-0.5013046261358631,-0.02085987751766882,-0.711638481075115,-0.6576034752616428,-0.44611697602415884,-0.3985114331456009,-0.4766133682767625,-0.30121798278669976,-0.26613296821801524,0.0004979331166513505,32.507910450494286,19.131993269597242,12.180551338207563,6.540182052079968,10.8875391436907,7.156247828803948,6.842493745367157,5.020526583205023,7.133699370043055,5.208117147449555,4.656005266358789,4.322469086607407,0.03192702872049778,-0.64397570889595,-0.43301039250995405,-0.05067799401983564,0.004149502304951725,0.08788682123920045,-0.07943470557041504,0.07872781015566736,0.010194664879191784,-0.22070479548046426,0.1841957067058244,0.0686516177449155,-0.19297452907849727,-9.986373285452525e-05,31.79116411476299,20.30794039582194,13.724164158377988,6.228757537969602,11.662410803215236,9.231903270636984,8.40767997487062,5.717076296804591,8.03724038255839,5.599564964941953,4.635857227680147,5.512327840899608,0.023614195870681632,five,/content/speechcommands/five/964e8cfd_nohash_4.wav,testing,5.0,Kitchen.wav
1551,-249.13639461237045,39.046661268867936,37.76562891714518,4.4700684149703225,-1.3653951484375362,-8.150460962303468,-1.6258291164988763,9.06677025109271,17.176781026401294,20.499546969870245,9.310942368900506,0.14942269126199315,0.06720511254388839,74.19443939097766,50.62971459249298,19.518670091453345,22.814408783026384,12.437594385908392,12.145528500271919,11.151312198748377,10.020867556931773,6.551342004202027,6.062684436779798,4.703067205062708,9.576263689254194,0.053266020285672414,-0.026186874741659767,-0.49003078173899095,-0.09561026771509173,0.1567245777047323,0.14310797930241634,0.1805030017477312,0.10608640487890254,0.010546494992825289,0.013881342704247766,-0.18173917262833203,-0.03710752229262501,-0.05030518302159731,-0.00020894161876170865,21.902292065333082,17.673506192113,10.133148794115936,9.267669210190817,7.87499087207223,7.68710523314828,4.330051665573614,5.253950779919436,4.538598641730591,3.861496406673605,3.1590801667841473,5.025809760341604,0.019124500955637082,-0.7413567559337556,-0.5566911878130489,0.10258653705103751,0.2537445810781218,0.276549878909777,0.5030927072448946,0.21674999044041027,-0.28355948017460925,-0.4264480792246683,-0.23957139370870012,-0.018020534633263363,-0.07518805049976955,2.7098072071870167e-05,17.41299680354266,17.15441112006037,8.867089225249963,7.757493807199627,8.905863780776535,8.001990624326378,4.18159525539737,5.355121471769487,4.6629670304427036,3.505899616907042,4.258633868869188,5.56916223104664,0.017829722786909603,five,/content/speechcommands/five/5e3dde6b_nohash_1.wav,testing,5.0,Kitchen.wav
1552,-228.63228082284382,38.81004608415691,17.79414072826691,7.385978466323277,-0.26464537957418255,5.822411148316342,14.982443330734284,9.582016623599316,7.978093269559475,11.67775908513591,4.302309771657723,6.013478051391472,0.06060258229263127,67.31244202329604,53.01342853221823,16.998942990509867,27.594647102545295,25.05277541001697,16.21269408382601,11.004973545633407,6.003921041682224,7.706405545611635,4.574229645594916,6.70823532226956,6.23818792870828,0.035879184718471444,0.12036821180660603,0.519640959280148,0.05688006784896767,-0.3839565257420927,-0.10219048489510998,-0.3784994039478631,-0.40193021093121434,-0.2631638385136975,-0.18930242847016915,0.014299186748027591,-0.03938844627583677,-0.21108766302385087,-0.001041696677284856,23.944694852009707,21.847300398095967,13.620158532908142,9.882549970778859,9.04379833972091,9.388348514237457,7.144618132016678,3.737620495503481,4.026669882138808,3.515684021206432,4.863796942751066,4.650043807287123,0.012163205228113816,-1.1936930126312708,-0.48678813429513224,0.44647982381207546,0.641531837890987,0.3968530788109277,0.15017989578059504,0.03269982945340431,-0.1567744112666135,-0.157767520045533,-0.26056888168360276,-0.272160081313134,0.06445580431680895,-0.00019608922302722932,23.40244398408024,19.869122747481637,17.23352553146439,7.114690121866653,8.432728241663176,9.990390573379898,8.348147103071035,5.061877118008853,4.878807640859634,4.258689427829491,5.637672968535011,5.756431707768813,0.010187465812479557,five,/content/speechcommands/five/6736bc64_nohash_1.wav,testing,5.0,Kitchen.wav
1553,-303.32751092548125,-31.47931858284663,38.03462608559498,25.48003830657378,20.606413142836477,9.160283617844684,9.2116189840838,10.307315623900926,11.549110542205973,9.457426398406545,4.601459177619794,9.606594957647653,0.02467955107352248,21.046333376659575,14.29768593331981,4.204674962345272,3.624106813680032,4.040005441770224,7.74248202019291,10.145924138423027,6.615408734232609,3.7120523737162525,3.2279502659188295,4.578503983440203,3.774042538327815,0.007559483317120543,0.18920356464032403,-0.11154321585170078,-0.37094335539694956,-0.131815541383398,-0.29164982896676617,-0.05203585912841824,0.07566566122652899,-0.2136749506011943,-0.29327409657579434,-0.06311615177539968,-0.45826488717949226,-0.20255408406862713,-0.0005504153668880463,11.284761082517852,8.491842818167077,4.2434849861681405,2.842843275276846,3.257141298179,5.318579613666154,6.071264034654388,4.380927136095948,2.761214574783295,2.6935177115316002,3.2641131776434578,4.036667139358895,0.0035263773751866116,-0.2592045390123735,-0.23733302195322048,-0.2620675754645835,-0.13189908913022863,-0.29788201927762203,0.003499644429593012,-0.012883386834336789,-0.15381577126043425,-0.01071199399258731,0.01285999583577972,0.006813895801182177,-0.0977443775812106,2.9408931732177733e-05,9.453868708202158,7.454658428668221,5.767787263230936,3.984386361528388,3.469058901473831,5.760257744007333,5.514575426215484,4.6855070018036695,3.4493151291091873,3.5726542821849425,4.101123234959012,5.769125856778126,0.002490865268960456,six,/content/speechcommands/six/782c1305_nohash_0.wav,testing,5.0,Kitchen.wav
1554,-255.996328345569,-21.683108523560602,48.45941276232242,25.815323505555025,16.546008329476482,9.320907922855051,-2.010090881090361,16.968191775084094,6.4417996679100495,5.475349537064626,-3.8827552900023363,5.504504802917869,0.0631405272288248,63.76795389224191,38.58566515484668,10.192293336162306,21.805231886097097,6.351930634806322,17.736227391037914,11.797243622052438,12.059032847067941,6.564977583298292,8.802717715533797,11.783563587747008,6.031376262904872,0.06294736325452298,0.23728867141943144,0.4377213757519109,0.6172515634200174,0.3499155110219042,0.3262460846027225,0.30157644825881474,-0.05939934975915744,0.24273050775811575,-0.03761998572415532,0.2216906741885976,0.24903930656406076,-0.026523198387198157,0.00044574964070512405,24.786083986635926,18.095511223737667,9.90133372313692,11.46750814670682,4.10120844688653,8.019923772657142,6.030594782587885,8.110808039196607,5.9928466826932745,4.7865942780782476,5.705771640350999,4.671525005644341,0.02977137748417725,-0.393375991522322,-0.2925427762784809,0.07022711829626177,0.18505428866500928,-0.10406998941709149,0.20983249779018642,0.07033592959608116,0.2060410259541009,0.18857671954503016,0.13045340099420374,0.002464131986387249,0.031976700927284205,-0.0001470566416780154,21.110041764438616,18.097177802305115,13.204444292458174,9.56851532280584,5.567448633822238,7.370084278379164,7.095280409274711,8.837928393474836,8.301637920840506,6.549584026005186,7.5036846954611045,6.232494024727189,0.026074742637574852,six,/content/speechcommands/six/b49caed3_nohash_2.wav,testing,5.0,Kitchen.wav
1555,-251.1270272661261,-23.654465520158567,46.08704269987129,20.975409686935407,17.564595795335766,-7.288631377229933,10.23695901444243,13.507576429235503,5.4878038814772205,10.988287452047949,-0.5808899536187595,9.365942787255918,0.062076219415757805,77.8749439518046,38.678359769152586,20.416887670684137,20.50208772295279,20.060861626601366,26.929588963236533,11.944694506564359,8.847237720232782,15.404007610660216,9.841912771566685,9.494248301511297,11.070775409812274,0.042065150149005366,1.6878633115543207,-1.1861363979385315,0.5088073885421607,-0.7788772623133053,0.5151920363428342,-0.25623648161921664,-0.336462906982626,0.24274172877373248,-0.12019125474578075,0.0614907638994345,-0.6980307576094946,0.20351503950538571,0.0009263076128498201,35.3011127956734,20.24307397709503,14.497406586842875,10.964754142335622,9.628059357818131,11.287370930418223,7.461749179904475,3.9036803308133354,8.675970066685831,5.102043203800657,6.302578332948627,5.682625587056112,0.01903852902279003,-0.34802285378173486,0.5228215106108216,0.21653528012589948,0.3208256912580405,0.2963998922249354,0.010017241539722594,0.16944434950396525,-0.04342358118671144,0.19568976727732382,0.024912698015220277,-0.11647988321584807,-0.13463559080751974,-0.0001330852508544922,30.280483063674858,20.272665978921548,14.088955997615766,10.697938568388908,9.393315221877405,11.110920107396423,8.247829282060193,3.647172129136076,9.49556697470049,5.254809582351687,7.766380524559487,6.335265575793845,0.014451948190100296,six,/content/speechcommands/six/692a88e6_nohash_1.wav,testing,5.0,Kitchen.wav
1556,-151.6102491076213,18.791009780213862,33.66392850968998,11.274182102038207,2.755259394969192,11.468117962535523,-6.44150701630889,10.186870565576083,-3.2913269733820414,14.600807403425163,3.056019233265536,5.589565423110523,0.05939769570250064,66.56722690649787,28.10093462487674,19.39573692519838,8.541824459738715,12.101063224801388,15.419542820644535,8.667954810708808,10.864226396141248,8.09522818967276,8.94474675235415,8.597438028024332,9.34432954134046,0.031575677309281465,-4.065056816309812,-2.289455989155635,0.8350677481710796,0.2711597895734626,0.05052162031980727,0.39048034558003836,0.6030737420676766,0.4739692843382982,0.20729725415696149,-0.10158237235921215,-0.02593387692226433,0.2690510361530077,-0.00013618946315780762,27.62064017981767,15.094134687177975,10.398188351026251,6.105548827464815,5.449562597030091,6.970487372163377,6.5942231357022525,6.443008245416028,5.4611519951078895,5.416494634194553,4.968861124532904,4.819647787476262,0.013099742852418631,-0.6682157884987571,-0.04755977604907334,0.25111603840508645,0.34242521363520495,-0.10360554827207065,-0.37648023289136184,0.14913601465574627,0.16374606609541267,0.2775355705882692,0.17745306493452487,-0.017621796618311456,-0.1573030909227348,-2.2945366799831392e-05,29.03886021608732,14.700403171317188,13.316340572924913,7.046147966960875,6.2870201896759355,6.555197064087433,8.500637869461379,7.390951282143924,7.7458662857586935,5.829673116095271,6.258581979694624,6.112062908698431,0.012419313092849849,six,/content/speechcommands/six/0fa1e7a9_nohash_0.wav,testing,5.0,Kitchen.wav
1557,-283.6183116787137,-10.458025039672918,43.70082004465678,25.725712735218146,23.511677948479637,5.912451835642816,1.1874460220493068,7.6368722268451625,7.000179927515353,9.485127428403974,3.7540009933018537,13.128573630244928,0.03686598327476531,38.92111295834818,28.844922411391064,6.273584413681674,7.166683258054503,9.048971631012833,11.561594521296064,16.93053783718465,11.901730393772324,9.3914501650693,11.404486231925464,9.258479839707277,5.637424213105039,0.010064289422107584,-0.3887169032635271,0.25226782848424395,0.13429943265234398,-0.12886666865515833,-0.12706248548775798,0.27044790804542557,0.32615470051624984,0.29035778745148705,0.13123173636299335,0.21299308952105864,-0.19288049321713052,-0.10891500560100141,-0.00010372998733674326,20.081399040072228,16.9021107465596,7.501395335967776,5.181665669066078,4.689228662775825,7.557058664280328,9.139062973469612,7.985176798064136,4.609133372629502,5.172988832131192,4.25274328059949,4.672081959442912,0.004073377142472494,-0.5444319704797351,-0.33944317816510133,0.0832371631594197,0.2727412691481283,0.28188393010164936,0.20455664235302476,0.2370917414712687,0.3096542511367529,0.3848914219321356,0.10181977019797829,0.12363372557098519,0.1873053201485563,-9.357122083504994e-05,19.573047869786162,18.066892337771048,10.242312083657803,5.725153853802733,6.0613314045574,7.59819349440111,9.996180892180808,10.044185313589542,5.1724838879761705,4.637709508994563,4.834682187065028,5.647702043239641,0.003962561194857708,six,/content/speechcommands/six/5c8af87a_nohash_4.wav,testing,5.0,Kitchen.wav
1558,-269.0839001283466,33.859536335275706,27.52294901337417,21.96905730242404,15.992840955093873,-4.789693111948706,-0.06100349374258318,9.875965195869174,7.086799776501238,8.180536854959513,4.705995201693506,8.661483632468435,0.06431030220119283,77.64865991866864,39.2804812480674,18.80709693035056,10.614706460782852,5.891650582138193,19.654936762396428,16.70499901472301,6.4410173508267325,10.19748402409064,7.926708529828586,6.5677371185919835,6.481104077544478,0.06740490741337872,-0.25427959670849254,0.1295229056403443,-0.09867062452795287,-0.17866358414807626,0.26389547621697684,0.11867243884449542,-0.03763113838015687,-0.0787405846059615,-0.2116363711764687,-0.20350339243440113,0.1964534729749851,0.21101181851805526,-0.0004592622600255474,36.37472102348521,17.265150740600834,16.606107039086506,8.098054063179125,4.695234100542048,9.563386866151149,7.2340923273033555,3.9013022742714702,4.904649146389879,4.442846836923632,4.066460398649082,4.057485221538474,0.0290870250646198,-0.3236963845573219,-0.20384260135368104,0.19285341010655419,0.3029675108403487,0.10416668772868706,0.0013151904315137723,-0.04015430142502865,-0.09432899441682276,-0.2056042568472766,-0.20662441053985833,-0.014586478007092014,0.32222086058579436,-0.00019747701783974966,33.341009445736,19.06884489599738,19.084242312088218,9.207277215050139,5.87379501454119,9.760798892046532,7.558806520771374,4.294930236943207,4.999597704522241,5.526427693170147,4.6063831343119235,4.379687693642444,0.020814059504295036,six,/content/speechcommands/six/aef8dcf5_nohash_0.wav,testing,5.0,Kitchen.wav
1559,-241.97421511392906,-28.405062303356672,49.19951410591881,29.434318212628394,-2.3052469551619854,21.005136246219124,-11.809040238984018,18.82848736062933,1.3774181233985194,8.563481228995846,9.530547008300786,3.1527237362393756,0.08841466868761927,93.01603630630517,39.51186281306077,21.588325413319463,17.573026860013982,21.75699430258552,23.1746651941814,26.89751240819662,20.68160064168846,10.511894990058618,5.581417023523099,5.9832404865103275,6.060961749946763,0.05521579162402554,0.6645586695733179,-0.11079483092601095,-0.17900685075787076,-0.0646124716608742,-0.045316443943399926,-0.09234516516108929,0.054103985587767696,0.3134402365147178,0.0635196511233276,-0.18806128888031473,0.031587452375342724,-0.03229688148732546,-0.00029141696230057746,44.472679636337425,21.76945173566715,15.460262954484413,13.13764418699349,9.96462615258233,12.426219302332559,13.181626074403328,11.706724746507572,6.225325296327164,3.98105693935869,6.167793778401229,5.808699506958246,0.028829978332086774,-0.13640539379145147,0.5571580326871709,-0.2278475597749439,-0.1529487414646957,0.09337085181538711,-0.2282094983643996,0.26831285521792764,0.05094598281524292,0.13011015695868366,0.09549087728256923,-0.23202794932247947,0.046672114467359575,-0.00028994716703891756,41.60049713612296,20.660791209332803,16.76535672100409,13.447551190682193,9.792199444374413,12.31154404114417,12.961258557547454,12.90702463567833,8.131195088859782,5.689153650379124,8.85839781985434,8.44368192993698,0.028071590438150884,six,/content/speechcommands/six/9a69672b_nohash_3.wav,testing,5.0,Kitchen.wav
1560,-211.72840930762095,-21.38321125708233,31.0111392042304,22.80020032751615,16.613229508944727,9.275319811622627,-3.944502731393845,10.761041050043653,2.71700724635054,4.713072094251256,-1.2366368429338175,2.7346259790657697,0.046935901744291186,44.54220605909695,33.554533635726756,14.158340708651144,5.824334994768812,4.451241147411377,17.20137623078996,11.690523031580792,11.064648098946718,6.250422192970145,7.551288947514638,5.644818208993354,4.991493482031781,0.016622640281954596,-0.12119622315401649,0.09918723116591423,0.14754876228592378,0.07709008765030718,0.26603667469131936,0.29253972869412903,0.1263156376371755,0.015277345714548465,-0.03856464370579987,-0.36773480836951167,0.08407845421071992,0.18841305803628824,0.00016403288370178592,16.09661445010673,14.02454379283505,10.676713078713505,5.38080534387341,3.989083138860922,7.711576700765124,4.688638235943973,6.240448010431475,3.6695739803057776,4.129572381528881,4.3276419591850726,3.9816611987026076,0.0063784591663136846,-0.5865047064211562,-0.026509537906750917,0.02461822761895552,0.1938657757057051,0.30965300229247034,0.02050677770040581,0.03486856824524356,-0.32174226327847727,0.02249429689920479,0.12861744558076652,0.24801375181543817,0.08057867631296647,-0.00014542595793803532,12.571602864853004,10.129117023284293,11.684851496404534,6.439630445177705,5.057171232855104,5.504452108378163,5.939266095937411,6.177028425299813,5.109632993895363,4.826885408914882,5.108816299949941,5.042518004585785,0.004690402414276533,six,/content/speechcommands/six/a1533da4_nohash_0.wav,testing,5.0,Kitchen.wav
1561,-273.1202769380502,-12.192825665442278,24.082400737005663,25.269578513953125,22.34107142454725,11.502313206461263,13.244217225513601,11.571861088466024,3.8637426837815685,7.745937389481161,2.917189666413064,21.07339076967113,0.038756053312681615,71.88963033494282,25.029126159393908,28.503754754874066,12.88735565868057,7.051159761458395,18.35020823337682,10.052436649835007,13.507010963298619,14.940049436562992,6.542770421208356,7.836781776905652,8.688695971949308,0.025987395178845005,0.01829201094905432,-0.062849012777593,0.29938379983281316,0.5880750096097682,0.2791288972990499,-0.16978418546878596,-0.12233149843891171,0.17353728810352212,0.22960759705454467,0.25162774442077673,0.06965185368038807,-0.12187444327769949,0.00034261443802425937,31.41274071208107,13.374528679584124,15.552714722425184,10.033379180921662,4.281521805284729,10.312933747956135,6.984449709927133,8.211635564734125,8.130983904655785,5.661088815305546,5.544850690057396,4.02807228825925,0.014385684711238834,-0.12291931818972064,-0.03201127599646535,0.3539899238260316,0.3037649964536441,0.0957263020561052,-0.008165836558619985,0.05659617745945453,0.06294278254398211,0.2321119923675579,0.06779634523719942,-0.40605054153799214,-0.1063007336369988,-8.110168079535166e-05,27.266835541744722,15.704120749373036,18.017048831377316,12.081268531174615,5.360093112097951,11.186100018841376,9.270295389495411,9.078116398701082,10.730310603899165,8.059978163325802,6.248055401923285,4.1800693711033645,0.01285482900770857,six,/content/speechcommands/six/2c6d3924_nohash_0.wav,testing,5.0,Kitchen.wav
1562,-233.4806286998661,4.24861695069121,25.262304084821036,12.97931354418289,8.03782501328427,6.653888172974866,11.552568226567749,13.756194596546074,10.710456119971736,7.643146380029721,5.3768219345536306,6.299125705207462,0.050305440207012,97.80576031182666,28.541768880956333,16.38617847788264,10.682135349275269,11.135437544634959,8.855026148411055,8.05266638986632,3.7899312681592856,9.43173789798127,8.95036525485321,3.97366026814087,7.679872178635743,0.031773342908565635,-0.40853923444817,-0.30636755637864965,-0.27191972400907316,0.31441428740026495,0.46711633684123494,0.3435916174371298,-0.01262647028898,0.03520883451287402,0.35723029324875594,0.20515178510435933,-0.015099059127728,-0.44407333577453,-2.920988105958508e-06,29.843954117383134,10.713095328945858,6.0960180939220265,6.461036071822653,4.090445221091111,4.33380056155822,3.915447378199985,4.442903429531564,6.303922060687064,5.145273732708089,3.8100575611310057,5.271594323081216,0.015087738569464949,-0.26174799137371757,0.009568973077328144,0.04415416401788334,0.05289823842126629,0.3936629625596992,0.14286981880738459,-0.2683647929412276,-0.19641351722394937,-0.1976386864401671,0.021578182015751856,0.051209795667876624,-0.2794157444782101,-8.336914082368215e-05,20.856140328221407,10.542249830647773,6.041167991690572,5.890588992122615,4.068835739004435,5.097839916049744,5.523052619134704,6.683360811827934,7.228245519912751,5.3778080679110305,5.342763196369639,5.639418394193999,0.013465628279920743,six,/content/speechcommands/six/ffa76c4a_nohash_4.wav,testing,5.0,Kitchen.wav
1563,-284.2835586359532,-14.847806072892194,38.980534356850555,20.892787257251168,8.98739814372044,4.703249283481722,11.683374738005462,6.765051821167492,7.873843379225329,10.089653184496157,5.718755054818537,6.87712970263542,0.028722758986987174,39.012176029106044,35.26992808337401,9.90700596664695,8.380113012641953,11.381010488842307,14.108586356260682,11.985034478814969,9.206198330505869,8.520265365388733,4.942295042317206,5.7871523473236826,5.419263474939527,0.011195254400944269,1.8610609876158353,0.6821177342346884,-0.9107468513627326,-0.6073354649780466,-0.9739131442916766,-0.5979655965668663,0.1692297298010256,-0.1925878989160274,0.05443646807215447,0.3666442776810427,-0.16622775357679487,-0.26108825892788884,5.2525571757747284e-05,16.000559768261013,14.477453010539907,7.3409395462823985,5.508730163553639,4.7812942146956505,6.216360739115295,6.443297265689959,4.472686279654362,4.86282904327389,4.235430399638755,4.0564042512928165,4.498744894517965,0.006518415394450127,-0.06045014370293605,-0.06334858349584611,-0.11955269995548186,-0.12798034743276124,-0.18695431311601254,-0.04270680711758423,0.17407416698802342,0.1633666670688582,-0.013496618942961398,0.2931921899128721,0.46544700340090855,0.1657905530802815,-0.00021463179339965184,12.460281256941801,11.34674252310193,8.732852431553265,7.545471556753267,5.1370289290653455,5.806793675250621,5.688317828614381,4.483308579572898,6.010195125601971,5.771704222854816,4.9412847079435895,5.181731116760491,0.006768924861956617,six,/content/speechcommands/six/27c30960_nohash_0.wav,testing,5.0,Kitchen.wav
1564,-174.2666611544077,51.70159017106573,-0.5717528180741048,-4.275489380576178,10.616173268069478,-0.5944276121425396,2.642859889788803,2.9657410406526177,3.363235199128229,7.058948524336831,1.5834911710940895,5.463222347126242,0.047591572685632855,24.09169752880031,19.06508246329139,9.768491169491034,9.758885909767745,6.4257358683987515,14.119340366181028,8.746620473340158,6.41126659804137,7.620838858692321,5.329954497653802,4.4283583272534885,4.203294510229591,0.011897475299227073,-0.13455177396281398,-0.16300855618982818,0.18259540097547244,-0.34570253031915416,-0.1906241053201728,0.27740008291417795,0.4164116126712148,0.1293310938362512,0.009089824003272757,0.19237867946102438,0.1171620041387096,0.08522567548717021,7.393763911339545e-05,14.429578555322992,10.643607883945405,8.45072467751649,6.158124459595586,5.095794561039139,7.318647596621272,5.398443178956499,4.3700845155630095,3.882168940807206,3.2648876600880814,3.154574281273238,2.893436063172114,0.006586424993178267,-0.14470161381277744,0.18834620355687878,0.05200278909276766,-0.19779672731826745,0.026097844516255898,0.412618167274512,0.0035176946967167668,-0.058113455350781426,-0.08697176396257446,-0.013832967404869981,-0.009356354716875999,-0.18673640961859264,0.00017901981870333355,17.20736025693574,10.920800842610518,10.459460685586539,6.291917601836629,6.218096988261087,6.810186361424286,5.997307410739541,5.262656505687102,5.080871910479097,3.916831279564346,4.021931788368869,3.6065572705926705,0.0058680477473261015,six,/content/speechcommands/six/9e2ce5e3_nohash_0.wav,testing,5.0,Kitchen.wav
1565,-278.29586746808604,-18.02642227894915,21.661379334539788,23.293994255641646,21.04316603401101,7.9050905587472915,6.486745309894857,5.806627676201715,8.512793234872944,12.24390746648499,0.06816119188626246,16.35711252607313,0.04296803171746433,60.4536271889003,25.33235819503225,23.026311857778033,12.03190572497321,7.462678561537159,14.54470858560907,10.043879299283002,13.019227341626317,7.804043653766526,5.337897361205535,12.348415224006859,5.409268385029293,0.02213198695320543,0.45698665716262654,0.6543029472421263,0.23077648016921548,-0.2959679803819818,-0.5331583627569455,-0.20498501857920642,0.0384127954127382,0.09610238506572723,0.2087193237395844,0.25950275154601576,0.261306942784131,0.1417445275307355,0.00028847596578059656,26.812208039499517,12.273545105606653,13.392019066564513,9.275305790035118,4.747808482948728,8.59350447127479,5.72787692795309,7.613193264293284,4.502177189347687,4.3515734800698445,6.445096473781391,4.870696837410966,0.010401308821701217,-0.19489481418096563,-0.25084075043577997,0.06900936897120384,0.023365233414567872,0.1251930764795717,0.22672498629846913,0.36687865749340853,0.09191881485618776,0.033904762870222704,0.09294823559218214,0.06486292821302672,0.11353356510877072,-1.3303818802038829e-05,25.619601919179257,13.388729497480007,16.255161189171787,10.853394919519083,5.931734406891858,8.968585782471308,7.095517425878556,7.695365217163471,5.683129615254635,5.697771687827768,6.152523230893009,6.3491143027858605,0.007038245309690772,six,/content/speechcommands/six/2c6d3924_nohash_2.wav,testing,5.0,Kitchen.wav
1566,-274.2836788310186,18.030455116290607,33.28866130732027,19.82512303561225,16.22569395162301,2.3623380214663996,6.083662159641348,11.435951624830121,6.701292613440486,6.243547167955882,8.520603305648569,12.40727969070418,0.0689179856562987,33.559112245098774,18.92425788918095,9.207973921494908,7.704441400866257,5.140587242331694,17.806245279330675,13.315513644465899,4.259036530696731,9.135835000051392,8.02421112099903,7.284188573479441,5.886231779032441,0.006305074995997912,-1.125676003011398,-0.7767254627255931,0.10961523158942414,0.4939940916472445,0.5845095120133729,0.3006023390020126,0.09153151760402316,0.25724290893115664,0.34591636306444723,0.15833228094505325,0.0741269278190503,0.24107096873234257,2.050063302440028e-05,16.387090970093375,8.190617482086882,6.873984661745069,4.984577184620027,4.3168210674388625,7.921872738327296,6.1661966736511395,2.653694489235131,5.255401424527207,4.667199740712491,4.332940031437295,3.7222751694434977,0.00627625661813061,-0.16406486538445886,-0.2749000001742384,0.020839406392137386,0.2611060443150691,-0.10343894191830347,-0.0011802501982613714,0.007544231280365033,0.08632775347179118,0.14894843048829198,-0.02699241664790716,0.046474409973676245,-0.15595005185546001,0.00021348694960276286,15.999504534627473,7.479865478184961,8.24463364374441,5.194215568807299,6.132486427227185,7.452382433576871,6.324147609035757,3.97218676837082,5.686994412794635,5.123799872433628,4.9577939940475995,4.82810070695104,0.010975338542389072,six,/content/speechcommands/six/6205088b_nohash_0.wav,testing,5.0,Kitchen.wav
1567,-247.8422169937736,-9.950043335476428,41.59700923154233,24.627386386455527,16.940891164145043,-3.71439020205913,-3.152124380135252,4.338940885680053,4.653599589855096,11.2747861562442,4.77092818912759,11.521335514887493,0.054955431434791535,64.09850402631298,33.930271037275915,10.237269510780926,14.674215797585958,8.892570292692408,14.009773728436059,17.82898868053297,9.483565339813019,10.523635060828381,16.84971157590712,11.347134222632993,10.895813074240046,0.056208790651037614,1.2917824417448562,1.321210739700311,0.5010925878563337,-0.31342708012982945,-0.8403712520093697,-0.8743000383437329,-1.0115512731901344,-0.7450049321851219,-0.1762632737042217,0.4150838773577777,0.47302987001582797,0.25217216569553474,-4.4262757705103966e-05,25.93883515875448,16.657765457421846,9.547176711531328,7.96804159592596,4.703857400309393,5.671006377051654,8.98379570284387,7.132929302448159,6.798405513443308,7.651079784617903,5.192623937588606,5.152731444715682,0.025225557088812436,0.06228000065895619,0.22547379789825583,0.2543692995871922,0.23813145961123602,0.007344733706002771,-0.1372351017969818,0.0938861864992593,-0.12550284185685479,-0.3052161102783468,-0.3597823065349201,-0.21036366779797397,-0.07388275073267879,1.2600794434547424e-05,23.850113076770928,16.322363654305338,11.466693350220497,8.077826142254704,6.401171186206641,6.938566840351165,9.581379536548896,9.399404987864314,9.151316030004354,6.525177178236327,6.544405167216067,5.350806222441232,0.02121809509153578,six,/content/speechcommands/six/9a7c1f83_nohash_0.wav,testing,5.0,Kitchen.wav
1568,-217.46983699847985,38.12091036286181,34.10505593282302,24.382388643536437,10.466608690901973,-8.188719527545294,0.38901196287673256,7.365295257858976,2.7783728062908537,-1.1677850288292686,5.290251249735054,8.251782079440579,0.03769162006210536,43.87001133812683,31.049223582612065,8.319701628203509,13.00308135800354,10.24390662543774,15.476300212865189,10.18856025164556,7.493450942901442,10.065332490653219,8.852509231315663,6.226027888169943,8.284034209893862,0.01730779160993712,0.5269101196215615,0.3306656733228213,0.005934770855272945,0.04553379687720413,0.4404117166957063,0.9444892689036605,1.0112446890781244,0.7391971845245318,0.034874501572477894,-0.30810731724400264,-0.3344596755708424,-0.6627115418944787,0.00013396997124918045,23.15219425516763,15.462860265209692,8.394912132255653,7.055412671488374,6.608785580902186,9.740781528307823,7.05811874518626,5.872263435285029,5.457137687569257,6.275158141584448,4.611142102979674,4.961631349928013,0.008972288341585873,-0.11797534509811479,-0.0012611618927171738,-0.13838338489838228,-0.3369433981823581,-0.38886250030890446,-0.035263851456197974,0.01050477795355714,-0.1320511933721318,0.16216781440974123,0.11598678240129019,0.18822055169756777,0.2097274275502302,-6.545881430308024e-05,20.078653429151295,14.64296227364466,11.678541326370123,7.306684512499584,6.749519763850329,9.625916325985592,7.718743777041669,7.446288059077502,6.127449547791354,7.576151889016304,6.008583805884576,5.861869827047524,0.0070100673075403136,six,/content/speechcommands/six/ffa76c4a_nohash_0.wav,testing,5.0,Kitchen.wav
1569,-265.8957352622715,12.349642346098058,31.00498664050292,15.34932671628868,17.940202108227894,10.192835844049757,9.531109729122457,18.164886686778164,14.844404891853046,11.329312468074747,6.310113027714052,8.331733654179072,0.0362894733552821,40.653866298750586,24.96159257288784,7.135180574648579,10.187587152463983,8.73633571780982,12.078573456551092,17.88307174801876,7.3771460657586285,6.7040206181202855,6.764478040391421,3.867366413811798,3.912537474131618,0.011480494470412179,-0.2880870090840407,-0.44291014353752617,-0.06178122301095517,0.6122841320496305,0.35561199519007974,-0.0899116343143392,-0.1871082876992462,-0.23846861991059304,-0.07501952896496086,0.35795256151390736,0.2813265991973982,-0.10112657945088707,-9.042637482766182e-05,25.571919909206198,16.331912655699725,6.830525339725047,6.446835688721974,6.200672289683203,7.858043510979194,11.431777775455728,6.899491490853333,4.985816101651956,4.6230309460346675,4.180042006696448,3.5803413994550772,0.006211719218338072,-0.9058166424432443,-0.6586581051166486,0.029075083809983936,0.49337362704342064,0.6134317435293684,0.12373509301878798,0.07745603191870375,0.021325123293336704,0.09197713360023028,0.21240743518963126,0.1250325820761424,0.07425133818750786,0.00012927440305550894,25.125190586742317,16.061102214082265,9.174679956441608,6.759496242031102,7.050600582297988,7.57247497354404,12.15023129563148,9.763916092643099,6.305020986638268,5.876721111787916,5.932492465643315,4.908591973459401,0.005447614492199322,six,/content/speechcommands/six/43fc47a7_nohash_0.wav,testing,5.0,Kitchen.wav
1570,-190.60294468468624,59.866071826798375,30.78130006234956,1.3332228933192307,4.250701527921851,-4.219033503638129,-0.24615559349820954,7.279839171652566,6.835204431436777,3.451736611473862,-2.42170253197536,4.158621690637899,0.06176133741973899,62.17686081275792,31.402569755916012,21.365014893890955,17.800814822515132,18.97276716375749,18.53917149215422,7.701890041360061,7.212271872074169,4.633680193704596,7.276385662630358,7.993476748107169,5.393385276071389,0.04645637018747058,-5.280002344517927,-4.510994977240595,1.2496638310310948,-0.35961689472795905,0.571985200436157,-0.022857209348209947,0.4344030774687531,0.7436192196627721,0.07008391624275719,1.0656498892520097,0.17253109230303726,0.39389891238049574,-0.0035264309976370104,42.27243174782678,24.306605687688922,14.850598275163367,12.472633942016007,10.083488897517087,9.474670627218746,6.768725063928368,6.342652725412234,3.3962375482344505,4.770363499630863,6.051005620297756,4.185471833350565,0.02198427802914422,0.024194537023230586,-0.9403134419364385,0.2358232445129051,0.9644226832412878,0.4675461587831399,0.05651178251771147,0.26965275913505127,0.41219968612530455,0.23563964070375915,-0.07372818751185406,0.10894956308232485,0.07549063987649213,7.721862445274989e-05,46.89838974840456,31.25477408452798,17.690996228826595,16.00384775870604,9.69330433765424,11.17261785525181,8.917738929533106,8.109707489785535,4.667441873988778,5.52319791019019,7.552287238207234,5.976874750053257,0.019026195081602804,six,/content/speechcommands/six/4c841771_nohash_0.wav,testing,5.0,Kitchen.wav
1571,-279.0008052677254,-21.382992736945546,48.9274379661765,30.929731659383016,21.924712340074215,11.695765246640132,4.88267627024897,8.898356301269452,8.743873619354966,7.939563339958848,3.2498770901238876,4.564588712098325,0.05668444139882922,76.39542057208689,34.567072150773996,8.735512874191967,15.936798103172462,11.43142610501616,13.806973781829385,16.441062628374343,9.845566610407124,9.688639047742772,11.634599279034989,8.25192347186502,10.090991710859548,0.03940079382425442,-0.8531806217174067,-0.19757237891230392,-0.2513454073319539,0.46123300908139836,0.15297818983368297,0.545476561781224,0.30116408334813405,0.19836756653004106,-0.1524039037433646,-0.1800646604185337,-0.1403625460749162,-0.07053564646056683,-4.630842276157871e-05,34.00102976202558,24.319241588415228,8.464769263060136,8.268004905506565,8.477233531772745,10.047624111189638,7.498958989749606,7.383201612474026,6.231225354878519,5.98932994802268,5.012653354548732,4.393900391833046,0.021067140369068916,-0.657253802171086,1.2057866607869263,-0.14171616882833646,0.12026793133475297,-0.2135734455151507,-0.5302915437282274,0.1585343515586576,-0.035603943957865584,0.11828041450576905,0.10607940756964833,-0.07435870668252284,0.25553246486038833,-0.000320566880206267,30.947352426714353,25.492211923936672,12.451745230109896,6.106464242017997,8.639317290094091,12.17462767252432,8.885450220945769,9.380229600353628,8.482493137417315,5.142689795689489,5.999981122735089,4.166307141836905,0.020024277394442725,six,/content/speechcommands/six/94de6a6a_nohash_0.wav,testing,5.0,Kitchen.wav
1572,-268.5350164116196,6.640993161345768,46.6309251991797,11.84409358870066,10.761215335757921,-1.9837801759855989,5.5858624984290675,6.232522301928302,1.3649986768432332,11.692444684874072,6.902594615131907,9.569395362567677,0.07454995630541816,73.20144839103888,37.85994311116599,26.585589533725262,17.511611264778583,17.76056546298147,17.060718108523417,9.873658043047561,5.363315277586643,16.396688082270067,7.938855477306702,8.285220828615325,12.147228571738825,0.057442067307755765,-0.5481839603192039,0.05507093711185408,0.4781803657418369,-0.16218908100964072,-0.25491712266807964,0.0077043840898517995,0.30189803920084957,0.1708241669927821,0.0962123888626132,0.10996485977078001,0.25849403169386476,0.43745424932625293,-0.0003086297262099481,38.77346184789416,20.46210585821622,15.288424895474904,11.952827633549585,10.92020868317574,10.622706320857501,5.887128722333592,5.699397819765911,10.807045691046115,4.9894953876938395,5.4297559351577585,6.107295041608022,0.03127562419493985,-0.039185901837904186,0.14035958544655477,0.26762477449618083,0.24863690628269133,0.0393002065940261,0.015797918909951095,0.10122255163354635,0.12620723032110864,0.13995658999688415,-0.2149363896212865,-0.3551259582378286,-0.16480182833398088,-0.0003040308753649394,35.59944391554332,20.490278028000176,15.629216889680889,12.742293474666058,10.888126627529378,13.243359647274573,6.064318021491183,7.722075700697718,13.665050309237099,6.618005353407272,6.536186909933341,6.674234225134134,0.03185619878933928,six,/content/speechcommands/six/1b4c9b89_nohash_1.wav,testing,5.0,Kitchen.wav
1573,-287.068641105492,-17.360077760543653,14.454598537875338,45.794619573961754,26.538685403507337,0.33420513297004417,10.753278072499409,19.4809809406934,7.668752350292368,9.255981242423244,8.345534485483874,12.394790489135955,0.04746135917957872,52.7308068286183,21.52964770967144,17.20723936067344,15.190558448982822,4.165022439844676,16.17119037385726,11.624676659468863,4.1119878797803215,9.06062993380993,4.080452652364795,5.79244953467325,4.503490212912587,0.008876317437360646,-0.5157802796578058,0.4402469903866122,0.45658918542782806,-0.27980155122120065,0.1391025562822994,0.14751801372182596,0.05962906122773492,-0.3920633668169562,0.05098475593665387,0.04201327972372888,-0.0017863754179204146,0.10702538009277782,-0.000218887843431965,25.616615829721983,10.200891961096527,10.361554897371564,8.522263471491724,4.317072687622451,8.92844649766717,7.011668379499662,3.736248819124296,5.326004391397073,3.8166092004313836,4.360365245234074,3.281090063294214,0.0066728306529361845,-0.7151981080324143,0.4684256870487612,-0.0609285061537399,-0.24523571181324696,0.15377197114964608,0.42763646120950843,0.13591480489332278,-0.24854516492481113,0.06138253519861176,0.22600539278163012,0.04615823933434215,-0.068104587384042,-7.032590607802073e-05,22.792905952163185,9.057088658979755,10.690768563584166,9.728047375856004,5.9195823513525045,8.596191550870495,7.4375337493585265,4.389161961654067,5.563403442939042,5.213202479392615,5.092693324442254,4.188009898661556,0.006440865686156115,six,/content/speechcommands/six/24ad3ebe_nohash_0.wav,testing,5.0,Kitchen.wav
1574,-192.23817689835215,-30.363382732849658,18.76605449984045,31.745950058684503,-4.218640449980206,15.569044710534612,-22.639167306745684,20.611892131850034,4.969963225024718,9.78902340852379,8.679187369946026,3.3761577443237067,0.11129957973025739,84.72338421387268,36.753998345086615,25.180911930982397,17.080555004692933,22.837673269466713,17.85882605760705,29.807748744763604,16.31893012028342,10.591364678676355,8.862050820099446,10.262708087500295,11.40014491139194,0.08123723365807897,-0.7868506373951095,-0.7107198343567619,0.7788509499180195,-0.2019072915616437,-0.346984749115359,0.5105786183545773,-0.7846963665440804,0.5655943661148706,-0.25664347141204996,0.07604316499084687,0.3090171928928214,-0.5980263497881239,0.00044199968537976666,40.7007002789032,24.260629738760798,12.984680423994485,11.07095807863724,8.538761268772054,9.022752274094877,12.781365446945557,10.623969060369012,7.396942279689496,5.813299491335315,6.26852136514186,9.262708853402323,0.027356379929545406,-0.6758000493310675,0.6774561475929509,-0.19316857552435351,0.4768761088653315,0.12139713605289862,-0.2748728890570162,0.3049920585448061,-0.506113349813483,-0.011416777623176728,-0.18857629224525446,0.19461710803187232,-0.1326533030211295,-0.00037436050673325856,46.23444281500095,25.053313030529115,15.24209503443992,13.954783366321244,8.630028970651688,9.004808922056434,15.985960304089984,13.1770671670721,7.893765909427373,7.773504885779511,7.844119981740922,11.484812873925904,0.02420580123250266,six,/content/speechcommands/six/9a69672b_nohash_2.wav,testing,5.0,Kitchen.wav
1575,-180.35102655966008,-9.93630771395417,26.789983434725293,28.45077127486549,2.5930624032491276,9.1271761233402,-5.880579533056585,15.40253975677103,0.03513045785316132,5.301461656646715,5.29575485344046,2.878075464223557,0.06612040393520147,94.49132004974028,26.508304995884608,19.185985908075367,16.529180586155533,12.70761901896659,14.30586801749208,15.891471802576056,5.569151551313665,13.284710216824156,11.42654233983495,7.179587499773781,8.091559645236979,0.05653131476700508,0.08817870989785279,0.18714696246436652,-0.16428076867020583,-0.0874178196427389,0.12871609495491892,-0.09426824471585077,-0.1823357234603364,0.021736791520875164,0.2948462069388736,0.19909261481658191,-0.2107898332177155,-0.06452640410652637,-0.00023550918746379114,37.275336990814125,14.907695091950913,9.213408203174415,7.547483513138129,7.309215316004303,6.075395496770522,8.897168076258907,4.740656926108804,5.415312944553495,6.345877755373909,4.1837892795935465,6.070834509593627,0.02218654667027209,-0.7054697785181986,-0.29185778271923074,-0.055035885037605974,0.23665466276181266,0.2691046331047981,0.3009775637815598,0.19980975051383182,-0.20403689955887572,-0.10465101189804425,-0.022259976414361067,0.010696497136502937,0.10859335628844882,-3.562538574139277e-05,25.955462775426835,15.66158807437311,10.62798414422545,7.775286291156263,7.234263450902743,7.151210677581262,8.376991808972042,6.828475311878567,5.687287757171068,6.778203391403737,5.6002973861205065,7.066760551377869,0.012926787660982033,six,/content/speechcommands/six/d5ca80c6_nohash_0.wav,testing,5.0,Kitchen.wav
1576,-300.86995033597674,-1.954077782982563,24.290157297097153,21.203112440520336,17.31136639426788,9.731917250053986,11.367803004876617,12.34964341856454,11.050617387572535,7.254102369297996,6.344369101564668,9.879068966830124,0.028037503303494304,14.22883422425006,12.436321747369359,5.081940593510597,10.920928508122898,9.838586875280193,6.763964753541279,5.326524901682757,4.7111277424686495,5.491265259168288,4.919354672217667,3.8309344352673644,4.010058279023091,0.01006934443702569,1.0135426201735966,0.9647983725111747,-0.23355559673809737,-0.75637587335209,-0.6577029600146382,-0.438523984864165,-0.031073277225407175,0.2948523453497231,0.262232298631686,0.3506232051552291,0.33412577287142986,0.12765750473951915,-6.87063701691166e-06,8.974367184312625,7.38886335679349,3.9577207073029643,4.6525425355420795,4.712862706900913,4.732404871762957,3.743641887202701,3.5995326341892007,3.6061794640190086,3.272190820170087,2.7259321243130015,3.3655395880861327,0.004364109864455029,-0.6600533446489123,-0.22923972562266096,0.37453039764474133,0.25929498980312643,0.2941551055387068,0.16550651159026167,0.06264080089393922,0.11051019614083983,0.17053023954947222,0.013680907610902793,-0.0637658693085687,-0.1787204181288132,-0.00015151246140400568,9.76153157031689,8.114967140354048,4.847774311186464,4.9829241325234905,4.977098109082111,5.461951199981515,4.131375785135284,4.617280391745482,4.570131245438387,4.6125045248566705,3.657238189196474,3.899672662794137,0.003472941482727465,six,/content/speechcommands/six/4c4d2526_nohash_0.wav,testing,5.0,Kitchen.wav
1577,-261.7080610943006,11.242397829028992,39.383285490048536,25.42579721697478,19.735093961322917,-1.69620970348204,-2.505376037150711,6.32876711501778,4.260068766484837,13.038922909154032,3.301410951151044,14.020393413503744,0.06104137335205451,70.1297500203039,31.29338194766713,11.401004723057167,16.18957338232113,7.1138056845866835,13.755374507533173,18.47070202468718,8.149704954411712,11.298869050358642,17.867959447817114,12.269607783424547,10.594213416414517,0.054272653397216444,1.1152654078339164,1.1424902479613972,0.20176870259590285,-0.2448215069520575,-0.7699525103139019,-0.9225565073368397,-0.798513096905709,-0.23052861971007413,0.07058228219490963,0.28039122583806964,0.5886892223900174,0.4485869401519026,-0.0004422327563647301,27.727937815012215,17.60557362981346,9.355524978467466,9.118078528740238,4.519335817904099,5.531498946554706,9.101984445179992,6.8268150073807465,7.219633693795178,8.081887783239905,5.487020938719696,5.24010477293047,0.0259149409251453,0.15025451400624093,0.4770584803240251,0.3399436339643304,0.1642960061713203,-0.07600417761607278,-0.04662140734219153,-0.07625177267982262,-0.16379610718202992,-0.08419715027306497,-0.0795326728418028,-0.0013780989930926542,0.07741738293772507,-0.00017421549806992214,25.016419919378492,16.94778761133335,9.882473227761468,8.465543542363186,5.547216360166875,6.637215437206182,8.919291141130728,9.3037869333916,10.194302062543803,7.367577636421507,7.170635990611662,5.393454309637117,0.022588257122142397,six,/content/speechcommands/six/9a7c1f83_nohash_2.wav,testing,5.0,Kitchen.wav
1578,-260.7729501341354,-0.6929229939522394,30.50435087955001,17.346510192930594,26.2719802009245,2.6692485178396193,4.035181075459258,12.260071103891015,6.026436207958717,6.816904206853289,1.4408554695062121,11.25595737940315,0.06614055778481998,92.88686279258913,49.24812612468748,22.388574752812534,18.77637387447143,9.794268999434095,19.719376408147888,17.27306695904488,11.327112062481282,11.537190684041686,9.767118059272896,8.518353252422711,8.724300372127157,0.07288049453329593,5.164183021576407,2.6787287748687816,-2.286490407387532,-1.7090598551549112,0.5654707401529702,0.22130619168049254,-1.1606296065143475,-0.9372527229860551,-0.35678001856050023,-0.07295448787239506,0.1744790505845572,0.06134151703542003,6.940780628112054e-05,31.090349928309045,19.608842443322718,18.826694636224182,14.222165174966541,6.071375830665895,10.962089445845843,6.205756568636656,7.205075831592148,5.857076930905378,4.608546516748065,4.510061611932573,5.908894323425629,0.03050486283509754,1.308237683136259,0.8077830823069608,-0.56986629206362,-0.12338376299675816,0.2006612195111546,-0.13552129443117167,-0.2737814340801138,0.21793481358712777,-0.07710896895906186,-0.15546600246189765,-0.023324623228769662,0.14618216033989065,-0.0005584840973218282,30.510548420689137,19.866874926217786,27.127054248836387,17.67280172454182,7.041398021058535,12.657113396537383,8.41053613634654,9.161722366624458,7.332519293007781,4.882826249584175,5.358589411176505,6.730657980879347,0.020903609413832798,six,/content/speechcommands/six/964e8cfd_nohash_3.wav,testing,5.0,Kitchen.wav
1579,-182.86556339931417,46.152492950459624,27.373426434421464,14.834455650906987,15.551916491356682,2.162241543794435,-6.497434489705778,5.747654622092326,3.0388250434162623,7.1961081500459265,3.795499554582757,9.646357913996992,0.07566290278919041,87.20812018282365,24.404483848158044,19.825992378902892,10.905395503428725,14.008582901157862,16.535221197563242,18.59854932812402,5.527597074384368,3.8661897796162488,5.346977303577602,7.06269704146375,4.836476710958865,0.09845246163443268,-0.18540160483580015,0.3256908657934378,0.0797989549524136,0.15718331470267938,0.24387983841590286,-0.12005943835377769,-0.11037831812062608,0.04456611971754129,0.17223236317999088,-0.12468734627441046,0.06401043026837587,0.12135827910776124,-4.642078232380652e-05,40.44841229383356,15.890566006872737,11.10624640778344,7.182270292834609,8.945574234551621,8.830090333751144,8.342010073276144,5.6132645328184845,3.0127480537988136,4.562199220028973,5.418119872711835,4.005165070611092,0.04951419797848786,-0.41786402218310265,-0.1015030219423861,-0.00802193601831842,-0.10819680480523478,-0.28509155452123647,-0.27474800685765627,0.083055011048889,-0.09507780550644339,0.13070178299245452,0.033565259520133464,-0.041932851976632095,0.13299264501414004,0.00016577852269013724,34.765554174369754,17.981270452735732,9.876434633306024,7.798380916772301,8.774886393422868,10.51242344255029,7.792339221533989,7.3002547729354665,4.02334569821105,6.222116314019946,7.100504945706225,5.256679822798605,0.045924303363926784,six,/content/speechcommands/six/881583a6_nohash_0.wav,testing,5.0,Kitchen.wav
1580,-279.98466258801034,-4.367057610771942,39.46447782839252,13.818310843333743,7.9962573018161756,1.9021730362100198,10.844619389884134,12.050205059315228,11.125454146209005,9.348844510367819,3.7576140964823876,6.374419824581946,0.024887890031095594,23.130818596718193,13.263817845853394,9.479714507383068,4.678002835154625,8.101542581190039,12.589186792160191,5.756755019984306,3.3775358480707776,4.210141059952007,3.470979780008284,3.9724984980256024,5.224629251207584,0.009144359772201087,-0.0013679828260709684,0.17982306088344685,0.4818070791382859,-0.17945665159146093,-0.3019282210794472,-0.10180739428178756,-0.020792024661388145,-0.20738187516238304,-0.4598477770710004,-0.2793118290344011,-0.4965766725305346,-0.29261025945639974,-0.00044017062792854925,12.449210175488497,6.571302448032975,6.358564361190964,2.835451243529013,4.062131551408251,6.018988477463514,3.696400545099024,3.1499729024642913,3.305556724613201,3.1023828963446016,2.0664760169471705,3.309202858988443,0.003588111866517045,0.033507458200292224,-0.13899286804103425,-0.20458689529538496,0.1527298684324797,0.08323697060394247,-0.15033064474095814,0.007499304826953513,-0.038026680364131656,-0.11407290540363281,0.05734990143986319,0.05849706109250556,0.21144293584356907,-0.00014733442415793737,10.728035442378443,6.527779210092757,6.8275485521549015,4.224665779335943,4.567453703903559,5.94525502797637,4.215028362781173,3.8133737544326896,3.8483036508807933,4.080458189970524,2.5388776648939775,3.696904644685635,0.002972590625790441,six,/content/speechcommands/six/2aa787cf_nohash_1.wav,testing,5.0,Kitchen.wav
1581,-276.2640196725597,-1.571940119628811,45.952699375324805,22.99343418450527,19.207925783479666,12.754539791422921,14.087388309860987,10.845247380395122,5.849333453438815,9.095416359310526,1.1942402380663057,14.92231855466068,0.03856351180002093,62.699815592365965,29.531953784434453,16.677727937076988,9.672497178561978,12.074161594530354,14.240578425012963,9.914140667644286,8.848916089300362,8.985369828967015,9.699741787966717,8.368708204032531,4.908771366879625,0.012033569122811071,1.2866709086500934,-0.02462410764669156,0.14654955760807575,-0.3054223245163102,-0.35722181264194747,-0.14998459972322936,-0.30378384342809406,-0.025521681586957574,0.07128611269316805,-0.06971269541233019,-0.607481017487297,0.11379358232478716,-0.00047050296298919184,29.6657065060802,14.8407387284366,12.049227096885643,6.200993246228841,7.2715850627302165,6.243959513439802,5.505494354248369,4.4711769408400075,6.9268595093444025,5.635872532438752,5.224125862057418,3.6690850463299314,0.006979890560485062,-0.27656527348593535,0.4510686207613225,-0.07777465292751132,-0.03622962588884757,-0.0403088908887509,-0.05776628389624339,0.08091912098501718,-0.008413831932499309,0.20206217163681153,-0.14203069274428687,0.22998263820424364,-0.0708886509534081,-6.617729862531026e-05,26.1302678187647,15.009900448633136,13.301471985474683,6.925212740517541,7.679812028334239,5.061033471288591,5.959267307738518,4.9480406569341095,9.283763967431756,6.67926140011012,6.154635887083307,4.614716485709961,0.006265037697560951,six,/content/speechcommands/six/af130f12_nohash_0.wav,testing,5.0,Kitchen.wav
1582,-236.7897017753512,-4.2927290641910645,31.885908859399272,19.944356793925607,13.45736821466834,-14.907663103938965,5.0486664650568525,16.934069948116335,2.803275934987008,10.54575691033576,1.676396997297688,12.379073999065724,0.06269610108574852,81.42455443107912,47.24088658642764,21.76628147797406,22.249695520453734,17.864030512285527,22.299240071635598,10.834443376216683,10.819810896395829,11.731829562499412,12.515097982169916,12.012086958454809,11.34068476144388,0.03955026688358139,-0.4714339892225179,-0.33182385598658065,0.11922482510383205,0.3514103750271447,0.1897963075011255,0.14699027256718308,-0.1956053828840371,-0.2511103906914502,-0.10827713410758014,0.21057148167773537,-0.004224477769094321,-0.40757974745981135,-0.0007904971078518898,33.73295769517097,28.24622210477428,15.160189991737123,12.07964692245998,9.211353257754732,9.012028938549133,7.937236334182524,6.958287762446309,7.502465604135921,6.64391934998263,6.933277532529856,5.793011316092133,0.016580077371925194,-0.2806091319056729,-0.40738636616961776,-0.3387359745121608,0.07503321352540683,0.16942092994016586,0.07888764777758658,0.12005918858653715,-0.11637447947833147,0.008318997282520613,0.09584903232986033,0.04290363540197418,-0.04150762903804808,0.00012279028693834942,26.285928156011643,28.383929155787346,16.504949963302916,12.854280551975977,8.22985183878864,9.732462824174263,9.53491677648397,8.381262331405642,9.656345659357816,7.73503740278495,7.1514647032415155,6.1693141235747975,0.012599944505432701,six,/content/speechcommands/six/692a88e6_nohash_2.wav,testing,5.0,Kitchen.wav
1583,-272.8265585015527,15.120784359538206,53.556111967689766,23.129992485763076,27.809034256681873,8.892637247246823,9.49152520370319,10.53684265185717,5.701768996615709,2.2573261277928225,4.324467145823235,10.680818550070114,0.04902157277589844,62.582384997366034,40.14203853535152,17.659707966084678,18.36251981107345,8.830998425429428,15.692014558497275,12.235858838670119,4.6242321999636555,10.07569912917098,12.442156613664277,4.534681865857844,3.940416208982525,0.021585620788996278,0.16004228121307734,0.11915292170976326,0.10274230938934774,0.3907240758756148,0.18931145471478245,0.3849542202533424,0.30188511026321124,-0.0668455240200295,0.03807314691899209,-0.10417053639755587,0.006370442139650863,0.08615632802444821,0.0004938463990887006,30.676719463924858,21.887325618734337,13.798286889746054,12.132985961196779,6.311297303171817,7.237580634204255,5.9942123228198705,3.614761725383645,5.369406766415478,6.674368489897032,4.009665987479218,3.531452542238981,0.009153338690398593,-0.7056138114991959,-0.52044408268203,-0.21764193900413395,-0.11119274989861565,0.0274276902294915,-0.07671858949120734,0.10003939710208135,0.09829335972665346,0.29437162600457,0.29433774333471274,0.21788191236467275,0.22759789923698043,-0.00012135756169927532,29.01987332670332,19.59317754601506,15.136678919157205,13.655224879345619,7.658822187485959,6.439931007852403,6.472227432071312,5.2001330972640964,6.487272839611067,7.4387711822526885,5.173633166700278,4.938481555117052,0.00810346448718406,six,/content/speechcommands/six/95ba4996_nohash_0.wav,testing,5.0,Kitchen.wav
1584,-275.2599397609029,-4.776221158125263,46.34879327242378,22.138615933319294,16.505919472309373,6.921745967842338,3.943828769378614,6.674782200087945,6.428866700632213,6.59018172324538,-0.07481916275798506,8.97716394082744,0.036673667607828975,48.55544251630689,29.875170539988794,7.7703933496496935,6.464780796357013,7.978927970876154,9.207403804288273,10.983769670016205,8.075881795268593,6.486292191208819,8.896020514377954,9.48817238520971,5.2630401968624385,0.0064415249274383385,0.5659064128601475,0.4011034410053483,0.14626858310449617,0.024289210055241005,-0.18680079736233274,-0.3459833146931908,-0.11698214367318177,0.3026404414100182,0.17062231266837566,-0.28219774821583893,-0.22934185204081378,-0.2962869574278605,-0.00034814640398948425,25.124431892883315,16.304079939410563,7.7730304547134335,6.113616109416216,6.471036996927964,5.990963488426495,5.600158014227945,5.886413709368041,3.687731242178139,4.434387131169972,4.45764374958425,4.867145387222932,0.003943712079965479,-0.6049087436980737,-0.48268623430605734,0.06658585769461402,0.21645212232971206,0.19933676577129517,0.0803849463816641,-0.041733812175634925,0.013801163370201822,-0.19401706911253827,0.012919599500661683,-0.01638128920338211,-0.019042812204353037,-1.7658621072769164e-05,24.966594542986442,15.80466435732281,11.203154526276561,7.315040883298327,7.333912265554527,6.045417220873989,6.543621295342789,8.235097491424225,4.850113264982696,5.393322611841362,5.436538661271082,6.875183162896115,0.003963261847916157,six,/content/speechcommands/six/5c8af87a_nohash_2.wav,testing,5.0,Kitchen.wav
1585,-207.4373537587987,22.20176925922706,31.560194423597554,14.723545537071313,11.828749664843414,5.2361486026674955,4.655067316684953,4.912649662330322,4.622654926149544,10.80745196987436,5.611649413035142,2.4829771142938286,0.04337561741704121,85.61405144176582,20.510681510796772,20.568326550165217,13.812746765326558,10.796958879945064,9.946417540605477,7.570738155020958,5.300581669091308,9.390882598213492,5.799432080326354,4.209758047783533,9.393257175237718,0.02222267781555143,1.9719342436567853,1.3679208870530553,-0.5190566897904348,-1.3064424044594691,-0.8388731162650859,-0.23796905941590593,-0.24048349312561426,-0.5235049200039656,-0.3003823776907236,-0.4269387449448091,-0.18450353390136767,0.07549721855968582,-0.0006884216300902828,39.77218768761792,11.491892387512973,8.911645735979333,5.236450723145153,5.815818974247254,5.214413640481165,4.571215124194782,3.5625276837449804,5.801044717812353,4.289910577797985,3.1657363766073012,4.879860373433779,0.009280605325427677,0.04911571818456461,0.37494738100046576,0.07028837175286261,-0.15253198930845743,-0.08693035284612546,-0.061709751310133495,0.07310806905278418,0.03525559648221255,-0.050390076488684106,0.14895075391847648,0.19298824650319546,0.2832868427245458,8.734421183665593e-05,42.94491685801288,13.840147452479533,10.533368571383043,5.397106480271947,7.390144591781216,5.101604885880298,5.372844222175449,4.63812127550514,7.160982377656426,5.08168542087798,4.553811226241078,5.944000520025415,0.007252514634667353,six,/content/speechcommands/six/f292725f_nohash_2.wav,testing,5.0,Kitchen.wav
1586,-258.74240353967133,-15.510142125751088,29.551933655967837,34.99589254606638,11.021775286549804,13.667783004774996,-4.850392553110879,18.04047477270583,6.466929365881757,8.69916588845803,0.7585163059573967,13.834319098640519,0.05057224089978263,90.8549929224434,43.48554376085564,19.79952150176007,11.890550461306677,16.474397892899713,19.36993916209016,18.685536401886566,12.86608190815141,10.887881744769684,11.72638628690864,10.448942483584776,5.568977143940619,0.031242316995808418,0.21344294745574643,-0.1889020933461857,0.03597210569215132,0.07591636068457537,-0.011974676582685877,0.15439897079962508,0.09291520718725435,-0.15830439253707493,0.010495131493355,-0.09075596327905598,-0.0038144434609010815,-0.10775116227653214,-0.0001681146602476797,33.97692534861218,22.315850229368166,15.97538140155846,7.061578790257923,8.818127297460128,9.415389806706443,9.265479173996363,8.653927203010944,6.4813909404325925,7.646449447793724,5.7611693928549235,4.29473493454533,0.012205221290504789,-0.07417330615874083,0.06071655673648557,0.19715595159369717,-0.014954777471332765,0.05686951852246125,0.0345498214945992,0.2232948459208604,0.1805715935135416,-0.05130800163450312,-0.023888888978883274,-0.01506326775168528,0.1337239927388856,-0.00010836801181236903,26.340215552482977,19.3011955422443,20.169854667301365,8.7369324992155,9.614556763341762,7.799895077202037,11.947140735285283,10.078554890798502,8.211094821762442,8.966376762230855,4.961020553525889,5.723748368124897,0.010893143435152752,six,/content/speechcommands/six/1fe4c891_nohash_1.wav,testing,5.0,Kitchen.wav
1587,-219.24007935861937,14.469228684214684,22.433218599933358,29.800492125502867,13.248507347035364,6.316830830509371,3.018086115069457,4.356679537711398,6.99221717049012,8.331220391603994,4.0787067496621905,6.259412004445438,0.06557037646416575,101.7405699808611,39.18529253618855,25.576732841808635,19.22969483926877,10.218984650995726,18.223353163024697,14.943807759373376,13.273303982227171,6.2216802500767265,5.895645455611772,6.351756635852749,7.408549054856215,0.046373335513674514,0.09789224863860342,-0.048996933438268976,0.049108046724738404,0.09716190603429121,-0.16903473369450514,0.17138350043795147,0.058899185494277057,-0.23729178863799633,-0.17348086031026447,-0.26635312655561727,-0.037811532340055305,0.03842491472117357,-0.00017596751211151,33.05260417983052,16.82316671518634,11.793414205328833,13.534958662208057,7.860265187783059,7.8452368591884545,6.736902231055541,5.2648696942598665,4.186054555421019,4.354801160252999,3.4479393303740524,5.449679709956168,0.017114198183072443,-0.3843417642271812,0.018485479568665013,0.22246091911845198,0.22249232664327526,0.17193923310605339,0.26045707607023255,0.26644589959236853,0.11950431809862211,0.06593222503467858,0.11894019640685241,0.0278861086897491,0.09219832084378836,-4.652570933103561e-05,33.30493387102138,17.927313252683717,15.18748908963325,17.335791723376072,9.439721710275178,7.365924784751174,6.849525636317942,4.861487872793117,5.875484327692544,5.613693954536529,4.27258789042337,6.811468273314778,0.011086247058802958,six,/content/speechcommands/six/68dd409e_nohash_0.wav,testing,5.0,Kitchen.wav
1588,-258.29742586747557,2.9453190576822608,22.207052068279893,15.887128702111305,11.700721073638356,-1.7425821700497501,9.594349070385054,10.157698501221589,7.160631295842801,9.276660427181602,6.1709535001225895,12.602023648558383,0.03980712208431214,72.27334511266287,36.25214128713803,24.454830958085182,11.279889609391327,5.282670882752691,21.474152224601216,9.399803468784189,8.44433601020391,8.563612933422721,5.394754508883472,6.480378392255125,4.30946911578017,0.030372384340134246,0.1156747501285402,-0.12402678115135041,-0.5484357011087944,-0.442255703596801,-0.0064668872600024555,0.03578619673706293,-0.0749986250771328,-0.2973874755384803,-0.6432297226167634,-0.3563928439080761,-0.1360858523756174,0.062316916166762625,5.971345930330215e-05,46.451622384672774,22.851651512875847,18.749127091041096,7.610462692489464,4.647538983538388,13.338283094183726,5.906243461822631,5.623951451256521,5.457526744337411,4.493770475409472,5.48016366815569,4.185298182602818,0.019384587890485565,-0.5878371148689135,-0.10855650672979511,0.5338857271982579,0.4442959854495469,0.1493183948057083,0.014593457508485485,0.01714972438961547,-0.04547991879445095,-0.07384343790542867,0.11221569258853092,-0.0366921244654149,-0.17345369661810325,8.220163484414419e-06,52.5768008994396,26.542523618222447,22.326462379553828,9.465018858115755,6.430937442972748,15.568675547824476,8.159440195037668,6.665155301870941,6.325560211458629,5.795048683539631,6.19630157222607,6.241260975016746,0.024427504531714637,six,/content/speechcommands/six/7257420c_nohash_1.wav,testing,5.0,Kitchen.wav
1589,-250.2510691261955,-16.64437649151423,25.58034826055384,29.854006850076743,8.676558609038532,21.683905475402856,6.550670408447624,8.758944757915721,17.156936305376437,8.384204984500911,6.462710857167794,9.537811317499393,0.03919362410670146,71.18697777356891,43.68086536238656,18.259942057435673,17.960018532457088,18.661944187711722,18.769376268390445,15.716062896660837,8.066729215662718,6.888998514518194,9.314235433396336,5.217446401329524,4.975921433873168,0.01659525506995487,8.572896432112708,3.934730797022562,-1.9253984975341283,-1.4990239923416058,-1.548897338913141,-0.7749666853554505,-0.45324407600918076,-0.3106382252661837,-0.19600488159676022,-0.9041292143404439,-0.5710443706909802,-0.16150530584139447,0.0019000481453634078,31.98758707474334,27.610251249680278,12.449990455407985,12.857026419661088,9.093503670988753,11.647025705356693,8.790146188530333,5.690260693633074,5.02170629542552,5.870321987049992,4.6092565046413645,5.198905485513033,0.006976005766757175,1.1420423376866249,0.6766997612624385,-0.09804196506439175,-0.012497537229824947,0.3809830943531267,-0.2668000675768363,-0.3215230894346923,-0.07045537112805195,-0.2850030120693506,-0.13851565171151634,-0.08254922357980726,-0.24239843641377007,3.383234143257141e-05,31.37202316286221,27.53746616998403,15.16317342860561,14.178907636373712,11.213061084628503,9.984670884180161,10.735152633837448,7.5402453704005525,6.610732465571337,7.338649990472425,6.38736371096919,7.107437726344296,0.007115792779331009,six,/content/speechcommands/six/cfde27ba_nohash_1.wav,testing,5.0,Kitchen.wav
1590,-240.6016878521786,-16.2534726851079,22.8926602741066,30.1738717199186,0.998815593214317,11.60757483122257,-14.622030569648068,17.435553012961158,7.4435875264811955,11.616621152441837,8.425435835066134,4.873499639305549,0.08232658769702539,111.79822847039243,26.346568743851194,35.09869720020857,15.588444822108388,26.826194442916073,19.156356634705837,31.760927474858292,13.328758091015098,8.94265878653409,8.01674268969647,7.568268213181774,7.915418948889174,0.06777934715769955,1.0835610055484293,-1.5162183877894952,0.8090092740847198,-0.2697477129412344,-0.20603697532242063,0.7692144787722617,-0.7208434273708215,0.6548780620766068,-0.43838017560868603,0.3095746488084692,0.014513053142099093,-0.18912755028315875,-0.0004280692026499779,41.883306745545305,16.942975152398823,14.429517667367003,8.495574950216405,9.781024092556581,10.12979521018661,15.97235000019453,10.118432557306978,5.2211537279431655,4.639260799188164,5.2850629828880855,5.640452549512523,0.023353529504667625,-0.23541855626997119,-0.003521695909737588,-0.0790226898094429,0.05811397225153207,0.25998342940927005,0.15386025984916937,-0.05411391992452099,-0.20650165900520137,0.11153209461342382,0.05143462977493076,0.20290436194931266,0.1344998163152729,2.5879653791586557e-05,37.22460451561761,19.610431810803433,14.04817903521365,9.34023747894202,9.105176926224965,12.09426422422791,18.918441336789098,12.174858478610783,5.352794020533708,5.946199018421018,7.037616801045508,6.605088215809444,0.020630811006670517,six,/content/speechcommands/six/9a69672b_nohash_4.wav,testing,5.0,Kitchen.wav
1591,-283.03981595369186,-14.207176278957593,42.61230573942608,20.86105432657679,11.516483728732485,13.162099355355611,4.19900109493461,12.403932874639711,6.98627117962355,8.934656817887547,6.6160252655507295,8.118836413056071,0.03172907483531162,44.464278261921315,24.097333381796826,9.84235761240936,10.706908459436425,6.824273750868069,12.176997093961498,11.713519753971461,6.132774120613204,7.9119405264074905,6.864014051493954,3.436627266617408,2.9740116516266673,0.007359952242685109,-0.36792880179955356,0.3671301981666902,-0.12923326276421745,-0.17456494910731665,0.12595056670467936,0.022000319074734015,-0.021769120720944824,0.06715451580855547,-0.04121177118778045,-0.03345335093963213,0.20314918821152383,0.07579178320202447,0.0006209300650704292,19.032430887926413,13.225614951415164,7.05775706521908,6.735280398273877,4.402272790647709,8.420523801739215,5.916743590472914,4.039849138729484,4.590351795235246,4.692030754781492,3.109495475725205,2.8902874630319335,0.003516764366171488,-0.39117006776137564,-0.049680436759217274,-0.05770423830949222,0.09975120063631517,-0.05949947014291957,-0.19358167761286355,0.039972574280353675,0.16519301785129617,0.05371040606649841,0.0825444174683307,-0.22152160843579707,-0.13312878038760576,-0.00014832640687624613,14.704695279933203,13.596243791148714,8.864869756857338,7.625954722764431,4.561304681161667,7.85024434777687,6.742965795700608,4.620389283844211,5.319429983612651,5.873611706170506,4.1090976710306295,4.228726658034267,0.0026782374276780683,six,/content/speechcommands/six/62ff07ef_nohash_0.wav,testing,5.0,Kitchen.wav
1592,-254.7822847146959,-24.09803467087148,29.349708997231673,25.1633629196183,13.711440998101931,16.0821194733491,2.2798618851776515,15.897567537561143,5.556752089511557,6.930662588411421,1.7748637733083226,13.083041285144441,0.04255628422833979,82.15585219133457,41.63467774169998,20.945299278852993,6.555824772971597,11.9183952964622,16.50196358398861,16.98216891249132,10.842024708006115,12.469397365823426,9.97336669326163,8.538541949894446,5.821522070043771,0.020002389593222106,-0.12357155238981932,-0.09414176562063174,-0.009651993596904964,-0.1617808636554771,-0.3593082803547341,-0.14648404898822878,0.27771625985489556,0.060805777033766356,-0.18049446350285164,-0.19111896607469525,-0.2021066261563661,0.03483270393890692,0.00015126433103315292,31.716743823822753,23.259189842616777,16.070570881178572,7.356492455024148,7.131128369255601,9.887373289285135,7.315766491852891,6.912233844284081,6.067859746616956,4.645964451610939,4.544074934948825,4.875123338647403,0.008905235917418161,-0.2443397520657546,0.01612141097348155,0.30282521133071943,0.31711579753591745,0.009271511865797895,0.05835190296771735,0.22866552727517023,0.3266513001785913,0.13703170357719177,0.0828411362449651,0.06124536319115202,-0.036806162323842616,-4.250680406888326e-06,28.38010859244144,19.18185367225689,21.908107909071276,10.347970521538432,9.366731472585451,10.022439242549998,7.705282021010728,7.485915552691347,6.962541180629493,4.599559072771641,5.903089893914656,6.445302532448216,0.008594960273868295,six,/content/speechcommands/six/1fe4c891_nohash_0.wav,testing,5.0,Kitchen.wav
1593,-229.86551387962635,29.489182844093655,33.336532301052756,11.615481124678555,10.788009420811438,3.186615030975426,3.1298424181694235,-0.1457875952236996,4.481324950718477,8.762884473186014,6.217052240586334,7.731404531621002,0.0602373446454294,59.97826980781222,16.91425745439531,14.227549341610468,6.575160999108997,15.537170860861947,16.941703171223217,9.078867198591112,4.317858973389578,5.7154499537731365,3.070524641462619,2.0280430366646254,2.805477813390742,0.04611612970869153,0.4544582265149797,0.08522819468380766,-0.01822252831496164,-0.05902238785617585,0.06542880023224053,0.06838159907366226,-0.038256123551500584,-0.1141095123929885,0.060817424385365276,-0.060234134847969405,-0.06261160175566174,-0.007968669048454878,-0.00029500027097040607,27.436329002046673,9.120353166605423,10.609012296781017,3.342139701008355,8.796801278228601,8.78751358425147,5.503054433012136,2.9712542914292714,3.4487015328473185,2.817266018613908,2.06389339263393,2.6598744015661238,0.026337898248796215,-0.10947309076970745,-0.043157524186671854,0.17519777735815012,-0.004196290153347171,-0.19794619878689612,-0.1286003593113674,-0.09535818439893351,-0.005072315997069343,-0.09045655292122697,-0.05263631211085803,0.12039841978996743,0.1980750216185753,-0.0002808635433514913,20.99261822183373,9.590830908658177,11.777295929869956,3.9036322782618753,8.055349770827393,8.989519904194196,6.214500315687429,4.099348469904292,4.34244042644902,4.053002171278196,2.8022390789307967,3.996117852303235,0.024973830476305383,six,/content/speechcommands/six/af7a8296_nohash_1.wav,testing,5.0,Kitchen.wav
1594,-175.4244296934982,4.868675371373653,39.93678929166056,20.047846960401344,13.719037796800642,17.141921713144683,-10.141552099308768,10.4340327440531,3.9840959394320077,9.476049649600725,2.132030212978523,6.850442005476445,0.07165421365061775,80.85768743190852,40.647608388892294,14.49918356046176,13.14825019403895,10.562966490502257,14.925135975842396,19.841815942060496,9.76073668471575,6.374465425921629,11.535046465659383,6.606356018077633,5.22049452231692,0.043100574148987394,-0.0324442821185792,0.010318699332212983,-0.05523719424736358,0.26546759937784464,0.05638435356596338,0.06445143103029308,0.12955159392413018,0.07566447117677245,0.10492782302623388,-0.027283561217233757,-0.11274266917839357,-0.10008114050864494,0.00045988204017762213,37.75818420834963,22.726549050934192,12.240002301646081,7.7760247044482975,6.2550231087139885,7.3635383754122286,9.821348189577906,6.032387896842597,4.603389102300914,6.586236645946872,3.9388906417183125,4.548720322867973,0.01875485829601727,-1.5014898733839195,0.6675310471886803,0.11030202851977507,0.21801212965011735,0.12437194670015425,-0.0685896907360957,0.6328277601269043,-0.15219099788462337,0.22142117648462178,-0.0537288371200594,0.12883038705869268,0.017280892256510208,-0.00033814174433549247,29.72411769848567,20.223577271879087,14.12880605381889,8.614924791314198,6.947059906277952,7.796450664485876,9.73125394116239,6.895958640372532,6.034033840768955,6.46866980464957,4.432108062244493,5.711685198165788,0.015564757528160856,six,/content/speechcommands/six/caf9fceb_nohash_0.wav,testing,5.0,Kitchen.wav
1595,-275.30188913830887,-17.439947932485794,32.095892311694016,26.499609974187322,14.245965348878148,15.419182997351164,1.5055258874846174,19.86055235417539,8.895389417764264,4.839688177840334,4.564211200966837,10.332058607951238,0.03634084796067327,53.05814509443448,36.13961303883555,12.13129162649914,5.8583804850440355,7.714828087004454,19.35747621415724,14.872546467749455,12.265211241837253,6.344703411759879,12.562823216727093,5.16467589716394,4.644248761830725,0.006791676436540314,0.31429169949859304,-0.22813657110925747,-0.00270222866463831,-0.1869634673576421,0.07916069777084221,0.23811005532278667,-0.17319363971522186,0.1481743700378976,-0.3180198863094567,0.20519096657050914,0.2575269874865624,0.0409825164840414,0.0001541801518009555,25.391917679866985,17.15424612449321,8.669664965678056,4.689096209397291,5.531993224966274,8.900735160507477,8.160670606863563,7.465565880054714,5.427447088455138,7.3472178087544595,3.7898211826726067,4.270462390862215,0.004184852507905965,-0.01307675862378801,0.49665084443194424,-0.10862540080080206,0.20083229985289844,0.15496156329917601,0.006057466615769395,0.15667991972281653,-0.0810622037392139,0.4562695698039069,-0.2000068368043414,-0.11695933014288216,0.08546360926444556,2.5708352526028953e-05,27.01319612118085,13.033780302042727,10.606386027228663,5.942033380078952,7.356692884387563,7.426096053263399,10.844526852588901,8.206676123377548,7.124649822318899,8.58802313401673,4.288794088673072,5.787449865855777,0.003614801503477645,six,/content/speechcommands/six/c518d1b1_nohash_0.wav,testing,5.0,Kitchen.wav
1596,-169.94579952803747,30.830307401306627,29.80401223246031,11.689883974409952,11.971320445838892,2.041240415532565,0.6867866515140231,9.099178320469129,7.41101518588043,10.227111393908174,4.636740821109036,-1.8596295162094028,0.059315554826753214,101.37822044524653,13.862421008283972,18.21871408361451,18.101530092092105,14.24839072589945,13.251036139145109,11.543759190845428,7.64888099904793,7.912484281707666,8.945940758067904,6.025212136658531,4.732230191460611,0.040595220083010246,-3.3104358031796712,0.9162028819233106,2.0866062686228113,1.4353566813457712,0.7898850722784957,0.8257380310425024,0.654549666180548,0.13093192941679077,-0.014376801804831663,-0.8156588604136957,-0.5169303148970306,-0.2156520810924104,0.0006375280359098988,42.341014899982504,9.316050484049967,6.919612637000255,9.037642362519449,6.967723621720541,6.427396129837367,6.845942076711945,4.749750479447357,4.410343649310216,4.601491035948306,4.897883314997427,4.3324899239053725,0.016039952604607333,-0.0352901196766022,0.37004379605838245,0.33428859215432877,0.2832616716293674,-0.04111366679479289,-0.31822599912505894,-0.12534686668886189,0.011476784578741513,-0.14491313072835588,-0.14116766047765494,-0.27669761380576346,-0.07123356000388884,0.0001279757668574651,46.37756935496747,9.671026478402228,7.19443237778677,10.045176716684118,7.520984601305313,7.6670172771922,8.936141752263257,6.496740934132035,5.922668335377107,4.967908550435437,5.387956628310993,5.62574861974566,0.012763661083755451,six,/content/speechcommands/six/b97c9f77_nohash_0.wav,testing,5.0,Kitchen.wav
1597,-313.6186496625675,10.656788032880023,24.666626470288296,28.854335521610338,20.32369888827762,6.707402294352793,15.788807943384167,15.511442828035605,4.932719246750912,5.961393427008,8.431961279270656,11.352675073414316,0.03672508388990536,58.79367069992385,17.255571401052404,16.742158265789573,9.035342910151128,7.506809874727407,17.23386753962639,5.916776842568551,3.806917664795429,9.278215143923452,6.196421656863271,5.593993444344778,3.9264456987794047,0.012719262566529192,-0.5126935304011117,-0.12152942442459225,0.30076306173955225,0.02595025583007492,0.0935294697703938,-0.2266232198597636,0.041540300196213964,0.032220506625550295,0.19645935229864644,0.2832455341408911,0.0674081439410638,0.011240183752236484,0.0011973435119275123,24.909772752306925,10.109328929616375,10.562673012813267,6.583656462179256,4.406603721736966,9.256430286709053,6.089391250569337,3.173562986176901,5.257256496141195,4.163457530533814,4.870517425816754,3.415927259166181,0.005144897510526491,-0.5395718844902623,0.15722468672593012,0.3272310469619674,0.32147794450831935,0.2179079634698662,-0.013156457779454496,-0.22064711716430196,-0.0860448575364611,0.15674900706959,-0.009273821997029537,0.10823150460121647,-0.12973321746914654,0.00015967159221569698,19.054018801569875,12.812005515167446,12.108582060925311,7.128453269292748,4.72880493499905,10.38667645871297,8.540647155483809,4.3122034626071075,6.711347836641192,6.045194170195458,5.743749517506504,4.6274055262140426,0.0039836961427041,six,/content/speechcommands/six/022cd682_nohash_1.wav,testing,5.0,Kitchen.wav
1598,-219.02686794584474,43.83566754649047,25.9325631172268,12.184094385713106,-1.154160323132508,-8.196523102181718,0.3286793114385673,3.403021091049296,-2.919629870922497,9.75288507702969,3.4933616846866133,4.497420048669963,0.07380698539782315,103.36234744586861,36.856733770179375,14.077533583241594,21.108990367094002,22.039699358013834,19.874510720851504,13.151620325199502,9.597571619521698,22.03503089728421,5.336990848301518,4.75275579266976,5.670525882642026,0.0700430076747387,1.209678007237949,0.8374265266226208,0.044135207166743476,-0.3348421217452945,-0.4469068978830085,-0.4926556046324001,-0.37448309483925285,-0.1843723467613698,-0.1071830031263897,-0.30932547165923524,-0.14875381117938585,-0.36146234991474,-9.539038423568971e-05,34.14895099354581,11.497918542520367,8.280612806234059,8.855653588846527,8.687505285692835,7.866103748579047,5.925363739793388,5.044136059257717,10.39117898182476,4.808951595941427,3.324814849015013,3.173540465145876,0.028589473615133323,-0.740271757614164,-0.5779199193677365,0.08738478632695497,0.12823190513096042,0.1776916719638048,0.15180076471842968,0.1364522132651887,0.017793220772855552,0.2962923664955194,0.174329661552596,-0.05158790244607418,-0.007504788396654109,-0.0003068977346022924,29.35478169974709,11.047981657424819,10.805934544596624,7.9361868133154685,8.81151660225458,7.962991875731544,6.785612883385769,6.834646563594064,10.830027537427126,6.2635718806447125,4.671221736057583,4.2527170394250176,0.023435662197627508,six,/content/speechcommands/six/8c7f81df_nohash_1.wav,testing,5.0,Kitchen.wav
1599,-297.8772520104401,-7.94961822576342,42.7211994863559,25.702570852735214,18.974950174148912,7.410939347696998,10.849805940287487,10.664594143188868,7.177990708671048,1.3542917934183483,5.242675961949579,10.677919155624465,0.03264851641142741,36.78540642948577,21.179699500998968,8.473517287149106,15.219862940393103,8.976216120500736,14.848078867920178,9.245687635106407,4.280353379522847,7.929555260284902,12.455443407056158,4.953254595383075,9.39688429415582,0.01390042863132554,0.12142110491546712,-0.004147428926789908,-0.2466074772783132,0.21069468343079262,0.20177624773931127,0.22585231356878013,0.08164596713129986,0.06709721685693053,-0.06600011912111049,-0.06469137451923415,-0.14380602606840553,0.14825737587236296,-0.0005496545664725765,18.469356607832005,10.37380097627972,5.506711601372345,7.664855126580257,6.42002005037628,9.047585311872998,7.233140660671043,4.532126187429211,5.779948346032284,8.115700033265107,4.556549596939837,4.219980419730806,0.005618935391064355,-0.3265578623312289,0.028737902668443973,0.16012502691787678,-0.03263455347198582,0.011697198582292146,0.3995816577794638,0.3698173196054641,0.14879900855584155,-0.12355980543907955,-0.0645222243051841,-0.017820147172493576,-0.20029772165151669,-0.00015192795544862747,15.28258885304425,11.426562936736712,6.838130492462674,7.128873774421595,6.5067927092271205,8.581427190558497,8.487270770170316,6.475699346449408,7.843833523769511,8.704790661804495,5.405430704387636,3.8439994187866797,0.005742522426105099,six,/content/speechcommands/six/ffa76c4a_nohash_1.wav,testing,5.0,Kitchen.wav
1600,-309.86108425829354,-34.154378648328674,44.824317472297345,26.368338834131094,21.686657907194846,12.250988151150494,12.786404352655657,11.32911026142084,8.699917020382616,8.827598718174997,2.7432253422338273,8.807555758775148,0.029207533749286085,9.865755268507575,11.414286629967423,7.4969700345175445,5.184394446681071,4.118096694507007,5.379692673776046,6.2451686118629075,6.501013209657384,5.807615204288652,5.448709154177366,3.599751636446286,2.797767515128251,0.010720656123913416,-0.2562947708935564,-0.4067431164895781,-0.1530369663938457,0.17506047707540678,-0.33794351005288575,-0.14257584104772436,0.1879503041223697,-0.051670625631716816,0.16886361050532955,0.019912988692008717,-0.1447598926916254,0.14014968997027477,0.0006012791287033788,5.4993039724704955,5.374155882126924,3.446334449294135,3.209082473661642,2.420213556472877,3.2913871272099295,3.8508004276364707,4.0297627566832075,3.987566052667111,4.583264016568434,3.3120441505930844,3.158465771355589,0.0057422498593844035,-0.3915608173834509,-0.20166438637388423,0.04950132509359904,0.1506942292847943,0.06154070104833676,-0.07776237073506564,0.45053318424543437,0.10386973654900089,0.24668300725223424,0.20010093584282682,-0.07570250894625398,-0.2921842898960095,-8.882026498516401e-05,5.2047054531255466,4.437025633013067,3.457539500346362,3.581421821320352,3.045739169235057,3.2083502154534917,4.505504877564056,4.424458009843817,4.554490797040844,6.110846384775713,4.580351576085542,4.115351026325222,0.0038337363098272007,six,/content/speechcommands/six/3c165869_nohash_0.wav,testing,5.0,Kitchen.wav
1601,-262.0988354604568,22.801087063992625,46.10720728148188,28.232127513224654,23.944787823191152,6.475520588144969,10.647030792663342,9.657849861445625,7.487701295275081,2.5404937834366685,3.051485201085566,7.123204673240432,0.053434773813933134,67.47302567966526,37.00035981627345,16.904151825244032,16.227125684276785,13.29509942658915,16.04460886293078,10.727459500033655,9.370328243917578,9.74488837303049,8.631498465248093,5.073726865189162,3.9098422122588823,0.03530980207100908,-1.2717170403476474,-1.19947967928794,-0.43785450217591154,-0.19754397468753634,-0.43063129312079385,-0.1804963428498978,-0.0011094005724232724,-0.10161681346494207,-0.05613746959752606,0.11178814139582137,0.3844241120073185,0.27381819585686074,-6.812883000220023e-05,34.09162069183745,20.548945911825196,14.533547645576096,10.444425199773288,8.098418050777804,6.880138032536264,5.231129921976016,5.8227709411424895,6.2455555796633,4.4765767116252,4.454386223215448,4.273439621184481,0.016970446182104904,-0.07220702859856752,-0.005109209926466344,0.1370510443204568,0.14145640580897906,0.08676003007442361,-0.04219774183706845,0.03741103119656663,0.17849094201960183,0.18523599553707015,0.06366276011989068,-0.16242601886752778,0.00856415477011776,6.934652725855509e-05,29.235758995639195,20.353945028195074,17.68259665539068,11.71563663881391,8.664357916662013,6.813519863724061,6.925736589759048,8.113018783454034,8.775969175984361,5.225995413280034,5.679382717817708,6.044516458171909,0.014448878492779763,six,/content/speechcommands/six/95ba4996_nohash_1.wav,testing,5.0,Kitchen.wav
1602,-234.6182042365743,-0.6039263774613586,28.750783168121288,8.540750814644223,13.214445522457218,3.060055309565084,4.377987169197102,8.730514748195542,2.883888356406256,6.955902749239638,2.1310521949199037,11.431267223556489,0.03936863213311881,58.14690158777356,35.224281438360116,16.951567451879907,11.060073650383188,12.168413430452778,16.64584416569311,11.500577753579233,4.949659288619383,6.81628279725724,7.359481558080423,6.110305783817004,5.742567884654252,0.018763447495160474,0.49110544066078243,0.1354399165502657,0.03226995573537031,-0.14615447411936666,-0.11682180371315305,-0.10063024375729757,-0.17048519839775853,-0.12008379953774688,-0.19680116645355608,-0.2250484151968648,-0.3671485892391421,-0.5033616145389529,-0.00029254350210389783,30.26912782711799,20.35250606510109,15.479707956597169,7.9459501509841015,6.13032373676633,8.211038508371699,8.934831110232052,4.551913035358666,5.6814992988698405,6.613551538954921,4.693495409724929,3.797779443318143,0.009391461657470294,-0.5141986541826251,-0.24812554213916074,0.21588996581123396,-0.02036295762713897,-0.12728356489194154,0.08013016396223206,0.05216390264666468,0.07072090594585388,0.19691172596687073,0.39650079573889896,0.08470589744219366,0.03230421913665357,8.20076713959376e-05,30.692795235731584,20.22869784790949,18.52304438938654,9.786525017496858,5.4609767590486396,8.560057006781731,11.392101278953174,6.7971993305460625,7.926360344382758,8.692400769741356,6.446060857240718,4.7442854566327055,0.007582351155244521,six,/content/speechcommands/six/cc592808_nohash_0.wav,testing,5.0,Kitchen.wav
1603,-96.5005193094567,47.39195769308897,4.575537128769956,26.755116783452678,4.17334215513163,16.03653231012289,-2.7693025911251024,3.4239930682020736,1.068089937277506,1.5567498246447375,1.184970364430288,3.15319753945488,0.14977080945391208,100.8907821733425,40.55876240250246,26.963245812170562,23.877298082665334,12.666677036768649,16.392896370114826,15.441697864923425,9.558518099767149,7.767198866840128,6.069905502830787,7.427866460230511,9.118694398348131,0.12275349340029026,0.3013914168175408,-0.005830101813135831,0.5332897711046558,0.8927882343907301,-0.05141056959607949,-1.0614603796301034,-0.7262509671094959,-0.0962415161047425,0.3250945669220751,0.045000952740311385,0.4250897507120507,0.7406665052667372,0.0015366243859452585,49.13751860308033,23.91035019769603,17.517362056934786,13.235069951405452,9.995418375320607,9.265043411318883,7.870311334968123,6.949203918047641,5.23370103927834,4.1596241333804835,5.0926730231775,5.746798166716133,0.046317698025552315,-0.3692141814474494,-0.087929095981724,-0.18644786595397184,0.19497003808176702,0.2509870123947181,0.07886069191332161,0.0027794297928781593,0.08421914538796337,0.034164279240978555,-0.022014662274205142,0.19953550542359988,0.03394050873768541,-2.4453364312648772e-05,54.6587323267633,25.680980025517954,20.21550546646385,16.367096999262138,13.30588886932579,9.731948794686557,9.889690601803256,8.505694213503293,6.507781315918963,5.893310881713473,6.539452907606944,6.910234041395856,0.03677606762926483,six,/content/speechcommands/six/e1469561_nohash_2.wav,testing,5.0,Kitchen.wav
1604,-246.12550595213108,-10.089760569843138,30.335538148269457,35.594046901363285,11.607644662847488,18.15701162963495,2.442879126339226,10.324911497010005,10.125969145238088,-0.3991625439973968,6.3063013277029425,10.676270566564835,0.06182686809916049,86.76423276920272,41.26802692065233,18.471867644102296,28.886826778084824,11.575754981128483,14.841861796015063,17.320793250262767,7.423021763678213,8.923712642279245,16.56970469285867,5.9483446781305025,5.559756368364032,0.04698583206097046,0.7824780473353818,0.23043482527743367,-0.5925962236209118,-0.26810667346238487,0.21503241365142706,0.5165756879224073,0.39123947002374,-0.26521269166614614,-0.5065042247577287,-0.31625087716895744,-0.1139967906796122,0.3023933818592412,0.00019050762057304382,33.65608641841786,26.62249781018307,13.209289435746348,13.388100638266597,9.228068525441023,9.759205913122928,7.755887805537222,6.379371909989248,6.69626153112037,6.121657737200214,4.633863847972238,4.620032108675834,0.021970220592545452,-0.4363909129045903,-0.2944341984921036,0.09878731900167341,0.08973933601275182,0.10443378622524753,0.07365159529040331,-0.07647888975117283,-0.17666409542085418,-0.02370524692221772,-0.1248273810700307,0.24321085537112103,0.0007135793670358955,-0.00017302663375933964,32.86649806885088,22.348888503007245,16.942178116473166,12.3846390822557,11.487285241399055,10.34332888660601,8.503991687878028,7.825541301702351,8.923556763724479,6.27485809259116,6.11833402602819,5.216914704074474,0.026228070070567534,six,/content/speechcommands/six/e1469561_nohash_4.wav,testing,5.0,Kitchen.wav
1605,-270.65713819608766,23.415726615410364,21.378159366324482,4.296810468996457,11.858903358772949,5.093125428228978,7.708626787143479,9.656316661948527,9.64670365082639,9.433209528218459,3.6501108773029247,8.42974379415984,0.044106117711635306,54.28835164998021,40.99321288428652,11.18469629693909,17.26800152375301,12.981311579005968,15.906100778085603,16.297559444642218,6.7454648086279665,6.593925510751309,6.580148227078616,6.638963756665014,4.535539032906413,0.02401322098386048,0.5098030936642005,0.13478763438697905,-0.09453079870228348,-0.03154651185356421,0.0034365404317557497,0.1377187722966942,0.4516447685005068,0.1733413143332385,0.16107305664841165,0.16483443350437305,0.33440002984696243,0.3825446729265462,0.001077471421130242,25.53876930835297,21.08799348443924,7.794968387815202,8.428842813069242,6.444530002754537,7.5948256281567605,8.326356643791934,5.909655704506382,3.31420903004318,4.646180741454234,5.515122396460223,4.740723925317521,0.011291282319511585,-0.04751964427602313,0.10762432995741916,0.3133462112904045,0.08376428072306367,-0.023738727348536118,-0.048960422454769476,0.034773509490411844,-0.08583195659480852,0.10686133327172721,-0.026589821104169017,-0.06629660748900293,-0.16167017561161076,-0.00018658920501669248,20.352381080223765,20.98408024747479,9.883994107692688,8.376079982673327,6.984885782339063,8.13273351641452,7.529456129776576,7.529815443441676,3.953919470875521,5.5636769935189365,6.855182032169544,6.3920511105104145,0.008642431834492889,six,/content/speechcommands/six/3efef882_nohash_0.wav,testing,5.0,Kitchen.wav
1606,-256.6756151178417,-21.257646806715854,48.65418311326334,36.468125647517176,16.220353905123208,15.958643391322944,5.607161664783973,9.063446851129438,8.255563623843997,7.271105246305526,6.0046817826775545,5.550205496467403,0.06347711413400248,69.27662925439634,43.34749240004385,15.12467490379,10.613233318252604,12.167208665524646,12.806680912765168,15.03010429984932,9.989989798002,6.683840379886747,5.538885711535903,7.583777119215625,7.826460042819627,0.05776242221394717,-0.703943894631517,-0.9925894477818654,-0.13324798251711362,0.1499812858359534,0.2838463406663476,0.29182661445797015,0.18907871628037742,0.2630010552809165,-0.1666154943695194,-0.02432235509625126,0.1841803665561043,0.19594681593848537,0.00036715481790804095,28.07909345436609,26.63189307372828,13.315942155096177,5.445618053203438,8.257623583006454,8.982762837838582,7.262149435442123,6.515737354486686,3.75547127721346,3.5101677104924915,4.874354936626671,5.7475519955551775,0.027071851287234126,-0.9242307371635718,0.32643881925922663,-0.1950148383921648,-0.3132016347861428,0.517256180255346,-0.2683003009178161,0.36878618721618983,0.35348413377885557,0.01597848094848701,0.07561917467247893,-0.1677198911655626,-0.3166390582614161,-0.00019881843278805414,28.58023843341685,26.9151549437899,17.9848422763465,7.021295800700978,7.560056584116318,8.35264639609196,9.94890628077791,8.425934869405678,4.329262803790115,4.500199992398311,5.86217245640844,6.75969111888417,0.024239560645428135,six,/content/speechcommands/six/e41a903b_nohash_0.wav,testing,5.0,Kitchen.wav
1607,-264.29739944991616,-5.166149367119598,41.340530135780696,32.33284884701887,13.285582846628337,6.1913622444634,4.138425420063681,11.857811867410067,4.697611941323808,0.7522684480385604,6.401186762601224,8.340968312285757,0.03777681241626851,57.59615917715872,14.84845888919756,19.413863410804552,13.264843689538301,12.623326137376857,11.16522944158859,10.422408408417235,9.163011348149524,5.542651328057395,12.198109830421203,6.123708014773065,5.505245776918225,0.016328913280188758,0.08536735538455278,-0.29536974922158993,-0.23463228548849274,-0.23890353181890223,-0.20390967343340116,-0.05077830010785061,0.23018381922055817,0.21986506945264156,-0.2310382359080648,-0.41227951093632303,-0.058959265508045304,0.059704206959259404,-5.2177257114841095e-05,23.567491317028384,7.529669764616688,11.0349923710751,7.228914130476055,5.868853933517062,5.965896668905011,5.3231940981675425,4.864565288060724,4.209690389974289,5.913787221053403,4.635862843293025,3.832293421192615,0.007963886405230663,-0.5836254100523074,0.07770835054604615,-0.04194197015404318,0.19673639217927294,0.1596113933001631,0.09132402020140844,0.18614524871437785,-0.11923780707639751,0.12908402002198266,0.13070005691301026,0.4138817567485408,0.11924674021583032,-2.4478137493133546e-05,19.802332416905116,8.653984904161145,10.461459453414612,6.643910672562524,5.1491460633017185,6.352046998356026,6.661084805638131,4.37564871587507,5.7171927171473484,6.1301452942191785,5.488151798232057,4.883112081815585,0.006800460617879096,six,/content/speechcommands/six/8494fba8_nohash_0.wav,testing,5.0,Kitchen.wav
1608,-193.68862733400175,-14.521681400983963,15.650224008432808,20.541362449203177,5.7111029279021865,-6.2878735239465,4.29004171177971,7.421570609761408,4.587367934911539,7.340101619308127,10.265852675812194,12.332764684909067,0.07037643622606993,64.93259427106372,23.224821106080395,23.122204157380647,11.220912881054566,15.827956386653296,22.52201398196858,10.118558717928536,6.563891066720602,8.686763160624825,6.159884078124702,6.046830907898108,5.137177432637648,0.053927653710789294,-0.7805074063953863,-0.6184934908536412,-0.035378348303831283,0.30628315714062065,0.2064806898378605,0.329126667956118,0.3207586325745157,0.22785622050577478,0.20031774463577212,-0.09659483960568879,-0.20779385399292052,-0.21333557687458407,-0.001050073052606275,27.831483075194527,15.52447578334374,12.678101433960853,7.783825217838918,7.473748498832166,10.39759504629541,5.874213307068123,5.129944028096178,5.157590339783093,4.2176721375819906,4.982602457254968,3.2982691610628674,0.023550846251277326,0.041466222660459566,0.3580989760679002,0.0796382222611984,0.15775007938095756,0.2516165054251675,0.3555725515094311,0.2310928544197127,0.3093746079256113,0.048496410963965356,0.1677523388212064,0.04397104034455956,-0.10772130312814958,-0.00010065833727518717,22.41802586449333,19.748206324242716,10.80880226778935,8.93009232207261,7.1547260802004775,10.307919809887741,7.240111763355779,7.137304963364911,6.5482041907383435,5.6035002103258655,6.378198968934854,3.895129507538608,0.01748080286475153,six,/content/speechcommands/six/798f702a_nohash_0.wav,testing,5.0,Kitchen.wav
1609,-218.8159924134885,11.730648154899571,24.05628633978359,3.4897855781637372,9.252626827609333,3.3719001452049806,-0.8972469380932692,11.993825273128493,0.9085037146561769,11.308705703125304,-1.0342517605602692,8.368821888700646,0.036705119328366384,58.672644486042444,43.323008167007586,21.377831245172434,16.54221975474749,8.573296037092211,17.48272730604991,10.141604245028708,11.51263921641586,8.240538541940472,9.974269163255572,6.335098674747366,6.372241919229687,0.010570646297918032,-0.0255093618113274,0.15397873957378955,0.12591143130146365,-0.17088066577373306,0.017926738319819543,0.2002000161439978,0.12481268403193382,-0.029196137512420714,-0.0849245296739606,-0.22305791619793874,-0.519204770511278,-0.42248266527002826,-0.00014351781171101791,25.24581465923589,20.429268264844247,13.01875037293317,9.129044647373187,6.809530696586149,9.397538576237354,6.112980329086896,6.73633248459777,4.92935594488941,6.558950659851631,4.982346323277009,4.831277761028021,0.00517216992320668,-1.968327859906558,-0.29428993308425805,0.11687454101551595,0.6642395577507889,1.0372640159654918,-0.04791400928926308,0.46163500303708926,-0.2579679665936436,0.38316281295018,-0.034281661075199,-0.22972496761164926,-0.289036574745542,-0.00037270210683345797,26.683729858787785,18.504197435365242,11.970432746724438,9.348415198508096,6.665214402973461,10.626286784347904,9.10988340560685,6.6053845042030295,5.577412294120481,7.208632912063119,6.464139852657393,6.3308656647643975,0.00496923456183739,six,/content/speechcommands/six/4a0e2c16_nohash_0.wav,testing,5.0,Kitchen.wav
1610,-293.9200951935751,13.885575206252787,29.032792898631342,23.93475395993186,13.776347146060846,8.685031911724867,10.68992547321196,14.975113822616121,12.753758855959497,10.796804895298223,9.332050727942995,9.649572448679633,0.04332384903682396,62.72738143139862,20.06877906893619,19.11628646994454,6.069271914392071,21.11213022491348,17.199012169865473,10.202826686429185,4.224257954477874,5.402809711524611,7.098547310985135,5.9274016021561025,5.881475256947065,0.007142895948331632,0.3718288803376962,-0.3467902157712616,-0.007242903161791755,-0.4033680613537282,-0.25380262068346016,-0.11765627810009903,0.30237160967019183,0.08985553441480834,-0.4437229061761097,-0.1697385678260357,-0.12532488447038512,0.3890549937428751,0.00015858945346647693,27.591807098092957,9.649031940272632,11.607587952600273,5.435207431947374,8.635682342738797,7.129060210381165,5.628513947420107,4.394806218812103,3.9224937089783594,4.560706133367318,4.27448764301138,4.834912849264201,0.003524603110134008,-0.8818970559991594,-0.5650332575072858,0.5682662959932078,0.5966148828483767,0.19600317474254492,0.08062411535399695,0.5591373158112428,0.5175934308001245,0.09522072246276056,-0.3206207805401234,-0.12914225687133166,0.1560840025692394,0.00013292270402113596,21.688401910389814,8.948676017767198,11.960470029521947,6.857749118895117,6.513661790758333,6.9190114369267635,7.13853380960947,5.86875268257244,5.410489783238005,5.959585889769907,5.361093829517195,6.451872360795914,0.002883844010088673,six,/content/speechcommands/six/daf230ac_nohash_1.wav,testing,5.0,Kitchen.wav
1611,-248.84881495029293,16.271028327992063,37.48269085684187,4.859488766331677,12.083269403321776,5.923411171697126,-1.4285497211590128,6.468373262775336,7.781224039115024,15.933726777981214,6.8332933818711385,2.8776817428563692,0.041258026962168515,19.5740755357744,17.51134438129208,8.970801204808586,7.393061736338503,4.369034820794887,9.67380814035947,10.448582615151377,8.598008294291649,5.979387788717419,5.901566298898507,5.953577184385651,5.6639650203951994,0.01525886984141187,-0.1691430019700328,-0.15449480131222304,-0.006781896879870935,-0.03344656263079808,0.14430453684761127,-0.0904507231879643,-0.048514223726578515,0.2586903210195531,0.125563352228767,0.10421814835499252,-0.0717418920734967,-0.3593159090235999,0.000933800854029194,9.361625021266898,9.488466734502802,4.9658815067204465,4.93595384054905,3.328920267095853,5.448720895496784,6.299731278087893,4.5820635508319425,3.3649425617976605,3.917428565645543,2.7641091719155018,3.4820920083362803,0.005664608593834609,-0.27569693119158006,0.008016166764960354,0.07586449132172438,0.05947238065451632,0.1860908368646072,-0.020569739198989426,0.03200306295623469,0.18314163008433398,0.028903239641702782,-0.24970883390667176,0.06343197936932328,-0.16319264006733128,3.476863106091817e-05,7.9558721023081915,8.256864942103451,4.8657229948446155,5.5512022578448,4.5404163973999,6.01341462884784,6.2126310962744515,4.624318293566508,4.344356346264655,4.643422577111529,3.2438759124447074,4.183149935091208,0.004006337575917985,six,/content/speechcommands/six/5828dfa2_nohash_2.wav,testing,5.0,Kitchen.wav
1612,-203.84438835783726,43.94903878223968,30.32207286532035,3.081597478958824,9.522903593763964,3.6128065382259633,6.404912225970708,8.431418646590753,8.829515731508824,9.306905219336636,7.90675642136971,9.360151283833613,0.06878986803349108,82.51137351318957,48.069722865048604,24.358015619771066,15.123667417495659,10.856266100733558,14.992925994922876,14.128665137463384,7.481389668510582,4.900246198983728,7.950553699241461,6.128988435177893,4.5453250179060225,0.060798363061273876,-1.6204891799475643,-0.5500015926445371,1.3936562975867959,1.0361024446062443,0.13461998092251337,-0.024736774945925077,0.021482115693681254,-0.1473606695412494,-0.16910263757367047,-0.41788703671946037,-0.2466264067281218,0.1472319731427143,-0.00034870669966743836,41.64887637843291,25.26583304589614,13.33027242216875,11.922418394805636,10.50906505979853,10.003357934346655,8.074169800365219,6.6674695225580525,4.039880483205115,5.4176788116161845,3.736543998836703,3.5894048339538926,0.03300041645700454,-0.3405544250047228,-0.4892040617418997,-0.1645791190668561,0.05011631032649273,0.033799809446439316,-0.10888087533508048,-0.0017417974258551775,0.04357536493352046,0.0021070732271695645,-0.1754900484744368,0.10041553811857767,0.054830610853054886,-0.00017188588778177898,35.34373976216208,23.426327535975123,15.311120194405458,13.744182045223692,14.70295470232939,11.967006385597779,9.306630054779045,10.766954688963972,5.906005675362279,6.778870056279462,4.321198445515113,5.246513769817778,0.03887502090538512,six,/content/speechcommands/six/3efef882_nohash_1.wav,testing,5.0,Kitchen.wav
1613,-183.48701543243436,-2.6086989540329935,22.67072036904586,25.659725902166457,7.266327226385507,8.027941217377613,2.895916810424792,4.670033372433835,2.2146416009127305,10.819113562400053,6.578746953465093,4.733130435708173,0.1339620064245537,140.41845459431698,53.87716013502911,20.334700433629155,14.91503646329083,11.598586108181651,10.651359318607174,11.759975692438822,9.431963534959324,14.017286576337396,14.952910320042411,9.912269220326221,9.185946823295938,0.11228605631929424,7.721469952516788,-3.6093270441017222,-1.0260261686418672,0.028761909361564288,-0.3503660207706271,0.44023874398932994,-0.7016013602372151,0.5221695951850263,0.02271027384012922,0.1344333555243785,0.2128964101953736,-0.3981921188680793,0.006882419329016439,60.44942277699865,29.06549939679739,13.540438802908888,11.932381482797824,8.612966012342063,7.340648241634995,7.138176150610464,5.960900921625841,7.88797250299378,8.393489370406616,7.215675033214856,4.991787361364287,0.04145023998491199,-1.0904503177432907,0.04955122524994048,0.12366432600849044,0.22753863979090586,0.8499646406974094,0.27530426711754724,-0.3097342675586236,-0.04705599297235814,-0.7466227667971618,-0.5177952097434032,0.11582349087515761,-0.3412266131097799,-0.00034366268664598465,64.16281059306205,28.73197052413197,16.24451342092508,14.954346685219429,9.820745437045005,8.246189952425341,9.370007798751349,8.01308651552508,8.134048427957891,8.779820222831047,8.597539561298786,6.693526574503714,0.03964301674324346,six,/content/speechcommands/six/c22d3f18_nohash_0.wav,testing,5.0,Kitchen.wav
1614,-282.2042007743371,20.083539178997412,25.837815917803614,32.56415035515556,18.357581562681855,4.295007168388921,5.419938858218884,9.608970628454312,10.421719109816365,8.686035381090283,5.971328874323798,5.387057144180244,0.041254252835642546,51.928885475064696,17.405422500728434,16.79478002116201,13.013094819507282,13.369946014633815,18.552842810106963,10.59969775939071,3.8866168984693,4.917174251210234,7.315126025250233,5.243389083325271,6.651253053103063,0.008714180023570736,1.12125443232196,0.22165454977841506,-0.0930767756505896,0.031122476099465616,0.08201368980025397,-0.3837432854101132,-0.9026939067267515,-0.06345803097954747,0.15351358428671014,0.6533010498451468,-0.10661551632876345,-0.36233737215481293,0.0002561724714694485,21.318411603370986,7.4332445253612045,11.400514006009136,7.522463540690669,6.872907258511073,6.746749003418182,5.148878415462649,3.912527241338888,4.341162098989641,4.508431586987529,4.175448017324948,4.72528612120626,0.004408014206276823,-0.8886431032401163,-0.43432875211013194,0.4101691316721879,0.17294268311633812,0.18654952357077167,-0.07211610137020029,0.1188968648604431,0.4363512666450736,0.020305003081864233,-0.09289731749621234,-0.011022661143663548,0.28412111501051734,-0.0002685294797023137,18.44467808016168,6.767713880409953,12.38762942032489,8.26103778336454,6.690885443323949,5.431083364145483,6.34112419314893,5.2360713182573395,5.743151994063114,5.178594910737412,5.267151153364993,6.271481550865145,0.006250650924537303,six,/content/speechcommands/six/bed06fac_nohash_1.wav,testing,5.0,Kitchen.wav
1615,-318.02069603685106,-21.786101882664532,41.09709147156043,28.338069633844814,22.605231305486285,13.567043187519875,14.720863106231267,12.374009048762721,11.608248459479356,9.685417157216989,7.09851498656661,9.630332739472529,0.02457546305959113,7.274011127001445,5.38170229204041,5.846610025170537,4.813968159339242,3.0615106294562264,5.09977736586209,5.130123429024699,4.870542371421416,3.5200152107462745,4.401129156939459,4.788071576695507,3.9704607867789585,0.009156771347494076,-0.5921758017625929,-0.2825068868148461,-0.00886126834336527,-0.05499957160810686,-0.3110876416476783,-0.5086676649999248,-0.2613248327394545,-0.15049654019464884,-0.27364373702135397,-0.36462214494190043,-0.07040787420686986,0.09602422632351792,-0.0008986467315304664,3.591116255311974,4.024932588932609,3.33997098578369,3.4232507358015276,2.468444812994825,3.1787078983977852,3.3730123213686336,3.2754956378973894,3.1551715407184577,3.190816615418631,3.4848797917164545,4.0805582460404315,0.003991934128055999,-0.3136497006001908,-0.49413385306996876,0.008870633674353456,0.24280876914273872,0.1497862060023222,-0.09642996711642014,0.23169848985952715,0.22536478932740073,0.3260605103039796,0.031086610321558097,0.008372872360849144,0.10684229076656895,-3.186281149586042e-05,4.428572743284968,4.562769946492545,3.836344644218145,3.7937302905319514,3.0081074434349655,4.135668783103277,4.194550599408781,3.8759307468699338,4.071765888588423,3.944302445343693,4.601796753524926,5.707071966415476,0.004946299088462175,six,/content/speechcommands/six/3f2b358d_nohash_0.wav,testing,5.0,Kitchen.wav
1616,-174.60051320696738,-6.536535072765924,17.018616514377022,22.85301297649429,10.666708698607835,10.762641194671835,-3.492749151324023,15.703476249462632,8.425188194513977,8.920258151245827,-0.9987276704928951,-1.0704696777132128,0.10141389863565564,124.8693288323638,39.870818330229206,25.19433878212201,23.880225891490216,8.368687938856532,13.863235685231105,15.867903427781693,13.82716596626937,12.730117654732627,12.766229836718145,7.6238075498567,8.075295687434753,0.08281346696226179,0.709763909224871,-0.13020247753165948,-0.8298528153197967,-0.5298148175368439,-0.6987417974134913,-0.4131593220633695,0.29026113103054235,0.6101604004369261,0.40903712332836234,0.08270720515869943,0.046961547291773265,0.1586358635697357,0.000815879884025743,55.07645947599398,24.323074424337882,22.763974468599844,19.23999770078499,7.202887723165675,10.19206956420543,7.522949629636787,8.953547764177328,7.93282948453285,7.7854790274459384,6.690105994104821,5.600531108599966,0.03487935877542664,-0.7413823509428018,-0.2741194949531648,0.4049056581240255,0.40632482937227166,0.10596580268226076,-0.013310186786904144,0.2512908571690969,0.049823787339510574,-0.16558344514722936,0.04396896044925569,-0.25358600071882426,-0.11233019289793211,5.969634900490443e-05,57.612098702744746,22.38553457593533,31.95675163211046,23.019510617247974,9.001836945185682,12.521881379878078,8.234118320863356,11.214603503978063,8.711524179015225,8.811177655535003,8.678534090993432,6.517708296442206,0.03139516395594217,six,/content/speechcommands/six/c22d3f18_nohash_3.wav,testing,5.0,Kitchen.wav
1617,-231.84617173921006,15.655288737183028,34.40220045915581,39.08833276162419,29.706695008347754,0.19121967015067987,0.7082940348189273,11.218166801281033,5.508261898604527,5.141656398053744,0.4996774669113683,2.6730729650780316,0.05736979114590213,71.02252697958845,31.046980071445393,25.551859263389193,19.620328600228667,13.145181867292516,21.149239611625713,12.437041298312478,7.9431618432387525,9.83663812143865,8.545879198865514,6.903829446452884,6.566421574068353,0.0463920480557562,-0.24351166346814665,0.14282635329691765,1.0618189420221393,1.002728447522063,0.615994897090665,0.8274407980589573,0.6687519746770976,-0.12992869833835055,0.23817747194240604,-0.014226037856757636,-0.644613017235239,-0.6615141879347424,-0.0007290277750261368,37.53074148544346,20.301549292096816,15.132910010535486,12.570420486391047,7.580382550447567,12.464001536925227,9.759935682067226,7.660730589816369,6.583343999021529,6.310220645739216,4.900909682240208,4.686572333244281,0.024192798807392904,-0.758533446259825,-0.7266551572446988,-0.12956252743507052,0.22987166994244698,-0.09916825808725728,0.08719415644023805,-0.028750777589670425,0.10614297368048489,0.19027840296881485,0.10932478243693271,0.4378780580737653,0.41399318056576295,-0.00022626084585984548,28.293287819859085,20.461248237896626,15.339027285855963,14.292502011990466,10.103866612691935,12.297638985908515,12.52661367743124,9.998584320229932,7.434844593495169,8.45210381403251,6.61043150806766,6.028757327329679,0.02147891771130614,six,/content/speechcommands/six/b97c9f77_nohash_4.wav,testing,5.0,Kitchen.wav
1618,-296.2783834712716,-10.25102439206238,38.46474412989374,26.4308970478493,25.550662948453933,11.458817762056503,3.0164841820217565,10.94067643883905,7.971826101909874,6.780906642211802,1.3763409913729545,10.430146171414787,0.03909334965283051,48.75100753438372,32.100783327052575,12.127366761195779,7.668506228942406,7.366269838843878,12.633140228066189,17.690229775128014,10.790177049798555,6.48481668183924,11.15079732774269,8.311728563649964,3.534319118566116,0.0077738484868121625,-1.083644649646735,-0.6928433761227912,-0.12833138201677766,0.03628599791077403,0.002943201290485896,0.2903152658629615,0.2962736638171028,0.2646191055976691,0.32449321973889583,0.21338042721688294,0.2364174783051877,-0.0335857608503261,0.0004925535571190619,23.53584428983432,17.801613791966115,12.276588943617586,4.844659495038925,4.088373557852055,7.558743576330461,8.194032050301956,8.273079496623241,3.59402122722946,5.78553777278561,3.993563108218189,3.9386750224005342,0.004490394045132433,-0.2058014296106497,-0.14792111930081867,0.08691691675001488,-0.08946282953101511,-0.2893786716553476,-0.027152014695476723,-0.011249031154415393,-0.09386116424217233,0.010687802397741919,-0.1494684438650711,-0.11195937305799962,-0.11247038201618066,8.633298178513844e-06,20.9837830464542,17.64853513668586,15.396269718676978,4.93721424670827,5.321459322064643,8.497169094225606,9.999152114435216,10.559559540368568,4.917800473998762,5.076100964344685,4.671518854394796,5.3749353594424365,0.00528593383080686,six,/content/speechcommands/six/5c8af87a_nohash_0.wav,testing,5.0,Kitchen.wav
1619,-249.03973272163466,-5.9275781220987955,35.34495390460338,20.451445458877487,9.984875248825883,-1.78492587219259,9.773504394929937,13.823277451374073,9.294793500580978,9.490694654627656,8.142089409661239,9.407900958678496,0.04847234539920464,75.53059407282063,26.206085980605526,12.087490704405509,17.798781747632564,14.883197370528347,23.412475535656828,13.266962912045804,7.245260169660845,9.750182995339305,10.481615057280942,6.405793841148284,4.3905221916904,0.0390812743430679,0.21200654159838633,0.2539530105952306,-0.27284838416245644,-0.24189373174190623,-0.2096002944302732,-0.06798525637629121,-0.34056215136992685,-0.2698145369246422,0.15151316287563243,0.054372666978264,-0.07669351412359936,-0.07833309477981536,-0.00012560032548442963,32.75547695896327,12.151640904303,9.058836658309945,9.227486827593758,7.835142248542874,8.676825502976424,7.512233247405005,5.96018754695934,5.504618533945414,5.7705351302041015,3.991470844543633,3.7661952014255,0.016546213000593144,-0.29767556828173647,0.03781660229983409,0.14790260083587156,0.23408018919507684,0.0022595294394485896,-0.19706461873211514,0.1476355994819392,0.11435012322610506,0.2598356256172719,0.21242683462217324,0.07713796914984404,0.07037249738988809,-5.53768128156662e-05,22.596610870871178,13.510720480243853,10.418867307254033,9.892097993863414,7.040682558394778,6.292375813191552,9.451868446541383,8.35592904228054,7.306207895661511,6.533937348705598,5.734587416987138,5.210307332221973,0.01280586600250001,six,/content/speechcommands/six/9a356ab9_nohash_0.wav,testing,5.0,Kitchen.wav
1620,-259.9707210474266,-28.167874274490163,50.04189431938561,25.956254097004837,19.248834383811104,-2.3740881665669216,5.328773734498917,14.292779451075258,5.939933358067833,6.816013168526886,7.842512316170918,13.216791469495641,0.04959075932856649,48.382608061784246,41.52842472683608,13.040214997065014,17.650448204317566,14.146011031633329,18.74964486538415,11.321646440337643,10.491638843120398,9.985265843511014,8.874272557498816,5.222815966288411,7.544203279537134,0.022986534562168898,1.0636043748431712,-1.130145006244147,0.20401366052086628,0.27675690813014314,0.4108285608241893,0.3553618570608235,-0.5212299160733568,0.23747153435240154,-0.0361456245249421,-0.47071334499209894,-0.41284253590185355,-0.39537506487927304,8.802909043527419e-05,22.528077697586752,21.966221237491087,11.751140866508436,8.887236330884077,8.001707316021413,8.4853757012221,7.920282893660695,6.683508613633467,6.115545336284949,5.283265610584885,4.196675295623061,5.468560833408274,0.010005170504204795,-1.0063031269284883,0.7017481057468359,-0.20980179411708708,0.5953722868726206,0.4752956481284009,0.3335198069806452,0.3816237180677924,-0.11072648203814174,0.23525594841327047,-0.10595043392729735,-0.20077035963519654,-0.20606653472768022,-9.418688714504241e-05,19.334200656951126,22.6432089505377,14.579807415750478,8.966158765537221,8.143304709501773,9.24293584499412,9.012431071569843,8.367751303646408,7.116277573801623,6.620954980124258,5.235887544058008,6.410728285248985,0.008624300378327295,six,/content/speechcommands/six/692a88e6_nohash_4.wav,testing,5.0,Kitchen.wav
1621,-212.66382614117967,13.332249259482317,35.54983294798547,25.630675319663055,11.000127502115443,2.894435876803998,-3.479897577882487,9.680824653007427,8.691163728267263,13.186478486232057,11.930698134178519,9.690829374883851,0.0736805927590467,87.10899280725302,28.76970316375347,28.1881429154739,9.92595899640859,26.498260576067775,12.979487920362955,11.98971146756026,7.79103288504277,7.538649815871889,9.790115090653524,10.033159147935072,8.078876836658502,0.05487784777976628,0.5197875118233076,1.4285236797033591,0.9349442240680869,0.5942207136172418,0.3057401129592337,0.052842532634615295,0.1832105228478987,-0.3724027719278417,-0.5706841354535365,-0.8533074228484676,-0.9811899413325198,-0.7809055820031058,0.0003604230380827381,40.240859407896345,18.422871439985126,14.842519724576674,7.415255120869965,10.821206542852504,6.726637390227415,7.052165939862145,5.28556767613868,6.636180079062224,5.706933819598725,5.4422538148474,4.718020656711884,0.02579231042409684,-1.079071542469586,-0.7689521999921264,-0.19139966252129337,0.08555296071673209,0.1844995285787616,0.3064030087915563,0.2745520888199509,0.2809211454150251,-0.05854237335032864,0.0680676516879635,0.28948547086523674,0.19921643710457262,-9.016568462053935e-05,30.98693514669764,21.945663272222312,15.085230544595008,9.46259933801678,9.137805848400626,9.15626254423453,9.50084939481184,5.573984946345659,8.305024017982188,5.749464469027092,6.219625884197872,5.77950562739485,0.01904755381074274,six,/content/speechcommands/six/42beb5eb_nohash_2.wav,testing,5.0,Kitchen.wav
1622,-226.8908815934624,4.330089591789927,36.75614538733914,13.29238191093433,24.581462046021503,2.9126182124431,-8.252075657734364,3.336059820521033,-1.6955382807334773,8.356770971144162,-2.780351898029309,18.283396693272834,0.07461141036064536,34.87677990479245,37.532201780993084,30.380516978607805,18.47744889139527,12.534340467416705,16.632104256229038,23.357085465766552,15.499970412412326,14.065658917772515,14.348408808261949,10.800456808307542,8.742378145057895,0.047099486758354146,-2.294265472782183,-4.422666127530445,3.5754373373605524,0.34844818522249343,1.6375881713644065,-0.22726702466327367,-0.5540539164940346,0.8825866710683474,-0.9419366578731061,0.6380214547656866,-0.7807789248367609,0.23355060124617621,0.0017296889653572668,18.30143358867177,17.580606657810133,9.928137526353238,10.053611922204162,4.324505326137768,7.013844338238285,8.976073244197767,8.475578060696854,4.667190134054016,8.733584536279698,4.026406997855317,6.891476703706837,0.021415842708542673,0.46131400554749574,-0.1352756001054229,-0.2537563760166898,-0.014436470729269289,-0.3448126829282967,-0.010464687523365797,0.29653456206118817,0.255201108415199,-0.11921320438168014,0.052997565342424335,0.192803448167881,-0.024439082889344946,0.0005000041425228119,17.945461901195102,13.64642846383374,9.390938800322251,7.905349833932386,5.735913673249518,7.707705919225284,10.309957151783943,7.924863780377719,5.548786780450492,8.751679506013943,4.847543516843837,7.846571247025091,0.01760507946904499,six,/content/speechcommands/six/83957201_nohash_0.wav,testing,5.0,Kitchen.wav
1623,-189.4055885754237,-27.405365722535382,41.37522578808283,25.931168456587997,15.185707649497168,12.64902446347922,-3.164184198221588,8.335662539483685,1.7132182933518352,6.991702805362716,3.788650175211179,3.425988698650544,0.10090278706047684,96.27953928401949,42.7788171288472,28.218502300137224,20.480837614678897,11.406803416092968,16.99075245415094,15.255222964217785,10.325135568445353,15.396348553984346,16.15348803927469,6.104909154312845,7.667316140894674,0.07105260314042422,0.6701466789728808,0.4891570939792492,-0.1332383994680303,-0.21420676748708983,-0.16670154996898334,-0.016351050618740624,-0.2664255410826967,0.032584810596318674,0.37673593849339904,0.734728847700396,0.3100595166538476,-0.2891866761262205,9.446855514280258e-06,51.11774711293375,24.914728936291258,20.988635301042564,15.398483228948312,8.411791052711502,10.31012349242202,9.983431350889573,8.465790761019504,6.481491330258522,7.664765399718804,4.10255454454407,4.646371389886741,0.034137753670702424,-0.38653098300710365,-0.07486511422814242,0.11546487703535273,0.33379806114726945,0.4139662870153035,-0.08327146811848761,0.03633211641407185,-0.05106928796307925,0.14360139774566225,-0.07793322059832135,-0.13817079693393994,0.02421200168301921,9.816524883111318e-05,46.71311451359559,22.88305800319051,22.938815278046206,16.97332740624958,10.897159520191204,10.197387271571175,11.750594697055359,11.616969721092156,6.805474775919664,8.248522222793955,5.96263794388337,6.077910514522742,0.02746354446869979,six,/content/speechcommands/six/c22d3f18_nohash_2.wav,testing,5.0,Kitchen.wav
1624,-252.41367948724803,3.5546095671765556,37.25650519785677,23.125704259541653,11.378653261906358,-0.6053062157821772,-0.45692831506993636,15.969029446917189,7.557224183302001,5.068105634804519,-1.2905056148696379,10.480829592494636,0.046399035025388,73.77730259540826,25.904746333540892,15.93574054753431,14.63099912087302,19.185282600718416,19.233625439956064,11.9246360429335,5.702280389914008,8.231470304852248,10.293537092533773,7.885276902759366,7.139620574989289,0.034454836615016034,-0.5733851099032059,0.8296086757084736,0.27970550523132204,0.4435056017253838,-0.07623325279415234,-0.4137723906801986,-0.05557339870349799,-0.15874587243796218,0.004262975812969119,-0.16478387363789626,-0.1267480017825925,-0.28420648595839504,0.00020955755345283017,31.97128566984676,12.61911040505189,11.546812543297701,7.757111320647756,8.368532725431395,7.904211542474542,5.875875978428207,3.9891693661281518,4.425197167665073,6.462075348672377,4.957043539726628,3.79946118366129,0.017165884302481,-0.5902607350228853,0.14339312999390225,0.2915417062016578,0.2566885884374885,0.02432325669883113,-0.1898916121134123,0.09784588940367503,-0.18672556149014863,-0.19870093640597597,-0.03088395271166181,0.07977665707170109,-0.01837589094774367,-6.198510527610779e-05,24.8954257506819,11.569432473739122,13.96781071427823,6.885103650177192,6.524091884867107,7.437117629573329,6.6992214758296456,5.120427671006497,5.151226578256271,6.719555090415685,5.374355613158964,4.728535441862283,0.014854445274563907,six,/content/speechcommands/six/9a356ab9_nohash_1.wav,testing,5.0,Kitchen.wav
1625,-271.43209129635784,-9.676335629633373,34.77114967055616,21.80329627008861,17.793598745500425,12.476018323846624,4.399848881534108,13.683014285771876,10.109457304915367,8.214496954613836,3.8406749528043624,10.001592303689234,0.0389914998668246,55.541492317262446,32.18977465843723,13.43247470918538,8.44926605894243,9.10432033592928,15.833200788080847,16.61544705321651,8.12419988172012,5.0251739104496265,6.345798376475563,7.0893708472098105,3.888925018921705,0.009852546603369313,-0.13154429220621972,0.3456090543235598,0.2832109499070049,0.25199077774213086,0.07809885580991284,0.21968823126097572,0.3400246022474452,0.08306835916451771,0.23829558876755744,0.14242848460622845,0.0915467905541946,0.35732673038932083,0.0005452818567714383,23.706574862144507,14.606064366084507,10.29659889619496,6.559241930280582,5.663399913908359,9.396311062587703,7.154973790969513,5.57127357937681,4.341753148026265,3.6048643108950595,3.674616077424443,3.57588707748428,0.004027401147856365,-0.06975253942672831,0.15093851464074248,0.2813723407232871,-0.12177464277406405,-0.24134555302938324,-0.14110319361627552,0.10900016263575303,0.10254338789320248,0.03792011175332917,0.10804688596846225,0.13136569380645324,0.06895791507679257,-0.0002440648153424263,23.593830620173428,12.998051761540006,13.488301169325108,8.961398173416628,5.8907194449441285,9.701945980227226,8.393718968256419,5.5006578007843965,6.371213273582215,4.412067487113825,4.2848411937310935,4.772879122305205,0.0030780605889513535,six,/content/speechcommands/six/4845bb10_nohash_0.wav,testing,5.0,Kitchen.wav
1626,-292.8687252595781,-19.935298807532142,45.99582671413081,25.468973477443573,19.17504957867007,10.036145715711488,6.716773257045698,11.250430373875027,7.833585967499655,9.252931957396214,7.253250223579265,10.148575322683676,0.03245149791473523,34.46494635533077,24.25170074552166,5.020536500823706,6.892092534892348,3.5752201406844497,14.893752866874125,11.277433330207737,5.289526357910161,6.590582678935218,4.403477367747108,3.7164260460880127,3.1536893993115704,0.005353536247168126,-0.03368064482913452,0.05999772996293614,0.16554095219471684,0.21302173860022566,0.0467921371459516,-0.21802790355181717,0.0273144371370689,-0.162699929389468,-0.30819607690117096,0.11120492198562476,-0.010500682500576366,-0.007601986199258162,-0.00020997634818477014,19.02063864063009,14.524100001866051,6.057239398866649,5.497731777270933,3.314124243692018,7.892834283607726,5.797998063488632,3.562197452563702,3.1225037410812266,3.6572368817863885,3.4249981985575078,3.7168427734102627,0.0029670529316196646,-0.2718651456490742,0.3268707001492359,0.04716487650080362,-0.1338094280155771,0.09657170322172466,-0.010846130637706312,0.14927781728226328,-0.01641223978874411,0.15439097234762017,0.03742956212808573,0.22495083987114567,0.2969947838925778,0.0002124323199192683,18.786178524016737,14.940992166750483,8.830144499243746,6.56960657538072,4.155264617816759,7.08460367450987,7.313478622394558,4.722633915927794,3.126152215281507,5.05250279377214,4.401720066101636,5.280765390912833,0.002601348040109173,six,/content/speechcommands/six/7dc95912_nohash_1.wav,testing,5.0,Kitchen.wav
1627,-225.42283850861563,-17.312903679616596,39.50827228852092,27.01099864522419,18.132200809409866,23.89775224059127,-8.045424247714278,10.512580647061634,-2.1421627175590485,16.19852228397204,3.8132074279351595,1.0552708177741932,0.11213776984368451,93.94757885168718,49.09507377926215,32.08686214718392,13.949715526236082,11.176936361978434,21.40801545428032,26.011845865072374,23.810439579439446,14.755209112383495,8.305422175189051,12.509518798001483,9.429125704418754,0.0988023718592709,-0.504340021496615,-1.3129499319612177,-0.5305989119703818,-0.29034487035366213,0.05005741691314515,-0.09314583577774382,0.08959512513081164,0.12732096930060957,-0.2549540582163153,-0.22351293143530868,0.16352265698170526,0.24398086009985215,-0.001569675822411814,38.385452155546965,26.077191291722702,18.660778426484885,8.1202871060291,6.753619337405144,10.504475844038355,10.328047645834369,12.926614118855882,8.627992747232396,4.470539335305143,5.049745423000995,6.136173058105024,0.03330822605030125,-0.3792292401272789,0.11563723410661926,0.18939093540857144,0.16248766516128596,0.04874961036508315,-0.19008591961699467,-0.0242547913122646,0.07900941104108648,0.1634560205939837,0.02796718970492765,0.15146912112894426,0.21335691779464525,0.00010638035212953886,32.54515266733111,20.28784065714331,17.721076681098193,9.620433918111992,6.7592486533042075,9.401220450095733,12.3824705406063,11.78820547522447,9.766939315310607,4.824721366350936,5.201982422115935,7.073119975954003,0.020201661489140522,six,/content/speechcommands/six/e5e54cee_nohash_0.wav,testing,5.0,Kitchen.wav
1628,-250.1072980747429,-21.015458363194675,28.151150129049753,36.941788764559945,13.626809165754997,15.697892077229993,2.4681794598092845,8.069644467371742,9.54298635181858,7.792192904318819,7.536247356798355,10.918205284482688,0.04269520242814906,77.871595261839,27.945965527801008,22.606951324256357,19.217596508356486,10.58918137298628,18.364093280938164,20.663693033451036,13.497526823430464,6.690160573512111,7.919475173407925,7.946721562645748,4.899030857147133,0.023510830253375987,0.10851557079501568,0.01910510216516011,-0.0643550751922654,-0.30243172264966567,-0.2356996257520943,0.03610745900251131,-0.11428928984824896,-0.239968409558572,-0.34626878370551184,0.05722888843997317,0.09680652841134081,-0.0925525132994351,-0.0006085992039692017,28.17919674192066,19.34167697053136,14.004045582631031,8.221390971141052,8.642352857121676,11.676762726904052,10.046697621123219,6.8324315848692665,5.118160131962373,5.223136893764713,6.150781473469679,3.2241648381571366,0.010518317804075073,-0.36628659701040267,-0.11185025163480354,0.03769556039751573,0.08233785746383984,-0.013059615494993555,0.05455325774494758,0.13908123882840245,0.08095858986476798,0.08033662298992165,0.10598313643140488,0.009910830378563211,-0.114301493122615,-0.0002533212614556154,25.792311321929887,18.129165676780858,12.789229020132082,9.26427938345418,11.038031750028575,13.258058752584365,14.021311382948426,7.8585942008283105,6.8541170063904255,5.4271332974425315,6.666813173147765,4.252937531299734,0.008812679956500034,six,/content/speechcommands/six/cd85758f_nohash_0.wav,testing,5.0,Kitchen.wav
1629,-187.3263695992806,-5.005597123724287,27.00000850303769,11.701677887223148,4.122290639011509,-8.109453814837572,-3.7388470110358147,7.969477301739333,10.98984976825771,15.772563235809432,9.739778974885809,13.217162402278962,0.07056958397151902,36.83803276231328,29.078309841180047,11.072850123542393,17.841901607264866,10.939243246062944,13.342896971535659,15.607716649154385,11.314877219301847,13.60694892284933,17.2846724612224,12.953889450048216,8.349835640915904,0.05293919515998881,-0.1752822256218308,0.1521714095062884,0.48223027527484735,0.6021883798715003,0.5147710790422574,0.39760219874073194,0.5294209036242836,0.52261592842315,0.1925242053211334,0.1674313823882341,-0.28514841214335185,-0.3897425224595227,0.0012401616381060693,19.848004062829585,16.120246005114563,10.80356141658741,9.23522686224276,6.4126941669657365,7.852380532095317,9.227327083195078,6.211549673490484,6.603621984958812,8.3100500296862,6.05261518459012,4.314201251126723,0.028561833787720783,-1.027878949929245,-0.5973655099487546,0.1034555758152005,0.7009049776515807,0.7084510980686055,0.6442905145005546,0.652700148559363,0.17173070449542382,-0.34189680804418016,-0.917252041746577,-0.45952121845849103,-0.21141151691843135,-0.0003410510718822479,19.341353581641634,18.150364768302488,14.863660862056438,9.341573489652342,6.551960852973486,8.52081995028445,10.404194515129424,8.160226130733639,7.580180232565096,7.292774158902116,6.945677095516022,5.792385312305828,0.026695835717201338,six,/content/speechcommands/six/9a7c1f83_nohash_5.wav,testing,5.0,Kitchen.wav
1630,-219.5133967422168,35.57499435068628,27.204902648304852,13.792456210619397,17.06836954568943,1.9195128875570808,8.743383423102848,9.891076886860969,8.559977365844226,9.050033358656808,5.543162066351803,7.356227940118219,0.05331988725811243,90.94622263181537,44.79837029808856,31.62927980855881,9.068112836063149,8.628761821763412,13.580094887975434,6.374804612629048,7.065722287761756,2.7237744892740965,3.5055637389985974,4.290941934311402,2.786110310776242,0.05353775557818465,3.585805422103459,0.9544152113986446,-2.079059553834311,-0.8599096154510603,-0.34372669228465713,-0.2992290575509085,-0.08167661556583924,-0.08888124901701354,-0.25235568651078266,-0.029306641166866838,0.3057699408761787,0.07046813477646648,0.0005476602443283604,38.60129194351316,14.436484580980087,14.935287469788413,5.626310870308581,5.581277208472585,5.953631855815771,4.942672498117636,5.5511506120041965,2.8149000277356997,3.3132926329284027,3.4617443572431617,3.0301604132938347,0.028958146800491396,0.897379476325077,0.15893083519306708,-0.5781648207579123,-0.12621121547367273,-0.2027227051676544,-0.11303154112591031,-0.04947091690205928,-0.06387235120257558,0.06104314043044434,-0.128113560482095,0.011596298382282495,-0.03896540496958461,1.8557161092758177e-05,38.52322640121407,14.294687836507041,16.46347249368261,6.874344619628583,6.974058164326173,6.111651763338552,7.302037755100013,7.778339029698358,3.9997299556284123,4.455302842600698,4.364715726552668,4.7070364653971115,0.03443270003743505,six,/content/speechcommands/six/2aa787cf_nohash_0.wav,testing,5.0,Kitchen.wav
1631,-190.16774047792995,12.571430222114138,28.17083943823136,23.16045137094322,5.01473629550952,20.731235073661402,8.147488819737003,4.183052683140433,9.930778606489566,2.231005492521918,3.9839782396089785,7.875525094411923,0.044694706273730844,67.6437535663881,24.003134330754804,10.92492127634829,11.45001167567238,15.525733390943651,11.728655609686882,9.079090984887207,6.988018300945926,5.4281950788893205,6.923508045555577,3.9254474682725884,3.78502182911398,0.01355072043717873,-5.595455062166729,-2.1339968773992877,0.6426153463284313,0.6475571969264662,0.6855402100063874,0.5664164888795994,0.4693314164216023,0.3716782422380884,0.3082000797408215,0.4573241296400153,0.29264718434624976,0.32246782791254397,-0.0005019832883150347,25.29539352773122,13.250281902248817,5.636494356677789,7.697576370222957,8.615945545089955,7.590299228192093,4.261441475349117,4.562501682773332,3.4242203622982275,3.1971118643059913,3.479578272112646,3.1722719002167628,0.003889903758404201,-0.996309120788887,-0.07743732849115108,0.04804312174413964,0.1068734783947555,-0.07107664794868486,-0.01795115561861955,0.0985009731002186,0.0830359146165776,0.20945939588505466,0.15031872448000128,0.21719379157785823,0.10244651262459274,-0.00011484722296396891,25.489935381412412,11.567579345471993,6.947982909592889,8.053477061137395,8.779173698279596,7.717140151051805,5.094997623278891,6.190004127028135,4.131634166116959,3.8857234468144703,4.230836466392402,3.971390889688741,0.002818633950824659,six,/content/speechcommands/six/cfde27ba_nohash_0.wav,testing,5.0,Kitchen.wav
1632,-278.09749190957166,3.150470650999404,27.000435667093857,20.018848196145218,21.809644470319952,9.65304972893628,6.2357374337729405,10.448214788295076,8.373240257845119,7.3401559355644554,-2.7715698867362253,7.865940559760721,0.03530420979950577,24.17355494602919,22.009413227756507,11.352799266434971,14.252363142800379,10.212679699002917,8.858730061981271,14.262526617490584,13.243412761569827,11.412570963293868,10.55421533271031,10.429426307948733,7.164672882004151,0.006779689973256034,0.1821550851276085,-0.2996772598467556,-0.4925685191751399,-0.5293615908498042,0.05207123917628605,0.6398656510006945,0.3848721899676624,0.006014169732196591,-0.4854759986358499,-0.7040782522519378,-0.38777948981274346,-0.0601615917497297,-0.00021133740102091144,14.481790579623821,11.78106715094966,6.3439646918609505,6.406531273087969,5.1393282199460835,4.840171384766486,9.276079840945432,7.728299253890062,6.727559722011138,5.155878421600155,4.897550973572117,4.35784692674343,0.0035149960645463885,0.4238874820049224,0.2952708503349193,-0.1792083556627579,-0.2386413996251699,-0.0558175496822494,0.09144659935356476,0.06536487595785853,-0.2651112304771096,-0.025952996375185874,0.09654178544662306,-0.019243332231639727,0.13391174166404826,-0.0002014315997560819,14.454079839775558,10.413636272928539,7.856301795640413,6.834243602979195,7.135456044765374,6.227599319852815,11.188730398828215,9.305236162613708,9.139975730137841,5.898529846260846,6.635946657294556,5.612804124669559,0.0032789427522164944,six,/content/speechcommands/six/5c8af87a_nohash_1.wav,testing,5.0,Kitchen.wav
1633,-241.25767042327274,-6.792602788158941,46.987822061339855,16.960975983793052,16.07027051509861,-4.690193097071106,-4.876852923178367,5.895473739083358,0.9574187605887678,13.268601375785572,-2.8316625598482585,14.000273457633549,0.05030163342598826,61.097442771387755,42.78306819784926,15.293590084317087,20.428358342787227,17.51300603746979,19.742266010814248,14.628268029565168,8.54300966506693,6.576225680416474,12.228910277172718,9.711919475526086,6.4647657921388895,0.027954840029654957,0.6242888245227963,0.29832464408146653,0.21893216718185424,0.16286967781420594,0.1397603577675042,0.025541926923072097,0.0011753217092983815,-0.10215890427260414,0.07515245770714728,0.18028153761176186,0.14739291650173597,-0.021096962015807578,0.0008342887365048932,35.19721550526392,22.609608945626032,12.546483998367307,12.479254482108372,8.97773902140517,11.688430528540968,9.369022175228475,5.5572840691440195,5.214504825727968,6.775255661657475,7.061313682581143,4.191562341600358,0.014691847122000428,-0.5135318041106245,-0.4192765834258107,0.03721350646296931,0.12627914316245714,0.002855015133629498,0.17177670543650148,0.2829454591502196,-0.030282169089434832,0.010412104120573555,-0.1013917799214008,-0.0027776390177129667,0.05815388411176882,-2.0249436299006146e-06,31.22617761383746,21.42830074813747,16.887682895826728,15.522859819253043,8.084313660068297,14.709458467465799,11.106391469694865,7.006477476081635,7.136730359604038,7.664098842007935,8.982375004007856,5.63398805788568,0.01133635933966204,six,/content/speechcommands/six/f428ca69_nohash_0.wav,testing,5.0,Kitchen.wav
1634,-301.19400914947005,3.625503627256222,28.90091762857483,26.170995162841123,19.220023623155896,6.280328436439596,-1.0808214730758163,11.461612414032349,7.8219858978548,7.6961421687942915,9.061035587937383,14.313389577109996,0.028928959276527166,57.3128892334431,25.14690818182931,15.51605977455936,9.004892736161967,7.255651122978627,17.974977689291986,23.45928252612913,7.6621901221699185,7.180952147935743,9.184948073101856,7.45467392783724,4.446021131653017,0.012328799345884397,0.1391466876158182,-0.18718316126138898,-0.04236664035241646,0.4646417793810299,0.3276485169169992,0.030948047175621135,0.24994572765892667,-0.04865718891968949,-0.028393061002793547,-0.2437472302113973,0.26898404112580027,-0.07234214015482016,-2.5362617546512234e-05,25.44383502726929,11.442273843534144,11.424651413442819,6.067857566731904,5.363500317229467,9.55325437649668,10.264267204978049,6.2822536527650445,4.927160686925683,5.737521139032444,4.997518201663229,3.282039608393691,0.005967120816945831,-0.5667492359487085,-0.25226081407516443,0.028254016292432026,-0.011791269338194492,0.1245882535300473,0.07687034244423038,-0.05686373280023922,-0.11567381705944933,0.12581304446564961,-0.21607159538077436,0.10776649227639237,0.08748139357747728,-5.5504217743873593e-05,19.714909664411767,11.022433845187706,13.562947234013572,6.999639835470887,6.376847950775779,9.63368058067731,10.10813994484915,7.796755210728458,6.665873762449495,6.074647803303073,5.418686491422519,4.609378086367712,0.004855935088909428,six,/content/speechcommands/six/5b1db3ee_nohash_0.wav,testing,5.0,Kitchen.wav
1635,-226.64038190015657,6.57355634112605,14.766573864106803,17.812373160466173,10.121711358530733,2.07042559532891,7.492832816579833,8.176370761115184,-0.4066035858471615,3.6510446447493927,5.906645306708363,7.2755322516456005,0.05733412952395156,84.16079072424917,28.296173794624156,7.571790980510246,19.059279644104308,13.414244353882689,9.922662734036527,8.425444231085425,5.3237524753885594,12.244603254863476,11.975684817594438,5.876066212215786,6.9333643076737195,0.03959086646263335,-1.9743663468097525,-1.5381929957107179,0.23951377489623665,0.9496006684548753,1.0387041288645684,0.620189265393141,0.1509283361248756,0.32387184062623126,0.4123912636221307,0.44615495136912525,-0.14614297455664052,-0.2913679179799614,-0.0006838157292335264,34.58220680511435,8.955867132681927,5.513576813011839,7.24803473824088,4.223596834565065,4.34813433301403,5.530045148542161,4.062308631936408,5.48071026621628,6.191288975399964,4.160220686149676,4.719559141343564,0.02117865790075065,-1.0191064669123118,-0.45842053594046484,0.5335163830364195,0.5050663837503195,0.2618928722631043,0.3356988062818001,0.349768161940023,0.202736250150331,0.03425116244735159,0.09055585547885325,-0.09823479249913124,-0.2608035304746256,-0.0003094905366500219,29.04240040449845,7.936779739557255,6.526502381531496,5.866736069211241,5.2783374966179375,4.509855681096498,6.208462763205743,4.979989220031527,6.370953403536082,6.9191138843886035,4.828498361220562,6.2671842508196995,0.019218686674049017,six,/content/speechcommands/six/563aa4e6_nohash_1.wav,testing,5.0,Kitchen.wav
1636,-191.25615587072713,4.6721251283800935,29.390189479334524,8.315337293424056,13.313453651556838,7.7195702694834925,1.4883983676438421,2.142249712716251,6.195120442684605,3.2688725127623464,5.613883136625653,3.335010541270286,0.06480590367573313,107.83880764520008,25.846231824374396,20.490900360430512,12.77077227144548,5.793872575982375,9.455636648774814,10.469175319336008,7.971220806823155,4.330898151844246,10.068231940150515,5.53406602864904,4.4780733450818575,0.0544422743816818,4.334403641496876,2.423301089421903,-0.7599336625621751,-0.470483470542205,-0.10345305063541588,-0.0816518652067137,-0.23272385829580305,0.12839099728797876,-0.2808300755851953,-0.34250915374704644,-0.29201718315996344,-0.548836070214007,0.0006024002307845701,37.515141211171816,11.777354545503508,13.471978149140373,6.203539561554355,4.291593874394263,5.748272850578865,6.208245107326607,3.2390078788456758,3.4448761975774267,4.009463442876284,3.7560095475096977,3.43100193320884,0.02009349202851318,-0.34726582524184824,-0.15372228548128117,-0.151428791215762,-0.19597735484872145,0.21938743354428153,0.13420993277724272,0.05537143810944866,-0.1225332127188685,-0.06131290238531606,0.050036602905348664,-0.14687234612875547,-0.017955374979620867,-3.500198945403099e-05,27.657518378403722,11.53202949516868,16.043201356541243,6.416104593982511,5.797597869862803,7.600536024317063,7.625847262963436,3.4806022405385018,4.587368759090678,4.906899316103776,5.179617296041348,4.6712334258860775,0.014829843276942761,six,/content/speechcommands/six/e9901cf0_nohash_1.wav,testing,5.0,Kitchen.wav
1637,-265.5732269716236,-6.715530514279401,34.22737795442469,14.999006123969547,10.004552695933658,2.6018192172991808,8.79528390089029,3.835928124697279,2.592616974614848,7.916066951125313,6.396450234715029,8.033525382479125,0.03469390410464257,66.45562654461344,29.860442967446716,26.19208398794164,13.121825004588661,11.77567342224125,12.44037060524451,8.535379520171034,6.822210450054259,10.205618026808516,5.060988565359216,3.822627020139112,4.943823002714583,0.010477056929522775,-4.180138900428683,-1.8375533354363278,2.3869503077182226,0.9912917225129836,0.3994207884142038,0.2804088841401019,0.3896965997041955,0.22630290710313644,0.268146905217858,0.128716454602142,0.12074906817408468,-0.0014024939191515965,-0.000103045254945755,36.27037596513598,16.26315495975451,10.527911877355981,6.870436289920238,7.310450366673631,7.787884973846455,5.469339637495473,4.3178529790320255,6.324788259467984,4.4299337384269855,3.693061422466861,4.011137951107562,0.006513342203364649,-2.6322551336354554,-0.36283332394882645,0.33339486647566685,-0.3005568021592721,0.3240279471614285,0.345981762299392,0.15513826036880568,0.05358936456347445,0.2928914871959512,0.09854798740475351,0.04573231637308479,0.11870750966780659,-0.00021967291831970215,32.75086529110086,17.82570352107952,12.308416628930877,7.739958645477373,7.597282142961407,8.854597139249103,6.240300638342198,5.693760342709955,6.5178332680503654,5.35607267514405,4.975510062936969,5.017240384800224,0.005854471411724159,six,/content/speechcommands/six/1b4c9b89_nohash_2.wav,testing,5.0,Kitchen.wav
1638,-189.0371135982058,-7.662047413270113,37.23630749116711,18.095042296000926,9.803928700053705,4.6257172583874695,-5.608205141905318,14.716365718523969,7.028100913440007,-0.8177357710728748,1.992857425407804,-0.2847345535476504,0.0681088879937306,69.50825650732956,46.3856331805982,19.10259759598978,18.35568422180979,18.016124491250725,9.565907152579697,14.503588591039783,8.171782286863197,19.329069733450332,10.741022271720844,5.8015547473540305,7.206654292084497,0.042430610075014634,0.6779007021818618,0.08507741816516817,-0.22526180862905962,-1.2443173194927606,-1.1097094258164892,0.20779668868991558,-0.4190007133761966,0.18946500307476863,1.0530366296810232,0.017392208185129373,0.04325308299355488,0.003093534948273397,-0.00035522006932766205,30.61510326451835,28.39093635397864,14.537908888392597,10.66079545072521,9.175517868016716,7.223618889903939,8.126865032311834,6.733363055034281,9.264312398847855,6.832181571967648,5.24620663425447,5.4257558419242855,0.017909802665293368,0.03172531473792806,-0.14826261773022556,-0.3196263112913794,0.5396914725455383,0.47722365912877796,0.007373285587923857,0.03639066837414049,-0.1488337996521589,0.11374677679592503,0.11291041881692156,-0.09025919787341406,-0.15424551054410976,-1.3044228156407674e-05,31.77819866930273,24.624669552619924,15.281366634190169,10.788221770700243,9.663852660521531,9.848435428727065,9.957646021055746,8.663436574057338,10.751032157954587,7.772665138504261,7.290429626368555,6.418691456786537,0.016357687704601147,six,/content/speechcommands/six/94de6a6a_nohash_2.wav,testing,5.0,Kitchen.wav
1639,-214.07901457924976,-22.087454940258795,23.777726904833454,16.27282753830118,12.986737867473519,2.290303073889076,8.07609345222129,11.486509102510993,9.710200228399293,7.127387475623304,6.295352941332059,8.153377025893866,0.04536503501003608,41.28141359951832,25.381523510456027,6.089034203744766,14.384424885833122,8.058352465201427,12.950473993963472,11.5488767341724,4.336658726008225,5.5654423158417705,8.160140807630926,5.579507481003889,4.2084386489794925,0.018698453287938604,0.03842455500685743,-0.31144770743249317,-0.3864771635820243,-0.036434785634797046,-0.28570451471534575,-0.5082251435311227,-0.3163799120998899,-0.2511582080907549,-0.20670299593198113,-0.1928447101571924,-0.18942343696730204,-0.09746799971600369,3.0114766090146957e-05,23.33652800500781,12.046575366871837,5.810583159036063,6.825323791700868,4.423075286551228,7.38207118226512,7.162364408753928,4.00436782628039,4.213359491940244,4.667203667383607,5.308559253981916,3.87133456051453,0.008389392035632678,-0.18492766931090898,-0.02796539313405854,-0.16368654534542806,-0.2869972512882469,-0.03224570772360694,0.04722556647594347,-0.11594328817419101,0.02757761677355545,0.15200744877429262,-0.2279836552516374,0.09795602007619633,0.2405206347988103,-6.550302108128865e-08,22.07807806948928,12.07447066027606,7.788781066241769,6.206598344500241,5.477025828798171,7.882660059439171,7.879115245969145,5.111703704620271,5.144452446704206,4.522734995495338,6.465106507470121,4.766739768559578,0.006847605273091763,six,/content/speechcommands/six/fa446c16_nohash_0.wav,testing,5.0,Kitchen.wav
1640,-253.37475194975423,-9.14372753604103,39.97347090658134,18.069809458186572,9.465631589085955,-9.142977925142597,7.473655972739817,14.690615933993966,5.099266429581178,9.251518653268702,0.7671374467290089,14.80086988821192,0.06916501943487674,72.4765133077743,34.73111928451487,23.570712765578197,13.131945341149272,18.626352976293752,31.179612497471815,11.022941887589333,4.5427931160714445,8.55946681860782,11.753871437456924,9.833731304279896,8.314743654530302,0.07140004350943276,-0.21685697983747654,0.004130515571243987,0.0418250485169471,-0.22766333267086863,0.1993506694490931,0.200027317477126,0.04153767693766038,-0.17316853815517372,-0.09161551515519864,0.4217959825154512,-0.031748616395899217,-0.06061530842096489,5.175996451608596e-05,27.76822630277488,13.569819573053651,13.0698102811413,7.433232167910217,8.122074261751333,11.109304865565049,4.508334427958398,3.6215548173532364,6.353491245670802,7.085157700812243,7.281051809853131,5.810940644688561,0.03144507036915886,-0.16563130543895946,-0.01429914249994404,0.025527726265218455,0.27371554731729736,0.2372975977653295,0.13659021487616935,0.08804308977723832,-0.08498442370007837,-0.001963018918983472,-0.019910422690991917,-0.23568468640920212,-0.21151715155300418,-9.356997907161713e-05,24.67730236678935,13.897776832142851,11.456846112425845,6.197979297454647,7.705889896538262,8.966692404329498,5.950008319633909,5.542753218502863,7.8419546331002925,7.370183825291075,9.492616400411977,6.881521990448669,0.02420857827692317,six,/content/speechcommands/six/ef2a3cfb_nohash_0.wav,testing,5.0,Kitchen.wav
1641,-188.86075530961085,47.47324807458462,15.912835075972554,4.498905694746062,14.784914662645415,3.4840351266096983,5.050405382202628,12.692566485851696,-1.936310678623788,10.086602855867776,6.043011507019668,11.343789508242988,0.05716625472996384,72.98778454674876,39.292567677722644,24.88870758380331,14.699856965781233,8.409155557222192,19.48027867442227,14.717740967585446,9.11314912819582,8.912361269738817,6.892825705877215,7.887385803322732,8.376817258831444,0.027372271421647377,2.406783430081869,1.0348487040481116,-1.414505707291701,-0.6125888059840824,0.11259106680142683,0.19331518582286278,0.20604117101554575,0.16063845666900636,-0.1592267960535452,-0.3405936435067067,-0.2839126487342492,-0.16914193767110994,6.598348338757791e-05,42.54637616646594,25.058011178399703,17.674671330644735,7.459696500083545,6.0668804253569295,9.376646579236054,9.252821720960387,7.106837697104685,6.977130407269013,4.60260215855578,5.541194348889689,5.8262930556261425,0.013745507154126658,-0.6758557604175865,-0.13792842850647274,0.19912172866489597,0.09758741005603146,0.1178258548326274,0.3139650959925327,0.18372987354445194,0.15348620064931506,0.03593424041122259,-0.011360170882574572,0.08144394511522177,0.05763603610000656,-0.00022660841544469196,44.07009562182191,26.350325935155915,20.61738289505149,7.68420457976886,7.173976011672457,10.179982483094827,13.138286637631392,8.481805442483335,8.853352256732883,5.9110830254384705,7.067661514611289,6.4784745617079915,0.011451230403979197,six,/content/speechcommands/six/b83c1acf_nohash_0.wav,testing,5.0,Kitchen.wav
1642,-253.18794417975923,29.166898801973343,17.13042999407469,20.40022015613644,17.417106248330704,11.587594818164288,0.2439548340713561,12.163065438690452,1.3234087029952175,10.580870331637845,7.875764992445088,6.202587847566152,0.0454525678388534,64.04632835594694,26.12402301356611,28.8390144417581,11.43499808421677,7.817709631371647,19.738470007090484,12.974553981066377,12.401682836926359,10.322860150762407,5.917133981880038,5.417790516302392,5.3241291848542875,0.020512518114323603,-0.05010619900986247,-0.09846210279916565,-0.0570866632548397,-0.09202655912027898,0.14213593843070407,-0.02019219705867255,-0.051882427943663365,0.13630536692521414,-0.009579765025458454,-0.24962829739366107,-0.037282844793162455,0.06720528755078536,0.00019441607097784677,27.279086921174024,15.9432599414506,14.559380137490638,10.242782956184227,5.449247676887517,12.589587966340046,7.37404340659923,8.986377235314066,5.8875546442575315,3.978306636559423,3.3037059716727923,4.72389255360407,0.008944561985315026,-0.12118069718370987,-0.24947326363126376,0.09999529562707588,-0.017363072392725686,-0.009988142370381179,-0.04683403712930757,-0.11544175746090646,0.37542810738761645,0.055714103132121676,0.08474039071016017,-0.07300843883208297,-0.07539613356365987,0.0002991191657452748,23.531234694966702,14.538800991453854,12.24895518018673,12.569257138081138,6.465759698256307,12.382576901124938,10.61007381427071,9.460756571705787,7.098338152934449,5.438027298558159,4.08990102826494,5.9889377812247,0.007655671897032015,six,/content/speechcommands/six/a2473d62_nohash_0.wav,testing,5.0,Kitchen.wav
1643,-255.57464258313934,3.5790658964080038,40.50691528647383,24.45229682033743,14.074212446416425,11.247808176524288,-4.36040273221477,17.306415238313257,3.7561761842648584,3.793692537233241,-8.103377470211138,4.142867477495519,0.05898722243728116,68.43331301338655,40.789138271074286,15.734977305516953,22.017517015384126,8.19296574115707,16.323312251072235,13.892668844875292,14.453173932590817,7.68477766294932,11.745487424286079,12.8278889103582,5.586200907627292,0.04312920126642261,-1.0778847150288566,-1.0189601106370965,0.2058607879234727,0.4120374680684321,0.3922455236130186,-0.0011284273630080394,0.02189229582135719,0.08417161314592636,0.08086279321250342,0.29893323793010845,0.36546370781139487,0.10749455773935873,-0.00015826126740824792,26.382354135275474,18.954388858573424,12.30206816073172,12.241676703251338,5.72498340842408,7.877685309425662,6.416975304507371,7.570726599243368,5.963695297539365,5.498061413651504,6.9005230161122295,4.969808343544784,0.020380081716620854,-0.0005607784681027776,0.007917122092511934,-0.01451266832795497,-0.028514199947761238,-0.08283222830971937,-0.06100730383690844,0.1088875062226237,0.03684957301558314,-0.16166748261276037,0.13694303976008182,0.28391343565064087,0.08426234693344199,-0.0002881903201341629,23.440205362407283,16.670401446943146,15.064751917541825,11.527911993380723,6.82756161199909,6.8376500469384265,7.6237974866943405,7.14191502486607,7.9669848603173055,6.256993400736693,7.771815624825655,7.064206219427225,0.019701897276381743,six,/content/speechcommands/six/b49caed3_nohash_1.wav,testing,5.0,Kitchen.wav
1644,-235.7744861841241,19.404153645331874,36.21169059798858,17.108682685674108,15.476252005473151,0.7106569484163705,3.3746108187353014,11.495261633522045,4.22896608742324,8.863597936185327,7.614532421253059,9.594214822474335,0.033808715525083244,37.98188564179569,12.012733533320135,11.662451898458848,8.506849184389596,8.610720256693325,15.051458438505453,9.010964399200452,4.466064692376514,7.210464016299518,3.6727295087529757,4.153571238293195,3.9849301691332544,0.008800190041091182,0.9476035284369719,-0.03564103561936974,-0.12904318559222774,-0.20700867600827003,0.020234449674650625,0.1312043979064126,-0.3090790390753575,-0.23274490727788402,-0.5152248677227883,0.16500809742190095,0.37016863856115567,-0.09881506742511124,0.0003382948737952017,19.844621855538524,8.322445312476317,8.554808822539687,5.118239492912416,5.2484593799080725,7.7463003459381135,5.178499608714493,4.1746881676748435,4.09816633297915,3.4709093460697886,3.108299121020613,3.6031089999531187,0.005140267023854096,-0.3678602911175631,-0.11481571078751233,0.0714673447837517,-0.028736666614281335,-0.0003397062607402172,-0.020671642279265198,-0.03203391773299049,0.14637009480966506,0.295870044485613,-0.09463509639368706,0.045993436833604955,0.21200282593639028,-0.00013146443913380305,16.633385917530997,10.696584912741796,10.287761358790203,6.309038680598191,5.027339669769637,7.094219389439617,5.73901801078277,5.781302250984368,5.138031415825606,4.933744586141114,4.810218636094565,5.194926453713951,0.00446096828196022,six,/content/speechcommands/six/0d53e045_nohash_2.wav,testing,5.0,Kitchen.wav
1645,-176.74759468146902,-39.388474581902805,15.991457114786678,23.723448489290135,8.949890651227555,25.701304772301008,-8.113011612617946,17.871950639668015,2.695249061932267,7.215715968298478,0.392703776234486,5.676168360876181,0.1826924217166379,122.84174339009323,46.40115196641959,27.648143198736506,9.40786534629458,17.682171465417696,21.91729708644753,23.38254654898847,11.831349111768317,10.312982807433473,8.369595205085119,10.644379940909197,6.14588292137383,0.1572846850042804,0.8917548217906328,-0.0019742760524180418,-1.1476128413060807,-0.47218539891360156,0.19253932937790189,0.3508680886410312,-0.1167772018002624,-0.43073483760345926,0.16824216367133032,0.1501745209620675,0.04050051590902193,0.09965742707346148,-0.0013106277873439172,42.53428323515706,26.374100766916275,14.044272221012857,9.026648435021587,10.461433391479536,14.558569002328845,9.34277489263686,7.925245401161288,6.426249535621297,6.301774208631976,6.044517893779488,5.317658031912892,0.06931315180108906,-3.1214604646936754,1.041613414791215,0.828208446767817,0.14501252816032906,0.44933872760981364,-1.1367647480793677,0.8619809469246886,-0.5274886213275446,0.2700615225558964,0.06521051163053171,-0.049339508928510245,0.461924303053337,-0.0018451108286778133,34.28354698074209,20.40450980038884,15.259642820710557,11.458717792266832,10.133826227782288,16.165450375712787,8.93123712249935,8.706254235115436,8.392220301588651,7.627890634779596,8.457762552644098,6.958270767854437,0.05294391380636977,six,/content/speechcommands/six/47d01978_nohash_0.wav,testing,5.0,Kitchen.wav
1646,-237.17808985801406,-26.5374364079605,33.459209137028125,23.151662390210078,17.86861831668503,5.935305894309992,8.192015550617139,7.869199436256162,7.255097347571265,6.804865468415468,2.61234820247818,7.076931980031935,0.03448164870496839,21.34742845996283,24.81486039093706,12.756596989354502,7.151234606679025,6.836499060889129,9.448402200006413,8.223143775547669,6.080367212190433,4.22107557696359,4.46269829451641,3.536612513420851,3.0783215495267253,0.009852025628339414,0.07769409973130703,0.23769522444875793,-0.2531162829937159,-0.3001651887886018,-0.41906754674490176,-0.3634676054221894,-0.17797384539233507,-0.18242009556601194,-0.11672723546658134,-0.27485580176696695,-0.01441406680112804,-0.04860626996496923,-0.0012075453996658325,10.755902825641149,14.262066828335808,6.247015725802231,5.156461973644266,4.064351531274237,5.246223963293127,4.297047275955216,3.9789355397005846,2.9018733436827184,2.8265039018773614,2.9680213803156295,3.280316730360207,0.0051984632472215474,-0.2432388500783304,0.08946249900505568,0.04858421756206184,0.005673194415322413,-0.13299109715957932,0.28043538946787144,0.25077305469357175,0.4274757836529648,0.005710472221253374,0.036889965704841376,0.17845259043569145,0.11279313787085053,8.281574894984564e-05,10.060644469104153,13.105293620046176,6.2271233569495035,6.006445980009106,4.599370896262651,5.193355978801562,4.5482997253789685,4.468335085386392,4.2155829681907795,3.872065055037733,4.647272501088678,4.4457598034628205,0.0038058713668023348,six,/content/speechcommands/six/aa233654_nohash_0.wav,testing,5.0,Kitchen.wav
1647,-286.9050864460297,16.825234604993277,30.86904637316863,34.566874783963556,16.161942580042027,4.909790675549932,11.54259320104974,9.07045076176766,3.759580815831352,0.043812733120424996,5.547094322726465,3.090606556887254,0.04434280638815835,45.72084359393134,15.911775511710282,10.539794850156309,23.81852272540474,14.313035453394713,16.499494085566692,8.266077891468518,5.595265958643083,11.504586719517608,10.528339226812642,5.799517436764216,10.267112775635171,0.022634246224422717,0.332432886000095,0.261960623129167,0.24601978461170518,0.040726691744779824,-0.08543411148568168,-0.1451253805512726,-0.3290778013476082,0.19909919097845882,0.1341020008004988,0.30058704940367215,0.3928918250523561,0.09491894200014288,0.0013174926561693992,20.215644219291455,8.58329657199568,8.285866827535816,9.461673387480225,7.421768433109513,7.295261248950694,3.91190469587193,4.235268537377707,6.761490947708175,6.510903537769043,3.6538829035029416,4.701266625878731,0.010732018349388887,-0.20524472720590553,0.2584908834888997,0.411725669576102,0.0005078121576604625,0.2162930698739859,0.2623832076176548,0.18549745433595852,0.039176227258069456,0.07765438066870242,0.10799301636697098,0.21957282381127646,0.15483630446581673,0.00019316549102465312,16.497264765298848,11.067888289655263,9.444146388362022,8.21874415584536,5.765059343807556,7.255486729311429,4.887771704517883,6.181281425570134,8.65504988881875,6.898756038308645,4.303411357002515,5.017545361104761,0.00860314563208337,six,/content/speechcommands/six/ffa76c4a_nohash_3.wav,testing,5.0,Kitchen.wav
1648,-161.5261932174355,19.42568124509288,12.09613079016255,30.6037023674923,9.010888482158883,11.431072497543612,3.2227796606650703,3.219962274649549,-0.9176716181999646,-8.023440418524046,0.0037529190846259386,9.869448260210275,0.07884660304989666,82.79784543133589,24.569842691237604,25.523318954388312,18.70565299066587,13.276825630199978,15.723123531097238,10.573867687257067,7.368214240540796,8.914555666220018,9.947702286823542,7.088224557576083,7.48688762766711,0.0585198647975593,2.8292816536197574,-0.8220156971572072,-2.407979547066521,-0.4500356731836379,-0.6128932497890411,0.8535716007241089,0.5679381209258778,0.06541093951841101,0.1312566364323885,0.7906060470824875,0.885628191763399,0.37299331997464097,-8.605564794232768e-05,34.85285438338475,13.933823814949362,18.259704420906793,12.300127269491618,8.384670535622012,9.926136082866625,8.012925372093376,6.07955305883025,6.4986020926892545,6.57991763237328,4.954143140902042,5.3968996713247215,0.030616071585769424,-0.4189666945132596,0.5398620129794528,-0.21288519807521322,-0.04982672504895535,0.612693917044978,-0.06947287849013684,0.25048178735857135,-0.19811242471859256,-0.3949839060395215,0.14944322937226212,0.18263569734108773,0.02601212121913014,-0.0002471104264259338,38.468621651787814,15.04748759906942,23.663333159429374,14.517568218358864,10.123463125265886,9.40491684582778,10.687858851230349,7.707702784647579,7.9220936988683,8.6336045609035,6.4857947037655155,6.72061281832954,0.03100313536200118,six,/content/speechcommands/six/e1469561_nohash_3.wav,testing,5.0,Kitchen.wav
1649,-217.19573906326642,5.7461291988433345,26.26812303071988,12.76783384023417,6.375823202162058,7.238561588376594,1.7464761980776629,13.624571770596905,9.64652326457577,4.131331873558327,6.1341029250509775,7.098780657752857,0.04865819768747315,74.71014872493123,26.898245659079716,22.00980446854999,9.606170464808965,12.690150083103106,11.548722213402765,11.04573888526224,6.817501463941613,5.216971332014622,7.925447927267143,3.830976432058673,6.267682097599444,0.023971940668280307,2.491426624668035,1.9319744406352202,-0.20840682702067706,-0.9523385177284426,-0.7088120908144833,0.01695389646711188,-0.36648627210768486,-0.08329482398301001,-0.14019949262690193,-0.3072436139819375,-0.15029466686937887,0.11690695271520635,0.00038744803638227527,29.851513415932885,17.00012247930563,10.84026082666148,5.788629462414473,4.376505851267883,7.434059893712592,5.576251779693453,5.618760965353206,4.049485792490361,5.050743297036445,3.7313737677497882,4.53999980911176,0.011866560743244698,-0.8695041007211776,0.1533443609819243,0.3864176340494771,0.26552132213208235,0.1147465556571096,-0.07212154717689337,0.015438127357926637,0.012431350495941936,0.022443102133074343,-0.020810207120430226,0.018486294940289926,0.19713993368135618,-0.00042072925716638563,27.18904232488226,17.658820055673633,13.002243024042178,8.01136432139787,4.819363854683878,6.794751791030098,6.5862203405272,6.697066114535304,5.322875064925627,5.42987705461767,4.738922097621986,5.4475153093155795,0.00877182630022558,six,/content/speechcommands/six/f264e0df_nohash_0.wav,testing,5.0,Kitchen.wav
1650,-199.21706137681625,18.007537847283338,24.50177676274069,-11.900224018585282,4.72955177672071,-4.395509040903695,-5.185454041131368,-2.677155034877578,2.972441516274145,10.157596204577606,3.2521460144583836,11.866467661022803,0.07411067117936909,58.674978114434424,28.292083633404438,19.240317971594386,24.918905030767174,16.538237542547858,18.777061746923334,13.874505688834951,9.99830355649467,17.175623249662394,7.958668582250421,9.355484495482942,13.196103409461792,0.08476818100463955,-0.1737880628777356,0.08963637574381786,0.8029282616661453,0.8862821103349294,-0.45785266098431143,-1.1478159210008398,-0.7104295961678989,0.15866220044054072,0.05221416977439784,-0.3486212772513246,0.3648187152563965,0.8839579540454917,0.0005103721613845517,23.23097228043688,17.046916266257846,12.015035452358179,12.616430922956807,10.065562671205784,8.388979628259753,6.215812948978877,5.584713957702936,8.730058938542246,5.754313488602944,6.076483483837272,6.447584898562889,0.03809277749974968,-0.6959096379843014,0.0702177166833272,0.19358485171123097,0.7011185074423454,0.08328407370003707,0.23394014480514594,0.020686576495331663,-0.24383157710349554,-0.2507237282005554,-0.1217801996429466,0.3307612610969874,-0.07119619842318284,-0.0001532111316919327,20.127501459617445,17.162182209971586,12.20384980368158,9.823366469330377,10.33013958205542,9.0832953000074,7.6436277088478,7.841208615114358,9.538767936741754,7.6526841359175135,5.951948972654121,6.934131212111085,0.029337587357816174,six,/content/speechcommands/six/1b4c9b89_nohash_3.wav,testing,5.0,Kitchen.wav
1651,-207.02527376086277,58.967568429116305,18.569387765044606,8.184100079688431,-0.32170276181178425,-5.342491958361915,2.567204641528865,-3.6483855310129125,-1.5516029194425967,4.753043038237125,1.6033582539034184,6.0917614302992895,0.05161954465438612,82.25674452215301,32.0209027102563,17.791071988976157,13.5069407924014,6.785198571233221,13.569436682575224,10.434202044101509,7.1841970609422425,6.432677858464793,8.271699097028488,5.263604026461429,5.081941162048065,0.041208329881773524,-4.521018885709107,-1.3780064064854447,0.4079718604468285,0.34869569362143155,0.41442454755991914,-0.0060882679567676925,0.38584033815902985,0.8811433855164816,0.28943810954985333,0.5050390775106824,0.3516434628454685,-0.17368633687186175,-0.004455229387648644,38.480092113453885,15.953333704257785,12.443326162834444,7.1213648517797425,4.98910760738824,8.436229719787164,6.318521307619848,5.505834528274223,5.8924715057606525,5.124183923094871,3.6075892252395922,3.9523362476847463,0.012899032515466088,-4.654907209103067,-0.605475539544435,0.23102813437712863,0.6864325302663686,0.27642607048180057,0.3843676344097274,-0.08070214224641668,0.313984794718424,0.42172987350571833,-0.20294607823992425,-0.2085439251156623,0.06671247567489728,0.0007931512470046679,32.86696248719863,15.149923662049614,14.500744114163012,7.849101936967547,5.616887993462388,8.136422304299021,6.71016685751966,6.995622462846049,7.633187755927851,6.821517363290091,4.981951467863411,4.9534085165050845,0.014520531244394438,six,/content/speechcommands/six/27c30960_nohash_1.wav,testing,5.0,Kitchen.wav
1652,-283.92023338925617,-16.499933144341345,28.419810822653915,20.06165135086922,17.08927756866092,5.235836103327739,7.834727791231708,11.339623713458678,9.880013078832075,11.65088976828537,7.61707582530326,12.060299177060863,0.0315172090777196,42.41869143546311,14.31648011784036,20.12454215385605,15.426207703407002,8.895376509242688,11.414387729642288,9.282593118605304,7.830774939349148,5.54246644898545,4.87510680742046,6.265297238841346,5.519974073643744,0.013287389864114851,-0.2269713658654987,-0.34665780395033036,-0.4897608286392215,-0.18906803379491663,0.3203133086949599,0.22319961882906003,-0.05868878006190882,0.03251380682887378,0.0722502283681779,-0.06570438624732164,-0.03298621594558226,-0.16028269040337945,0.0002566439009481861,22.047090476248535,9.516811306186069,12.674017095108619,10.124102800721264,6.910326874244104,6.138957040907284,6.46078072880311,5.071068505888965,4.687458204761933,3.2467551303172346,5.341569071250616,4.559962068256043,0.006833131145561511,-0.2836740095952924,-0.0031589380892506585,0.27783144173244473,0.05410568259215829,0.1071067341971806,0.07186213619237829,-0.040523465334280515,0.17445513009279695,-0.08791480273078403,-0.011860850138625227,0.24005197868148984,0.20553414949121518,0.00017327281335989634,19.66873042363236,9.950698467942745,13.963988277092266,10.28585738602959,8.059257025798429,6.536821884270149,7.6987803561917865,5.218279604653561,6.550036939480964,3.8852479464963836,6.7691004180151495,4.7722229228310304,0.00689983107171276,six,/content/speechcommands/six/6f689791_nohash_1.wav,testing,5.0,Kitchen.wav
1653,-271.8963386543493,-22.090078758854116,45.306625342944244,36.15040884261428,19.226085761062926,14.212084566857536,10.273418563484832,9.659369377355574,8.83461697294045,10.49005307568913,3.309050471063792,6.384598594270206,0.05242917902069166,65.04253033243197,47.1336575044488,14.56292754927324,11.869921668917435,10.200637794276908,12.829878692021785,13.279463485099797,11.343209780322766,7.030078595292088,6.214963862920114,7.917368397868799,5.89728666221644,0.042769421333362104,-0.1745555637239209,-0.11066910937660787,0.18937234782613002,0.09947587439147264,0.38361990048003997,0.19230506917524287,0.18186375274737898,0.009196337426491683,0.09127862670411742,-0.07521722727242731,0.08559883294553257,0.4136899782005123,0.0003026712445482131,26.857824510137657,26.410889868765114,13.66843599627792,5.600145116752288,7.621828721834476,8.565136908387283,7.3717833814861855,6.590618355352413,3.782417427659418,4.994473183110325,4.296650281786141,3.927703796735845,0.019432333198623294,-0.6030297985190468,0.1712558678431063,-0.32761136442209987,-0.3350802329415731,0.235037486117077,-0.3964783800138342,0.3410536111518037,0.10842907194349809,-0.021570886280645792,0.2950868097368899,-0.08955646311180014,0.10670675771375636,-1.755232612291972e-06,21.215374978014648,23.567616718468,16.493783671084724,7.241407424874388,8.866437812913913,7.638860512956566,10.586874296793914,7.09823443523686,4.162318488235694,6.076751354782454,5.213664084564768,5.679460540572884,0.014462247419302899,six,/content/speechcommands/six/e41a903b_nohash_1.wav,testing,5.0,Kitchen.wav
1654,-288.1318680116323,5.84507037818625,22.854896493813342,25.236969842062027,16.878768143600187,13.516416603972214,0.76227473857025,15.0754160659959,7.6884608305485145,8.205247297221264,4.894806920809525,9.268852793379642,0.030901169899152592,55.7981390758323,31.468649391748116,12.673258106574082,8.558927148637395,7.639293481998511,17.589374554997793,18.14322239970465,9.426516347206052,5.010323593535386,7.235698949885266,5.562935604762624,6.653246249773791,0.01116147856463546,-1.5754236253932552,0.9313447795588666,0.7002073056980145,-0.7683657653647475,0.09331065277120326,-0.27089924430916307,-0.1033532913692954,-0.10742535549164864,-0.05055918825965472,0.025728915365367505,0.07837039081755239,-0.28905038708742753,-0.00015318093280638419,30.761293341507017,17.827344624311518,10.640307604438714,7.302504620342449,4.880874323287915,9.856093252788874,10.011204278234361,6.6469231900272945,3.4820767168963926,5.329160080957503,4.353959039612384,4.879537678453017,0.004236611792315343,-1.6273588201194304,0.21300649848588685,0.35173189711850955,0.6221223370160323,0.5179169662036733,0.11841731813743474,0.726615422747221,-0.45066221085228036,0.1512313435199543,0.06884043452456522,0.19754424895383188,0.14592109756652602,-3.3892691135406494e-05,31.61963854752013,16.743153204304882,13.546646917363825,7.523782904091262,5.303568063158463,9.367856531254779,12.967187454552345,6.449286364456639,4.788966442437758,5.89987064171388,5.3926755924102086,6.177988743662332,0.003711710850611298,six,/content/speechcommands/six/4845bb10_nohash_1.wav,testing,5.0,Kitchen.wav
1655,-183.20311429432016,-16.7495509886552,19.07005586582713,12.783835952654456,7.300918439271207,-3.1666820100871647,8.313902027914242,8.471968558041013,8.35395497980717,9.285356878987098,5.334512984878424,12.011969521783444,0.07354633853537962,50.09542119326596,13.99276038870401,17.696307858902927,8.993689751844878,9.538451928508143,13.020944021269136,8.456047416961209,6.153122516199549,8.031707604988728,4.879751601188333,4.436364595298772,4.286964091666299,0.05148560068102763,-0.04006410244211851,-1.1641749400021029,0.14956396579904468,-0.03686932232487263,0.5973916218629295,-0.1638836919072444,-0.022173288509614923,0.0034905966532195196,0.009188634838887898,-0.19340225866234392,-0.22194206245886047,-0.04577128669325517,0.000686800527957178,26.171441795425103,9.869123794202087,13.13441023734653,5.946995198787976,5.506794560130439,7.504261757024536,5.550644853531949,4.669530825371299,4.7428841150238545,3.9472676204006922,4.375505589178278,4.161987710782025,0.027894349503934032,-0.22806461988455548,-0.05479169744987893,0.3171252183434035,0.12950980131507125,-0.10131017480390003,-0.14239896701319749,0.21407936989670523,0.16847670255395333,0.14658869810573544,0.10666537756540707,-0.14553737723774207,0.061938874497332166,8.22603702545166e-05,22.393259940691564,12.092606908069115,14.021053371902543,6.339091331988305,6.372850972365259,8.170435896997583,7.421635723788009,5.339643777259312,5.995284947790443,5.6145180666461645,6.635049993874613,5.3188837137800915,0.025733936840291044,six,/content/speechcommands/six/50033893_nohash_0.wav,testing,5.0,Kitchen.wav
1656,-294.62570056054676,-19.566561039418218,45.5576286973496,26.89645960090629,15.590146502114816,11.46065329778429,5.579928917757984,13.51591855269547,6.4946398241673275,8.06964027400492,7.854925472450771,9.931467528191817,0.024774877150775865,39.434973652847304,21.998030753751337,9.339984965886925,9.215397243896545,7.282604184206758,12.655284577966697,11.75111900841431,6.668727433754193,6.533691251247949,6.645079728975078,4.13654669643855,2.9715752243641838,0.00960484101398699,0.10056936648572166,0.1435917034010447,0.28474348739803235,0.4781139017516917,0.4492321949640651,0.3494130304783833,0.5058916010038055,0.2026739905502493,-0.08832855750145793,-0.2662102625047959,0.02407173073598404,0.2503991442940983,0.0006180302269997135,21.62875550515406,15.755770767361987,7.11137376697414,6.571497044763175,4.434826008890029,8.485080943923286,7.063274499724409,5.368952053641439,5.142496623240447,5.454765480131677,4.388471155279749,3.108431587750986,0.005297086325189107,-0.28256791046165214,0.06726477383874715,0.3458803999407332,0.2642992891345392,0.08721208905922317,-0.15540212658769725,0.16263488709780613,0.18489873033167284,-0.0741994561163047,0.06752902028165142,0.009048980170665643,-0.1324189112790063,0.00013845028976599376,19.53164937069338,15.98275350523357,10.26342682746372,8.317245654005688,4.513881382019542,7.976568901164352,7.808482428542324,5.943926677701201,6.740020047143885,6.213827937186463,6.045187590773671,4.065091526263131,0.004354685930571506,six,/content/speechcommands/six/62ff07ef_nohash_1.wav,testing,5.0,Kitchen.wav
1657,-196.1617762498003,-17.64471975724865,52.895116248727305,6.078368820656651,11.192497434150686,11.223420483185595,-9.004185490219509,6.553356109483737,-1.8678420378983114,14.903635918475095,3.9460452245338615,11.870423816501908,0.08252880751388147,58.04689622714977,41.9988120496299,14.280031539641659,21.17165942042362,7.330384015381433,14.938954673462467,18.31988507342309,11.97997135446953,13.93830829461353,8.825216860510068,6.952355899226801,5.402302012497108,0.0402927399160385,-1.4663699806673223,2.0035252092192817,0.6015037990985413,1.0885613410468127,0.21262306687382604,-0.05853629921017288,0.8554173623683351,0.7010614758807063,0.7974815767277603,0.008261337790605052,0.19270772289612748,-0.3442660127464443,-0.0007359392700656768,19.912518801625474,23.59928796615562,12.247106913104048,12.123481486780797,5.13489562680929,9.183456785383358,7.373807428450844,7.965240348769691,6.839141770705263,6.13254576802396,5.539386126845066,4.239705483080114,0.014827472937212694,-1.2532199304530138,-0.1172381742392112,-0.06954062395174555,0.3048091593934962,0.21089899923523384,0.14348809610340207,0.18800852781663882,0.08706566010630237,-0.04515736998877789,-0.2571304604841541,0.17181705006079342,-0.05150575816360169,-0.00027591784795125325,18.65811689477461,23.732214317451625,15.63170405497142,11.001348684067695,6.620706319887542,8.179710087479224,8.052083408834765,9.784520010641387,9.068071043737316,6.384277847815261,6.933729945349378,5.274518300648078,0.014946668935612388,six,/content/speechcommands/six/80c45ed6_nohash_1.wav,testing,5.0,Kitchen.wav
1658,-257.89859433948595,23.53313177420899,53.5848199998933,13.54403058902534,8.40154730778338,-14.417037401875879,-4.913452012355412,10.781086710715226,11.728337041796529,10.043824531447004,3.53115063956828,9.071061315552104,0.07554524426814169,68.08080853108925,47.9497492510703,14.924266580244229,17.552864374179403,15.296038272054107,26.34907104602935,16.887283186769082,7.39114977661361,8.455519083856183,9.501438898783764,7.46294769817564,9.536000473663595,0.06913802080261393,0.008388896911075364,0.13052399499621503,0.11364738118330817,-0.27298470953166254,-0.1261152557155366,0.0503934506340585,0.119513532637382,-0.06153907439372904,-0.011615370760356054,0.02689413755081457,0.04998421840260166,0.013665397757906664,0.00035498675800138904,25.140924116951375,18.46689249852379,10.929241460185139,10.786310203605916,9.922497522791094,10.617313313950344,7.106452927321695,4.092167758296109,4.511082316407076,5.800134784990889,5.908978693574091,6.336523763726946,0.02812490434353534,-0.7704036187899969,-0.2343184547868278,0.20995701146999438,0.3659261995628162,0.9229023880478936,0.5654676860803595,0.13421003576691554,-0.2291362819198383,-0.18804065358355432,-0.15536666429851884,-0.002359202242604101,0.002684639626061447,4.774276167154312e-05,25.19714043144799,20.497874237632708,12.598200934044957,11.565169103310247,12.400631720659003,11.116964118571417,9.477025611560371,4.909441932922715,6.0453627748247625,7.015103409608638,8.000153883596871,7.664537849428239,0.02008984001947041,six,/content/speechcommands/six/5e3dde6b_nohash_3.wav,testing,5.0,Kitchen.wav
1659,-169.47650860614397,24.519728492649783,17.042663314395902,9.164683894872871,6.742599350944321,2.052386001190588,4.241938599581657,12.665849052830925,6.625807256179869,8.992287397294723,8.126004634645051,7.728537975785271,0.06280667643295601,82.8299851832163,19.809476092826767,22.206967886010304,12.851497156571146,12.711151473619099,12.424863463628027,9.027104007104933,4.557552756656223,7.898973723947163,8.050256263115815,7.11830626014665,6.823772066951487,0.02441717864519252,2.641310473783702,2.1080133583210143,-1.1128161966144103,-0.9535479374253206,-0.5264556690070686,0.0845783947024815,0.128585568657677,0.3655046422813809,0.4435745235720049,-0.43215459795535555,-0.5132969110050009,0.03759556046177133,-0.0001937891206433696,37.11879059881084,7.910998704233224,9.847977592078124,4.662891627232612,5.360032577079577,6.872975448902158,4.993229647524222,3.2998501582998316,4.133329237116466,5.545847864175632,4.124039756551722,4.046509886680286,0.014021591439017071,-1.3583183303272386,0.15563417828542495,0.3386261206712698,0.14676694311412763,0.34875609667508833,0.3261118105940532,0.28396211481610684,0.14213599486829184,0.02056094125100613,0.0451078650890099,0.1545762394871608,-0.36694867181370605,-0.00034578504661719,32.1368526922846,9.881087884494569,8.59675730246004,5.461202574650536,5.539629146578475,6.721769871284522,5.2993770782008545,4.407411447092718,4.937191507340417,6.817665645595407,4.411915601246321,4.136180097640798,0.011849717546638744,six,/content/speechcommands/six/0d53e045_nohash_0.wav,testing,5.0,Kitchen.wav
1660,-115.75405082652244,31.910995452812386,-29.177586337244588,17.105847080632095,19.15322323377578,-9.860585027102864,-1.0565884842695998,8.63411867221442,-11.181986155268628,0.40256501149629986,11.086305827635694,4.162293779779181,0.13553261442575604,70.81297307350444,40.41275590311605,45.923727823026404,18.322150347937434,18.840103524682494,17.290175661180765,10.891385354692542,8.68514826592827,17.945123919512987,18.91566691237652,10.856385633859032,20.012061628690446,0.0725448075710681,0.25030250615439475,-3.3561016993119717,2.0256595479691004,1.2565009073429356,1.5432935405805779,-0.6122563848480588,0.2953046446489801,0.3583540726806012,0.1550217107527363,0.5964188349380006,-0.15149738507386643,-0.940407111663619,0.0009222904280308754,29.032792256401148,21.553553232913377,15.624134114854293,11.388214081112501,8.816201506478386,9.009478635321026,6.310080064036844,5.840196643569139,8.129626252177818,6.878049451157419,8.233453973561033,8.214830367450094,0.02632561622678206,-0.27468665385327334,0.1429444331708415,-0.2998684418924622,-0.03608835125827916,0.14834863774284876,0.3890557939650035,0.44775090940387763,-0.04955081158333024,-0.1820597294953701,-0.27571240945740444,-0.04488520741058517,-0.33230923215694247,-0.001201322302222252,28.644281251605204,21.12612266010078,17.540723118400585,13.086635263633294,9.677221869461816,8.375565915497717,6.9306192060196885,5.64839685929104,9.596986544484707,7.001321803684007,9.991433499603033,8.835160732343684,0.014771393767898874,six,/content/speechcommands/six/94de6a6a_nohash_3.wav,testing,5.0,Kitchen.wav
1661,-248.05961063282587,3.0352477710082746,23.81289806155216,19.69253142524892,24.816822648177887,0.07867373801400479,3.3004741479311086,14.398984059013596,10.019484630178898,3.0078977975863355,6.742426002516676,13.363472526523115,0.054505019914358854,82.13372225664195,35.22641487116195,19.99031515931224,23.642948579507138,12.451639663017872,18.38721045416282,16.43013043278978,9.50583972782391,11.350985764953899,14.133167867174505,4.387558094577085,8.687049025662407,0.04943363491152691,0.5237596194833448,0.7614663354587967,0.1775210878215801,-0.31272622283868806,-0.07999552983157615,-0.031176976163310156,0.21301310966996423,0.3772864186203029,0.3803684092523258,0.2543351355439648,0.24829075328122072,-0.022609582765297998,0.0004939554679778314,35.564506950173175,19.45815688969628,15.131902906367081,16.093128653143857,8.704333882693538,9.973648259638384,7.56442620408846,6.879089389709292,9.303762869686627,8.50645996528749,4.649719927937733,5.573745424031711,0.02442615994976136,-0.056693003373690466,-0.04211636190342931,0.16791266818234157,0.2832080584765705,0.01983096697916172,0.06916674772016028,-0.24808753540958073,-0.04621536400918179,0.3247432581005399,0.08941606979356582,-0.15921200465991464,-0.2525720928010226,0.00011164595683415731,35.895732793709676,20.164700245679114,21.133058090471778,17.548606436564143,10.210100129213235,12.771218452306062,9.411319019471913,8.912550202485916,11.963076195792961,8.743132846282535,7.127668986823626,5.553792693816485,0.022904408023331595,six,/content/speechcommands/six/964e8cfd_nohash_1.wav,testing,5.0,Kitchen.wav
1662,-312.37291714800654,-13.579084676745875,40.070549738451525,29.778297929888083,21.683055260005183,12.009211760644803,10.070845170967203,12.055867707836427,12.080967825799004,9.308644778674804,3.5970227802657084,8.920610166954836,0.034864136832766235,20.637267399347838,20.031420997279202,8.996589575330127,6.107684971607336,3.233664964843227,8.331389192842154,10.067927509548952,7.89884897940476,7.94833534198947,6.717666793720698,4.147769433124374,3.7991188736882466,0.008792804947146042,0.4624171752299767,0.6335967408247326,0.3389171809019967,-0.11227277626472672,-0.2924913384162076,-0.2839945106650077,0.043398800370455674,-0.05740636367153928,-0.3319876592773061,-0.204499115120726,-0.025558160665149456,0.10578800102394094,-0.00036899505123015375,11.595816427988739,11.963896473420057,5.169958458197466,4.253248183007466,2.9392637258623053,5.351363914431162,5.4840517282824734,5.323304817801641,5.342583619533755,3.832969293451243,3.3904426064888535,3.625231715413144,0.004405698555838894,-0.4025946840350836,-0.20279819485177017,-0.023310020955149467,0.06410355117422574,0.1639615872384161,0.006517992326591404,0.04593633826945265,0.056085837923288355,0.008356634362778928,-0.0006410768923791998,-0.13286481265864086,-0.2660301158511818,-0.0002804197371006012,11.093493836941745,11.035929274383713,5.663699438446635,4.82950188605745,4.101959095857824,5.57613167065978,5.498662640139353,6.059499204641963,6.499290387368833,3.820577727836678,4.330462224934749,4.748997273963509,0.0035531463741240578,six,/content/speechcommands/six/1528225c_nohash_0.wav,testing,5.0,Kitchen.wav
1663,-279.2297885395914,-10.711109178796281,33.24076556096921,18.048448886772583,15.720217903510402,9.344468865430851,12.832178944791924,6.74945043866332,9.892769219264983,6.748442236103733,7.484776357546179,11.087591592328316,0.03220983882783912,67.89480462275554,19.220528738731982,9.329336605302064,12.18155699790719,9.825933391227485,10.380721584980451,6.424628054709456,12.75676687935924,7.781168425466047,7.889962336319682,4.337480963140407,4.362567784647375,0.007655138224502782,-0.0566385843511607,-0.30654810633509083,-0.12115552220617905,-0.06725509275845128,-0.08509235619579099,-0.16919785331588835,0.20907612869000936,0.08242670064792322,-0.044867702683267695,0.32948016975691347,0.3499579972037599,0.424489652613099,0.0003203840986374886,26.35114469484991,6.598567961587572,4.128118871793707,7.0640843839748975,4.2074426523107995,5.02321343552303,4.974321318075029,5.641359848957637,3.561138873119932,3.858856837993583,2.998418276536983,3.383557746750154,0.004939197986631663,-0.16317760999716788,0.33963497266565923,0.2741743929502093,0.2986853425310496,0.26174205486090685,0.2033015879646318,0.12190866238757583,-0.20507515596112894,0.05282733250346053,0.13527714781465158,0.12920037099606344,0.024592841595633352,-5.008975664774577e-05,21.61190265915685,6.318026212981031,4.204398372953376,9.392134433207769,4.555354002901783,5.082201477088577,6.180412192464639,5.485320322097868,4.198030450592844,5.050434066858442,4.02253919292062,4.704176414984819,0.00414760704900209,six,/content/speechcommands/six/67961766_nohash_0.wav,testing,5.0,Kitchen.wav
1664,-197.30751801989487,6.937707982416795,34.69896941106539,17.6567903782492,12.33268198337285,-3.957319578419773,8.43407424481009,10.476825375467246,-0.7125368526251334,5.654151870527944,4.837519361467738,7.171987249809933,0.07856460433686152,92.7428795931242,51.373846892575465,24.62880465739642,16.654289414341118,12.498943954184831,20.05511755022918,8.723442758630922,10.880820149873074,10.727682431029573,6.407593581241273,6.0075655893425255,9.533760460797913,0.054527142588926554,-0.3416941855875876,0.37189818768266114,-0.3737781652857694,-0.36646983990411364,0.248056107206975,-0.3764389492436904,0.054134130700235525,-0.04190764351358395,0.561081823887855,0.151877505681772,0.2729130634605678,0.45809032078138895,-0.0003844891344347308,42.512693520633796,27.525071104826562,15.298148205700656,10.87969519014356,9.413731839882281,10.569115983398188,6.212482684430396,7.747955680510894,6.115474857017978,5.014095581738705,5.934463952245859,6.874807588949233,0.026301755556780763,-0.3232840763943211,-0.07966910952419728,0.3634902955202556,0.26009764471128455,0.2702591546678112,0.13724832422383074,0.009661679218205481,0.003956284937037857,0.17882670120170546,0.30626600652329083,0.21944401604750344,0.22436457355447553,0.00014819670468568802,47.05070881665769,22.282249018621915,20.421408052147115,11.553357300290308,10.312252453103623,15.035821965434605,8.04884273027883,8.814683848473843,7.999776353044337,6.315978175198678,7.882464599860131,7.685820125901851,0.02296857424061477,six,/content/speechcommands/six/97f4c236_nohash_2.wav,testing,5.0,Kitchen.wav
1665,-247.85237167943922,-10.563496944173497,27.419215868748285,22.880587351171116,24.532604178951303,-1.5108436172398916,0.03832027224731016,11.506729440091735,10.89529357098128,3.826005790681139,6.971885568488172,10.980659891955124,0.06220027629751712,88.12170311652241,38.656123828791394,22.29304416131561,19.728415457015586,11.401793046238193,21.72345263120461,13.379370661433217,7.495912687131199,10.756290975733181,14.982891180491896,6.6180885158364555,8.038644601359623,0.05205044668210182,0.4811235264088124,0.5266980702529855,0.004500857809927519,-0.08106527139168777,0.6289009475137561,1.085462480663616,0.7094565536560876,0.13091888748462188,0.07717178270613055,0.2658265477687708,0.24393346462232426,-0.030091147283373015,0.0016926897749785454,38.65059898646627,20.611682259891797,13.65488323471857,14.651497648054628,10.236575679935282,12.421068333261877,7.025502961481696,5.266431573633373,7.945042707895689,8.04204425916893,6.838925882534852,4.584660043200907,0.02294925477435727,-0.2388691087450951,0.24874042962304338,0.30001274719958815,0.16125141586422284,0.20330292885774615,0.15834306972313825,0.18177287716724227,0.1392979614602387,0.2986718067725907,0.1312407654028086,0.06454751681477221,0.1921160691033326,-5.834363400936127e-06,37.13056842238021,19.708751008497448,16.839377181552994,18.079859283184327,13.026255295565475,13.240573065256639,8.414395140882002,6.512537973367676,9.773461302358243,9.173159003240178,10.348013491096545,5.362750910860748,0.017008412849427296,six,/content/speechcommands/six/964e8cfd_nohash_2.wav,testing,5.0,Kitchen.wav
1666,-245.0201972305578,37.97853818714519,15.141859645258936,14.772470485788293,14.634131042370946,2.3143840869085666,4.3389879208739375,13.77726853547026,10.23995574414231,14.761052188206111,7.9226735350182595,9.659757048560348,0.03233280096901581,30.667624451850454,15.725325789800314,12.38831514711502,11.125005573531928,13.59817965315338,13.197898131461168,8.640545070281778,8.376222475485386,10.224504526559711,2.544121543679146,2.777801237578839,5.325749662684506,0.017639512256291963,0.6928426594544163,-0.5839638102814655,0.41921965647276155,-0.20059893491604028,-0.00748841043460127,-0.12241666968623986,-0.15418860691183334,0.3555258838079855,-0.13033271253524006,0.036622176240225915,0.08074676340657093,0.17763169635857515,0.0005286310108438615,13.363097761111506,8.838276408888273,6.732844375927913,6.651458654545474,8.312668791639192,6.844987884973998,4.47607756777179,4.850041359580534,5.266413281824208,2.061963273388459,2.841254606867715,3.811051439076622,0.008484648392584082,-0.5418484813213136,0.12155469559287178,-0.08278704609550933,0.18937713213890672,-0.20864464780603661,-0.05259314842869559,-0.2013659233385936,0.03059133172873881,0.186692037910542,0.14696164465861608,-0.01101110102585873,0.317920356961264,0.00028584742297728855,11.391680351197046,8.45197762007165,8.040515866867036,6.752717617373138,8.31517464413074,6.860297465102285,5.135298146557843,5.692798258356053,5.615748232007669,2.9413951455545972,4.089283293009354,4.435890274244516,0.006324066737570728,six,/content/speechcommands/six/ad6a46f1_nohash_0.wav,testing,5.0,Kitchen.wav
1667,-253.71327466419962,25.16024026831198,21.351183524045958,23.787211373971793,8.91307462937618,-1.8647361729276883,3.216702438733522,4.179999492815261,2.971878937465296,2.736753156314021,11.269351408465427,10.090554568092873,0.04419169985339977,55.99354952376615,21.255912212335133,10.070337035112846,23.370060707564775,12.631826430969804,15.396752361942186,11.583369443773808,6.025275652366908,8.843499855695855,16.934456881012213,8.124897245428091,8.723842686320989,0.030796887712400498,3.7865355683180115,1.6214569860927943,-0.2917451882932421,0.09843110000318395,-0.6998006161555891,-0.9978060303017824,-1.263335256446547,-0.6438944905929084,-0.3241115862583743,0.4874980356549431,0.6031825017459348,0.369981234936587,0.0004033239317997809,32.84703775452956,13.09144186673462,10.350886641275185,11.306044972930403,7.860421224123082,9.753688559863491,8.160686164810674,4.622137080098243,5.871735133728071,9.108376064277667,6.178581431823255,5.376305721773589,0.014812885141454594,1.5110519541387637,0.22951072072701387,0.006060352601254415,0.25824160980818245,-0.11242902240407784,-0.19571243712057237,-0.17097994159276694,-0.15153140746669697,-0.32832292861970536,0.017320404523504605,0.0991476916902716,-0.03286214501795367,-0.00028249469275275864,29.987512910156738,16.63855118509491,13.909341289111397,9.813024124401583,7.800695841150372,12.058030414646428,11.322376372792622,6.803489640807731,6.956487766270096,9.353077887696585,6.853307493861397,6.042746976147104,0.013938420663345689,six,/content/speechcommands/six/ffa76c4a_nohash_2.wav,testing,5.0,Kitchen.wav
1668,-235.8908773494567,16.878224411748892,42.26764568172491,15.474288057956914,11.283047178720066,1.1328505259382673,6.411396343600195,10.51585422633735,8.166686396757255,12.701541039526898,7.888813418414779,6.702495425042722,0.06184740492608398,56.137871687656954,38.50738578019668,10.045534455974254,15.476012494462246,8.707846876200746,9.776074360033123,12.726183333877898,10.528329374896602,13.215716053979463,11.268386605448278,5.432232047095222,4.32407344050286,0.05060370402155604,0.029724174069828694,0.12585017833996362,0.05754995692093907,0.22005372260872993,0.47700826835561255,0.3114196836259805,-0.035864129174601626,-0.09402157077492608,0.09237216229422311,-0.18861330149489244,-0.16498598974599,0.08700082663661135,0.0011184554426900803,26.753493582270977,15.243667895986528,10.6716809164784,9.289396041268436,4.508687359961803,6.788865945612926,5.927415334557972,5.689014854800883,6.051413116415965,5.5475217654713544,3.602875962399889,2.457603407922527,0.02456239795242861,-0.9804143357671232,-0.9310822553656714,0.048487015765019945,0.3366726958892619,0.2046989356489336,0.2413967486576473,0.03955089406992288,0.09352447382780932,0.1882745634521239,-0.22016864063978694,-0.2814544929121702,-0.14644642165239313,-0.00014420722921689352,24.58206668541595,13.354149767507337,13.348612863733674,8.97447448662519,5.30670792796782,7.916137084053884,6.242651180816223,6.412251004127647,5.828596119335535,5.99318730253044,4.694753611394423,3.2912577436883295,0.020652575298132244,six,/content/speechcommands/six/d0faf7e4_nohash_3.wav,testing,5.0,Kitchen.wav
1669,-333.46274345570583,-6.258145936939221,33.52978110756355,28.19770924077239,23.504531402354658,15.507937308439736,15.336241074181782,14.245818757272271,14.683871738688747,10.789681768835656,6.1162634878707225,10.441808208425297,0.03294070137781091,3.723102670748062,2.917479849017966,3.293281841310154,3.5967508424636363,3.0884667688135523,3.3907414437507173,2.3193679814890387,2.7645611924478057,3.9496364970678774,2.562413003570479,2.4521584483297607,3.6390270891683514,0.010256906896905253,-0.16863227111928009,0.10687316003870978,0.07753951485790184,0.1602537058068429,0.1522237269557826,0.1633870087848385,0.03880287025926226,0.18858355859435583,0.5043720457137242,0.016681873777416124,-0.019137917851598046,0.09021897262314625,0.0007845743469172908,2.940826219200479,2.9873046533281187,2.6412377213904406,3.4797520259406154,2.404865349166034,3.063496465524012,2.641152729482256,2.64109901280195,3.0436902246536284,2.227481888204282,2.5168587113291854,3.2705590493332597,0.004801690032786652,-0.07323696291839496,0.06447552451315577,0.34830321335066117,0.3167557276022618,0.09199514570906923,0.302740644991207,-0.026762017815993626,-0.1697222930943738,-0.12232145708446411,-0.1594543461913587,-0.13322080738461875,-0.22188948614408954,-5.1523900280396145e-05,4.320979362148665,3.889847597132906,3.246813521075403,4.343079619792668,3.026431194849716,3.4228312764214204,3.9716064942454867,3.9594809511871176,4.614727639347921,3.17846735212853,3.5600354394611595,4.791853472261492,0.0033791327932877805,six,/content/speechcommands/six/3f2b358d_nohash_1.wav,testing,5.0,Kitchen.wav
1670,-240.5484522857225,-7.296789967072231,26.701078061608968,25.463745158509667,14.094373774185591,-0.21782726211196346,7.922501464212045,11.845855515811785,5.144916888953481,4.8607000203265684,6.886186803604732,8.714811710252953,0.04405755229527131,81.75303962933435,34.208369397828825,29.98093513284587,15.600701130964824,12.930206483361527,19.508203548283994,8.879100640753734,10.015830156376449,11.831325305507274,6.2626853569934555,5.95138986492677,9.069620884153354,0.028241244229609216,-1.202153152586367,2.0942054945940534,1.5095140388386672,-0.628595720366857,0.06805542194509741,-0.9869144644844445,-0.3181335011739396,-0.5086447410618847,-0.29542636845607523,0.4311338061494553,-0.5199967054144382,-0.32996981457163405,-0.0003569373680699256,44.77018602957308,22.97049804911321,20.25509676084194,9.991055529390753,8.485959450563824,13.776778854448182,6.642074539361366,7.343697408042812,6.583606477128874,4.910904335546126,4.771597524794882,5.204120299079876,0.015034010970857232,0.8956535670878641,-0.27074800737350097,-0.25650439716276213,0.3133334161902373,-0.11194049153299718,-0.01609382188529551,-0.3120150025255043,-0.09589221287644621,-0.12213124800151001,0.005918795507055327,-0.10800529767364922,-0.20803071827149733,0.00014037235329548517,41.19787198058909,25.353297632541874,24.144645116164753,10.203758975926851,8.73196055228976,15.715672612849053,9.143363398110543,8.871334621558095,7.7597936335678215,6.615590999152057,6.294425090695567,4.917099745381776,0.015382706184128942,six,/content/speechcommands/six/97f4c236_nohash_0.wav,testing,5.0,Kitchen.wav
1671,-236.8242773889314,2.1988082325676395,34.59004244374184,17.185790853538595,16.133586089165817,3.5333011014368725,-3.327799225749234,13.333078090972766,9.996048129012724,12.037514666103155,6.578163362102238,10.259212276661284,0.04652741871541366,71.63461949611718,37.64946529449983,13.163145304743495,12.134224067384215,7.1791111502805025,17.432348153661263,14.573224165586305,5.4892850454627125,7.2885494600942415,4.490465526523995,4.477554441438597,4.5878574786434525,0.02810892125561758,0.13153458992708753,0.07205922927472876,-0.015346236120688875,-0.1844758699669751,-0.1259297547562907,-0.0811073920009872,-0.14817587357233689,0.19241056461152278,0.0939188629936435,0.020553480044416778,-0.0006405359122846953,-0.09794736236911321,0.0009552313675803523,29.29671703258698,18.964413060323995,12.864470126453492,7.200263290566053,3.7768918566111416,9.676475707800853,6.981847675905019,4.082684057671267,4.270103194849534,3.5232676703027526,3.9507367025587,3.942998536186411,0.010713388754036286,-0.5207860127903056,-0.10473112126876269,0.1529568191333181,0.4547690523670467,0.42451615388549013,-0.05777555015159681,0.13171956434834567,-0.09509404910231302,-0.09625341188870375,0.1918494624330793,0.09408352022628413,0.061837838803808866,-4.5268610119819644e-05,26.149420828621317,14.838668564801976,16.587942125714672,7.251995096114628,4.435591282011776,10.293388637322343,8.99702237255181,5.026110822461344,4.237167589612422,4.61858886129992,4.894121915383875,5.237638330800713,0.009368211371200195,six,/content/speechcommands/six/48a8a69d_nohash_0.wav,testing,5.0,Kitchen.wav
1672,-330.97903876185734,-17.337923628004607,34.2625602081099,27.02832386178266,24.210595843831182,14.542829274902328,15.216931921571469,12.28078893192336,12.195503103197936,11.688072677773093,6.524123410034174,9.460979158032472,0.025036657811142504,5.232819268752865,3.78685909925997,3.3419623505293123,3.3315675915342626,2.5238062035818176,2.437290916980619,2.524476108491506,2.2725357201500627,3.341822311968164,3.463482073020605,3.4726734216233277,3.6902925739681263,0.0046767888992872205,0.5212259159802304,0.23816734770952694,0.3630338975952935,-0.1727852132994687,-0.1810629024589065,-0.2613476686637158,-0.2901285937361241,-0.016488694108038236,-0.04441139611172163,-0.08123189991332828,-0.4345654649572375,0.12043316414018669,0.00019205361604690552,3.738472724988826,3.3129283540623105,3.4925136352267714,2.6505730093022284,2.328399201221228,2.41869184314169,2.306025598519797,2.549710064014356,3.1178459746970266,3.858198682536305,2.888604835621451,3.295364211451899,0.002591230492579315,-0.1297394881770515,0.01716107636172938,-0.06489648352670763,-0.028844886643631065,0.05455658522198815,-0.020543831945448215,-0.06905567491588384,0.039360581938098944,0.2861428136400078,0.012248817405481442,0.05720041996445482,0.017576632354548198,8.089051892360052e-05,5.155994466441784,4.409271498470608,4.879084321626731,4.14151516987833,3.3210493516816104,3.4860118902035384,2.846202456988889,3.752880234645594,3.6914524339595496,5.159006993364245,3.674681201870699,3.7129224015070155,0.002516397189075303,six,/content/speechcommands/six/3f2b358d_nohash_2.wav,testing,5.0,Kitchen.wav
1673,-244.4957483425461,-3.58317866955989,13.640391773238397,29.42879388451327,23.60044523965876,-0.19539398424895138,4.793890587764768,9.952390128952482,-0.42114888046433185,3.670187915591141,5.134416558670539,7.850073887329637,0.04488096234854311,63.48871656970959,31.425904062345936,15.05240811010941,14.038333998733778,6.037201943747783,15.827420655960918,13.767294289918139,7.670108651050327,14.384128683528635,14.224460078972381,6.4959056926352305,5.8038319262233,0.03991589617837581,-0.019810771854363998,0.012470489244234483,0.007555963420003768,-0.015114837687140528,0.021176630976950012,0.17454897907998274,0.0829501154190163,-0.028883036749163402,-0.1078410979426076,-0.1305078831928402,0.0074441994467446745,-0.06033323282748495,0.00033111317503836847,28.958907297618847,17.42686079236259,12.290086056601508,10.13028929752839,6.080036041811224,8.20309495581231,7.2658940523045805,5.332095612490833,5.629146180400091,7.484089108693368,5.445964140599538,4.465587397942105,0.02233143538369622,-0.30027842939340416,-0.03454514741866591,0.05431592807385878,0.01411627867625794,0.2120585783693366,0.058405797856730564,0.08902741877114598,-0.04371443703366727,-0.015218747351304174,-0.14240760834352872,-0.016700421243464745,0.2825247794521682,7.303146024545034e-05,25.43238962481394,19.08490470319156,16.490803029177087,12.425962119086554,8.505485749698725,7.385295312845025,7.341843966752472,6.574508180632428,6.192422812198781,7.343373309967374,7.668164133295086,5.149913979038967,0.023398099212498514,six,/content/speechcommands/six/563aa4e6_nohash_4.wav,testing,5.0,Kitchen.wav
1674,-161.09016485325256,60.07208984669716,19.05485969187053,28.12050925894373,17.551426210443907,-1.4902985844212224,0.8838454052035654,2.852436591368811,-1.3859177638937707,5.4915180161295725,-0.0008325680219875564,1.2312724591163722,0.10715683578746393,81.63645854871035,51.87482936897788,26.215508334484095,18.75872427276303,7.633951007802424,18.12205777078159,12.589236492040046,11.553427636121754,11.256368066257576,12.514825262075517,10.668613613382112,9.236053381160932,0.07408577205932845,1.0583983808825008,2.46761985260091,0.9155784595646395,0.5963434453194265,-0.23666092844900102,-1.0420857675864756,-0.4059659061512162,-0.6797747570349475,-0.8758125472666272,0.08754289714679893,0.2155001750374444,-0.6620854812517781,0.000648983724174961,42.738006688000866,22.327147367544313,19.396396797823193,14.931843117891562,6.198755413774189,10.935759195948558,7.418643248490489,6.926543458715722,8.276054003648598,7.571775441485365,5.912958784875352,6.160920096183456,0.03262421738747777,-0.31074028011088045,-0.18608803223728346,0.12359075400820375,0.4143749834311942,0.10505100746187163,0.1183240362272338,0.3878320431313335,0.2617082615342536,-0.33479960058569935,-0.2837754454940648,0.039140431660251926,-0.0045360600557457316,-0.00015976789096991222,39.85414223215155,23.978245830047488,21.348022672484152,17.45482917307384,9.29350102198363,12.375315765718588,8.399044062221636,7.422826820103896,9.370460587032388,8.32508460149223,7.613665789034203,8.903363484623338,0.029396708618029545,six,/content/speechcommands/six/b97c9f77_nohash_2.wav,testing,5.0,Kitchen.wav
1675,-234.6964318222096,15.211738220656564,16.93882280892108,13.19519078004949,16.31174226420569,7.947659797421531,9.137130315277341,5.913888700091679,3.0137860338340694,4.545718387498212,-2.0996959257691086,13.338449753853652,0.040113042952725664,86.10163960442735,38.501782774924855,24.382822982386887,17.983265904890757,6.931311544353678,12.477699382075008,7.651673807233946,9.579866939464154,8.054241885953878,6.058114313372458,8.109330231935473,6.7510791408035145,0.027980314890748675,0.011853120723619595,0.15296401822412314,0.16112919576433812,-0.1327908200294091,0.31637989344026285,0.2696161504430786,-0.16651073722143123,-0.40220837822714844,-0.17513415403556007,0.28575407955079174,-0.16846246831806638,-0.3905364288101588,-0.00013976339851656268,26.697250615772084,10.81630719445242,12.074537802415827,8.657329034587265,3.9148841961327743,6.880975028561608,4.6922337326379635,6.8957182852976455,5.153030517256501,4.413269063531895,5.141697205945642,4.893740912068459,0.012079850234450464,-0.4405866803117192,-0.15240296623420438,0.10895729540286586,0.032935375225208396,0.25743165493886894,0.19145529943241968,0.07425134289034349,-0.07013009221942082,-0.027309750479607094,-0.07679687919684434,-0.1270736043476596,0.06324576137433387,-5.0527664522329964e-05,18.005409477606694,8.215506892285301,12.871788447773321,7.862111383655178,4.619036577218932,6.682529055474365,5.228239672344487,7.46577174662127,6.641625809991578,5.94011334663029,5.715516373953229,5.461944006045981,0.01039573204968547,six,/content/speechcommands/six/2c6d3924_nohash_1.wav,testing,5.0,Kitchen.wav
1676,-201.30845855203162,3.6676817180929153,31.826840165094687,18.90747348385861,20.091307785593123,6.069931050065306,-13.581402426450534,16.36515351462142,1.4483441499936416,6.133477285130206,0.8343865187641386,12.037992607029578,0.1262325124698691,125.71708899616755,44.411101203008066,26.50114677421449,22.225259172196974,12.138349586203047,13.972818413409712,20.565898434242243,15.65109795201075,16.477298352697634,12.568331668602823,7.944605027345176,9.367574547409259,0.1260011444934698,0.21304255155589288,0.10033272051874223,-0.38617820534297886,-0.19066588486895425,-0.08880111622883428,-0.2771798709194317,-0.019372963111454138,0.4851884182201973,0.44340747936474295,0.30742312821539847,0.4298671017328547,0.3535058034405442,6.867296272708524e-05,49.09412285368467,29.394424212980745,18.941527952248524,19.723527793884386,7.610664058796396,13.481667050451543,10.302146283928577,10.297500150363348,10.164353460512807,8.385951388005932,6.494202677135124,6.417983426529961,0.05090790755709253,-0.08398969767138169,0.161168359357284,0.14817079576009248,-0.1728773316731072,-0.23261221939797253,-0.25367483293174814,-0.29634520930015784,0.023067851350501913,-0.0735726567937674,-0.2072442984287143,-0.27887659404743104,0.05245288878437832,-0.00012472961097955703,47.51766578336163,27.66666543170981,25.381666444006612,27.712595398441415,7.12346194092077,19.479372738615076,10.200838597758935,10.703740122525426,14.440947676202038,10.921912799808311,9.328356565118556,7.68668850232436,0.04608073043644464,six,/content/speechcommands/six/964e8cfd_nohash_0.wav,testing,5.0,Kitchen.wav
1677,-262.8517710156512,18.351904402737276,37.21885896821857,22.671212823343083,23.045438973062282,2.5731928496292347,-2.5925074669594266,-1.244134912553627,-3.5765843227680083,10.882353955321882,5.010053681826175,14.785900361831304,0.07320150203304365,60.863561550666425,33.46769469225334,17.202826767169192,19.924857510952407,11.640800749961713,20.641981672039492,15.04803738868375,11.986198439231286,11.489504521929167,14.388275066580487,11.586343606341226,9.873277846171078,0.057013329505347585,0.2916734470016312,-0.13806657181406248,0.06458475292081028,-0.39781586875819935,-0.34111666293819604,-0.14045456649525181,-0.39770628586357587,-0.36876652475403593,-0.33266767367236943,-0.39269380435108237,-0.24592338517258094,-0.17119537333355064,-0.0018526553026130123,27.686293591905994,19.37116171987329,11.880279952121569,13.085973363511302,5.366824801552042,10.119011541760175,7.9033085859308505,8.587974115077365,5.070613989117878,9.78322159103076,5.949698180418625,5.643380690302607,0.03464115664912358,0.479412781346546,1.0836582647035065,0.21529748756090542,0.2735494986404516,0.09100516055571448,-0.016418059983533635,-0.035530968923969744,-0.25592232640132556,-0.19882912289592167,-0.5973317354961032,0.06669337480582307,0.038795644383648485,0.00016723182052373885,28.87387597892083,17.745454611542662,15.910965971679019,13.922315865099753,7.468474749906417,9.81493324623392,9.374922176382672,10.864545223785422,7.629296730436515,11.529835333408158,8.856930707279322,6.010833457604805,0.0397394698368212,six,/content/speechcommands/six/9a7c1f83_nohash_3.wav,testing,5.0,Kitchen.wav
1678,-240.45965777963448,-4.766220007544023,45.95346093208059,5.0925047787236375,3.1716330337782135,-5.092646379205633,5.373051623190003,7.1317661771187435,4.459685358312365,15.055171236921778,7.756746041812754,5.1201541053956285,0.08227743953466415,71.64793356029001,39.039399425997445,19.75848282819627,21.080090282421864,13.894466736471008,17.378054365007383,9.406952031114695,7.308810889615713,18.706059916272416,8.195883892754722,4.9587826606817265,9.72089254097906,0.09081714138671015,-0.07332913516509391,-0.11523558594550966,-0.25594526109214466,-0.381155112351876,-0.491906154792589,-0.13246277477679994,-0.1515351807373495,0.4434631603218101,0.6072671552455239,0.43946209514332263,-0.11580528526178493,-0.2622990415034145,-0.0006235669096631389,35.59361535440394,21.9612379962066,13.48479905611518,13.92129775273421,8.20904734027956,11.28425327949133,6.498041287498109,5.532712733865792,8.288490157728816,6.6668079600172385,4.287940771993274,6.041096591882443,0.042772810340020034,0.10201614163376387,0.2318657069571896,0.2824140981138617,0.088860986837531,-0.07525162966877649,-0.1267144271947151,-0.0027389310428379628,0.08148961180436748,0.04917336125643554,-0.04510093008253501,0.1729884212063083,0.30054534564888896,7.794455935557683e-05,35.07757360735962,23.424814049787496,15.480310635911636,14.461412231011847,8.69300543120184,12.174677483005539,8.33501797339525,7.923258844566607,9.133828187764927,8.059946690630936,4.974732639258904,6.986237484959059,0.03328103999987735,six,/content/speechcommands/six/1b4c9b89_nohash_0.wav,testing,5.0,Kitchen.wav
1679,-241.2292767237762,32.903518646405736,46.03145558607433,16.557486727943676,20.377649134488212,8.705618037253343,9.27504431540088,8.996063978225193,5.305385114811536,5.478684682366637,3.8912707976192094,6.58290885806397,0.04467805556487292,65.23639611751013,41.529745889757066,19.31534129229925,14.50861992582162,5.580820148449663,7.022591326003703,7.657650949877329,7.469747019281228,4.546384477320638,5.845701571398372,8.030518092588117,6.017158948929747,0.03229661075730959,-0.3136889005649,-0.17656959352110402,0.11351923897090349,0.041631921452295176,0.2044357275096895,0.3350355732331992,0.19201528535293974,-0.2617348446532303,-0.41262937588745735,-0.4727569480634407,-0.4918388189810584,-0.1444638333373219,-0.0006263685082235644,33.533417298011436,19.29048902292377,13.231105602679891,8.297615620964732,3.8188084578240007,5.514198396025292,4.540827204331415,6.3672305302949095,2.5117967422611227,3.6507495604284927,3.576542088829901,4.4316879177369355,0.017039913990607024,-0.4040529674997567,-0.33101241206346255,0.05494683561484332,0.005274776073334545,0.05741487391715161,0.057510398328334725,-0.07749012699696393,0.0921508480247529,0.21244078702062633,-0.04601471758287111,0.1509748799470227,0.17061493207127892,-8.847961823145548e-05,37.20518598229254,21.788921906729545,16.23152173490382,10.716598715607825,4.49341719781976,6.859988708484543,5.155529031925402,8.944287766452298,3.342473226353065,4.23198586885863,4.224422383453815,5.354238133712845,0.020054193248648534,six,/content/speechcommands/six/a8e25ebb_nohash_0.wav,testing,5.0,Kitchen.wav
1680,-251.0240105977669,15.825878990126931,43.62016174911601,22.288130432173958,13.904872776269347,7.336207367699606,2.4164072060566717,8.147103798212672,4.026888589091773,8.968956820448106,6.373441574995997,3.5064126676626026,0.03696640970883891,38.84539799750584,26.539791331033122,15.363991597957536,15.199594986772402,8.324260258817185,10.905638127230263,11.49443524597562,7.324326459090744,12.690795628004107,7.498830652137171,4.19318411595022,5.46130578810491,0.02355022321533405,1.0788110322121687,-1.3955200691555487,0.9811786319711975,0.06931431906778504,-0.3664560538155134,-0.13662939610400457,-0.014028479984745363,-0.1570307894586798,-0.5394615503591244,0.08617893520754606,0.25907671809258864,0.2956937304327722,7.725320756435394e-05,18.47469657163581,13.556275772880584,8.987742623742308,9.477250464327456,4.304329730900522,6.314275960037531,4.619510404774173,4.352168128035294,4.897951014021073,3.7253635794812356,3.573013189866184,3.5696646546399013,0.015000670446836645,-0.688492073653373,-0.2853021145623958,-0.17015196015222928,0.022505591562058076,-0.007463130598481241,0.14667135450635854,0.20971382513219244,-0.13920594389957036,-0.08171833110603575,0.014218342586119419,-0.025874876217190847,0.022536834434206673,-0.00026084190855423607,20.556569714875675,12.790339313019935,10.358215264895653,9.745455557601368,4.863538209435762,7.4415359051061865,5.302259697341554,5.607536682479112,5.19762174649943,4.563712538901893,4.833411814997028,4.388043493384648,0.01603236217292195,six,/content/speechcommands/six/d0faf7e4_nohash_1.wav,testing,5.0,Kitchen.wav
1681,-296.36486931476117,2.3814086865520556,35.72094186451592,27.949738983639815,20.760135344131086,0.40433045072708684,7.742006847630131,10.525876650799745,8.202566750092654,6.2956099220016215,5.71213570311016,10.001308473808512,0.03517912680399604,38.83373371377005,26.999748408671877,7.329087221479235,9.48628429327734,6.575278840785356,18.270534511787112,11.524308244196941,5.709643392375337,8.944863045140966,8.505073186287248,4.206203065251977,3.47604917675755,0.01941372443818353,0.24144087257321284,-0.20499510152710965,-0.26298720798028774,-0.07966714812857856,-0.188499989919929,-0.2429122401883135,-0.39579511303436776,-0.0937504793585163,-0.010764590814383964,-0.08874207670709601,-0.0500094066755453,-0.21091128256399821,-0.0005867021578934885,22.990755375305632,16.12198564520665,9.284324793630915,6.976148439411576,5.76237109299071,10.166147519672393,7.277927052480505,5.2503926938214365,5.428435846700997,5.854217221478593,4.226931453482196,3.1869124944072427,0.01100748612498322,-0.3130825065808892,-0.14496508076279419,0.06154467873371298,0.3555261898942972,0.2588150125767285,0.18289015614785964,0.12461293261467589,0.07703055329021395,0.15452522479262895,0.22499437812043563,0.18937707865274037,-0.15724326549840356,2.324612190326055e-06,21.67625451501627,17.348280733194798,13.97233523577257,7.9909999627233095,7.103619672607657,9.930118470306557,8.636392844358891,7.600151127931892,7.015648545350034,7.311696444411789,5.575127960879525,3.9533608652057772,0.01055970924429825,six,/content/speechcommands/six/f292725f_nohash_0.wav,testing,5.0,Kitchen.wav
1682,-255.08201441995857,-22.489562873801077,49.00285394114433,27.72083869785331,20.309977287797956,11.672642436293422,-0.22466618906617508,16.67502626372958,3.7631723359744345,5.391538995668633,-5.240864004087657,5.425785890349433,0.06868543138261884,62.44586522324941,37.93423595411052,10.990540103191293,23.039651300843822,8.325871282890837,16.975981159890893,15.320027778337426,14.681814607115754,6.9519811600932595,12.08575356747035,13.34659870691037,7.522296883914576,0.06102259959539564,1.5175333545744893,-0.6978771840988096,0.3749338849655788,-0.1637047717221137,-0.30406113542766894,0.6287777585774532,-0.669574604118657,0.6589370631908509,0.1304941549468754,0.4459500708804976,-0.03069999545264173,-0.08286197802523397,0.0006507141215185966,22.8966904811257,17.80310239523937,10.855166681209356,12.534879131243185,6.375923779711609,7.315104981571497,7.463366372751783,8.118898618444383,5.838677000911313,6.049041231070894,6.885709380639449,5.200739925013474,0.02693880308452041,0.10046508594184426,0.2717538523445851,-0.11109065036579177,0.29603050325160785,0.14287158235822292,0.1304614029429003,-0.07990548850443682,-0.22984032870534055,-0.14204074088076685,-0.04981500513137478,0.004783868654305001,0.07567299439209224,8.141311506430307e-06,21.568520570934027,19.068347542400726,15.303583488465902,12.071795854454505,7.8865920532508085,6.272240802610655,9.666251077630255,9.423734625838225,9.095487952418997,6.666730646529712,8.34017187377745,7.122118692705923,0.022463449859858837,six,/content/speechcommands/six/b49caed3_nohash_3.wav,testing,5.0,Kitchen.wav
1683,-259.5520125602528,-14.522688028166613,37.269709830950035,40.62465811306578,20.57385367610997,16.393744597929338,8.624240914186647,7.750246408855017,14.727000037291525,11.215626325911384,6.7983044454967665,4.325874675751496,0.050907480472233146,73.4848021337149,25.819337745766255,14.995662235853356,19.830195450119444,8.535062613569055,12.394309939570313,11.021668030771645,9.354950543100768,3.366839081964143,8.003204048583049,6.59991658140905,7.590054929009429,0.017915406043898068,-0.0737950616456755,-0.3655010776623834,-0.43301280887727217,-0.057111197983559354,0.025557930355563394,0.13741884807070995,-0.1355744112676677,-0.0795527945340646,-0.013298310996031862,0.20344244100656242,-0.004642280082819682,0.31995639831076284,-0.00022247836234108093,31.479998725656728,15.599171763019612,11.946599543188201,10.761203642383878,6.751524604426113,9.040470042476452,5.568735017152497,6.243770484863105,3.278799832255449,3.856421209673217,5.60031873304158,5.121263603290717,0.008671267108038066,-0.39746896751726885,0.0062492359378786945,0.1585295974957565,0.030061266053087246,0.19091162841880435,0.0015477296161575892,-0.025556871877795297,-0.04058260049247841,-0.19819688186446302,-0.06561990149291243,-0.2256869857468494,-0.0017042667070162074,-0.0004426977907617887,30.48914897237544,14.560606480326296,14.72114043037668,12.317578762446384,8.130084581318203,8.980660026212483,6.494195745687975,8.973313431304089,4.519210331923411,4.767236707877662,7.128447532563334,5.8138922968251485,0.006451265455043649,six,/content/speechcommands/six/37dca74f_nohash_3.wav,testing,5.0,Kitchen.wav
1684,-300.5139245224561,-23.38756498446481,43.07054373918376,22.267637404230552,16.11927815736269,9.891451403643647,12.4041424449656,11.84911306107251,9.427201198774613,11.721027521779387,8.599848621975564,9.46056687102114,0.05000504106283188,29.388345609360787,17.863522584585752,4.622592929646998,6.930539766298781,6.517254624716989,10.235162119155241,8.67431493465253,7.316956488887125,8.794360176257657,5.312463808369707,3.493682830146724,2.956881160620068,0.008001421218280982,3.8799636703630025,2.248347895633684,0.35463228267988023,0.6346805769402832,-0.5617943506996749,-1.2350464045900769,-0.7581309892860377,-0.6408632522726021,-1.0952786048827285,-0.6715969027027132,-0.3241802883211774,-0.09287761928476763,0.0006166984958033408,10.116189805205462,8.601385530967415,4.457222769732959,3.754687558341133,4.086348512674383,5.66637878926554,4.378685927692361,4.087458009733024,3.5701891652958277,3.1295974708371816,2.655299137059626,2.7072412145086155,0.005432448576381571,0.3448111821935603,0.30766995363939753,0.18844609124210715,0.18123436356635522,-0.12389497576205631,-0.07958122497398333,-0.011635660402646882,0.06279532631798723,0.048457829862431544,0.22897904159043803,0.2705163284132573,-0.051460981469410576,0.0004509609192609787,8.301210536256276,8.539335878105492,6.838631659268803,4.555431228632434,3.96606447078424,6.5208270959161165,5.201642494394823,4.9558626472408935,4.0134241404123285,3.9318678181529014,3.5285175145736503,4.028908524988957,0.009111783181078302,six,/content/speechcommands/six/1cb788bc_nohash_0.wav,testing,5.0,Kitchen.wav
1685,-294.4321243074917,-2.908234431014567,31.263384904885083,26.285339566424977,25.62678855906662,10.938463381953259,7.708855130761558,12.236700061957901,6.0417435415020595,6.929604508098094,2.70863737230036,9.484366767279344,0.027151961607160047,23.5800993939738,21.293137403477466,9.256400914346685,8.200907205929267,4.417107719272012,8.61018179508668,9.852950347714357,6.995617695065098,6.58361862108481,7.608663836636349,5.098640070533708,3.7817529639580365,0.008153393406890527,-0.43736300094916525,-0.3550275315097655,-0.6031281067764807,-0.40390139400474756,-0.036673231208506386,-0.1290900035083845,-0.09523561149172143,0.06153776611372211,0.3315820330519581,0.09608847577118068,0.12360443790678607,-0.07591917233560241,-0.000968627541536285,12.065000835457862,13.339384040709984,5.893479418332848,5.960245227046944,3.2118613537140157,5.344802646508548,5.938808020379719,4.251523831761071,3.4488023128549252,4.915722677321037,3.9637724380545674,3.5488301647375504,0.004353839447945372,-0.2445594400067326,0.3031701584044021,-0.13464589053991935,0.15870099092967974,0.23167098523353596,0.08997283998297854,-0.11472423754238399,-0.23301283636506417,0.17072215009844244,-0.15678850323093568,0.11196214413430727,-0.18803425544569408,-0.00019606975838541983,11.735632239628472,12.419701284634172,8.445262109986553,6.892843463202611,4.002491585112501,6.110758070542112,7.261738408946619,4.424451634833742,4.518229952395334,4.786511020072106,5.6419532855178565,4.856768656310886,0.003345452422645787,six,/content/speechcommands/six/d91a159e_nohash_0.wav,testing,5.0,Kitchen.wav
1686,-254.75845324420104,32.78413395506166,31.253052126820208,8.553338170175644,6.809243265686069,-6.831729140934858,2.8086129997677323,12.913230044463585,8.17388968974202,8.117631176404295,8.311254709056692,13.167791709115317,0.06931203161366284,54.12636449314063,43.57999280612042,16.971912733532793,6.985066201425239,12.72104433363853,25.348933891255346,20.338075516762977,7.925382824045852,6.7408746525353065,7.348290700993902,3.8754987648833086,5.00729008895521,0.07007479118072757,-0.033934150115224,-0.4477922010534993,-0.3137083619634657,0.10115420362238059,0.18408684732668085,0.4705473266762524,0.22758107095336622,0.07826612417395097,-0.07504852210626244,0.06005727393045121,-0.26413532787221417,-0.12260773778441081,-0.0005012358268422465,20.948671163900425,20.735154972534847,10.420391224299516,5.045637964766586,7.4609784853830465,10.2074053104328,8.707173399087523,4.28046648787535,4.177541217674132,4.453386463766101,3.0643505733787393,3.3106767071296144,0.030958051289472356,-0.5869861060195547,-0.4636511940618761,0.024004414149690827,0.22827474366628653,0.2598924186063044,0.18607887599388342,-0.046860418171035964,0.07148540333378754,0.020041334082267336,-0.28171512871928667,-0.1285353944931624,-0.198432557832872,-0.00019132339706023533,15.095027562094897,18.258183370133043,11.926740155280143,6.666381618215431,7.475205970103236,8.550383542335663,8.505961364643456,4.750833606726763,5.184879742415966,4.977789631797361,3.956314719173472,4.092941430747164,0.02210778588170128,six,/content/speechcommands/six/5e3dde6b_nohash_0.wav,testing,5.0,Kitchen.wav
1687,-183.5275735083069,35.82742315212155,25.19268181294297,29.99119957149702,26.663549369681313,-5.300730989124839,-9.660027403103419,6.620913900327858,-0.7923627684135341,2.491917692509803,-3.84416205828108,0.3873125001139248,0.07265206822194159,82.06282237075887,32.36102560025405,25.611422850777284,19.97316297250836,11.564901681209024,15.869304490752226,8.846967033178576,11.212617595127899,10.721367447156805,9.91396581282528,8.645728619942703,9.178826605785622,0.06305033474650562,3.6754010570172846,-0.5506668271488483,-0.8654582032605654,0.7166971321360456,0.04529939115356308,-0.8825279896277148,-0.7101687704918793,0.6934612888613877,-0.08466873098109987,0.25039571789612447,-0.19798021062890747,-0.42685696100266635,-0.00020024709163173553,35.54362331842891,21.473676748033785,14.675150687013781,14.062310025080897,7.74069047515493,10.805030986519665,5.786718212318381,7.247520781697286,7.382072345637533,6.864811356323915,6.878487734068837,6.485331979486296,0.03230305341460212,-0.3095575848484922,-0.21980398085929026,0.07887082092875795,0.04304887042509383,0.06598761711120721,0.12813558355491364,-0.04305813848069029,-0.19720400523671658,-0.17273276254089348,-0.16793727539629016,-0.3614441470415354,-0.36717597047142425,0.00014884223540623983,23.645399752120742,21.314075792945154,14.195837931730637,14.464856794129561,9.23202216769262,12.921387490641958,6.916311717759331,7.835672650588418,8.099609480661277,7.3486810971567,8.214104990685366,7.455969336697213,0.030548027809723606,six,/content/speechcommands/six/b97c9f77_nohash_3.wav,testing,5.0,Kitchen.wav
1688,-282.90294105610496,-14.185147892753477,35.00933766543837,19.17524215581342,18.92418059437103,9.140755914846462,4.56443746817188,7.423262476039454,11.573765995122116,12.112063507895298,5.941807974520685,8.875296058877638,0.029667728405911475,43.102198382796225,34.460415540132054,13.855296975422496,10.536001458710007,4.7272878396760625,12.713738048548864,15.154391278058505,9.977355379635068,4.55273856982068,7.2585556591240765,4.911680828325536,3.466973207765324,0.00857640138568243,-0.641880070674774,-0.6284998839487288,-0.04707936853834975,0.2101035542434127,0.39674362362631194,0.5802041726762928,0.39476187799443274,0.22655685935701642,-0.14434284358429395,-0.26081809107964643,-0.24562586443734385,-0.1322257047418743,6.469603507749496e-05,22.405925544244354,19.077721087484793,11.327444884392623,9.416043460180937,4.579484352517535,8.168575140851845,8.32470995990695,6.60988716685463,4.3525689116787145,4.803602600455051,3.150063983400558,3.3947884889923157,0.004109414755485703,-0.04938405658057642,0.06263612325499478,0.007013083960829883,0.1306639932768268,0.1342285606396098,0.24924850310818034,0.010993736673113829,-0.01762592319406314,0.048707463683040096,0.30169369170950416,0.22911666546327017,-0.06704748713698623,-0.00014312261094649633,22.781102582033625,19.897381028701012,14.662894999131854,12.219629797249029,7.020376316252162,10.58357483171017,9.504268991936279,8.117068008013723,6.208980991351699,5.593941953745028,4.122381698275523,5.539594341961447,0.0030309467403069733,six,/content/speechcommands/six/fe1916ba_nohash_0.wav,testing,5.0,Kitchen.wav
1689,-273.217186096373,-0.6062490999339274,40.42468616824971,21.38693385237017,16.51393432634851,4.172532611634826,9.573865210338736,12.680454698986495,9.23955774817528,7.06938340102638,2.1804203901326575,6.534943562847012,0.04530311160488054,74.98130534508823,32.00481821708072,12.95315409894419,8.827526875881164,11.098949873341038,17.8990783275338,9.453782377215884,5.44652954504992,8.759409111456032,5.932638029878108,5.5028517960917815,6.181211215846089,0.013748513984098173,-8.461445817846371,-2.1734577636277836,1.4343637998057228,0.7037161161290821,0.8946393594689167,0.6385387408110625,0.39318433747098064,0.5568741894024885,0.6826923337579829,0.6063268250486481,0.6574491171756648,0.6594019326120988,-0.0010583451197993371,18.315849267359763,8.178354041885523,7.686844556590175,3.825305124549293,4.98053511988748,8.759452312630298,4.681830711671884,4.064632322981978,4.088959466567046,4.083699565933944,3.6750823779411443,2.2151206467316293,0.005667943350482084,0.5201263524582636,-0.09777835854350023,-0.163264413113626,0.13500051157113535,-0.1398482114213492,0.05914720159320457,0.18134373309574073,0.21036627130684601,0.17359318173034796,0.0050808603461470385,0.08236358874338107,-0.16564886196579026,0.00019948494931062063,14.64268953149482,8.933383289059638,8.45851246851725,4.184129977077697,4.649872959579988,8.945305319227735,5.915672560021013,4.947136168081637,4.576377042401316,6.024179343291057,5.176247482250658,2.9911893136242345,0.004357138114983334,six,/content/speechcommands/six/90b94017_nohash_1.wav,testing,5.0,Kitchen.wav
1690,-210.06463301151666,13.14384212300843,38.466007355961644,20.58796854765944,16.627984249623186,-2.6715895864208346,5.474568485759051,6.8631097583415475,-2.4090766083875987,2.766244823526547,-0.732487335418666,5.953359490769785,0.0592006096849218,82.2852446440037,37.04352438699443,26.14942766938619,14.651693327708546,14.81154353559116,15.645261059441465,8.56833880078472,9.520922712340877,12.920153867613985,5.915055941491091,5.065279119414801,7.66926787631123,0.041755774815149145,0.16431183895491402,0.11888247775340278,0.7931951386885328,0.9950699963126679,0.594497555164171,-0.1407790835824868,-0.07583629267402064,0.1747359850006199,-0.05027006422337458,-0.4294370941603134,-0.6098595468036458,-0.30640695404831825,-0.0002112739509151828,36.09286516298638,21.04392121494058,15.836678407409938,11.231285738061743,10.261314670444305,9.200831102645795,6.281845983846262,7.265482750532862,8.199744039230799,3.951504213625781,4.487804549278562,5.968825982436516,0.020668410822174244,-1.4775892370317165,-1.1701004286914558,-0.4458307421895687,0.3356345953231016,0.23847642777445474,0.20861838994120782,0.175085074952983,0.15537242698943718,0.24486169670266233,0.4304963709691074,0.3034900110529036,-0.23682642439527102,-0.00033840580532948177,36.33452111154265,17.016407897167127,21.07011467875614,13.308209949294476,10.1316356697347,12.064059521759525,8.398194230132324,9.127998333663784,11.882126312221557,4.713421911281887,5.489626192313089,7.295942038062068,0.01926090118111363,six,/content/speechcommands/six/97f4c236_nohash_1.wav,testing,5.0,Kitchen.wav
1691,-206.45144933053194,10.828636846584761,34.47290495157142,25.451704423137983,21.930195335473172,-5.615105653485642,-5.429243397907716,-3.490283000903053,-1.696847022678467,2.379808439338194,3.104345790403481,10.579330972963067,0.05324069465859793,60.96771501805874,34.40238317732064,20.99520949130506,24.39293951273238,15.710206770581372,15.75828588728943,5.905989690934987,6.848697286048224,6.79513897265933,13.640023776726396,4.98901749035498,5.622421308881394,0.05442045929953782,1.2252423568405408,-2.442962182828596,-0.6465559692077074,-0.2447728622278177,1.3774178872416807,1.320220956618053,-0.20447798356848665,-0.040993264256532574,0.384360830895475,0.24848826709668545,-0.37246540277838763,-0.24449862916791334,0.0006493578755086468,33.45652907512617,18.458119657297427,15.600460911284912,14.712239703285507,9.640314354723294,7.317904305763593,4.9583236084279045,6.497666254686072,5.232916637177517,6.9451914067723335,3.3904832524348234,5.324894698960196,0.027733938072315157,-1.186082385146843,0.7897699490306184,0.8452359894232591,-0.4264307922286165,-0.6893426233039038,0.05565956013512322,-0.42234819340310165,-0.2684508117239802,-0.12598551567534752,-0.040725323429208635,0.025055810808811044,-0.1739416123480682,-0.0005972410241762797,31.342781805917923,19.84995634427294,17.239016428231007,14.309066002449008,10.216261599548648,8.40270781558189,5.850971310028329,7.789841916640897,6.4717247823298365,7.834993949563516,4.797468374759971,6.857743970966989,0.024794629532601566,six,/content/speechcommands/six/c22d3f18_nohash_1.wav,testing,5.0,Kitchen.wav
1692,-257.7225928428196,-13.473338862480876,47.514398639976996,25.591983344302065,12.986111201737415,7.7972016516755875,-2.416617529493807,14.200231416187345,5.411270466672274,5.379713851927295,-1.717389406119577,5.761350163715065,0.05926010006805882,67.87360816768965,41.97545705034525,12.812320270010764,20.285889759630752,8.545911054632212,19.519268594019117,15.376804059522755,14.72498758358628,7.385280195451877,14.154346055085,14.074607754539496,5.207272240427458,0.05937020329182621,0.5625956157408719,0.6532433725438116,-0.058589419798308305,-0.21313529694403882,0.12318028531933171,0.08626532761982214,0.14301599727554998,0.05071537579417714,-0.09466381099468163,-0.14926541361132334,0.05341365427119503,0.09901190058777638,0.0008729156106710434,29.36741532111182,19.477925713826266,10.686580542376696,10.891774911354721,5.598975443123252,8.192538754668822,7.820279462565746,7.944363353191564,5.0802566455171965,5.78536729392754,6.14521669542458,3.8966840491766686,0.029010960280220904,-0.305106249573843,-0.1810023144422201,-0.21193511136854137,0.1439332300327124,0.16265073150349682,-0.06421466858153793,0.009323798787334248,-0.07954715127140713,0.10532079020592798,-0.11989056240490206,-0.04229028403945619,-0.029409061622095816,1.6202094654242196e-05,25.91578443096888,18.390781574467145,12.20190886361462,11.416684821298034,6.219573156547743,7.279203340533062,9.909136368438046,7.856058264449218,6.483902249578902,4.779934498163838,6.468923339878673,4.918503520875026,0.029538626738255434,six,/content/speechcommands/six/b49caed3_nohash_4.wav,testing,5.0,Kitchen.wav
1693,-260.5039817632012,12.533902685481149,32.17307509163328,3.0277702135256117,6.472594335321689,2.721981566613546,2.837845283735568,5.736790187550036,8.070822676000684,8.03261177367164,6.230599443359616,10.81963276955641,0.044418296485673636,63.86933118039386,48.95113710721789,9.813827578893868,20.18552760160873,13.647373375224742,16.244102845067562,15.587271062734464,8.325883300095985,6.331589976276697,8.18976819890289,7.824014689909407,4.6629436770947255,0.026414909643981084,-0.044164735652466626,0.01896726085284168,0.16590819040794805,0.28869583745869754,0.15261930609843694,-0.06846423117864725,-0.21395936391974657,-0.08986010519720716,0.033027579155309926,0.29736590659721823,-0.0650610662459715,-0.5154295852884389,-0.0005671999627544034,31.79663913620903,26.832934254875944,7.291588027680812,13.271687917040575,10.915832877255147,10.064143082631446,9.035587064488784,6.820808863283871,5.192396141403209,5.15261648073935,5.907266327466203,4.07287693935119,0.012388168411221685,-0.2891359369442569,-0.007004571063931545,0.14379858654278385,0.1396803623389579,-0.20707880253687067,0.03559905336193208,0.4186599954708922,0.308526865154043,0.317147137620588,-0.07898601026151665,-0.11937332724605453,-0.06466590268269089,-0.0001110256959994634,30.427453657054656,27.62454303659213,8.57098883949103,14.725810877602058,13.206454830272131,10.594276788258922,9.25286582509466,8.446053042180564,6.697125245716009,6.4964113383978255,7.575487970341382,5.448475505183256,0.009458189235992912,six,/content/speechcommands/six/3efef882_nohash_2.wav,testing,5.0,Kitchen.wav
1694,-225.7660933489464,14.02479372380225,16.05142523926702,10.546023436479537,7.814856463340956,-2.326915688093073,12.778011082690378,10.20185560925659,6.021916046340966,8.354920361255266,10.169485587887088,11.251256587485944,0.04588111478369683,49.40826500749495,23.511573995227405,11.807399320363132,14.097411395131097,10.347431011455056,15.58368256830839,7.810589479808408,7.314887678404186,9.738959011343013,7.142645106976034,5.827263319504482,7.932292015889763,0.015444724534661045,-0.48317685040241726,-0.08674415791077894,0.3474017817165504,0.24628711428449535,-0.22301847796889399,-0.35036127198932465,-0.45063550584392886,-0.19152272770248063,0.025484355423443298,-0.1062109403859348,-0.22384261987093057,-0.23301857074249616,0.00012470433308232214,28.584865000767035,14.973601856130818,12.125327992820978,10.561655322282258,6.2002043844561125,9.158960570423204,5.303609613252295,5.568434893567542,6.386775551320025,4.664355451925916,4.122601012896172,5.384368753570222,0.009169643296657698,-0.7607762603431145,-0.13568955874648847,0.13370966436263074,0.08706426688918387,0.1844560343775572,0.07651001202145694,0.2577645683624596,0.29496956368969585,0.019938558685159733,-0.13122186433591027,0.114454273725864,0.10219953617376222,6.751467784245808e-07,30.71503685017932,15.302412599015629,17.033793795200207,10.498892514185945,6.619588958141302,10.378938168343025,6.072368006317711,6.237982129631925,7.481813165367085,5.935691388264574,5.128123532430835,5.875284721920212,0.011168586184383203,six,/content/speechcommands/six/97f4c236_nohash_4.wav,testing,5.0,Kitchen.wav
1695,-249.06367027578239,6.796098245381771,49.232685786183815,24.857153302674696,11.541151250886553,7.556159448517372,-3.021154539547015,10.666257955523012,4.828576191151145,6.049026915282752,3.18557631691496,4.047384607286243,0.05068047094391659,42.475654837755485,24.624139581590523,14.709514012522657,7.266654018547537,9.637096822847791,19.223791194687024,15.227574400793442,5.398002709042644,7.8505837513941295,5.102549287692681,2.9221313833710707,5.23583033781019,0.018185470605070718,0.2947773107897455,0.31787337521586845,-0.09930306858077777,-0.12692427429169814,-0.38061210581358307,-0.17151778349457375,-0.038997145675090855,0.35787764418202517,0.37100640395895346,0.2076339716541111,0.22662764462384152,-0.1096668687374432,0.0005096170690751845,19.82073497188702,13.882074506080478,10.563629425217815,4.115700018494756,5.1983613043506125,10.686015660714727,6.348385197735785,4.121813109967559,3.30706465503345,4.066612878658528,2.7361676671493647,3.5681480278728697,0.009836950880009484,-0.3771452024397812,-0.23910938137359797,0.17326440724797898,0.2572849439861482,0.10956224925995398,-0.018743563924919472,-0.10697247517619068,-0.1654289295635748,-0.06534955764432772,0.424111839469287,0.037768252465971104,-0.02025965775306935,0.0001628453532854716,17.681302086893158,13.543839866991611,11.361172651625655,4.199459831581924,6.0742745377128,11.038468722302946,7.134666287397837,5.195117055485906,4.246415968337675,5.244115775909427,3.7314167124491977,4.624287489869006,0.00802327331832223,six,/content/speechcommands/six/b11a05d2_nohash_0.wav,testing,5.0,Kitchen.wav
1696,-237.15947676676797,18.7665379053476,27.175552402215338,14.273566143233351,18.150502600980545,4.08073547830653,-0.42185840749237186,14.72380142916879,6.231970442697016,8.932085117657344,-0.5746524330423489,11.116748061753741,0.030970610085536133,37.81356041398426,30.52922123905749,13.018161147955892,11.51481397084308,4.372504452312636,13.902328382180903,13.858781603757802,9.77950898075603,5.5241956926880125,8.29988476214777,6.777217816258258,4.993463823219085,0.008186554710202474,1.7303884416206012,-1.5336882933222664,-0.6735314394989492,-0.5762925209175046,0.004671069716670624,0.22955316323926683,-0.08492948225609866,0.2569351315298417,-0.5911276485716758,0.44281421884604066,-0.3800352130198772,-0.21062254848541784,0.0007648435199544544,22.362077165825557,20.991627442927747,11.518539924345925,9.798429005102017,3.633008871571755,8.443783376356905,8.730036114192524,6.779752901945509,6.1417658147800145,6.815858535114795,4.29507788718144,5.081429590470394,0.004867883611799936,-0.11308906114481801,0.6909099035937587,-0.37540071255774493,-0.049293835757943195,0.0076868487940171095,0.20543044367705915,0.5464125841985529,0.17588739958972174,0.1717899541037957,0.23300143235729665,0.22391770898729885,0.001838974644838043,0.00032268501818180086,24.383454820702738,20.273840133531767,15.898343470178961,11.101212232726642,4.479237061066496,9.591968201058453,9.750174523974659,6.9244175475468435,9.49204226270231,8.486569478470148,5.426437526872092,6.756908182082271,0.0047028079183875846,six,/content/speechcommands/six/9d171fee_nohash_0.wav,testing,5.0,Kitchen.wav
1697,-268.25086642051014,21.113676278315708,32.4508386312999,22.327547008785928,7.151816646146344,6.8436851089563895,10.435469609104256,7.462766094514202,-5.9320764860171,12.411960338368042,7.25254869290562,9.81471787683508,0.06868882942944765,99.89848354398215,27.213001653602404,16.233602554963156,13.882545417553777,27.444772495620633,20.830532838928654,13.127223623614974,9.404151621812785,20.745553932915147,3.5263470310790592,6.943297749584184,5.3146256369499065,0.05991575515326363,0.10710352660774539,-0.23788942200090774,0.2620744278167736,-0.43187568682510497,0.193907081864939,0.3661265212196837,0.5330332001966556,0.41079634445172314,-0.27493075141501344,-0.0554531449736368,0.03622498478104661,0.09256694422034899,0.0005425959825515747,35.300516954872094,12.185589354534619,11.834324720312479,8.436375931234826,9.404358824793189,9.96607827026171,6.199240901336176,5.128360355992579,7.152745226976278,3.4164613675735653,3.6303953785127216,3.5053465356884246,0.02695591381203929,-0.411419226778222,-0.01215772443531562,0.34714759889813784,0.47033071914560604,0.2666658590881385,0.04342586088620663,0.11719511599026629,0.17402857956801895,0.09340504357247334,0.1096506489364605,-0.3707828106145156,-0.33905372079918694,0.00021600164473056793,24.412433067938952,13.717762900263976,15.5783256983444,9.45482241376872,5.536757372003652,11.41077402633466,8.01019942944454,6.758348751738177,7.725711689540351,4.840849755504754,3.6262630124538293,3.8711207518317394,0.02688040477587845,six,/content/speechcommands/six/8c7f81df_nohash_0.wav,testing,5.0,Kitchen.wav
1698,-241.73155701825613,12.649283345931167,29.223659307413808,15.532631900516307,9.189212296327625,2.3568017347940633,9.07284235212728,7.72882245025802,3.271612210105637,6.811803364025651,6.370855672109311,8.188221711828437,0.05996272823540494,89.21455057726108,31.757241028256196,25.137096141710618,8.330204978014905,18.846987444097675,21.043002377074508,8.537800828478911,5.268195893873852,6.860256634220299,6.022449186241332,5.130570612421204,4.015544897053948,0.03486639603052141,-0.4644096631369327,-0.26049258885693216,0.7026653511489848,0.9382141863173776,0.5232717354985084,-0.31808207896944163,-0.48564807291507434,0.12641403202116347,0.3672224380007738,-0.08117891435511153,-0.05490215338191534,0.15120869204766865,0.001184962329364592,27.222321507746,12.289619964911415,12.605827639519141,4.9853786403237255,7.925703165402071,8.824474244101873,5.934852016995021,3.819126022196368,4.356753134179568,4.133303111424616,4.495663430658321,2.962810612410717,0.014821309771675784,-0.19758566619651863,0.05404045736635279,0.11480745225195647,-0.1361527868048982,0.06689667708689223,0.5107583947093419,0.2952329640439822,0.023612528420452725,0.04241100947567915,0.1840324874521881,0.285929159194632,0.07989420519628876,0.00011050403118133545,18.629142468783325,13.814920658784212,13.58072023291367,6.4247244032721,6.551939238659144,8.934636197509061,8.98459618913991,4.874559479990069,5.716912914306927,5.625435435934388,5.322483077188955,3.889550792393311,0.011947254721302132,six,/content/speechcommands/six/42beb5eb_nohash_3.wav,testing,5.0,Kitchen.wav
1699,-254.50567263194122,1.199788055647583,36.81155086064062,40.97546870578792,19.75019518430611,16.53652686345113,4.316119375375785,6.201419393551038,9.875254635362097,7.17988736159388,2.6837936050028257,2.0842190522408695,0.045442095084581524,90.39221843187885,30.05927618986411,17.328840445470853,17.182142925656226,7.505335983913985,10.86945490665625,14.60569658351014,11.544208136798986,6.9396336309038515,8.316822762421506,8.786064448884968,7.957883170858615,0.02329830534461144,-0.13433565031778155,0.5533096996873259,-0.2455861792187367,-0.3840839109528333,0.006333752734710907,0.05610503562982156,0.26611074140166985,0.21554913310755328,0.03942698606311073,0.09516916960184636,-0.1403822308181561,-0.08171454379807316,-0.0004229984216151699,39.77614728897198,19.02306032560189,11.974639691852882,9.621950136077222,6.446102684527826,8.419570283889199,5.735663536210046,8.7234614711092,4.0280304425650995,5.355823277593009,4.041106196728668,5.682754261673596,0.010600438804962156,-0.5694631558262775,0.10172429121350811,-0.1405981935791112,-0.18583632690780488,0.19304127221115513,0.2747203305915209,-0.06819188375337906,-0.07727247385191056,0.04896052019194463,0.06847077973295998,-0.0710383908145185,-0.06933554639894117,4.450536022583644e-05,42.8464978372337,20.218569630910977,15.782411531582792,13.377074637730491,6.734191396035391,8.354490904365395,6.675961941040345,11.884528243439245,4.972289860329138,7.826941506631068,4.880136224581107,7.369759170583143,0.01058835273005234,six,/content/speechcommands/six/37dca74f_nohash_0.wav,testing,5.0,Kitchen.wav
1700,-262.8382367093428,-5.616806666464972,45.25004472491918,36.236548538353176,19.630187268194224,13.250453684109683,3.267824948485247,9.542589001836792,10.861684527890947,5.643123684664676,3.789755470103021,5.346650148434476,0.04983303163317032,75.06929231673335,44.79010165728581,14.544592305165562,11.410684147373466,9.413909152749763,14.964380863272616,15.921275801897808,11.447200786982872,6.577761095086063,6.877797532927063,9.05929229621979,7.218706402709644,0.05048397073803421,-0.015164859914373283,-0.188361696712242,-0.4165003731513368,-0.6388041840065459,-0.3183865310687192,-0.3314142291324244,-0.10355885785411399,0.23404887570251415,0.3786162252950847,0.22231046314809755,0.10601875197908615,0.033473597585060494,1.769603019760501e-05,31.51643898392952,25.83404864465157,14.298865848069461,5.898917834049525,6.778751548254278,11.122963689438661,7.450424505120484,6.69047907027733,4.174924390696468,4.372255995313446,4.53864236855005,5.135753359053869,0.021435799350821887,-0.6612429490104925,-0.2478911842160053,0.30770819499615976,0.35957277317194875,0.012538788573434682,0.13932725316062586,0.33115698082386336,-0.00816054422372859,-0.1613947601727837,-0.25613950528568014,0.004312122557074242,-0.04011181511864379,-0.00020268292476733525,35.30547327022739,24.42244232162175,17.537716592653815,7.421568316807306,6.961965180723761,10.849761550788015,9.952060077816887,7.839984617943181,5.731952342711026,5.883357273403469,4.574482520769855,6.226563128138135,0.015314765530312253,six,/content/speechcommands/six/e41a903b_nohash_4.wav,testing,5.0,Kitchen.wav
1701,-216.1196233417455,3.636397393820244,21.10056436531142,30.824968295224114,9.21176961202174,16.452963130416432,4.885788392076034,8.039145913829097,9.581857863938243,8.293305147239426,7.634735508554108,3.970453679091711,0.04957987944362685,65.67681909675287,24.961653703846185,14.50656646588326,26.504294871925808,10.276397049449816,13.658607580350138,16.121960463954874,13.54235055516982,4.415198405991218,8.437083405837539,7.003711929322697,9.983042976307052,0.02276521203657084,0.9069046687735168,0.22945108582372817,0.1384545506785925,-0.08784657115781468,-0.06832088336383592,0.06527888009659875,0.4755188664769769,0.6493504237775757,0.017591972764995766,-0.3370747613036077,-0.30197471235274714,-0.21780109625965588,0.000541817517049851,32.95504762831173,15.75739514257392,12.673674572350883,13.776381265034393,8.899770375091572,10.640440454442757,8.460241578300446,8.131890262997372,4.231952156937616,6.234953275436586,4.4440285552797505,6.205842221324532,0.011611599187732505,-0.27456967350606004,0.22192260602899777,0.38392999067146827,-0.03792821996655527,0.04146198993087887,-0.08355156049655438,0.30469835791462135,0.10479115346840047,-0.06195363153769519,0.05496304123335104,0.2938840189026922,0.26035377887941424,-1.4968899389108022e-05,32.26979384354959,15.007787340708852,15.81623880740391,16.74714294803469,11.170101427904344,12.00214937362048,10.20010905645168,9.2805098110347,6.243318094962802,9.004752802547545,5.996205403767313,7.395159647637191,0.012775093347937553,six,/content/speechcommands/six/37dca74f_nohash_1.wav,testing,5.0,Kitchen.wav
1702,-297.53271309410314,-16.378282256129097,40.86726773538233,31.107452853037607,21.45653302035472,16.16420895716045,5.852781854397328,12.677115473383111,10.544623268319324,6.0369943059690865,6.996672791724153,4.290086841309088,0.04074603324988857,38.09876565596899,16.556187448234343,6.349552594006202,11.973273464531186,8.231304767937122,11.944846946204187,11.994398453602832,7.036280024173608,5.142638373316595,7.599146713187478,4.211344913485966,6.281756638841124,0.012226596496685366,-2.711127596879714,-0.933259809598074,0.4011484672246767,0.6166394076950231,0.6857735045394174,0.46280687385376795,0.7463957479439024,0.05670728058552353,-0.35296534689395465,0.2023879846147391,-0.20000386463543796,-0.0012425436596340796,-0.0002629669202912238,17.77420500442191,12.302811031956345,5.675735688160685,5.922383574477131,5.722043316343588,7.076584685439542,6.458331147649884,4.480525041965268,3.4813735810281514,5.359309106472359,3.696628782782526,3.6004405924566134,0.006244023930930426,0.12802316839442937,0.0527661033894604,0.13881712409325833,-0.07676194269433463,-0.12930487199481533,0.15447641060602482,0.17097803502564968,-0.04201087044873561,-0.22439135393203297,-0.019692705397253894,0.16498306320526016,0.1679523067756913,0.00017091569801171622,15.915453129142271,12.589005060281183,8.297023511289066,6.929224494487625,5.726265323226281,6.0241127241414745,7.162657818603091,4.124541727918809,5.239052089047717,6.0104327513160465,5.643470314113836,4.225521219688481,0.004595904214438259,six,/content/speechcommands/six/fce96bac_nohash_1.wav,testing,5.0,Kitchen.wav
1703,-251.0060088593548,-1.0164246896774554,26.400597734348874,46.340598110613726,12.735535116927707,14.23483800094511,-1.5051055489477019,8.830483883524625,3.3308413584042658,-0.6858616627554666,10.811823800693173,11.250543868748732,0.06999821605859324,98.27007357862995,33.440708557867396,30.055336351367124,24.646548612550852,13.716081350166107,20.967426707635767,18.200741500109036,15.367045848467741,12.266623422492598,10.896991897231173,8.6788049646779,5.640521987761809,0.04737869017789669,0.8473492567976252,-0.30296853820742237,-0.26051749464259255,-0.18909612658993286,-0.38197005890339614,0.4137442876404878,-0.421764820176882,-0.21091677181874668,-0.12296952469044792,-0.34822058921183474,0.06838623653751502,0.16796328844073893,-0.0013434295692751484,32.087575822058206,20.109142919666212,15.884719303800894,11.02776791733271,9.272217214915585,12.41462935291506,8.062539759604867,8.960441782159528,8.075899057247396,6.752014701854364,6.870454832087521,4.1181428674039555,0.02112873093189798,-0.8014809394436119,0.7256199306755805,0.07711949197094548,0.13869065997091237,0.5078478931937103,-0.16194284524095687,0.42457097315338843,-0.5879877961634541,-0.2853778822642443,0.06435940243144057,-0.09633508336822422,-0.13292939692143774,-1.719916860262553e-05,26.185539514462263,15.650803790783318,14.734689344317307,10.599664661860404,11.279269808748918,12.343596896188956,9.699095688351427,9.457714814595604,9.1551012195804,9.21595241228578,8.882724356754517,5.18005237090466,0.016352597864089453,six,/content/speechcommands/six/cd85758f_nohash_4.wav,testing,5.0,Kitchen.wav
1704,-262.9001025663108,12.273404162463418,43.31555041731215,19.81179385045582,14.025952837828829,-12.274942087541469,-1.818624522835643,13.093083775766969,13.717756462626337,11.344571071729598,4.4095045528302075,8.767290489483631,0.061074748053215444,63.77892287720966,50.444544038302894,16.210436023138975,14.1443635578494,13.774072905634803,25.675272099946245,18.27323765453191,9.644012044805095,12.103131637730874,9.56634880043279,5.4747881543540435,7.2307226628966985,0.052273639261559826,0.007172633703929925,0.0427257726926643,-0.05556337805731551,-0.052187822748895,-0.02836839896556985,-0.13543937709901838,0.030788781610184977,0.046870626214954664,-0.09547049074004081,0.04915169288747528,-0.1211289831300461,-0.06496165276381545,0.0005356672430230726,25.844033348497767,21.42469328567472,11.681127751129472,7.546908933112556,7.988115955993323,11.243492786521095,8.199414685410456,5.0264925547707975,5.476610883459789,4.742266314297915,3.492338188578084,4.7680528925086385,0.02386035835168829,-0.34855990156754235,-0.08477482687050676,-0.0851213501636657,0.13397569767863468,0.2444012790894903,0.08872661181350784,0.011518456332566747,-0.08318190642113604,0.04492931012612432,-0.0625607561282994,0.17283913107837862,0.2338821613270426,0.00012068065504233043,21.2012544363616,19.49687964754777,12.300842553479582,6.436469002227821,8.166974735381894,10.432799247449553,8.705258784469725,6.281390445367701,5.502025856692154,5.905175099565694,4.894130071311798,5.401038151146022,0.0222016127897756,six,/content/speechcommands/six/5e3dde6b_nohash_4.wav,testing,5.0,Kitchen.wav
1705,-246.26629445989724,3.951980872263205,20.058739347120692,26.3478951179104,15.849318658618671,8.52153727023363,-1.572362283077935,13.350798154168475,8.548627663286227,7.715679505004392,2.5796198752001516,10.997721609908295,0.04468935343902558,81.4443648238165,33.285016684528294,17.094879968954306,22.554574401488654,7.988580826903035,11.045348573980982,15.797798346244871,7.825739697543303,5.58046708187486,10.648376481836792,7.600555570424949,6.004473864748301,0.020932171767769146,3.7693855714726388,2.2471292761337933,-0.8292573494599613,-0.9711013388732257,-0.23467694482676707,0.03933828935586459,0.11505534712359544,-0.10266957005201607,-0.1885563777100901,-0.2922730618327442,-0.2929697690931761,-0.08758777067890793,0.00044005087787105194,40.18666822821662,19.18024433116294,13.213828321528739,15.889998315678215,6.218428438194785,6.534568612886988,6.072914560997372,5.539998866787098,4.074968137413881,7.98046035416843,4.576758349373801,4.164119881024211,0.012417864613365406,-1.327883764234133,0.8508722208888035,0.0901512128884204,0.096503313282142,0.02720630579446901,-0.2185485249020695,0.2694583749435325,-0.11073216068145667,0.37115985360333964,0.04897846004120818,0.19251269474826435,0.02628361146313889,-6.600432097911835e-05,46.11294069255576,17.427270707867947,18.03998335548737,18.449953691225094,8.120536363203778,7.11610217947917,7.000312668828244,6.561714147303945,5.773553354367954,9.638241398580803,6.071989513569942,5.6046171713277575,0.01373518662323959,six,/content/speechcommands/six/ca48dc76_nohash_0.wav,testing,5.0,Kitchen.wav
1706,-273.73655237896236,1.340134754286638,42.32379246232593,31.472767280939664,21.751201819930362,4.341926894609179,3.430920209022103,10.18345769051776,12.681188238014123,9.03368558348029,5.046706871428768,7.239439929059035,0.05001870298292488,45.70454424908849,23.02928706169082,11.662792353298975,7.576784795914268,5.356829749226184,17.258555316846284,14.279781926239675,8.079027269896814,5.831450029751905,4.134588942045328,4.4036090166618616,4.0972506714742725,0.010456406904600722,-1.3406623016185955,-0.510364995273816,-0.03469802141183006,-0.028410279963406167,-0.18559834342780188,0.17038601511225876,0.7030755883744468,0.2933850848555884,0.18152155194214892,0.047090924142883676,0.22769848712393695,0.27280887879750976,-0.00017900500566728653,15.089086355658324,6.884947217513005,8.067335315197045,4.243134884293453,4.285951764440636,5.884684136124458,4.248935545979056,4.5804013372544965,3.7020081346313995,2.5895327309674077,3.4536926867905025,4.127991585930468,0.006983089071430409,-1.7907285695459194,-0.5773797108173634,1.0266950246808604,-0.16138554949841602,-0.11160785089591616,0.41053256277185507,0.6903330720896013,0.5736579033494981,0.09463632851246977,-0.06356344838433144,0.23200529774669115,0.35350021735732984,-0.0003059053172667821,8.733700347197583,5.154964989690974,7.834822646272094,5.079098466781636,5.859487416703534,4.65795142224274,4.631435624395784,5.501693933831716,4.230213731388706,3.506242321774303,4.461820879624958,5.607127246743224,0.008497775446740933,six,/content/speechcommands/six/bed06fac_nohash_0.wav,testing,5.0,Kitchen.wav
1707,-252.65036070619465,9.518107155070034,23.255849620323396,13.626759109956453,12.041528877129165,-3.3154173535458806,7.887324680360907,8.8916707616842,5.57060752529504,10.980312268357242,4.450789365982589,13.05106053420905,0.05953463685000315,81.79487874462284,41.99566105957924,25.410506781744036,9.339863757263604,11.714944662800105,27.694399779805465,12.261856657207852,8.45858571726132,9.543564705203101,6.039693152379246,6.635531943185401,3.7263008769444665,0.04699801700950308,-0.16044380772269878,0.1186259039323804,0.027425357038124834,0.16924138588482454,0.10337306890536188,0.15899733994882156,-0.14995611963097993,-0.24831819277238937,-0.48030551058003745,-0.05366561687997566,0.038642043649042286,-0.15068406910641238,0.001363247693065674,43.637094511096,20.60221521084575,18.5607011776278,5.96757493284419,6.528311518612752,13.131399387059762,7.421546504815352,5.414229381068158,5.611160050944657,4.7532464452265355,4.914626849350513,3.5486296113541913,0.024696824671630056,-0.1290418334824646,0.10083512568661276,-0.023949013298697017,0.057659645830153275,0.014456296685949166,-0.016997602226689956,0.10238647248878667,0.241735342972097,0.3008220915404092,0.06904912214272413,0.03712307203138353,0.04056423680942259,0.00026026157041390737,44.84429124380727,23.9325289364475,22.21945634407988,7.190440365398663,6.84672465286719,13.832772062368665,10.68239515003171,6.019309521592513,6.314500576538088,7.213562237148763,5.604603364589179,5.264718805228388,0.023994528459165755,six,/content/speechcommands/six/7257420c_nohash_0.wav,testing,5.0,Kitchen.wav
1708,-269.9683717447915,17.654298619023272,19.339250387166167,18.62090508928489,6.917528611596886,-3.167811703290808,6.602466538835014,9.977114575440925,5.096113922546932,9.818261489508174,13.091449467247376,12.057998782412295,0.053672936104703695,66.9214909859643,29.02573934003595,18.400173973225797,6.927441530316414,19.359822156325098,20.818017153123574,10.14920259185411,8.090892114466119,10.175749813470762,5.2819350618805,6.401926710613193,5.489210566749801,0.03336352510459083,-0.0694537138045811,-0.10120368959426167,-0.0814311432577511,-0.18834645086416624,0.10489136894651853,-0.09122447395058027,-0.3086529791950781,-0.2288372732779033,-0.19957320986649227,0.08845347331551354,0.2799126266208314,0.14644818959784908,-0.00025136462382731897,29.39360153415135,13.432753207173834,13.4033197808737,5.803191133082082,7.531612615784469,8.635185033960388,5.032745742162109,4.055026575898183,5.405834905606492,4.598708343783388,3.429853996254321,3.9616347629499438,0.016679984992606915,-0.29158607995908975,-0.06700047970382664,-0.1475045925305197,-0.32043182812637855,-0.12225859240038979,-0.07509743097524035,0.0008029386408011725,0.30048131894215696,0.0342784325984407,0.10026568566870626,0.18244959633654637,0.08852309350616329,1.1271672944227855e-05,23.274352685051152,15.698018666409357,14.668699739523612,7.512529121020013,6.584911339431803,9.914763151416498,7.290677943299213,4.588187470626415,6.05527597779645,5.80311243949539,4.628075176159265,5.103144559340333,0.015095905550832647,six,/content/speechcommands/six/42beb5eb_nohash_1.wav,testing,5.0,Kitchen.wav
1709,-231.06976626171075,25.88546591094338,28.02503613253981,15.216616429940665,15.862564500210222,1.5513907006023646,7.223774189294664,13.364284314818317,5.442194467536282,6.75056903971444,10.676648905072163,12.687836989118349,0.04092815349576995,45.50226299457673,15.753335624312502,13.38685406915409,6.012207274889857,12.174836322971212,15.41717765529949,9.539830825018019,5.127232469175491,8.273864548006285,5.559815994878089,4.381259748660767,5.61124737710539,0.011889628831964573,-0.016680531149448494,-0.23415810634124892,-0.4472686929178648,0.06642042949954269,0.4587168751941763,-0.4719230872178842,-0.027544211450370896,0.2946676447138956,0.26185848915806226,0.06613243673991094,0.07740407141621222,0.0016645364403361973,0.0007389287554448651,24.50450068010836,9.71827419184728,9.154079435189615,4.4616346759978445,6.610061686343977,7.503475286417755,7.427306841466688,4.077956753274749,4.742595166724575,3.7762704052366605,4.128543889960692,3.6909065889208477,0.006392005452820631,-0.058372979380320086,-0.08855521234027458,-0.21511323346922825,0.33064640274603135,0.1620681185420309,0.058302780074162154,0.1639348213759911,0.03622495810822735,-0.15637017005661502,-0.007975216734266037,0.10719529996092951,-0.02908121725558548,5.675479769706726e-07,21.542891743675906,10.691454310677253,10.436087551866638,4.671824062756887,6.6699123702914305,8.901972633932006,8.55438661104696,5.417487720216673,5.732298994955276,4.867885467165147,5.743172907263186,5.037037703938243,0.00611425976004872,six,/content/speechcommands/six/0d53e045_nohash_1.wav,testing,5.0,Kitchen.wav
1710,-243.2097113389625,32.59265048911699,49.279242681257216,16.285151645683506,5.44956670786952,-20.01629990564944,-10.003054925220788,11.460231367788538,16.57631565852443,13.86151869512361,5.640532117923351,8.414832133189204,0.06746222614310682,72.57669342720311,45.96479625829153,16.171394311481272,19.785691345358906,14.426589023417762,24.278519386788858,18.51713577000911,10.880486678461832,10.700804862004896,11.765188844459251,6.09782362207904,6.497416312233985,0.07428048390948082,1.7719215452333053,0.9893099601782475,0.9700520678715657,0.31338094066440375,0.185081992987442,-0.08758058105309928,-0.30453645030234117,-0.21070317370431713,-0.46882666710465576,-0.6346682415765261,-0.1387673613350801,0.03048477261459633,0.0003636589934748988,29.934016099221083,21.906958762260633,12.41954598998566,11.38383965189375,8.31089250208473,9.634327547528333,8.38913276074309,6.3671877738145835,4.98236568267542,6.202059909236711,4.826317026454104,3.7275551875975657,0.033039617357296526,-0.5931040835502301,-1.0000961523652008,-0.07793765924982997,0.20732911872547605,0.24310921220707715,0.458366468070842,0.44535711794208266,0.1916419206010166,-0.17147128596976083,-0.2475390456159853,0.09038687156479298,0.24945412129471803,0.00016855411231517792,24.202162292061544,21.593021806863476,13.988992084292732,10.912431641145622,8.71596829049204,9.727839176902098,8.804525210757468,6.368299633766181,5.231527395963598,7.6129064842442205,6.216865360927657,4.177959166134918,0.02717156299206376,six,/content/speechcommands/six/5e3dde6b_nohash_2.wav,testing,5.0,Kitchen.wav
1711,-300.41194449046714,-17.348491428085286,49.63443829053885,27.978156039212273,19.77918173300411,14.410037944298843,11.1068521488797,11.140995056343503,13.4715504531272,9.44570745664209,5.919781221699079,9.675614602896605,0.02976680704159662,16.96317776097118,20.890209419975935,11.753326746128355,7.529918259197756,4.364182027257095,7.228952419926757,8.419494965245374,8.189132251057465,7.654783986273235,5.001369288168443,4.304606328672263,2.59355313915536,0.008061215308018805,-0.16065394202546154,0.22834401719058867,0.46650172237724474,0.18641350407253207,-0.09947699043289404,0.06416112116200838,0.4627371879487039,0.3484656949584894,0.13629628654387196,-0.0030090848043296627,0.02971602147841624,0.02185753167294294,0.00026313221502688623,7.700077093909318,10.539054452019007,6.316371145258471,5.452945281064386,3.600042959118808,4.064261346312529,4.7324972930737035,4.848772720416833,5.270636638015694,4.377500874562416,3.2954785180557904,2.8884981765429285,0.0037992136670124683,-0.06235688962273305,0.07089253773056232,0.25103380320009,0.1893923558021762,-0.010994141772786866,0.20487088240560308,-0.01526156219863554,-0.137127002188545,-0.21126845429946783,0.022066519938804152,-0.15902938773367714,0.044331417731617924,0.0001257214074333509,7.841888030029043,10.01835604163694,5.848631392081473,6.3498586697932495,4.701547791056678,3.63872333602997,6.099633400771182,6.177084021288112,6.6467648511544315,5.860650204866128,3.7984517855100983,4.613178672294967,0.004342229398268555,six,/content/speechcommands/six/85834399_nohash_0.wav,testing,5.0,Kitchen.wav
1712,-229.1195478468912,-7.583938544935345,37.097196884588726,28.0372819138085,21.738048487926264,9.700126567535275,8.475609171386266,10.06845447691877,8.072838027310938,6.154147585312558,0.9270248976860261,2.4789318004325653,0.04422380495816469,15.286765793405204,13.16033566363509,6.177001260795605,7.6039521519697,6.6333446805979275,5.018162232035844,7.623460365120065,7.067516166809572,6.003473128916962,8.850978662044863,7.323378241741406,4.565471157421073,0.010869639956734572,0.2265464954978335,0.0740123102153721,0.05896652253907916,-0.13265428371834945,-0.09309271650869248,0.1493280682895007,-0.15351249127105202,-0.0875192242484011,-0.07639428758963457,0.19264776202960546,0.03788087845492566,-0.13449774351152696,-0.0002551387634969527,8.943598209216855,7.107780084138812,4.056127155347923,4.6962772369755434,4.585232103027006,3.3528230385507243,3.9376456383950234,4.862789960952501,3.9863510738919574,5.356517130685267,3.477771609642537,2.9865871760334763,0.006586249913910759,-0.380868476771776,-0.2881059669760443,-0.11218858625298532,-0.03370241768545471,0.4244233171408087,0.42848942604574725,0.2446216299732966,0.044366928847819766,-0.23361171510782455,-0.08943466359428663,-0.02672190581552476,0.10838269166626281,-0.00059373639523983,9.809054433781164,7.215291091777796,4.9693494435638845,4.857845918827756,4.945237935118917,3.5093894565736234,4.733290876879848,6.311758665304898,4.829585928263171,6.06272845947421,3.813588748076879,4.310409471724353,0.004872257457787974,six,/content/speechcommands/six/a8e25ebb_nohash_1.wav,testing,5.0,Kitchen.wav
1713,-237.85356239098175,0.3768925788313622,40.46095722325566,18.248638708164243,8.843309429915017,13.078028480821787,-1.4645225076449295,16.304193592337874,5.2926426313762,0.4851890657733805,4.086961339687341,3.269434882790194,0.052799036260694265,87.18436951317202,38.444021933348175,25.437734776966614,28.72813456649984,17.878259844744566,13.580545967852556,15.707755026876498,10.319408848118515,13.50144803912716,15.873812073180767,8.10612196326518,10.031358765347388,0.026204723809762964,8.684663207965786,0.4682422793728088,-1.7930640754430351,-0.6673286835048489,-0.7749156075269376,-0.31728948338879825,-0.6135132202372183,0.18416158622446108,-0.5051900730696203,-0.23040423933677057,-0.19750070261227762,0.009176976890376436,0.0006419482731050061,45.01763874619456,24.110964835710927,14.879909235367968,18.672890329422284,12.14125007402624,8.140766246493396,10.05137142466482,6.009364271098508,6.626850609908743,7.008818136422956,6.312652012624292,6.033748572859058,0.010840386745049268,0.028881452680942724,-0.128580395799933,0.07478744712925953,0.33738443395113216,0.1411936334872134,0.2018336289984977,-0.05733164724848138,-0.017952147046015228,0.07437120316962978,0.15561268955688395,0.028072312976292358,0.18455479597591892,8.122834066549937e-05,49.20973195307994,25.053000894552834,17.58455451941046,18.501699120925608,14.6800535521527,10.38627157322075,11.19515895130146,6.363134054969501,6.418751343725374,5.935389852100963,7.565432083624835,6.634495119271004,0.010166952108359219,six,/content/speechcommands/six/94de6a6a_nohash_1.wav,testing,5.0,Kitchen.wav
1714,-241.37103240469833,5.975775875315741,18.251420349222208,16.180719097791847,4.487178941803504,2.886895793237631,-1.084388297497964,14.140638298128739,10.175347217641265,10.966797651771138,9.287752513962932,11.638921474416913,0.05173585546435788,77.73517839896945,22.27709169447992,22.056175151998268,12.573000745017001,21.939182431374856,15.429223410773163,14.574643790987928,8.901218114981011,5.032421051536215,6.523169446318808,7.753414169753126,5.851701986496248,0.03588789692531518,-0.1193315191225954,0.4197024337191029,-0.1288319631982216,0.3339740767638625,-0.16524005912118017,-0.10121493009568369,0.1656307129435698,-0.18634387779491118,-0.23016311231539424,-0.13960879727366643,0.26262935964791584,0.19799542798877728,-3.407937624762135e-05,35.914859292277015,10.68813641999814,13.231181517358893,6.76611482114518,9.78892039939957,6.327599005145057,6.434682679481052,3.7521752282453416,4.333901517517142,4.14791863510456,5.5681486275718655,3.4332119461887234,0.01803924925126368,-0.42235404582282143,0.003604425832143991,-0.12798817395582987,0.3269762159675869,0.08619646485846229,0.07675850270918409,0.29726290608899636,0.04314383812520785,0.011880378792684176,-0.1597577739810281,-0.13329779641995362,-0.20373979991936828,9.540660927693049e-05,28.937316387442127,13.127934921887745,12.91756512642192,7.5897680204076385,7.9537045617557265,6.723218668670246,7.396914411350135,3.7046112345447346,5.907844643265777,5.3327965370178,7.883896737037421,3.0919086276180474,0.013551461830547229,six,/content/speechcommands/six/42beb5eb_nohash_0.wav,testing,5.0,Kitchen.wav
1715,-255.4370853123867,30.234493644217004,57.36301881356291,21.26757425715654,19.951160451264908,7.560718294980093,7.173588851561195,10.849279812847408,8.616429278894543,7.457837233279085,2.3953331713393253,6.698218082159229,0.04408684320515022,34.807556305665344,28.222469928008373,13.302446348915783,14.517238211984962,10.452598016076738,8.02143930309204,12.708765458831865,8.128338501144507,7.5824114284293955,12.041767301860922,7.482580543388648,4.253945685200941,0.012171108287457402,-2.091285195784341,-1.4129827656101648,0.015114861775641758,0.447219614238606,0.3596508320131273,0.4130590280482611,0.2040682033517205,-0.18680084619802398,-0.18701937429624677,-0.10120522568285395,0.12011374298783209,0.42778855394565096,-0.0009466431313945402,10.631904878615403,10.016248912775621,7.3981614560264495,6.086541514166079,5.007262852699899,5.141537078401621,6.342074956579679,5.723512246624469,4.999767083996319,7.397275139905712,4.406376926389317,3.5245960822720654,0.005070857995128558,-0.09105489017684362,-0.10758723310181452,-0.12627191706437296,-0.19987589648804777,-0.17094809263753846,-0.11845151192553795,-0.12614108704063162,-0.32014012513596657,0.010004321925722752,0.2878692377242159,0.13583834595087002,0.1556214753661517,7.701112578312556e-05,11.26977017857483,9.694403227697968,8.365182870652331,6.410299915559409,5.167735100768148,6.449807494438491,6.818577284602126,6.615891049970493,6.312501300703734,7.012157084397375,4.615518138316504,4.626291917671288,0.005853720859187661,six,/content/speechcommands/six/e9901cf0_nohash_0.wav,testing,5.0,Kitchen.wav
1716,-265.1406523845266,23.9316959558427,15.624400627610187,24.044537238731195,25.34819873567901,6.180099458091471,-2.3652824797776333,5.866859966872359,1.662705188171288,8.7510053174664,2.5325313661692714,4.010623566743973,0.06059005856513977,79.59492770725059,27.33194686957846,16.32320369784367,18.32424958885114,6.206907061598515,14.672052683893602,15.105547475398474,6.207048895270005,15.443240273243944,13.777329897816713,5.809005701093489,5.293887970540306,0.04290129916805319,1.3080905223146422,0.7050053896919216,-0.2008839859610886,-0.4353036160434636,-0.3167707999486711,-0.10524691274028167,-0.05539100818937685,0.219308357125845,0.16183595272703682,-0.22592386525225228,-0.2002483185499993,-0.19012476635374725,-0.00020409369420620703,33.96981019462208,13.614437804331224,11.058181670772786,11.661095023876738,6.927964907245385,8.446850575180731,8.467725350526178,5.836647277811776,7.32567221481572,7.742766502328402,4.465310255214801,4.433070264978788,0.023926630180798332,0.13402444174616335,0.28615764827144397,0.30473140746767663,0.06794168234490669,-0.3140839043666415,-0.22727586652341641,-0.006844592122999415,0.0069065649272613905,-0.03269810416280343,-0.2839890364288761,0.17574088524528628,0.46521584930741944,-0.00036090283344189327,25.70614178874771,14.577281638102873,14.816644994125259,11.988021894221859,9.351198250981017,9.734500481687189,8.155730002761443,7.607523652960702,8.649220543212756,7.963690003163575,5.820978139850853,6.428462311933057,0.022961077588944667,six,/content/speechcommands/six/563aa4e6_nohash_2.wav,testing,5.0,Kitchen.wav
1717,-228.96191329259915,26.347562715362614,12.619830429956588,13.669221889509464,1.7308136207796587,-1.45472456013789,8.175719976009269,15.329310106435457,0.5731078166899175,12.332476611918512,4.402444622634127,7.078053027382005,0.09034106519538909,113.51576416039272,31.585292741118298,28.42659782202556,8.110323606924958,21.233185390374427,24.785308419125872,13.69113314749504,11.721088947461338,14.456581414062846,8.116145164974968,6.337406402522928,8.697292467331245,0.11075649609533827,0.4808255092823218,-1.1168003325724418,0.6137720752455446,0.3001735819009757,0.7693470686121142,0.07395929005047251,-0.542942905452342,0.4057474800299356,-0.3968559220943074,0.22726049511835403,-0.008312009464361886,0.4072428278140286,0.0007464210352590007,51.11098643843024,19.436364000547165,11.089160721522534,5.665705049611015,8.627371829979513,12.887472419203114,9.716317232719945,8.435668547447886,8.532748677333087,3.671004889566896,4.051758355513428,4.869463099423041,0.042659043318112246,-1.5283278707278825,1.4889641893929262,0.3062569232149556,-0.18772755777207534,0.1560836157703868,0.035204342105214025,0.3043344095399725,-0.6800567377154011,0.09489259341522582,0.21413792622662448,0.05895937331381804,-0.39119933188857947,-5.437744160493215e-05,49.90248161147959,23.707285232735327,9.786838780250143,8.592509154444215,8.77522162154363,17.21324488715572,12.486981808780527,10.532261361610228,10.756752626624277,3.550848963759739,5.113579927745654,5.7233475380323195,0.03352765937451809,six,/content/speechcommands/six/44715c1c_nohash_0.wav,testing,5.0,Kitchen.wav
1718,-146.1582175517509,-10.417138360651482,13.074658541283338,35.292045173569804,8.334196487898033,8.404194027022866,-3.647289374689539,14.696283318196787,6.646743044603216,6.254350350258863,-1.9564667507117077,2.7877094885838263,0.09889891371130943,100.4342054011941,45.64829565924508,22.078898789646345,22.873922123377895,10.844644925261747,14.939501226695471,9.660955771100575,9.42130129676944,11.481857616745767,14.585514448377246,8.797231316582273,6.7468948864083105,0.06287224915687128,-0.25368506423412707,1.9620168456023703,0.6884225746313876,-0.7165038880218157,-0.0427794085333794,-0.733926227262665,-0.13122958526237177,-0.016932495048240435,0.33789641788766095,-0.15561019586754693,-0.06845122701445666,-0.24872007934306567,-0.0008487777123528142,52.79081361699455,26.011699648069776,20.041544228058118,16.807284856047147,9.032478838752315,9.805442638937606,8.863960022439638,7.69696131960795,6.907950918236917,7.659427237048034,4.468118022528218,3.2415191152271086,0.02719601039245925,-1.7504279933152944,1.348710972569129,-0.5464029121608857,-0.34438474773966804,0.541328641471866,-0.39975475531362564,0.6448065576254955,-0.47572558484204924,0.3252395303042514,0.2589157439906845,0.14027779071595922,0.0953170076298391,0.00032676359017690023,54.15059635600616,24.57875714050612,23.513433751821832,17.93753247599273,11.277923750488698,9.972810069944249,11.320080599770746,8.1095375048427,7.323667108253472,8.510894197751382,4.726830429921878,4.571467390473117,0.020844236619223983,six,/content/speechcommands/six/c22d3f18_nohash_4.wav,testing,5.0,Kitchen.wav
1719,-234.01479578875106,21.95998320898071,25.13037635393553,13.294839067900792,7.410315649711421,-6.787394380278482,-4.953291329738368,12.148876076266719,10.157137631648684,18.033505714479645,10.062417772519307,15.64982590094785,0.06368479615775868,48.96782821165915,37.98091472507374,14.79337628769498,19.715718296863336,11.668003745290111,15.932188979780072,17.42487383891513,12.485623333569714,14.475323790859083,17.41995768231775,15.526471039647761,10.87257570614424,0.05439065044595944,-0.28786899053449133,-0.920997361867493,-0.30176653369337586,-0.26114607775427795,0.137674967727649,0.5348518434199927,0.04285886480816296,0.16070835398431377,-0.036632861588588944,0.16728967312375764,-0.4729578695908072,-0.22896560868689744,-1.9981916393003155e-05,28.070719670801125,18.28222015517552,14.006194903180367,10.866461014256107,7.789149743586447,8.218941447441596,10.945949410718955,7.20868679681104,6.698806798175887,8.667514601968453,7.136228567654145,6.012971045314389,0.028319925922597824,-1.7864627915944595,-0.5692506363873548,0.27620397819566284,0.6405816472697444,0.7697971632316568,0.5204196785313034,0.7516136120257733,-0.18754055894106067,-0.203993144209307,-0.4496544151772172,-0.25184682894128685,-0.5001733235073507,-0.0003886889045437177,27.368600725713993,20.01105629999084,17.524717942045438,11.033057750200005,8.875326193064254,9.621496188324143,13.066437991689769,9.582640530021882,7.894463352841092,8.321456258365581,9.122507003708655,7.139474259027483,0.02630898100339418,six,/content/speechcommands/six/9a7c1f83_nohash_4.wav,testing,5.0,Kitchen.wav
1720,-215.90687007780383,-27.381906658814486,50.76424079215765,22.62895845700848,2.7495579477304144,17.34668744782227,-19.21213181576576,1.5484527470573288,8.384671960194108,12.025955276972951,-5.702474893016096,9.702511405906503,0.08659679687116295,83.07872705344606,72.37832630311141,25.987653502069865,11.635805569927482,10.02868782195406,26.312982260089502,25.53539310832038,19.51337046961337,10.008409984738485,8.053390084641022,10.53708503992039,6.29604801487454,0.07172281503308275,-0.33627289367051516,-0.12718330285031426,0.14602021207455668,-0.33243834699963726,-0.3131634821581281,-0.09480937179581941,-0.18665311143535124,0.0146258293167891,0.031149505141087677,-0.11354635264381525,-0.03108284664741458,-0.08075722155813284,-0.00017094978642079138,35.25339717559463,28.976670586090517,17.70825476452573,8.440507838740627,7.393601079333455,12.465305850122327,12.114327692870983,10.94827741465566,7.251661922201086,6.143240210437527,4.827313782739313,4.81540405475745,0.03622422673874056,-0.43926969021448486,0.5070420889016684,-0.1643862571053018,0.10026184872152809,0.29854903714099174,-0.2789092141172726,0.2531873274105068,-0.27365613979274495,0.10366499904933531,0.030408034040844564,-0.036475846024904876,-0.019187075180257255,-0.0005492412795623144,31.239658907059162,23.616075620762047,20.654797735405946,10.60859673118832,8.69444115517705,12.116439328653515,15.082981665029248,14.905375165288808,10.106487838792466,8.2477114516547,5.883577705270135,6.612315447446009,0.03469358248239173,six,/content/speechcommands/six/5f814c23_nohash_0.wav,testing,5.0,Kitchen.wav
1721,-204.5933524856303,-12.440968155891797,52.558708772830784,3.461167257857391,12.885008495926089,10.54597482946997,-7.821422822034943,7.999632977604246,-1.5244908541639837,16.0304357060531,1.1464603710163743,8.924077175195265,0.07273557496955618,60.73175892818028,38.79347540862856,12.75520323782676,15.267932936394482,5.796600749616155,13.944355145535745,16.024671571500527,15.43297330685167,11.838990220538818,9.16050717027586,6.404650935079252,4.4562513402155695,0.03766047069457626,0.20358778226471344,0.2456589169693093,0.05703252622060652,0.01816779248818236,-0.04454280064633725,0.23754019724836634,0.12421294889757378,-0.2665217393890551,-0.0286645390243828,0.17353714609258944,0.10142007382917206,0.4206481916072637,0.000421379302297869,24.55555470424524,21.27400586844644,11.650941521389887,8.851121706747717,4.787310667821871,8.364159877017562,8.245837642938314,8.258244919122141,5.915655073605832,6.185341537216205,5.483575525896822,3.927877517160017,0.017747735083491107,-0.30491694479385006,-0.21099424864328983,0.27982828695712053,0.32120889289918303,-0.08543025749026954,-0.0470884694477073,0.115037930800344,0.0700655639308516,0.055442807485374127,-0.13686081566803962,-0.0009762321652091603,0.03913079924895329,-0.0004281473035613696,21.74481099730743,18.843740482649892,14.722389058373782,8.732663257276506,5.911960530431072,8.437576461111973,8.439844776320411,8.974440525349136,7.707924019659985,7.996782644169171,6.592158377924531,5.312207243800465,0.016412233731358507,six,/content/speechcommands/six/80c45ed6_nohash_0.wav,testing,5.0,Kitchen.wav
1722,-207.3659628285136,-10.686215914434879,25.137382886254205,18.69429336460997,13.516560585834451,-3.529520757871602,-0.8050224794911128,5.811563266585667,10.050832440091984,11.581383667946122,8.398276778815028,14.115021982098511,0.06063342117704451,59.45986461731634,35.87579462598253,11.961506339702431,7.517047484418005,9.918278654922787,18.101738654121323,16.353814904732616,9.859285080450526,6.7894237479313295,6.0225978115714245,6.143766669083268,6.354717815274282,0.03751341748581094,0.1412929040619738,0.3068023430234852,0.2857372992262127,-0.026940138379127083,-0.22634396192225267,-0.21288090840681517,-0.3618681179223343,-0.5350701846436128,-0.5555184307514641,-0.024604415952114114,0.21783372127057032,0.2580524137767749,6.40763150107476e-05,26.956643648654165,15.417413054376864,11.692943466467586,5.452820445743316,5.61351403613278,9.378150885204454,8.064747316242656,5.762452262684054,4.64430799088949,4.054863171368303,4.775888673729212,4.015823159194234,0.01624592161801901,-0.40502876658281933,-0.22175966103613,0.11917348851240266,0.17408990560802085,-0.03155783504346535,-0.030681119478191892,-0.0515434726603998,0.1385356779312402,0.34119025941257347,0.19904735108736726,0.46286074326189425,0.1651116363501844,-5.771828194459279e-05,22.523292230857987,14.08734014498895,13.897910818297063,7.020676779185145,5.567853334177921,11.39531784043689,10.083108111658904,6.943121996688476,5.572704042477283,4.391228444730631,5.536443235957455,5.368701925962856,0.012792738934611454,six,/content/speechcommands/six/b83c1acf_nohash_2.wav,testing,5.0,Kitchen.wav
1723,-217.4228263708516,26.78717966303931,30.146997586640087,16.38424354831835,7.780136628768265,-0.10089042688396388,-0.4382309138734376,1.8201297652929038,3.7219953681757763,8.30887511268818,6.668242944815784,5.845557641312159,0.04657774040242657,46.26320223848962,17.953218299298545,9.371794798955296,3.5629657761184217,12.24521497558037,15.900974048914334,9.891928373987158,4.301962996323704,5.407183208623778,4.151911845359889,2.9355867959959525,2.123736054812312,0.04879074706420746,0.1117155300696971,0.3368761749160998,-0.02138693143371533,0.0922437790114064,0.1541578255546567,0.15759233637084827,0.10991722293176624,0.16871255374799396,0.4499496824906246,0.46124707627378053,0.19629518246554253,0.1378527585398519,0.0015672283968137157,25.939658345231148,10.639320500307575,8.482778484452426,2.7326972071323863,7.356429859555135,8.209830385263372,6.17910350667572,3.4835522017140095,4.215638869211896,3.7781048474922807,3.255384659846852,2.9283778065823416,0.02370403960292413,-0.2342131353290995,-0.17661001612688373,-0.0534754885182083,0.11124846502677516,-0.06183441717815403,-0.19698767095923778,-0.10223422691841101,0.04732178733488936,-0.07442164097226159,0.12020471167387997,0.0869262497984141,0.05957294920857354,0.00024606771767139436,22.920903408046915,12.042516899293673,10.239329031719482,4.223415314665515,7.288872015929972,9.186372825542724,7.290751143627092,4.638751777552306,5.602674906265844,5.269542327538622,4.634812021476972,4.8260656551343395,0.021258895729430016,six,/content/speechcommands/six/af7a8296_nohash_0.wav,testing,5.0,Kitchen.wav
1724,-290.7123879929785,2.8409444271886573,30.9195755224021,25.54665073565452,20.438456033564325,9.411901613317935,7.0561535418945995,11.810924118929575,8.195034646695591,6.365992721451233,7.023575187139963,6.156906640324013,0.03862379404205468,29.843223451515925,23.017689560993144,5.339566111465549,7.109366205625782,5.25293868957398,13.441060331810398,11.617691960715693,8.343403154365216,7.085678980448346,4.701473296487381,4.14377069659718,3.4269895985244423,0.0157809013246599,0.6229476840263487,0.2588760662513562,0.09473392794823592,0.11817646266766495,0.1878629965810089,0.17701410209269117,0.314595714616724,0.3695607722066066,0.06943878097986612,-0.049106047015688145,-0.009693246776864317,0.03474464163882614,0.0008220897366603215,15.511880678107666,12.992296367609846,6.8770470743931575,5.294959948002494,3.989471865593181,7.722042973167455,5.770643527795958,4.0371635060308355,3.3920931824069376,3.4013233347059124,3.0137809623056926,3.1694560772540012,0.004590153076546724,0.10839128678377745,0.27194149036919335,0.10994467262079688,0.14256738749736175,0.2651812465131429,0.22233686343362247,0.08000783243718086,0.29118477656126607,0.03121587808403547,0.11046685813565511,0.09009203725154745,0.2102012916067117,0.00015382854075267398,13.443598950750049,12.804333491910809,10.529661939112058,6.6549467718929405,5.419046947415556,7.861888864874729,6.924406811882358,4.682379914732588,4.55770648438469,4.446879840400495,4.045873991856051,4.178228840560168,0.0035288177351481937,six,/content/speechcommands/six/7dc95912_nohash_0.wav,testing,5.0,Kitchen.wav
1725,-208.44800867654044,2.172718944642927,40.089841552533585,7.596754306385613,-5.8807412852599645,7.243442692797044,-4.8063585463487595,10.227579824737795,8.731440558688035,2.4177509287128705,3.464642993792407,6.50473925154623,0.0747078891727142,80.2455489516529,42.37388982224963,12.636422802755726,20.275984738118648,21.50589090900973,20.369115989982298,17.839548236621017,7.5949191860696414,11.35177444818207,8.870606198837969,10.70403507665268,9.247079155684954,0.06420434992568076,4.054251483094382,0.6557990550643392,-0.4701613907482055,-0.6254321294429758,-0.6760843927210247,0.010705421983943215,-0.1930931030101951,-0.40636242937016176,0.1929494717838742,-0.1161763945331166,0.803338419119357,-0.24944341090129898,0.00040122602255113665,41.101410675820695,17.490936453891013,11.82073151084944,11.5149140940437,12.409361086436665,9.440858298319014,9.323364052692323,5.7682517268545075,6.952212237454874,5.562614642154617,7.423976475124394,6.543840475932355,0.03158624396640725,-1.2103967272025442,0.00743524251403418,0.3555862837846701,-0.027201610837127,0.15443589013314038,0.17163396366822153,0.3004685908392169,0.3418135280920396,0.010795064724850433,0.14448446001947352,-0.2581149901518044,0.03874428151132025,4.495643079280853e-05,43.91304849150441,14.812302497730714,16.274008457910064,10.78536312994194,13.409419607344267,8.433526304156064,10.11533553965522,7.2164417998322925,8.988680383980798,7.051689634718325,9.034911442520839,8.219760052682334,0.02928161906456082,six,/content/speechcommands/six/ffb86d3c_nohash_0.wav,testing,5.0,Kitchen.wav
1726,-293.8115404315313,-3.124329722917211,45.55760967989718,22.036905686136848,20.437849090418123,7.063579227848187,4.184513705286584,9.892536726443218,3.0427996203293155,10.704287253666616,3.1798399201721996,9.663418895881605,0.038618726190179586,49.8346763090181,26.972109951657448,17.56176803335355,9.197410782162795,7.605975828283883,16.2347543545993,15.05484670982998,7.651937348764426,9.730757542798507,6.72884060476544,5.973373160498388,6.365377612224089,0.014270496033548668,-0.09666436447662546,-0.19607728339502775,-0.05366568828211512,-0.19746575950680237,-0.30855903912717336,-0.059489507682534276,0.17659283317246183,0.10311177494367803,-0.1459547555684375,0.1304029586036118,0.10952044531186929,0.30763162290504364,4.181217762731737e-05,28.608540884603432,18.63870469662662,13.776748345117065,5.982313544818392,5.088642917154173,8.820529370010176,8.816614675695503,6.5192483205123954,5.320635162337444,5.1115854960361204,3.4853472542411814,4.659910340533175,0.005921037897541355,-0.46511493601445675,-0.011475158169718943,0.41065176201982667,0.33949889730432337,0.5330858066752696,0.06844630806659081,-0.19238486080559572,0.07365926156190739,0.2607113841136861,0.25847813083731824,-0.10697787392625774,-0.09835627433972677,1.5168326596419017e-05,27.44085381183336,18.674496515713262,14.398141799565604,6.088659016198807,5.4356517286966195,7.825679369843373,11.939761005004955,8.752325486953875,6.276165314700969,5.619106710312956,4.832321970684236,4.555576566272058,0.005293171017291546,six,/content/speechcommands/six/9dc1889e_nohash_1.wav,testing,5.0,Kitchen.wav
1727,-241.89477422123377,-21.26900583115236,35.64004313882168,23.22097220867472,17.24909671781967,-9.611589767207557,6.539108302755138,15.029309374043658,5.104005938134521,9.829682694421606,3.2173422942438368,8.456432521769056,0.06669522321317345,78.02262399669516,37.657754095046386,18.60030685352442,19.372763976065546,20.16338481319029,22.55342855891943,13.503423936922623,11.939623898810943,14.898405256578478,8.83964649944416,6.13634202395526,8.538994109636974,0.05570288630407345,-0.0908772434652026,0.19949038386673948,-0.024059137689626427,0.003507073400499627,0.081038841537325,0.30912222554996915,0.3056128940906811,0.056071171795732164,0.2593609877362804,0.14549803510709763,-0.049428589991810254,-0.15798981008398907,0.0003169493809823067,34.0694382517309,22.65012818830552,15.086377090361937,11.63498345425215,8.262777828418033,8.858561814253518,8.373575202338964,6.711420374611843,7.389981167563994,5.222289415013425,5.101090779658466,5.189135108738859,0.023040746310692993,-0.5247333824498396,-0.2164303107282444,0.25839397745601594,0.5008878170563397,0.013928165064224866,-0.18103341306714882,0.05157764414551925,-0.058720236390009714,0.028346423751616178,-0.023374737491314156,0.16696091058045232,-0.1738489766164557,-8.124237259229024e-05,29.08332332061828,23.476285242887673,18.339927902768228,11.253403764224007,7.380049510113426,8.512502175226258,10.194026692505263,7.15492350185945,10.014523096697982,6.310851052693136,6.544035019500079,6.3729347445046365,0.016768811798590084,six,/content/speechcommands/six/692a88e6_nohash_3.wav,testing,5.0,Kitchen.wav
1728,-232.79977018879103,-2.062393909614303,33.67434995942318,22.247579640678346,11.985737655676115,7.343166518626012,-1.1203717723269548,15.373516885536729,5.270477034974764,3.37630001613085,-4.583821498189509,6.3926521386278505,0.06632282381178811,58.175872016316596,38.44544714476556,13.547299834294426,23.561501352699295,9.117083721451692,20.70219975234297,14.929307139656292,14.616880898200181,9.354998534996923,12.889425630832902,11.88637099854477,4.613015711867153,0.06199247087588737,0.6968638867052035,0.3506212358687225,-0.09354912882980625,-0.5126437858174356,-0.37061014262917596,0.20684782222086506,-0.012531301723069108,0.010257440771012158,-0.1662582469580234,-0.3374306237042468,-0.07599931349018535,0.38280432955588345,4.837313486683753e-05,24.06633463673154,16.80364581643793,10.941401230916732,13.330579124896367,7.113780654960948,9.381779716947813,7.32254282302302,7.177205258961988,4.607792458379466,5.824351024302073,4.698411039400635,4.073269528330822,0.029012073755162113,-0.08980441386059018,-0.1302387674687344,-0.10602718534843518,0.0952134974305102,0.15738747048549598,0.3552955747480532,0.39318207071788513,0.23931236369519926,0.19558621845435073,0.05565331786652251,-0.1254787738450859,-0.13864250140285286,0.00017102559407552084,19.386163854246895,13.565249095886298,12.179992988753805,12.743707330476253,8.067638758407348,8.007268461066731,8.990402628901055,6.960138068428671,6.090804983838973,6.471554330612746,4.935218240841057,5.173816148159079,0.02624706919836262,six,/content/speechcommands/six/b49caed3_nohash_0.wav,testing,5.0,Kitchen.wav
1729,-293.8691904460977,-31.906629287283714,33.05340887574539,24.988524776392076,17.955314181435924,5.622159881275007,9.970971740231613,12.287046209426375,11.05722013483074,10.393864516221132,3.9580926341648337,11.334535196905469,0.02493288929690607,45.795224585097785,11.777493947273012,16.25027209407575,8.860342283970793,8.9518697443733,12.77638196437338,11.426107007901747,3.4392258324759943,5.080025958136462,5.739633136192446,5.274859723289609,4.238893513958116,0.009186416194002919,0.4467240433863785,-0.05010346468232182,-0.028780061561250483,-0.14877931655442123,-0.01785038469274063,0.23936216185900627,0.25306973518220227,0.16879679813517467,-0.12568269657501585,-0.3873764885921333,-0.08535531325807148,-0.1695618733466533,0.00019465269701134775,23.522702115089256,7.4185810466415685,10.494867216215273,5.765532038003465,6.726990044550672,7.244471894265157,8.642628189629125,3.26855251574526,4.387989789113601,4.71145882321726,4.335835452468615,4.132837299556317,0.003903205685271794,-0.4951438866686184,-0.3913526320326856,-0.17132052719643412,0.02323312392288681,0.14790684727864914,0.03863106580842602,-0.044765279044586374,-0.013170524676964194,-0.07420686314355368,0.12394895798557029,0.008666223081402198,-0.3360640033378632,-0.00012127822265028954,23.25052798850876,9.635347778920188,11.658264781441936,5.735120066983907,6.961924338904329,8.184920677177326,10.572996302744183,4.389482622853054,5.123915407155016,5.557688046966153,5.986329176087849,5.148364360756868,0.0037243289460829744,six,/content/speechcommands/six/6f689791_nohash_0.wav,testing,5.0,Kitchen.wav
1730,-257.61134563272384,-16.268663809432365,32.98294869386578,37.236069902859526,19.765575842849472,19.606101135330384,8.842465599454584,9.4041344720736,12.267135894914098,7.4440573030439054,7.54267817325037,5.2490943684778735,0.04895517113618553,68.43153628392653,24.752544249061113,18.16822736488145,20.460141558874845,9.455294934869878,11.347503427820913,13.222974218776265,11.610588604540867,6.139154761862328,6.113765001924072,9.695973448438432,10.18280400610681,0.011627468155578058,0.3972314833868517,0.19871480842216566,0.03993516980859071,0.15849655000008653,-0.03525732308980454,0.17379688116111303,0.078957614883082,-0.03687319523677659,-0.10235441518671787,-0.1725960580189539,0.050345457045277237,0.18702716280917173,0.00037941312597643945,32.31738965211852,14.514142373074723,13.141420755208433,16.121807998320286,8.661134201786007,8.9028087201756,7.0408511189571605,7.308785941913328,4.208471962750626,5.125653499339007,6.639452656513759,5.774889839663601,0.005698618614573691,-0.2101709285367027,0.06742350292300141,0.19056749140544227,-0.01857021927395088,-0.20671853048741345,0.10124341724826606,0.0786184120254049,0.15721319795688102,0.0287994909535002,0.05179416023025928,-0.08006111900159922,-0.001648354916843431,0.0001390044887860616,34.03437129137905,14.766282062364958,15.843445488559224,18.85998530973522,10.734198464392493,8.963758987942377,8.950682940300357,9.116101386960732,5.102969721386499,7.9161220291139704,8.851530292488944,5.3368273675333375,0.005369018263934298,six,/content/speechcommands/six/37dca74f_nohash_4.wav,testing,5.0,Kitchen.wav
1731,-272.97324118784115,-6.746035581264526,44.1439669444232,25.22774116325262,10.660579629389545,9.813401948042745,0.6626809858517542,6.581924552789067,6.055446367130319,5.684694005390707,4.973963936105617,9.053901496160492,0.038436938950326294,53.95028607617608,41.11425224059421,10.146639294070916,12.893810158801168,10.174154853445584,17.39823661494896,17.174204489033475,12.626209960993307,9.458033540483475,7.585707176816521,5.447959795020687,5.960352750454725,0.013943350936652315,-0.7886157830449582,-0.12985501094813498,-0.022588171254779448,0.25768348251367934,0.15817873198228444,0.2013663103837472,0.2685611706593848,0.3761013183183556,0.11838141213126255,0.11502989224610648,-0.20627708871162317,-0.04382700035953539,-9.80351600916155e-05,30.438834524404236,23.389057122716544,9.220444478624202,11.290669619798477,7.761405485659345,8.862829234523595,8.579289127417315,6.444056645604128,5.574896612942986,4.61232920330468,3.5644889586163875,3.7216904136889197,0.0057139353472751885,-0.27777211761514875,-0.027570143207495866,0.08886291795421451,0.12296593495194923,0.1108384510076253,-0.059053575555387164,0.01629173395750249,0.0023396288219302026,0.0516530572990435,-0.16920036226112242,-0.13608940940614214,0.018929344573027477,-0.00013888590037822724,30.419170563727874,22.82870751237685,11.025719541648368,14.208639552660443,9.044890202031093,8.371774536409442,9.35436619716408,6.648426057748483,6.916565775611795,4.922287421061828,4.258193661195664,4.174600494117548,0.004685636549142389,six,/content/speechcommands/six/d9e9f554_nohash_0.wav,testing,5.0,Kitchen.wav
1732,-250.50242167272836,20.233049214863613,45.9193603150975,19.555863882852094,11.33684447781725,3.189649561845555,5.425995952354246,10.038526182414095,8.006516783510726,10.58444882018095,8.282037995787125,8.809325542308711,0.06532150378916413,65.022739836036,35.41318385727599,12.712624736901208,15.746779292304366,8.6390631723206,11.414362600458995,14.677746844152905,9.461911612662234,13.846430464009622,10.15190480150863,6.586963258938258,4.093024628485329,0.05328903193582204,0.16116739161124005,0.2511002087179279,0.08472599790619052,0.04066976003094316,-0.45106989257989183,-0.48447295263262846,-0.06888459867040429,0.03852171338089969,0.215912649247495,0.3872508986551478,0.4287038852942176,0.298606309369253,0.00031717037481646386,30.675722736743783,16.023812333873735,14.036086347741103,8.429906673201105,5.814333072612757,5.920702052651508,6.429396370155075,5.377067610003342,5.280768785816434,5.192322890434402,4.933806925461312,3.2489351457845412,0.0248342834206885,-0.4063718646434078,-0.109175907643694,0.262618524264506,0.2886824590536347,0.050490872537823486,0.1455680382333484,0.08273158759385642,0.12091905811977692,0.07093363849222291,0.28267876468232406,0.2806706606081819,0.11684827600052197,0.00020845234394073486,31.42111169333864,15.47413203447076,18.8767367742564,7.965289873428362,7.284922500819235,7.254058933014172,7.238163350382243,6.258068023875802,5.331708577250673,5.696984998572966,6.221047642059455,4.497014086291531,0.0196663634816216,six,/content/speechcommands/six/d0faf7e4_nohash_4.wav,testing,5.0,Kitchen.wav
1733,-266.99176601602096,14.920351759736203,37.97812685086271,27.00894333035287,24.04594415692516,15.246248214896724,2.220188079529095,12.573437046590291,7.1185740187006985,10.902992219401193,5.35384329284544,7.369253889053278,0.03497549646999687,61.0405263677469,35.83231898681036,13.903614495012496,11.150514322974555,5.89378261264666,15.108655351501325,15.629914178214149,8.280833655167841,6.850494662435698,7.202533183117107,4.3586454634290615,3.773852042631992,0.0161601756069045,-0.4671725075299561,-1.0208326445612657,-0.4926793088464412,-0.34188900570436054,-0.5283757507545788,0.32520917419411477,0.41530397263987223,0.07959130198829496,0.18396453877881405,0.09771100153056533,0.11306124044893605,-0.11057616606845783,-0.00010397886076281148,25.62585323643141,17.594693899839513,9.71721622845617,8.73569690697781,4.037760275202566,9.20782166175567,6.571160274871241,6.0555161413635155,4.252654641471665,5.530159176988311,4.461302502770889,3.7567400525801546,0.007390267973239631,-0.4125503382892835,0.01099023570931393,0.5321005794134678,0.09542446425421976,0.1355632345233282,0.0329753167249495,0.024953517448211393,0.10893785156438482,-0.22640770864817597,0.08993227935825203,-0.0847000372026979,0.010760946626657119,-4.3900497257709506e-05,27.930625975107734,18.645584769481268,12.385801714659358,10.648262365774574,5.456936544704456,8.200300527767348,7.883588741736055,7.196599503403565,6.325908830303667,6.699763062275249,6.644744834346018,5.394077212688981,0.005699707488370145,six,/content/speechcommands/six/5ff3f9a1_nohash_0.wav,testing,5.0,Kitchen.wav
1734,-259.14584374468865,19.77260559042714,52.4368009417594,20.94307937506638,9.531466582628141,1.742630727533244,5.987835595258362,8.004407472793746,4.741832537673381,7.099068875137728,4.367432850305107,8.426990480942218,0.0559057891368866,51.720963025005084,28.29598513456064,13.69981061137304,17.78933168621004,4.2231804738010625,11.872591746294852,10.669229264418792,10.969484896154832,12.584334629386946,8.759891089400156,5.891158651319973,6.267552171957353,0.03810597447898548,0.2928474242171818,-0.16437904131074882,-0.12695486666465358,0.43123815855103254,0.2698168266096249,-0.23027669974946047,-0.07720511957691072,0.035019031141603325,-0.22832937520214777,0.20407117644077274,0.23035356478198396,-0.0014390420687262055,0.0012946573476637563,24.974240289442236,13.537354884421704,12.53021084829929,9.317552010525246,3.6310291965852217,6.122396234748954,4.713966144990049,5.587695933085946,4.69300189259867,4.97376952243477,4.866372791501374,4.11905785250188,0.021296227730920072,-0.42139350112534735,-0.3357637528497429,-0.19992786890571754,0.2100892767300421,0.1138040481887528,0.12868321693203313,-0.00019748281765063306,0.0077589023319948325,-0.13311266359875915,0.18447986505488193,0.2630635034772916,-0.052398224064053464,-7.474819819132487e-05,23.452422008355203,14.23708035014146,16.136756946606972,9.011675239546115,5.083320288203013,6.421602990048846,5.805652802104772,6.911680502633549,5.045368668785308,5.976926278437389,7.360148855690693,4.86329004323393,0.02055822210095581,six,/content/speechcommands/six/d0faf7e4_nohash_0.wav,testing,5.0,Kitchen.wav
1735,-318.13839645043333,-34.2761143205979,39.955944987407236,25.894817038235836,21.77772423506407,13.210159665583632,16.013000311561356,13.409873382851487,12.08202696858888,10.584074936050168,6.019438871275685,9.99286923795307,0.02406335435807705,5.008915959442227,2.7545951444367143,4.094238780581689,3.41655856427854,3.557154200752636,3.380877969050867,4.3429711492532075,3.357712129815768,3.6392502422574284,2.852284422841046,2.8820262852862384,3.5252646990562466,0.007351130002251608,-0.570664463016728,-0.057854788697846465,-0.6107457259745046,-0.4178578234653758,-0.4051566592046676,-0.4913676753321049,-0.3128082088389566,0.07692042278612468,-0.004252923697220562,0.15728756418070391,0.32251546982541857,0.3810142929010588,-0.0002425494453599376,3.068330205511045,2.5527092953254296,3.3911892305528823,2.3523593213431204,2.6017775967779966,3.283030829515434,3.2783122275451655,3.0034996346864897,3.0932321668187703,2.6691474766835794,2.816554991607833,2.6186728186139425,0.0035052060040461045,-0.4735550173581923,-0.050610712647404674,0.3160217792747486,-0.12279007481250824,-0.23663176022344068,0.1079256574161669,0.18211326901858035,0.16945071721503419,0.0978331298291191,-0.030473000017255693,0.11440568210956911,-0.0023677601912473517,0.0001796199008822441,3.9002858523665056,3.4762877386351754,3.81851044921415,2.9939658372550584,3.5259379251220233,4.7088716409516245,4.25460626192141,4.137834125795993,3.8429905696480606,3.911180553698131,4.044885250279888,3.3808730268521523,0.0027939468309342613,six,/content/speechcommands/six/cd85758f_nohash_1.wav,testing,5.0,Kitchen.wav
1736,-283.45738362959327,-12.856475618405952,32.274398956841814,24.845623272672803,20.090340261534315,3.6671858967318394,12.138441287363682,11.747237453374542,4.572877309378013,6.135398713510376,7.994233179326628,10.212317034033344,0.032533961215189526,53.64373629740444,22.519762441958743,19.002387722279806,7.954537483279446,5.476866822455456,19.637191965403485,7.578137112510488,5.057569650706209,9.375355298340688,7.579471012595756,5.1917226504827205,3.2082461909402675,0.008228889694481554,-0.10781037382333301,-0.35160310143422996,0.006863919312769545,-0.088712741170386,0.3748143355478454,-0.05863272167805767,0.34464639734512614,0.25930638677516943,0.003888194416936532,-0.023373421922215566,-0.3559513379224651,-0.09429218388217915,0.00019846090839968788,25.130053049088833,12.115908112742662,11.5516038197397,5.404506044526821,3.871753079615967,10.638035531092424,7.162104731017366,4.454079281382783,5.515972417772149,4.36716854778555,4.541542543886044,2.8042832488878164,0.004756386426359479,-0.23595362949963863,-0.024069839374944897,0.19569506625492983,0.35849719459483637,0.07203111162425066,-0.10622993076119079,0.13257444752976008,-0.031568225707356165,-0.2607743581533842,-0.34252512042987604,-0.03985598443529575,-0.1524743410016414,-0.00034419440019589203,20.158558434108738,14.133826270023864,12.910243714814667,6.04116623017578,5.264463642157154,12.007742049378605,10.028483117537391,6.119745021688444,6.264379775498827,4.7676072133151,5.788763633928431,3.7102189753747923,0.004444650784194327,six,/content/speechcommands/six/022cd682_nohash_0.wav,testing,5.0,Kitchen.wav
1737,-189.69009072682672,51.37884624930577,10.398400126931897,-5.3429131783514325,4.946166791506285,0.9885472764568057,-10.351073047767619,5.676306490180524,5.822231018146404,17.297433277417138,6.250244226659415,0.36737165702300706,0.04228577314643189,29.1657521313441,21.94888577640984,12.494442229726674,13.913028234689259,4.6161670813899045,10.242016406782437,7.960666941064945,9.52665330033882,7.399953660058711,7.170145958536687,5.262156679658745,4.311161515174839,0.010509004903521755,0.048182604620272455,-0.4680859842707258,0.010347855304946078,-0.008265942625241263,-0.014881997533635115,-0.11170305972955548,-0.3718975871994071,0.23306465454351313,0.2952067293608206,0.01269212579229947,-0.10629398320731898,-0.05683415952419781,0.0013919223340288285,12.163999101552767,12.55700038539036,7.4194082964962975,7.789968288237298,3.980642567125685,6.083532771021485,5.766326453663015,5.4809860999206315,4.790054290747718,5.0444528355296825,3.7078658908783795,4.406317476769576,0.004622646697976545,0.04569289667601784,-0.3456676380983363,0.05482567819532601,0.5176962919777705,0.24167737401618988,0.0925781840368157,0.1480391290755043,-0.14984304326259806,-0.15940941065617795,0.029888337631359955,0.13121090892290385,-0.03893275070131601,-4.734005779027939e-05,10.26314036751941,10.80071254655958,7.652246244536303,7.56824736933206,5.530209497242614,6.5971028450446445,6.909736631376,5.713215510422082,5.878321868571839,5.957199098466502,4.6916785442107125,6.282514733989625,0.004213867407096171,six,/content/speechcommands/six/5828dfa2_nohash_1.wav,testing,5.0,Kitchen.wav
1738,-257.75757937130106,-13.191157587881861,30.006123307392347,21.226000915809855,20.21672818403568,10.99203004897865,3.055911780362167,8.504835449560215,4.4589750870833775,11.14303685314868,4.046749174026241,10.098308574444728,0.036580140236765146,17.855402145817763,18.365917828836157,7.451094297867503,7.26998543315787,3.8467683499931034,9.857583583872964,11.768811980716276,11.051880645545909,6.513744177440938,6.024822734596032,4.912918322091702,2.9753896564361475,0.01118605146533997,0.22360651445976673,0.14359597434914081,0.2577424710196669,-0.10872548090752125,0.2803768395809251,0.2004173045046477,0.057579401705461414,-0.04535168097850836,-0.2140969360161421,-0.061828172928140954,0.10384985304724571,-0.04856884443198626,0.000136760454024038,9.914740980588476,11.091561755933592,5.5550853392998425,5.247679596075047,3.4771498782550254,6.205092787711999,6.329289775393176,6.910356673256659,4.324964914353465,4.52735839401393,3.397319225877547,2.4968731920444265,0.0048116170022310745,-0.14330177200828303,0.2538607101344138,0.2618986106920638,0.0016830647417253413,0.07609718093642748,-0.14188649486097232,0.04263015449003322,-0.016468426136254877,0.2794197923218467,0.18695615698116658,-0.02746378968436057,0.11151835275897713,-0.00010139383375644684,11.092461626539379,11.335931700784268,7.8870449819899235,5.626445284164447,4.784083947838789,6.135033174828958,6.339077014206943,6.692283823495196,6.12494773298541,5.644844787672115,4.654303519002546,3.647706909524941,0.003214002614187666,six,/content/speechcommands/six/f5496439_nohash_0.wav,testing,5.0,Kitchen.wav
1739,-267.7057190487546,35.450553567391104,37.56089475976338,21.28943834766399,13.481096618929351,4.563350279888622,4.033484316003387,6.669550225714195,1.5469073830639355,6.326217948669927,4.7422562344747785,8.366916015108263,0.05066731746774167,51.88916577399963,26.863267758875942,11.07838177434824,22.03125661553927,5.412894950658605,11.603291252172468,12.373111992763763,8.095402703192697,11.167086036680091,6.469200605764137,4.943025903551377,4.866181437067544,0.040072810912133,-0.33378100966750013,-0.08087939876735416,-0.042681136247763436,0.12824973045802443,0.24194118072315746,0.6150695611128887,0.37737462978988057,0.2225524883340639,0.03707198421267024,-0.23779392737916102,-0.1895605953913321,-0.2396132450148288,0.00020614837206179096,25.80793743273281,13.072766736864178,11.822823465997393,11.536535204898465,3.672183297551556,6.108095693955105,6.089569493942455,5.165189664374436,6.25285797156308,4.751984436874623,4.652535416308509,3.2846872453124965,0.01764317924186903,-0.4255856964297076,-0.31692582427259414,0.11121100673955979,0.06984566144246743,0.11404946799156998,0.016071706265604096,0.09147474066379131,0.2451547868491915,0.1341603450019703,0.07561547739780133,-0.08901872450722502,-0.14188230356136602,-0.00017232690006494523,25.294254841986692,12.948692744998871,14.805906690343235,10.153709293244333,4.706767234569988,6.7369592564570295,6.393762793743855,5.9471297502486795,7.953060325380855,5.814219627268863,6.112274809598688,3.7103597948953677,0.016358782458370445,six,/content/speechcommands/six/d0faf7e4_nohash_2.wav,testing,5.0,Kitchen.wav
1740,-207.99064903732713,8.184623985332939,24.249930061551474,22.350440151572148,10.284324969909239,10.056402084952904,-3.6932091906254034,18.141526726082486,3.8719886637431826,12.710666670637272,2.8855999328493382,13.08970528083543,0.08388902881415561,111.58053128269933,21.16710435143394,32.697367459470215,20.382905778003686,16.496280704221647,18.349810178861613,16.33548101004125,12.434399296228452,9.513941155602073,8.410891097750595,9.127243366946658,5.5087790510303085,0.07619911944347059,-2.9151580144023046,-0.33579711765084447,-0.07733529438992238,0.44255241606391343,0.6108223368103157,0.4194566513813757,0.9095399793117188,-0.19543337289674292,0.38791297098529925,-0.1088632742016637,0.33791632892393153,0.023297028747159065,0.00015985232687765552,50.544612604196885,15.992690115035378,17.82125721617005,11.137642165893872,8.871314014952109,7.969191035460977,8.64348542935202,7.653744264466924,5.566565819915848,5.516557686795199,6.555079362877348,5.5192430855497605,0.03755308075083657,-1.2293646390874993,0.21570769227782727,-0.6275951646958621,-0.2340051243982065,-0.10040817608480766,-0.16469068600209927,-0.06704903200518467,-0.29741132758719413,0.22655371801201232,-0.19751448580893924,0.23443754536696024,-0.01009955391041455,0.0001662364850441615,53.81139154914538,21.70474667080194,17.592583526000833,9.870275702042882,9.070849782302801,7.345898531124314,10.672699152057143,7.725946921467872,6.596232437573138,6.816719389368981,8.28803049903414,8.611637893670004,0.03489430541193426,six,/content/speechcommands/six/2796ac50_nohash_0.wav,testing,5.0,Kitchen.wav
1741,-188.25861822710436,32.57753826387021,27.1542839569946,38.44296492496541,24.58349092632517,-2.2651290589068545,-2.772566566439952,10.074354372429458,4.285904053302113,8.570375627742777,3.065861676496696,-0.20587769647780801,0.06446649270947091,82.0972504755722,27.64501647972865,21.97925607341251,19.695694775578183,18.852418701342746,19.590623297920093,9.362202266784367,7.857330297950012,11.699591986411052,10.923002919395765,11.48079925856302,11.718566521463798,0.05162718146435506,1.4703268325304115,0.9747902668819284,-1.0477173401351185,-0.12361588139503976,1.222338078985019,0.4056092023423573,0.02486292734676039,0.6443442096367562,0.6375043055779473,0.22178645734132138,-0.8269997518416086,-1.103125098611941,0.00010923596639786997,39.503093630286116,18.2684489397757,15.750531553727535,14.396083273859084,8.75898951672976,13.081215745043815,6.420597255026861,6.476583362899801,7.694970699343132,5.950036925819887,4.785078914694042,5.9821652057150265,0.026008415398088857,-0.8738321616702452,0.22477773235345117,0.15059786951737605,-0.6958671230480861,0.042170650824451116,0.19461959594285003,-0.2098881408161956,-0.32558901428858894,-0.13237952468497274,-0.06161781240567764,0.12404363970845254,0.10642404733321408,-0.0005253554632266362,40.06359930287405,22.86430416569903,19.97425216338842,15.266218052322062,10.741889600387523,13.894109613453004,7.627946949443498,8.068854427092381,9.596871901792719,6.678361981791977,5.420325273063021,7.523871496143993,0.02594774560453976,six,/content/speechcommands/six/b97c9f77_nohash_1.wav,testing,5.0,Kitchen.wav
1742,-226.46508773204536,3.0920197188548335,27.401444362603616,12.924841429806346,6.353209226543322,6.712782047358242,6.508570233028536,13.398833073997059,12.770502758441488,9.47040581274282,7.408452294367932,8.596783445629688,0.047187742218375205,91.0538097443351,30.88027943102532,22.171217797336308,10.793006444520366,10.472786483163103,7.883247541013805,7.422785934010142,4.264282435376336,6.252675492768833,6.155247122433311,4.277101054515474,5.042304446262427,0.024087545800673356,-0.29842359030800675,-0.2433145618096338,0.11010757127236866,0.2943907409064525,0.05321408241410477,0.04487514090213833,0.16445309503596414,0.10984860309556692,0.18135640595637514,0.185151681874759,-0.08576939021767385,-0.17522962364548428,0.0007471599583995754,28.42958672612976,13.60802255520783,8.08190975955432,5.6004590068495785,4.510910865180103,3.813319700135312,4.540225368963937,4.248115964113611,5.35008114197631,4.121102202515098,2.9732329662963792,3.916540457591971,0.012532725200204698,-0.5431672457817618,0.06960862554381908,0.23121865591497176,0.1287166395691695,0.2965916749812968,-0.04300400363362326,0.13490176827981018,-0.08737027720961356,0.015177984457470777,-0.05706353602859693,-0.09887592577843073,-0.23001861698800002,8.097956223147256e-05,22.629897871060837,11.65456116493058,8.638860489082884,5.373115616739489,4.465665247613798,3.8235600697172063,5.82123083740247,5.971241982949034,6.298101558476598,4.539131719935837,4.040553788099821,4.544610031603422,0.012253876329836983,six,/content/speechcommands/six/7dc95912_nohash_3.wav,testing,5.0,Kitchen.wav
1743,-196.7264709964671,-21.328713040476625,28.402952669241266,27.931081972940362,16.883162724907187,10.388753047110622,5.230038702051117,9.352674556374025,0.599524407197659,2.655115217239788,-0.749911673271456,5.43375417049423,0.05807301966706291,64.82633108452359,28.067740608346824,12.162636402888811,22.566435240211607,7.293306844241749,10.769554096291996,9.759476774403538,5.892001597833202,8.735476126163526,10.960210171131694,5.0438195527996905,4.00253970672279,0.04705631110329017,-0.07820005637512716,0.03441027571953966,0.2804179568065787,0.29148948545538245,0.34307781955117006,0.17251821318282956,0.23433921311147446,0.31757677917364374,0.1489234184911181,0.1970478276527562,-0.24384817121550345,-0.1787516304800691,-0.0003153980979996343,32.56363918953564,17.177731915547128,12.210189154679691,17.62939015121193,6.8210117837971405,7.375920884979226,6.099214333626555,5.532433077739261,4.790092621017896,6.882857344138174,4.275697976249203,3.6584842714420187,0.025596530203616633,-0.4558656761070845,0.10276304144784731,0.22500486586825955,0.1395833317128223,0.22460787833119986,0.009011157642814046,0.27532996769781914,0.2661846376313552,0.06521140387110955,-0.0652270167154426,-0.14777555844475027,-0.18773328972047224,-0.00014809233446915943,33.03483301188731,17.62990078969158,17.099111569852173,19.01909407539988,9.81785615639648,8.93836187734134,6.310171863150554,7.125738657257805,6.80322522380217,7.020362825430032,5.7614854485951525,5.952890292237602,0.028290706580214955,six,/content/speechcommands/six/e1469561_nohash_0.wav,testing,5.0,Kitchen.wav
1744,-292.9447492119152,-15.049346288599518,43.51292148521766,23.489115716051103,17.255245280079475,7.794235727102539,11.673508481990517,8.032168865073281,9.151410836530538,13.720235003493245,10.24031073779083,11.549121795626666,0.041113998158834875,36.45380063640002,30.538214178389506,7.816899272776834,4.919684557102881,10.779814225940388,15.338706986181627,9.849293068194953,9.702449544245034,7.255499776213167,5.582973836342582,5.125815994725974,4.683860846693275,0.010436384542830458,-0.7329643584706417,0.42232239911962144,0.5265700777469522,0.2549093116271462,0.14911564568090757,0.4506333020400858,0.13925037867148438,0.2630282953981366,0.3618300639475518,0.015652524133477917,-0.12420146983216199,0.06345993286147282,3.29956772827333e-05,15.826203660284751,12.77347339686792,8.178250972702145,4.688162065512447,5.563095123425835,8.096825970954729,6.354257058810622,6.441377979435067,4.854846965991732,4.688744865087414,3.5722770047445547,3.4778367775469383,0.0050551118234419806,0.07100520972417143,-0.2204562765251005,-0.025206356739285476,0.11267757861569348,0.08173670952819864,0.24097816329038685,0.0867363759532712,-0.011200763994945037,-0.020826003690586545,0.11973818941163265,0.07725238202494843,0.031857011085852704,-0.0001606220379471779,13.710304658495545,12.1365231514427,11.57145781696483,6.24092794221212,5.602250142899016,8.336381330128779,7.8853983662416836,7.7295963639782075,6.123053368093396,6.339123798912593,4.474020943826807,4.317652752704664,0.004365380764686093,six,/content/speechcommands/six/81dc4a94_nohash_0.wav,testing,5.0,Kitchen.wav
1745,-243.80615433142248,8.223982718394556,31.05747175703239,7.687903098536969,12.657414114068004,5.181383521896986,6.094220041729896,6.886780826607164,6.963666127207558,8.487652243670162,3.207816984744233,8.134900648541299,0.04534722332027741,71.98795538408292,40.565397407812824,19.33831109405036,16.151306159803553,12.817122338419523,18.151853820628553,10.41466804177533,7.2247974906782,7.989073507568284,6.029653643906362,5.424200309447763,5.2343724924889035,0.04243428004157736,0.4356005222999362,0.3991698816325032,0.2045097939543126,0.1499007460066145,0.15436206695058619,-0.008344645890265071,-0.07740557283631685,0.12584224443673178,0.08529554733037767,0.11377447747933378,0.13702203567830146,-0.20019030489136774,-0.0002947235479950905,38.0612982485155,26.414309599256597,15.891342417355702,12.432680156558195,7.218816254817198,9.400535093422382,6.983759898293384,4.749860079270922,5.303374438760668,5.303757115298498,5.148300165996931,5.184148885232357,0.021243384864841026,-0.002687498249224518,-0.0698305910178424,-0.07216330831769847,0.1439447148545586,0.12074768424179906,0.08087611592790936,-0.06358257096632253,-0.21584789724804943,-0.15219035073624754,-0.0813388758427602,-0.024732757255098114,0.08674106478985216,-0.00011913208290934563,42.973848209977945,30.567928435671735,20.542640317322313,15.91233216468778,6.975132692720196,9.007209790937022,10.273380321916937,6.109124192224102,6.9842441289983705,7.190888577544727,6.828527227713643,6.880724371405919,0.021426338369392683,six,/content/speechcommands/six/cc592808_nohash_1.wav,testing,5.0,Kitchen.wav
1746,-191.40308610073583,-0.04547378844645511,40.08968977371879,16.37923241810025,19.645111283538593,13.461223815441521,0.8609805857170894,6.615198088714301,6.288765676933021,4.249629212811147,3.121674844377985,5.193485643742166,0.07359198539052159,119.45762798684166,27.783075276992047,15.021929725771223,14.112739689534584,6.39310635790946,10.358047642686602,13.619516959449406,9.61583021144026,8.950924860083527,8.262046827506026,5.731502584631067,4.22216758041672,0.06256215293724479,0.31939660111540863,0.2189042891308647,0.17817588507372487,0.3284505242010019,-0.01269135252600555,0.15054011142169318,0.1844602364915705,0.2541564811315313,0.4828347395571146,0.382724050753633,0.19545611407248895,-0.05432902383965419,0.0007601486098381781,29.085463698188757,18.21778731996824,10.914645834776431,7.466963846520687,5.088476220713612,6.26697883416664,5.583606915197347,5.080352730991503,4.232807219648663,4.245416241139915,3.3438057978529416,2.9732224473574265,0.018874991514020154,-0.21596767031840922,-0.06207549571791304,0.017809092416566762,0.09043579578393425,0.09115594795764347,0.03544852265739292,0.20141604455941922,0.4526675671462499,0.3383948974812832,0.1889703178467486,-0.020137118640194983,0.15454067582157174,8.126770456631979e-05,17.166672952951146,19.108835288453303,14.16381401578222,9.602971156548385,7.6051786348280075,6.290880604256594,6.597712742220938,5.468986563385412,5.414827849713429,5.059325702856642,4.33726765748099,3.8809231977943086,0.012269874058825158,six,/content/speechcommands/six/5ff3f9a1_nohash_1.wav,testing,5.0,Kitchen.wav
1747,-297.69851990742075,2.877316348233036,33.85885080112626,20.594554766728532,19.57882579765712,11.769909320799343,1.6640935094136926,12.594168417737798,2.2461414561980324,8.710423088092071,3.157047285550295,8.227894959395488,0.041770331690023685,56.595112415071775,33.1132635980166,18.53362731857573,9.199857025440314,6.297942647623105,17.92382546035612,17.788203500876982,11.950501428279944,11.743288082343549,5.663062624560591,6.155865618356379,6.3749317796501,0.011662476941334377,-0.08940859501891348,0.7356773606546417,0.4829939214983326,0.11806734447797153,0.3784110148824923,0.12744459468102004,0.19251519290415933,-0.19446836247850957,-0.1212570284360334,0.06176527483211939,0.3925137534956643,-0.047600868353471694,0.0011686851669635092,27.472255539601612,20.137443310893552,14.510924391860067,7.362019247126408,5.219509086205853,9.730810986242703,8.205951040252367,8.409604577320518,5.7884673297774185,4.196028703630911,4.300721335895075,5.07279864685681,0.006871557473354116,-0.14006773124597244,-0.08263579982883686,0.20503761677662616,0.14013665325311392,0.06748765608271354,0.1671786944395816,0.24317832886405152,0.15874788309064058,-0.05563924341541752,0.09468833354678603,-0.1461563592151368,-0.09031395819268973,7.070669973338092e-05,27.311511204963793,18.532005499559375,15.34398464764315,8.93833792658565,6.868105720685159,8.720846324668994,10.483900626432984,10.227832012265539,6.88692140789292,4.903269506407343,5.814964352864399,6.003183850971612,0.0065589763567263735,six,/content/speechcommands/six/9dc1889e_nohash_0.wav,testing,5.0,Kitchen.wav
1748,-182.27164954956663,9.891683842725296,25.02597946734995,24.536423254835025,-3.052917058013949,17.045016820780972,-16.071771410904184,18.782362299232556,-3.2840818563148346,5.443694787472243,11.375598569253414,2.119041952048593,0.09451358177466318,97.18017247260539,48.35948550219427,27.87530587127658,26.26974372181055,18.075269387553274,20.05494199392973,26.331465467469492,13.341620862053,9.553880909613499,8.126467634720255,10.73459306694621,11.0485523008122,0.05151318279798582,-0.5594906928707645,-0.31451855664806344,0.3083536820103845,0.3774258835303809,0.15179114794772974,-0.2036567439766278,-0.36375459747584576,-0.2035530450346695,-0.12295881777919011,-0.22882816436160028,-0.41570972421617686,-0.08352409713473033,0.000985382485293573,45.41120473005625,22.337864872993585,13.948811554605086,13.63745319768113,8.521390200729346,10.485703700669081,12.325607727961705,9.821420149878172,6.687594032702335,5.338706178680791,7.496638659091674,7.501733589919056,0.03028042353049947,-0.7287272829831418,-0.1801138383595158,0.4888921833094476,0.103738079583837,-0.022837294179812416,-0.32162235667032374,-0.13154891306617916,-0.010277245363338464,0.08413264398158367,-0.21362420931975998,-0.47329419597045125,-0.06671481750758902,-0.00034127949426571527,41.883560982263134,23.142379635015985,13.569045201916184,14.471666484833301,8.292383869669749,10.979265190960946,13.680173878352603,13.118086000425032,7.501829684293533,5.8995139815313244,8.613544076706795,10.016696283340497,0.033930944039595436,six,/content/speechcommands/six/9a69672b_nohash_1.wav,testing,5.0,Kitchen.wav
1749,-214.0237806611583,23.55382708832406,24.633290824455756,13.072617746321338,9.60898986452433,2.1479878351472563,5.226631621082146,5.539295531456577,1.7746594339458392,6.9954033814774945,7.254765183144637,13.962087590035852,0.03883517340377525,46.2097038944022,17.39943640337812,15.39932617434855,12.348768631868705,12.837255994808192,9.944752915134877,13.30311899081707,7.922470969546688,4.800304209207204,5.420615035920047,11.03017407676454,6.7425816200058195,0.010513970242373008,-0.38139687850118575,-1.606217822262527,1.1048612783236504,0.3828067036380336,0.7494182458500477,-0.03856496010171414,-0.09404119815797785,0.20792921770813286,-0.01300209986324563,-0.010939290107780223,-0.612831442900789,-0.6238069428441307,-0.0007578859535547403,25.033951288252155,8.016739790799734,11.561868009246746,7.663136964608259,7.312545052379841,6.27437510650678,9.342540929098696,4.916506211542464,3.505407668095495,3.8341173990988513,5.614190191801221,4.904441855946663,0.005830074045421155,-0.4336749350069806,-0.7277756687837617,0.022886091680007326,0.051763635830092414,0.3744976418180762,0.16878123591106545,0.13540012172537416,-0.0705536158471388,0.00410161035143469,0.26518361311154387,0.17380376509498102,-0.40680915120715994,-0.00013504430651664734,22.031571633344218,8.581825480604971,12.793449082116254,9.06603206425063,7.41252292868228,6.990714285107296,10.191061091278963,5.690440902761701,4.703113863146566,5.320151545841283,5.64414786723443,5.753537077863194,0.004881856365117136,six,/content/speechcommands/six/8a325749_nohash_0.wav,testing,5.0,Kitchen.wav
1750,-255.3370714760186,26.529920333760572,13.41225286674998,9.665891661107068,11.21223508547336,2.2089818330476296,4.244034346610981,11.696832694548082,9.706578078315935,10.232194589356265,7.794345400730717,10.644479588884877,0.04447427485138178,67.84652325330066,26.92265010459901,12.836775170347538,9.756130988503184,6.576667532471602,17.616669808528854,21.530024955977865,7.622790534017774,5.245732250569742,8.320719887669965,5.3205901522216505,3.628537369373031,0.01802705363050598,0.8848212940785244,-0.3174574968895313,0.13800393203683298,0.13025557368918533,-0.08096477173509485,0.05310909022745795,0.03176161982506101,-0.3425391540191027,-0.04089616989908455,-0.13945204124543167,-0.20214940218869787,-0.18416305539289815,-0.00011349024791871347,31.054340102570894,12.386050691943485,10.17642878140576,6.782276744502776,4.87120058206961,8.185542763218097,9.01886085890739,4.598461430694519,4.396333770781021,6.6196678343509845,4.336545516806673,3.948262902651269,0.007373783418291314,-0.01370409853184166,-0.022777542242973563,0.18527375930774556,0.25962872440925716,0.15912569223284662,0.08044893818772134,-0.05187585353786019,-0.07036845248880397,-0.027521721017615252,0.2773497611272881,-0.038291058391239446,-0.021917912545073175,0.0002303500349322955,27.296843133548606,13.62640705149256,13.949821374498097,8.584569322732193,6.661665817533061,7.911237976447804,8.921516771913113,4.629958393627326,5.7141460428011275,7.368067643870496,5.601959725005277,5.785515612138198,0.00692550294416198,six,/content/speechcommands/six/b1f8326d_nohash_0.wav,testing,5.0,Kitchen.wav
1751,-223.77443343676595,-7.969460122775557,37.859860590144066,25.008590951140626,15.462541028063015,7.582670540314752,3.3753675918959063,7.91246815500214,5.194298876763189,13.50030662213669,-2.020602061709128,3.0427954665228865,0.05663477524649352,78.5826857377933,23.41692500973867,22.540090380706722,19.873326715163596,16.655442072211745,12.395611174030755,11.763554864273939,7.682890530893369,8.445599744974437,10.94237234981542,10.113506939838567,7.064836220335999,0.03337577200188548,1.492569821066696,0.43229143448171525,-0.4805230459762798,-0.6697588149120218,-0.31784108787177323,-0.48014325870299074,-0.7412097643024155,-0.47314285956501656,0.01326022097993935,-0.05253396041748878,-0.08071142635731544,0.3321707043199768,-3.686577322021607e-05,31.871717493315845,14.873975029486154,12.857059114829527,10.159236943513703,7.8332231088925415,6.122591500555972,6.032951766952151,5.5587506875258335,5.181762260983734,6.213664618119863,5.7985527252299,4.462294006851922,0.015532805877776962,-1.561333146949356,0.21507503158610308,0.43570457434735227,0.0827528081951944,0.2628118554169742,0.17888966041286972,0.458234511168315,-0.08674079941549714,0.06717614753329547,-0.003637610812153665,-0.051109589785059306,-0.034942536667483516,-3.051975121100744e-05,28.716455728483172,16.720626115022803,14.078104388932951,9.942706525700286,7.06325225492161,6.444823662124118,7.1117066591114115,7.064624078939841,7.660476810283346,6.657888625164905,6.274187362864795,5.8468987411550435,0.013311404238100786,six,/content/speechcommands/six/9b3ea809_nohash_0.wav,testing,5.0,Kitchen.wav
1752,-255.0260890365958,22.80510617325558,42.14298159617658,18.81145552533386,20.907889394964158,6.970966213949497,10.189553354652958,8.786168411813989,7.015238897950602,5.756230544983762,6.75831648395163,9.525819967274844,0.045932987763080746,76.31332789147775,51.70718025851283,16.210541887599568,12.241755962087172,3.4810909781268053,8.126545964805668,4.175552289115481,3.811078530680351,4.43993805792631,4.280849719605655,5.307055315947884,3.374349350230484,0.039336006870349514,-0.058313000616009955,-0.4393442414790584,-0.3455404971340503,-0.3025399509045041,-0.011511015970461747,0.07288736766059578,0.21146780826325343,-0.14664983230859238,-0.46405592598947626,-0.3743412063132676,-0.3043090775345113,0.03323971923360333,-0.00011674284694656249,31.14289302677924,20.823750931412707,8.94051009989171,5.923403493085806,3.1991116848383956,4.854414449549941,3.9736557738544502,3.546741348082087,4.095453483969416,3.2644577932042007,4.280123970207747,3.144172295340508,0.02055681130583446,-0.1702672431310456,0.14657299491536654,0.23797963843165312,0.17081019216263052,-0.06224299344029417,0.006656715669532372,-0.07468910221277834,0.0009859375643440416,0.23147620555704979,0.08404316563603044,-0.045758772117036335,0.14145921492572294,9.105994055668513e-05,27.81759839842768,21.981717657414116,10.318784756028167,7.844972003532128,4.713057128911007,5.870219836184051,5.504384126627341,4.934758181256825,5.7231350440052005,4.923838229197058,5.831546773425867,4.421995661045572,0.02377817737558979,six,/content/speechcommands/six/f292725f_nohash_1.wav,testing,5.0,Kitchen.wav
1753,-270.93670239554245,-18.72753270645283,51.50328136715244,35.65714438246607,16.560297575836074,16.342617888258793,5.0096081267071195,11.8084268745937,6.837101912571521,6.3669499451058975,1.8563529939698382,4.013926067640881,0.06264727795496583,76.11063203586328,52.149272365436865,18.10826672892394,12.051580386370091,14.529979277279894,15.478973488881834,15.28634216771543,9.868860842153413,7.282101105197277,5.9367914960835515,7.724486637278698,7.5899756698887915,0.058407923515312314,0.4384524960721138,-0.13036576693220286,0.08098511503843822,-0.07969093310781032,-0.20203164774518356,-0.18554358455700615,-0.24406487626748022,-0.380949368387882,-0.18046662651373452,0.13158764041111307,0.08428990505749161,-0.03437812571488024,-0.00010940048002427624,33.23281536273843,29.101894941699552,15.633020362302082,5.399843363169068,9.621824333385005,10.401817073821395,7.966975004914995,6.772971612877165,4.6765354449596135,4.127072242199513,4.452408911431936,5.189966651277945,0.02637173397196298,-0.11266526540413603,0.01971147058979431,0.06635523666488462,0.22120689215776831,0.2891975914608939,-0.046628739611559666,0.04584690422937824,0.17934029329463463,0.06743016066842872,0.11147191230944013,0.10834542986052599,0.0441637338207635,0.00015970027695099513,38.11025851785492,24.12259178079891,18.832466581314545,6.401514308783414,9.567116472236687,9.09602626909388,11.154354646305089,8.807370061036448,6.223193779834306,5.23470554011469,5.820755289298204,6.592384957213722,0.020106179794265888,six,/content/speechcommands/six/e41a903b_nohash_3.wav,testing,5.0,Kitchen.wav
1754,-259.1835809931324,20.41020490397461,24.94037498484723,11.553543667997067,7.396680108030518,11.660989463852928,4.5320491659333655,14.221295764320157,5.499136073874561,0.9426903170157503,6.754329070276737,5.426193943641431,0.028119989263359457,33.67820109340993,25.112970599972915,9.932755547721323,7.553264891866708,6.652616668258799,11.738031680069986,12.307912386856056,5.223452928402495,3.724024540726764,8.039004611528096,5.880524097059502,3.784877350541162,0.010302667980835466,0.018261121407122924,0.5477138453625743,-0.20283623562069122,-0.4460563800254962,-0.33720171523532394,0.02989254623145642,-0.18981805568130858,0.07954921128071453,-0.31331077655720013,-0.31012254143577767,-0.3146114224098386,-0.21391469290161377,-0.0007969594650691556,17.673904445637085,13.250635696461824,8.817081091285473,4.322016341528668,3.5878013492018224,5.979563651012651,6.4607049913205135,3.333819546615602,3.5423407626430725,5.492045423456696,4.252713952058868,3.3474128501792744,0.00472243091636923,-0.3745006041049426,0.0252713104931343,-0.047329972453479564,-0.01832577895941121,0.21520538891011085,0.11808852586561326,0.0034883297027303566,0.03844179891722135,0.05022999356121769,0.08049515361132276,-0.019780027351407655,-0.007956720384518334,3.637972598274549e-05,15.284101279629898,11.99215603911988,11.695150947100041,5.005872754811946,4.664400135961684,5.652521702964756,6.634216483334532,3.9899574855660895,5.481028194798839,6.513599474366348,5.955211742965978,4.724435093022943,0.0037177881484294233,six,/content/speechcommands/six/f264e0df_nohash_1.wav,testing,5.0,Kitchen.wav
1755,-293.7561219173758,-27.328481477276217,39.54200215533272,28.471130699219476,21.19356239049294,8.406000544060664,6.699851431187768,8.416689812385629,7.4058768722683,8.78697825722304,7.794004440920175,10.583538184117526,0.027676199496324574,33.18580905847447,23.36003231429478,4.793140821180312,6.648433036855228,4.261952466492817,14.658969771689222,12.774001342727903,6.287372641278071,7.512504219898535,5.43896840991425,2.864364735229991,4.00150661231536,0.005615980255417734,-0.24485976212396618,-0.10488780840638368,-0.04059276613790398,-0.08470455244149824,-0.17803419045009228,0.2131230812672021,-0.09478016385007473,-0.5099740357131476,-0.35602873608975016,0.07594357587982062,0.0108846800497728,0.4195272803768049,-0.00041498485262747163,20.408096825819715,13.165214561301333,6.021214496762303,5.368652642355225,3.725004096662019,9.448307825494895,8.45555407066676,3.7649260973364265,4.000266868716166,3.2197717660744596,3.5571220368629177,2.9214130427460865,0.0022049492660598242,-0.42985167483731,-0.13421570590793627,-0.023752206155484748,-0.1011897715304177,0.20955584411392653,0.1573529954825775,0.36203711282783285,0.18393605947263575,0.08340796601292261,0.09361368450318973,-0.07870300623182006,0.038936252785687984,2.6888643892911765e-05,20.265038015231273,12.333131240296057,8.341639077535017,5.6052212830050285,4.885876833327808,9.188277562399017,9.075091439183444,4.484114398091056,4.1438423902665855,3.446438567558364,5.396325919265047,4.182873315776827,0.0020375782912213916,six,/content/speechcommands/six/7dc95912_nohash_2.wav,testing,5.0,Kitchen.wav
1756,-225.62296664306638,-11.610138749374725,38.6849600449015,26.18717508255462,9.69019649759383,9.340865493060807,2.5211771065581297,13.601068633005795,6.449055678415094,10.16535030380611,7.495679184309037,10.296801984810319,0.05591388244647533,93.91236966982295,40.56010902627803,19.313982130678237,9.192918233015195,12.417970635717136,18.52967381262901,16.14655815689643,11.690534882957625,8.79998165349887,8.185485894842714,7.956883679746351,6.113374693444415,0.04533459208644951,1.3692011955525125,0.4176734536341719,0.03651503538820463,-0.17554410183041685,-0.7262178342073147,-0.14817960408058592,-0.042653012167628235,0.12992871245972987,-0.13228455409946033,0.028116547726235702,-0.049630284634307915,-0.17456488987936633,0.0006930631615461841,33.42495867168908,23.177742946633945,13.069974768639188,6.107528543058432,8.068330488343467,10.559108856657588,7.010011465962404,7.123718271974946,4.519296787178318,4.6662951775545825,5.657388658799226,5.914168269330382,0.017266320535342276,-1.6851913185074314,0.28638600273479803,0.4463749759077968,-0.043106492613837116,0.18623813996214583,-0.21979775868688006,0.20354719959599557,-0.16423404514471093,-0.006995969022472851,-0.037007196087006616,0.10167012119397624,0.3014289246103544,-0.00013732450703779858,31.73414740646294,19.170288091742545,14.999419144997939,7.200549549679474,9.06644879845004,9.239449514098725,9.277913744639154,7.293745656960216,5.1432190880512865,5.017181451545643,6.601110869320078,8.042719914043674,0.01319202045512535,six,/content/speechcommands/six/653a48f5_nohash_0.wav,testing,5.0,Kitchen.wav
1757,-253.8925497344993,8.403305124999813,24.57247850934025,23.72642060619898,18.255512847060952,-5.666205169486979,7.447474966263769,18.16526850759645,6.010346179838925,8.524354906881914,5.060531652284029,10.317358116795894,0.04817631479818374,73.86211533002768,25.371984335209177,10.866989548118083,12.063297282858645,10.492561098704188,25.357619674015787,11.361273234523154,6.219001522644075,16.440467172264004,4.912113150552045,4.433925466244235,3.7927094292732315,0.0326998179734112,-0.13808483579557945,-0.10656430132945023,0.20704879511767463,0.42174631903466087,0.2939928849348394,0.5097188086607429,0.2865422021200548,0.21822250637501975,0.08299593605013235,-0.1252364624357762,-0.3601066966542942,-0.15053577811064386,-4.4226766593994636e-05,33.03955045252243,11.794339640699429,9.115679712421898,7.7884061182584805,5.527002271075268,10.45805724983953,5.825200911223873,3.7695487601714817,7.432399828894484,4.010276096047189,3.2619816850142285,3.7932391812323476,0.01616623979099243,-0.08284462473818219,-0.16493134096905288,-0.2292087664756018,-0.26760062637990684,0.04339574774652508,0.23275284190291162,0.2005536807445463,0.19743647926960992,0.11073920863125213,-0.04548228735024793,-0.08995328490109458,0.01091499268774833,-2.8552611668904624e-05,24.398704987218522,8.01836428639362,12.22622922630855,9.00668907763874,5.50517707260459,8.854194959671068,6.015575767428397,5.0275525014996845,6.790956165149793,4.854084879206893,4.143613460795432,4.724710246293594,0.013679187673496861,six,/content/speechcommands/six/9a356ab9_nohash_2.wav,testing,5.0,Kitchen.wav
1758,-261.6410018156156,14.334100098907902,21.073974485587136,10.879827330302414,17.7059885665669,6.63971122608333,7.334195433443133,13.15287384679061,6.990354227328549,8.23400349046231,3.781775468343488,12.25145736024932,0.047885999840218574,62.87999534922607,35.455424863144835,20.504538493677995,10.890308748344403,12.486410974465343,16.450124432858598,11.734010006413495,6.054914097011856,6.681993658246126,6.323791708356701,6.140373131251778,3.8473232406747053,0.01717233386116371,0.7002790379884342,0.3776400177701925,-0.280939280001724,-0.021679648347943174,0.12174305574673715,-0.24168798776911704,-0.30448392721755096,0.01660202545331388,0.21144515959775217,0.1413856880747255,0.3381707797437769,0.08256230692010577,0.000476969345923393,30.86647005490979,18.781363591441497,15.851264131735416,7.146107823161034,7.6380044465342705,7.595942054284993,7.461039500466306,3.7320663963392273,5.583602540871465,4.704651985854959,5.211199457496948,2.707524092026324,0.008414433920777809,-0.3536314220772018,0.1279235155620104,0.1665901972761579,0.18355995044102968,0.2375398343732229,0.05096061950872019,0.20538787497463312,-0.027225185616985156,-0.07604590162547137,-0.0864044703699065,0.19733846194894214,0.11114481428040565,-2.5008743007977804e-05,26.4360096420718,16.433866565286092,17.97805517026575,7.876189910122372,9.569690686690027,7.051491417259237,8.152458502202336,5.08915086533734,6.7722266400501345,5.617786205638749,6.36507686484608,3.8204286823919844,0.006826511693814267,six,/content/speechcommands/six/cc592808_nohash_2.wav,testing,5.0,Kitchen.wav
1759,-270.3735528352031,2.846826272259742,8.050431076261923,20.512040186802416,17.253993110557197,4.741366732603586,6.856217842473978,14.667488510538048,14.878134740851841,7.3964465476497026,5.9348272614022894,10.75214626087508,0.03553687268868089,43.92697843433742,11.849487505655995,19.96751123765577,9.59002539041405,6.404544924757309,9.07762644935682,7.379064123702515,4.344944546030775,6.71717134793605,6.002956469941085,6.666585492402142,4.260827968061368,0.009829736680995061,-0.24929382956555773,0.1644449556246915,0.13071276962142714,0.0676679270025571,0.22459863653304427,0.10283083928915626,0.24994353799648014,0.07567576458492427,-0.43277199537892186,-0.5639588364139966,-0.24075695484267792,-0.014552108439303364,-5.512846814047906e-05,18.775266186715168,6.192648985638897,10.440369158339315,4.962606877504751,5.253003121635862,4.452018943433366,5.612458745297958,3.839209220512835,5.049143763360764,4.436738978904065,4.959629969542653,2.8200698004904305,0.0049883296503802485,-0.4805540344361816,-0.1093052514600538,0.12568410310891326,0.2677828213428689,0.27121486405882916,0.06002117239386386,-0.23307979977462753,-0.22397216130039574,-0.16051413578720464,-0.23257801213609242,-0.09707387451529875,0.04658843692027537,0.00012766191114981968,15.290243080592973,7.360674487421202,9.941394545324673,4.59332160921219,6.725330075821401,4.691756951202605,7.500630096813953,5.384928180516545,5.532908998521921,5.145605155034628,5.542612237122718,4.121323306935657,0.0038244575614566367,six,/content/speechcommands/six/26b28ea7_nohash_0.wav,testing,5.0,Kitchen.wav
1760,-237.9372360113695,-15.30381632832471,30.226606253156397,31.188631926495166,1.8504259810652428,12.781246715238087,-16.77413646372318,17.181082654488172,3.74101886296861,11.531361587802996,10.868806041835853,-0.4930039395941353,0.07390751701314002,89.29697101329766,33.83809360543494,22.253980088421937,25.001196393799233,19.08628144147856,26.40330811843423,31.588903050523673,15.579285052114896,9.713572867765428,8.624516608567253,8.869763207591614,10.720705965718052,0.05633892016469222,-0.005582894778568963,0.1089908777811317,0.17197533342294807,-0.07216127871421643,-0.016551945143119143,0.03316835399717277,-0.10922596662980696,-0.41144859886402085,-0.019839796288104807,0.07682862099804924,0.16796522653158397,-0.0921053618570456,0.0002159599455133561,38.14760484430334,18.05741719650708,13.499897533033254,12.894754658479176,10.32033283987505,12.505955319745066,14.490547708345826,9.271684927604573,7.151989755075331,6.269071869529303,7.130254019502398,7.349727384404932,0.022297400827374917,-0.8336157936407427,-0.5461072778645537,0.1396249977056236,0.40314911235835565,0.4268964611401902,0.4005178821700755,0.17838602400087045,-0.016144687247529356,0.08139637726621528,0.24478000653476167,0.35115007556749056,0.22560935503566096,9.943209588527679e-05,30.92840778486424,16.51137106058852,13.246684059148027,13.56702892980359,9.643054841207128,11.77443596460042,15.113748801644013,9.761929198264324,9.195030786353907,6.6602604724659775,9.569618397047515,9.820850985188983,0.021291794670722376,six,/content/speechcommands/six/9a69672b_nohash_0.wav,testing,5.0,Kitchen.wav
1761,-151.66411446543373,3.8259120362155192,-2.630195620039724,44.3630749234488,14.463138175655073,-16.85819633390579,9.552803835955304,5.8151517202289345,-2.6118749941798547,3.359190206513354,-0.5140895851697173,7.175926411479714,0.11426350015860337,67.24678954260123,20.57857443890213,26.02192504123217,14.953089687053637,11.436453226850976,24.434621799214682,12.394188921470876,11.59401304989678,13.810425100574331,7.869723546835984,7.1189795421017585,5.249588112880781,0.09726770010885398,-0.06977688777014236,0.4684361301013965,-0.13838914692886817,-0.1898618101006781,0.7769325402975685,0.27791138346753314,0.20697074001483926,0.6306995684981648,-0.5525517805363459,-0.5289410015993784,-0.4019588592659759,-0.134283740901307,-9.112462401390076e-05,33.34908412571394,14.23292176399215,14.07417450502604,8.786372065822798,5.959886727455088,10.311551735995556,8.004682646896711,6.604672635733174,8.624661256114758,6.2890331662459475,5.044157809708886,4.458793396177786,0.03886816746612092,1.3940270562910186,0.5256107038524629,-0.2590991842487207,0.682333572455042,-0.08810041407044711,0.5498686671279468,0.5059198252741016,-0.029400827584966056,0.21886646809184176,-0.05125500855389523,0.09384582345355692,-0.25925239632458935,0.00015043886378407478,32.73699730410918,17.38825726646845,16.31601094613158,8.948400779651358,7.020781385832199,10.166564224200721,11.074550670910178,7.744031380736242,11.58170290455708,8.263888768578719,6.5432962701138395,5.612200730205452,0.024179971883973896,six,/content/speechcommands/six/8625475c_nohash_0.wav,testing,5.0,Kitchen.wav
1762,-267.3392527651234,0.5572994789137624,37.04359028800237,36.96615693513708,14.063101414313088,16.906502807218796,6.477946162808065,8.917567152470648,10.791120005238849,6.827354291232448,0.373703935096127,6.526777365868756,0.06351418438134715,71.16152072627987,50.043678233125924,18.70175375145271,17.11211559336628,14.15801903389966,13.93466318482642,13.637532049181079,10.2128996609395,7.954111016432054,8.111867530990644,8.984045188657607,6.221684016278786,0.05319575617478874,-1.585884502546114,0.5482537344113302,-0.2367122805996769,-0.3036061820539941,-0.07580077337297049,-0.044013722891175146,-0.3098456902998769,-0.2545567874982568,-0.006116666735397727,-0.10700425812517275,-0.04569060786504578,0.060682927980232775,-0.0002112564059995836,31.06882510924709,30.527285453522097,14.374233707238517,7.646898201620886,8.755986752341059,8.962488971167826,6.09952551927958,5.859538375392197,4.88041500525125,4.622045355771825,4.651740208043373,5.039541830791757,0.02610164540440837,-0.3297209065630151,-0.3278550201083839,0.07580483155360226,-0.022246902833756483,0.1262091229253904,0.15539563757759195,0.03772094759567673,-0.1251941815958655,-0.1982933666035618,-0.04756845082807247,-0.22003384048646646,-0.19522821073309599,-0.0003090159346659978,30.591632479198935,25.980281677347683,16.539980674911124,9.37191827203792,9.478462015461083,7.846273414599542,7.978032669528181,6.201558571259179,6.016611065872041,5.727319886736037,5.5258914178973555,6.004957936607272,0.02085249842533292,six,/content/speechcommands/six/e41a903b_nohash_2.wav,testing,5.0,Kitchen.wav
1763,-265.5651839092948,1.2765822469998125,33.66599947559977,17.205037620157846,13.817822368983046,3.4827320399021966,6.353584566306007,5.479499731157146,8.93353877774745,8.74852973594269,5.640466171008208,11.528954974189155,0.028654515772359446,57.235559272614886,26.014986730597435,16.768320232888207,8.790257476509492,14.235767440506201,18.113673974392515,13.76872045235792,7.273710781799273,3.6886276207247093,8.21881122972,4.087072550509064,5.240041625899713,0.010462217880312246,-0.48415049390485093,-0.6946901913578645,-0.21424610082287654,-0.12510803776856308,0.20620385953931614,0.2447228008873741,0.13018531427387406,0.25635666530852186,-0.013944795625832314,-0.08788894561375692,-0.1685996954079141,-0.2425678414663763,0.00024341485433040127,27.76794585160017,12.918077303277983,13.200526122349672,7.156213202602212,7.317650242606777,7.585308267654434,6.343114272404445,4.727277749276083,3.8587498924099943,4.680771422274355,4.2005994243289315,4.3009971445951,0.004298235980453177,-0.20474072843226926,-0.004356402994724403,0.12584757299144608,0.0925308019472326,-0.04707696220632407,-0.14250844905750443,-0.04154736986764238,0.0796405593334948,0.10225076518929592,0.13878860117608252,0.16081977043680726,0.12347398618783971,1.3860687613487243e-05,22.987621815282417,13.867701544545868,14.381677221784667,8.935467661468865,7.416166511042326,7.9993597839620145,7.108758515764891,5.805107124831034,5.888051811653274,5.106979176346039,5.672513828404841,5.425429366702621,0.003635875357801725,six,/content/speechcommands/six/daf230ac_nohash_0.wav,testing,5.0,Kitchen.wav
1764,-279.25947906350603,5.653598209758665,24.459611952371787,30.420478624814187,22.855513703409308,12.972774363814002,9.407107643952646,15.31734063249465,7.270817571552074,7.561280818047139,2.973479451695496,8.53589002328813,0.04301440349081531,65.12220118615468,31.068821351131223,18.462420725913844,17.246703020084738,6.776898874688636,19.033418921346623,9.71683968526281,10.474692652486677,11.026714021973117,10.026941533291879,8.724678701777181,7.302749914879981,0.018122900633746743,0.3207169056098766,0.15809751163834546,-0.10201600387232694,-0.342591006941819,-0.06747839348505283,0.18723283282594053,0.0545137253118181,-0.30197657088004715,-0.29134149691923916,0.055787793087887394,0.24596949830586398,0.12050507684345552,-0.0007085838024654697,29.73086507797591,18.364216178295443,16.028981284390248,11.232487063959594,4.836691953105545,9.890277800216618,7.690648000944126,6.519904431628823,5.476061322501011,6.118069373302369,4.4738214065985265,5.078664207557002,0.009372898254296878,-0.9323715599869256,-0.4556640155374549,0.26842820841460596,0.3440682073257369,0.14963706340342628,0.253271109151872,0.46910903850394614,0.1867060079697658,-0.1469607332683075,-0.11641719218182954,0.0677026664963974,0.14605292229972613,-0.00018366873264312743,27.23097983569175,19.077400545652324,19.918272590943346,12.457674245439048,6.101232220937162,8.871793189912214,11.183515351512602,7.903714085498175,6.7381174982846375,8.207563147302984,5.555960446476688,5.883033214392513,0.007467786348880886,six,/content/speechcommands/six/105a0eea_nohash_0.wav,testing,5.0,Kitchen.wav
1765,-327.6912679331512,1.3335448443366626,41.74842140092369,27.781884130784988,21.142752254504146,10.461494772095902,13.10152642844783,14.604094394035448,11.055685377020701,10.018010349833865,7.9267305359843,11.78778493008668,0.034394001588225365,20.574352091990757,16.427664008497512,6.117678400909627,5.892735959932104,6.777517908893511,12.201830606519307,7.372340895828885,3.579335390775816,4.495706917155695,3.4304110479363654,4.315206178500108,2.5870947039092944,0.006782545229150103,-0.14146524440099395,0.04620574775418039,-0.018098560504695674,0.008223003252372829,-0.07409736614966121,-0.09197910713183605,0.007402568159223749,-0.06397747153234529,-0.4391840124663255,-0.17758635141341442,-0.01648250472908548,0.24423149446526135,-0.0001330858757418971,12.27661232968288,10.57664073003005,4.4297025237032495,4.088708389832949,5.054601895547958,8.570406121074024,5.688917481681093,3.9216116859286037,3.918660273210003,3.5466070012180766,2.6627442976070452,2.562522608435728,0.00438178378445531,-0.47861391711982343,-0.3169450546222919,-0.025557991872570084,0.26692770495759033,0.02247769188175764,0.14736159336259547,0.09647634195765746,-0.058670600831942345,-0.19798908117912395,-0.03173417271619628,-0.07977286639666784,0.05677473253126746,1.3962636391321818e-05,12.059427346866094,11.800717029519932,5.66841773133514,4.804386829664867,5.202232810854177,8.71120814100019,7.413864321411112,6.098439285625212,4.965959580824148,5.3536241487240455,2.8913722577471512,3.630147999095986,0.003558816686327096,six,/content/speechcommands/six/90b94017_nohash_0.wav,testing,5.0,Kitchen.wav
1766,-273.877604777965,-4.612080749671904,28.689410309716674,31.94548828180936,17.5402273181072,15.733154201057301,4.187121436871684,13.949390328523776,7.433338525593649,4.8717188408201535,4.35314023232072,6.862689950215329,0.04752090049441904,65.63972546249829,21.152731503744143,9.652447293130217,18.206968783594135,8.99116011673989,12.73157392258604,16.145900412949633,10.22282330793422,9.014888759454834,13.608808817928788,8.41831913119112,3.9534318684610508,0.01978361125165289,0.4789669213861371,0.5541851619871448,0.31680117712438444,0.09859178122797786,-0.046338881139239715,-0.08264671056547661,-0.06301850775753595,0.05723064973427841,0.1301366582563354,0.31717356704867505,0.1836980776017152,-0.21408509493310623,0.0002484337216423404,25.43349561599802,14.26686574460264,9.065559469094037,9.389541051661368,6.143249463558858,7.302529419396861,8.311157848681962,6.957026719989879,5.780276167406482,7.952173886135972,4.307318792924332,3.097202144285228,0.006661261379196334,-0.2578126722678576,0.01772671424352339,0.13005478801469578,0.20549720985119085,0.07597606059626169,0.0058803682153213185,-0.03256436949940049,0.053417901307334564,0.16950798856435842,0.038607965040027344,-0.04781420233749115,0.044503560019739714,-0.0001128422717253367,19.153320109649513,12.607428401291699,11.017433015320648,8.593583410460587,7.124284259405508,6.258343836480771,9.406715810420724,6.593222384226894,7.080322529108723,7.16439716350703,4.203843078882446,4.438812406368219,0.005462351274872149,six,/content/speechcommands/six/fce96bac_nohash_0.wav,testing,5.0,Kitchen.wav
1767,-184.61529867351095,32.075455701977276,-1.811696680948871,-8.23590537581574,10.498811861536295,1.2572523222737289,9.538790198428588,4.62374365361277,6.373200865099191,12.148136290274131,4.184755987788091,6.960424721074119,0.0483258732710965,30.32362520148969,14.490094220158214,10.652331842284287,11.631145923789322,7.432947388345931,16.94261183880417,7.2986369702798575,7.268391227018742,7.995220487742543,3.0309376882258823,4.091257536588301,3.4066604042572735,0.013989087133720941,-0.2511795512577891,-0.973536162254947,0.5516002964849787,-0.053047756630237836,0.11799578325738182,-0.16301583152222127,0.10304934312593694,-0.08910813369787858,-0.43958148320950224,-0.15853266071164263,-0.07977865048268774,-0.17123204988365437,-0.0006946045304498364,15.609051286671637,7.59446932432009,9.017308578684526,6.895799049299464,4.707139282257473,8.809565602878312,4.728934129707704,3.7920397665472936,4.2369476664696535,2.707758661897428,3.2564870207403205,3.1116293744177046,0.007467306241181497,-0.2936058317255894,-0.057438415914279756,-0.01736597497151582,0.0812085194264671,0.16773063065926958,0.12412682163131288,-0.10451901188485054,0.013762367694330724,0.23158385546025634,0.12127569458239182,0.05200487195325222,0.33443190625358227,4.0298948685328165e-06,12.298000348717128,7.719365341494189,10.746012623267553,7.421838531195349,5.530714681524123,7.591937073426833,5.911874743299863,3.8033939844909335,4.736690953049923,3.9731719954252003,3.9628237747084545,4.076488947724114,0.006299524600441302,six,/content/speechcommands/six/9e2ce5e3_nohash_1.wav,testing,5.0,Kitchen.wav
1768,-268.3160162654116,46.81597847694066,29.609632191733283,7.460535795049644,8.329431206706818,-2.6729046342804716,4.410851860340242,7.01094402903546,1.9457419098700925,8.460406893321661,6.424344528966952,7.123888329941506,0.03360629850067198,42.8316858397366,22.007545762448743,10.058849188115195,7.983348428665901,7.0296467310412245,18.959873349190318,11.111613403730379,6.653020380246618,11.379388826571928,7.650520974436698,8.771119046613892,6.66065103486047,0.01849952074965782,-1.5323534182971261,-2.0528759496100726,0.37064087052392725,-0.046469767761309635,0.330988098526212,0.3326417668498958,0.575686192897169,0.5866626115853651,0.532654591329991,0.5507722673760183,0.308449864507834,0.25539252676643964,-0.0001348939634138538,20.666323609880504,10.207374413298117,7.239474749596296,4.8228303226591205,4.531843182658929,8.644422798713189,5.924706014880752,5.930391512903597,5.921131203168749,4.809794076585118,3.9078099920723184,3.8917641598063955,0.00935675500130755,0.12949792712257893,0.29160971212592524,-0.15101220725363648,-0.1095686649807718,-0.06955551222493117,0.031411168245721745,-0.11993854975642441,-0.20784171997590487,-0.1708107470209442,-0.05353199154493916,0.10220967507055126,0.07989047451782164,0.00019598839183648426,18.329543018723434,10.612758520029015,8.71281830389892,5.8651488064157995,5.944160252661736,8.633805275932499,6.4767915410646,7.877211287793518,6.380174213048153,6.477628085093945,4.354609559330517,4.55932419859214,0.010172428820241044,six,/content/speechcommands/six/28497c5b_nohash_0.wav,testing,5.0,Kitchen.wav
1769,-275.5775410261118,14.170809344874021,25.982932586154604,27.155506745092154,16.082276570179786,2.614812876443969,5.251869832068472,11.139120866749066,4.9920197394399946,12.23183837962617,5.090346729234712,8.765546975859863,0.03864810132654384,57.27001434622639,26.237517206146013,16.512096316002502,5.930308045085988,17.079948811902256,17.933250114435307,9.111468965303267,6.475739393582502,12.011178046605183,5.5581678659440765,4.334514660424728,3.875382444773303,0.013440330326357528,0.8289072590507218,0.3062619660723331,0.29951506981105264,-0.19464548973782256,-0.4090598443855791,-0.30162732819743954,-0.10688492982443822,-0.4422741456874205,-0.44645053428534925,-0.11260484174294907,0.25885971937915747,-0.07187908484142501,-0.00021387360269023526,31.723835510416666,12.775657517182967,12.056184797118716,4.677432748470705,10.059241827377754,8.847367806408297,5.800172728855918,5.114022338517971,7.741673790265051,4.826868954089052,4.7588493061762875,3.726260342634648,0.008408099211071106,-0.42930846227726155,-0.042343279927849704,0.25111298112151215,-0.317524716614831,-0.21928590603732215,-0.07966506862308202,0.05676044778431247,-0.15130279171728542,-0.14314806298392507,0.2522506812022762,0.5629383932972906,0.2709440548728714,-0.0002776352688670158,30.574213121092086,11.774418775588401,14.84954179879569,6.068403334918616,9.86921336538819,10.293612997763256,7.007725805569611,6.258143504717848,7.928022794891645,6.955071898392524,6.55655334799023,4.817328399971554,0.007252841179387313,six,/content/speechcommands/six/4c7c95de_nohash_0.wav,testing,5.0,Kitchen.wav
1770,-236.6988581747222,7.797989606236066,25.223203997750424,40.48478389084467,8.738236480924396,4.813056133824523,-0.33759778518522987,2.550946158164601,4.344535405541371,-5.37191229733933,2.849245924262357,7.652114082654782,0.05918299761833623,88.39924509049723,22.819651231872573,24.223034965249678,24.704099357164683,10.208873300147797,15.858089406145739,9.191726639686111,8.229905458132384,10.78011397209292,13.754449029628434,8.464858219195673,6.912255597674636,0.04734689385140767,0.02616948803010781,-0.2669001790879508,-0.5635034432674785,-0.5773998086389432,0.047134877061035425,0.42203586050283304,0.06637254747736587,-0.3583683562991339,-0.336010366857987,-0.4312808922659233,-0.2580861461203786,-0.1924234107675069,-0.0005902494754522077,32.63024979942594,17.081013002310442,12.899998840702349,10.842207662989388,6.51332049029228,9.264231698303607,4.930366020317124,5.1205787313138424,7.6355787683473215,6.104454142796909,7.494127353352395,5.3905105487269545,0.020625207694999096,-0.7871341862011323,-0.5436593435794441,-0.03744081017983293,0.22160196322973214,0.12475111757848587,0.43515390829855977,0.30366378584141174,-0.0352592989402261,-0.02176589477487759,0.06780780445984372,0.10712822196374618,0.028499007026792058,0.00014889159550269445,25.897227711896022,17.272462879582974,10.153577623248419,10.170681635898312,8.162544034732042,8.77939919268788,5.48898809136415,5.4333875509798935,9.055584054410467,8.120636366924133,9.211615463229135,6.4562936662655925,0.017690383692992345,six,/content/speechcommands/six/cd85758f_nohash_3.wav,testing,5.0,Kitchen.wav
1771,-162.313843061733,4.286593396054365,32.64850329253917,28.127601178744825,7.0435869780972125,15.489435204324101,-5.527174893848667,6.359610626901965,4.49617326732289,0.22905653616492505,-1.4539584262326117,3.3281830083098023,0.12823521299287677,119.92295112513743,37.45790333885147,27.678937932210296,13.357353405733068,12.00520260859501,14.420438833886106,14.10351806489958,11.172908650878558,12.96583148970673,11.21707027704416,7.206397664330198,7.511363005444326,0.10448304056701951,0.97161780186784,0.7229729132675863,-0.46313509191850705,-0.7225367503610717,0.19061762011888472,0.5172718679874451,0.15406971899804323,-0.13891231777774882,0.33004802543838446,0.3142406129739198,0.31685753645336967,0.26689922502841357,0.00042109461801667365,36.2096249354817,24.375264697520684,12.94662702528891,11.708411007817752,8.208451307978244,10.433736285003608,9.163592543351657,7.110952441161252,9.65342794616501,8.871282974279707,6.033546021489765,5.63892565975852,0.04036677993132086,-1.4401625297331577,-0.32121324338579527,0.6836565562826841,0.24306815690344455,0.11304974715329423,-0.3269403223277172,-0.03481365460328843,0.17609619092536874,0.1595833803334074,0.495483661383995,0.4453512901909998,0.10166951420571395,-0.0005448148275415103,30.21692158554735,21.093104174614247,16.763721880248887,16.56242972051627,9.470295648798746,13.149051208635491,11.763660720215436,8.242261120939174,10.899224980477907,11.253646058640932,8.391861214381104,7.994026057816505,0.03876021834013667,six,/content/speechcommands/six/e1469561_nohash_1.wav,testing,5.0,Kitchen.wav
1772,-203.2275091175147,0.5275466282379826,30.04835869643852,20.917398603401278,14.68485188041893,0.5743194873441091,4.114155530736675,10.544501585189819,13.031827589883108,8.432970675785668,3.330664772889964,7.958589167367348,0.052950248471461236,58.576655127382374,29.10728189128975,13.350684963972636,8.090967955827203,14.804861277842186,15.740127794860365,15.415446468365587,8.104079294676264,3.431865725310742,7.260957246205624,5.583366236888147,2.650978931173595,0.02844494322158813,0.49912421369007764,0.14419430948347653,-0.029530856434687603,-0.28386854268060613,-0.14235727987208147,-0.185704787096076,-0.015560891842082905,0.20089159434233078,0.030205916729162167,-0.026199326851195196,-0.4620378288424144,0.009111839357360488,2.3597010201023472e-05,33.71618752398837,17.816425848784633,11.050159024332562,5.746389518847892,8.057344946166372,9.142627776396086,9.795865577125946,5.215177426558971,3.9494956774068384,4.700780216634874,4.860415233922001,3.3041431172207334,0.014636784310514772,-0.39729474807670895,-0.03379512236634472,0.22560636110969354,0.3079958175986303,0.022029111669946092,0.10771579205301976,0.14775002953680433,0.3100841536749507,0.24881287932891075,-0.18910573156800314,-0.181283373389972,0.12929837560412383,-0.0001329505816102028,30.112054162752106,19.12041512761802,12.886744368532192,6.655182992809263,8.001516959606178,10.953282563706106,10.593939836344834,5.701716670749861,5.863632778802087,5.800020869867954,6.083974811616846,5.092415087851968,0.014229531767825274,six,/content/speechcommands/six/4c841771_nohash_1.wav,testing,5.0,Kitchen.wav
1773,-253.94614444779813,19.041211158098506,31.276429529058287,19.6508495176755,16.48069359547834,1.0956377309899954,4.667405176332259,10.42190153783182,6.393926338236484,6.573201436595728,11.051954059996316,14.277404166809937,0.06984878343064338,54.171086931696905,19.27609902532738,11.915003022972735,10.023560253482724,7.038337936569333,18.485479631576588,16.045493483765952,8.14517868898512,8.33480969041302,7.5383407775426345,5.917469563734306,4.347618351790155,0.007866166817926614,6.152192715465896,0.19689474365873127,-0.855116503764712,-0.8433286668599351,-0.5081164853791993,-0.3240824010710978,-1.0419594205051488,-0.8419687403090471,-0.6357564681246133,-0.4363080065705931,0.4156448999626003,-0.15885881127824378,0.0001301303986580141,19.095780680325813,12.241425892802068,9.059621093229278,4.003155163315933,4.297669779674949,8.787063872307865,8.2039117541371,6.3244878831651965,5.030640942111361,5.049166098083187,3.734147234287624,2.999925036524002,0.007229406215631576,0.5702957336005606,-0.09365010728661005,-0.12981786860167144,0.01857340506147936,0.0019090340042386227,0.040776738488789585,0.11834238153773796,-0.04977759308630156,-0.12017033358810056,0.01472555729594937,0.13876123875606605,0.028067939565091037,6.056353449821472e-05,14.611430034726578,12.881060436985859,11.067225541287868,5.235886824015607,5.69042281667364,8.891750455369198,8.798712311902332,8.645848530979427,5.902951209982491,5.504479015833962,4.073872579237459,4.432826480303728,0.011978559924684053,six,/content/speechcommands/six/6205088b_nohash_1.wav,testing,5.0,Kitchen.wav
1774,-243.0773309156408,-2.449196010351854,40.8754891280354,10.541105359264455,3.3840952648507647,-3.611762078606259,7.220555551537144,0.29285405330012804,2.7383256683597184,8.740390848716475,8.807649062014322,6.088633725990397,0.054222408623900265,35.690682435822296,30.812419766018458,13.489414932316906,13.279606699015165,16.719674861388132,16.21486394470887,7.189385624764636,6.950297638544698,10.771250360885528,7.10310437485424,6.547311168956719,6.763346251315455,0.024551303313400098,-1.4490708688822855,-1.8040119072208791,0.18596806889252757,0.44879812665405266,0.941183686073693,0.18527473282961,0.2862918698740379,-0.03280431052698581,0.48147270808755416,-0.16406195576501192,-0.32282192840464197,-0.3803352472258532,0.0001864915172899923,22.906841981321428,17.761759659735272,11.504824313836512,10.592315034901135,7.813328172788701,9.888160310277415,6.600439899517062,4.768359369719332,6.343954622985353,5.785517385594763,4.934292518127827,5.995595039711653,0.01281722827313682,-0.884482628498452,0.15140309896038698,0.030908128086867256,0.6129357543984996,0.022934509477359376,0.36650632410440787,-0.0233660952084931,0.15617994062127966,-0.21408394498712865,-0.13818008610197458,-0.1941130947852133,0.1579534767250496,-2.0085399349530537e-05,24.968068769805193,20.548933100019486,13.7771510579823,12.389312661197991,7.209923172405613,10.201722941377803,8.24488244955482,6.127862778939991,7.694393208060545,7.770747495935303,5.816908539445787,7.371545391061863,0.01111997352804221,six,/content/speechcommands/six/1b4c9b89_nohash_4.wav,testing,5.0,Kitchen.wav
1775,-227.22800284393034,33.631622254288516,32.34787302941443,20.517433120934854,18.54215387527627,10.350285822713033,11.48461356582947,8.838180538170542,7.401933194673202,7.743544936439585,2.5077424122690397,5.476592984058323,0.043145356234163046,25.94930115516181,19.360713236093556,7.1574006331263496,6.525370242299027,7.5715321199714465,6.899826040131308,10.479444025480442,8.87084513914164,7.584755500537581,8.533093152461069,7.343940537287533,5.971656415385878,0.016400639571879386,0.7458703478489662,1.0850011955794894,0.12755978856812217,0.3916785586265191,0.40477552584972304,-0.13315316591917606,-0.31224557992311447,-0.38419551365330684,-0.28189515458363357,-0.5136195303450592,-0.4767547005306078,-0.43590920889952506,0.0006456595034368577,8.627233001587001,7.049561291451406,6.741128135211633,4.52088322613625,3.7555124202491164,3.659270921440731,4.36336047729516,4.897417220050695,4.34511148923591,4.620835020539855,3.9596694242777244,4.330431579570941,0.006562496455443789,-0.7653596772742304,-0.5796821187513382,-0.058721113137733975,-0.21349800523555526,-0.17351546444253063,-0.04370985620935706,0.21302543898218534,0.20295992507640825,0.3031516539834766,0.2901046631277851,0.16751768927363525,0.1368368440376922,-0.00017276691893736523,7.130928035810797,6.489474381347597,8.120070930127943,5.435461014065901,4.394720593118456,4.6872603093208,5.124539986066619,6.063204536663326,5.6646925077249275,5.073138972811741,4.996152701859581,5.0925280756977305,0.0058539067810484645,six,/content/speechcommands/six/f6af2457_nohash_0.wav,testing,5.0,Kitchen.wav
1776,-263.2816311478732,-6.300619885740294,34.422562190988245,21.192165166571794,21.295449504210392,-2.182154266626471,2.633460266313131,13.366726022745516,11.539404166810527,12.914233664881245,6.611887577601126,11.361972860269422,0.03920901066157967,75.2328635975298,39.25546421406363,20.15757941030981,5.43953918828272,8.378359423451572,21.70358610110338,17.61835621953833,7.6597469313523865,9.816853927102057,6.3120350380920645,4.899932515099516,5.798216269430135,0.023967011279966057,-0.18072541312800824,-0.3111039124837729,-0.05805345115272102,0.22978193831316146,0.184332790397427,-5.1347882892953166e-05,0.05974680636449427,-0.03374185342991801,-0.09491405425232813,0.21597297610334804,0.19078962816074335,0.3880353035429105,-7.690098737516711e-05,35.967033891289944,18.459241972580216,16.39397815229095,4.1417026239953625,6.6687395375050045,9.61115775673162,8.806228094004275,4.949202730463017,6.036961904418244,4.018035153168676,3.5887264278935604,4.095252148830924,0.012138408426821906,-0.1204763703742079,0.2067196475907539,0.3794531923298981,0.22102646521350333,0.13872937648340217,0.13159740748247686,0.381919547661888,0.08509864913591389,0.09868641342069004,-0.0438101987893629,0.07779595210984049,0.03745493427267963,-3.4077155093352e-05,34.17957996408797,18.355074539885294,18.98016913218153,5.974422761826143,8.604492647361653,9.789849169744889,11.920452227894225,6.491044193364332,6.581095891473342,4.119896373008538,4.035504076253909,4.574680222365822,0.013151579891934514,six,/content/speechcommands/six/b83c1acf_nohash_3.wav,testing,5.0,Kitchen.wav
1777,-300.79294641252295,-8.746159059704278,30.28703727584155,34.72758860971382,24.813916022555066,7.540228409504168,9.04938402955674,11.409531899254702,3.9967496920658276,6.511448883238757,4.953420174225306,7.48892886929837,0.03612309694290161,63.64655576193546,26.959673944039007,14.829951453497097,13.208196170508678,5.2424413226674655,13.913985851810267,16.75178617208563,4.0486714678806575,10.57144599519794,12.455778236153566,4.055583096105097,5.329729052527998,0.022020570530407065,-0.004538220069898744,-0.4338443781935766,0.05570255504055238,0.13250388030299864,0.18291377108034965,-0.003143120147787307,0.048614974482791146,-0.09895531738178928,-0.01423777378003358,0.011359361513564136,-0.3177009816947593,-0.21675326487188276,0.00020581021183921445,33.91519525533735,16.89700468062371,11.149723880164176,7.956180734682816,4.811667793149107,7.773970442908774,9.409642508431586,3.254261609355452,6.630185411629521,6.798681643818458,3.54116153368627,3.5402525353469634,0.01207302685142097,-0.7238854696979838,-0.3087762753874782,-0.008824434948893393,0.07584165519010402,0.16747758931369722,0.22193790053022228,0.05451827920718652,0.14154525539881,0.11583619984257902,-0.061633727012961374,0.06527572594082512,-0.10712380436290998,-0.00015309353669484455,28.54205109617844,16.911351418826847,13.280569658589581,8.324731966625281,6.338509933376058,7.968121279502014,8.820330272186506,4.2824571265607965,7.823321824922732,6.059566629035689,4.651422438194079,4.219835422555402,0.012631295552413047,six,/content/speechcommands/six/563aa4e6_nohash_0.wav,testing,5.0,Kitchen.wav
1778,-200.9431809281096,27.682436459739275,23.71994443820014,11.520280012947442,12.229507533583929,9.740265519711592,6.041935548292251,5.566252476311674,5.251975431120183,5.436162118763175,3.0448720402153944,2.6114967790914405,0.03853526420425624,70.45266040865877,28.81782036770749,10.957317959803799,9.089510645685182,5.227477104623279,5.373438946795061,5.238567488131916,4.397953563421043,5.84081993112833,3.622104709515358,4.271112332013057,4.8145895270815435,0.006642593784818161,0.9399371216212979,2.192040563641547,-0.07076637665206514,0.7203452742119701,0.10211355816768954,-0.3606206401317845,0.27426774442107005,0.011724849413856939,-0.4316056554109484,-0.08376520287249316,-0.43367026720173224,-0.5334088148387183,0.00017093013851873337,16.631530592454336,4.553721949564851,3.7713133579068914,5.264133433958526,3.2308438695393753,3.188270212278142,2.90594614865715,3.7654196403488776,3.5101495295479412,3.416067925140753,2.5877850247718253,3.003337460939089,0.00352382936762492,0.3244660014164746,0.012712116650757317,0.0964772721604362,-0.05388429716135998,-0.015511247987499388,-0.1770414620342905,0.09305217482471845,0.0025545531732969807,-0.05764718257739571,-0.1296937879018984,-0.27341051010923556,-0.1818324789219247,-1.791765292485555e-05,11.112206257440208,3.7110882351550627,4.332511118974279,5.151125333365539,4.097065323206089,4.2938087647926,3.587100844540297,4.886139401052082,4.491084973851658,4.883570805482142,3.656252404206279,4.266165494028866,0.002696917874301789,six,/content/speechcommands/six/2d82a556_nohash_0.wav,testing,5.0,Kitchen.wav
1779,-220.78825219314842,5.5133510687414935,36.34803112580967,27.501731482203446,17.059948918072322,-2.7972955624505307,7.243495554756503,12.138461871259913,2.2223362297491227,4.210856718625022,4.872866070203408,8.064407675714712,0.06859652092680335,91.5043283411852,32.23792246431906,31.17141521182006,13.864397466335957,15.15261061100893,15.86197121873524,9.947587697074924,12.925386914427108,7.751125494123727,5.114162558171328,3.771184472155147,8.195686959335555,0.04511088179924448,0.8429965867779811,1.0887418934974873,0.09360279904873421,-0.46351188240318403,-0.4071695412215905,-0.21242672361844228,-0.14802401293226738,-0.2370845039713831,-0.2891353146949417,-0.41183756999574356,-0.0936931368914098,0.06115945780317168,7.51347791764044e-05,45.68087849588076,18.446708088936212,20.38196814807431,10.399983054472264,8.854697527801775,8.518011069823078,8.056080852870075,8.545938372357485,5.815761679724904,4.38189516839291,3.4849731157813824,5.709467768364137,0.02230957558947073,-0.22333621576295,-0.1576461975572774,0.2876306402602457,-0.1391431297329131,0.03285045154479983,0.1676057106575296,-0.04127363000901051,-0.1502112470103321,0.24181463359250044,0.20019530906375346,0.07688596210454689,0.23423179802458344,0.0002968519926071167,46.10900021847167,18.647871321593705,28.647167071790403,11.005722348670174,8.650326496590882,10.292231819558925,11.12169726090847,9.210242967527126,8.383099020934244,6.286404551340398,4.710969395516262,6.303994542656682,0.022101419146914547,six,/content/speechcommands/six/97f4c236_nohash_3.wav,testing,5.0,Kitchen.wav
1780,-266.0413709242063,-5.769755068642937,37.91872003938351,36.2908378718289,17.001604757312407,19.293024559744488,5.85238781179104,8.095433405014294,12.527667608375385,7.869464135580225,4.179492985293081,2.1306698352170015,0.03801307990215719,79.50507885873785,30.715923060559494,11.65669808886498,17.322066957432778,13.051712436302694,11.201710644989241,13.52577717731006,11.897451475423058,3.8276920947019297,6.120521610178499,6.565690283202305,7.883581379317914,0.0172558235255542,-0.4592783335985143,0.004665152676799087,0.3361572724570698,0.3802916546768041,0.011551743423076171,0.16694082021379264,0.1628843563907852,0.4081306662678284,0.05930944975178249,0.1066676688488882,-0.020129831687911787,0.0799850241839736,0.00041851491457031617,41.1508821087994,17.73529827704811,10.697491068123526,11.75240095522132,10.05301709308792,9.005817825853853,9.024030462952055,8.242481038741193,3.999912827570691,4.628149241221991,6.002896644743242,4.900075194673417,0.007786141200639948,0.010369966957819087,-0.029441019547671962,-0.08078650866722772,0.015877427168978286,-0.011219480728884316,0.0733717346099399,0.1287920024539232,0.29450207632443703,0.18187370602933814,0.05196803195144657,-0.032230024907972984,-0.030097117643534125,-0.0002712679406007131,38.58720164651372,16.474271577695326,15.263771004381553,13.959620389578905,9.9295588909452,10.483475165148901,11.470161644842879,10.991153536512408,6.489219892452038,5.737247395249922,8.657940075539559,5.535822358809373,0.008071343120511599,six,/content/speechcommands/six/37dca74f_nohash_2.wav,testing,5.0,Kitchen.wav
1781,-252.00235025386473,15.121345540882873,21.610244705989203,12.38053323565235,18.04436780132763,0.8296371185915161,6.937801811305404,15.801143833310011,12.768653546896493,12.213569522246212,4.120664702546687,14.581694356655381,0.05013282358413562,73.40955218219086,39.23609523752723,15.982495047335268,12.09034362030593,10.995062147929849,17.27195834279128,18.587152876142607,11.101774740869843,6.767315927397832,4.161792094521747,5.38282212616374,7.958386647354757,0.042453746595750096,-0.13054413599590384,0.025720188079791054,0.2597299450306737,-0.07989325508033665,-0.099125558243101,0.029804752439235034,-0.08133190357149173,-0.1877355733991354,0.03403865505480787,0.0953465801263687,-0.09640843873497033,-0.03922229832643663,-0.0010666127106355083,33.26948433567114,19.651486808251143,14.19391406862553,4.750525437253807,8.631865641040799,9.040291512263178,9.400604067435415,6.606399394754644,5.491534805759643,4.104334507174589,4.362046897914982,4.003020152730741,0.020097039790432657,-0.2845082358476702,-0.12895145449129303,0.12424152776401828,0.27827169841339033,0.15269129630676984,-0.2656088326143603,-0.15685818328424528,0.1328699811586933,0.07422343198403478,0.060866290928180196,-0.01380845366849915,0.13662103418359614,8.006176600853603e-05,29.32160113619076,19.507402756279582,17.692679844628934,4.693673722904844,10.926613541676756,11.274537459994765,12.10304315523837,7.403810377952298,7.184689281607952,6.104864664506829,5.414608583911212,4.521585974998791,0.0176583342565421,six,/content/speechcommands/six/b83c1acf_nohash_1.wav,testing,5.0,Kitchen.wav
1782,-315.51679305218875,0.1899675961971763,42.466052274763506,26.53155742977657,22.798262134593628,17.630424500324644,6.8264215022798655,11.384378934022397,8.430172050550208,8.457549563811392,3.0174718860440173,12.010231394320712,0.039062354422640055,32.66234169566452,28.198603394580225,9.792558402357471,8.281295877169145,4.990966358972818,12.682208632858254,10.823898289910119,11.11696127920911,7.349027853821682,5.176776602836257,5.552264155548568,4.852367321334646,0.009253608681866133,0.5201589479658281,0.19826275182257547,0.04845288328912129,0.08422801912434161,-0.1282179108132977,0.271236496204754,-0.19450098913819044,-0.3184189000815002,0.08209742240076862,0.017720531513380513,-0.13510209152554786,-0.070466219950321,-3.325758922484613e-05,14.251432978573877,16.554675360451593,7.029469190857164,5.382830953872457,3.7528108448189967,6.619510818700884,5.5247779529623084,6.78864803952246,3.7440101008843225,3.0856444727747707,3.520394166235157,4.052932595640643,0.005772117333849462,-0.4533602759773487,0.34958793405809147,-0.26538091021305,-0.20000932568541488,0.1253218751658988,-0.09504350043511636,0.23316551109748554,-0.14268481052549475,-0.009045267960521623,-0.033510770211643205,0.13386544263756697,0.2633440434658178,-0.0004408796007434527,12.128896811738784,14.87434826394323,8.36990763452334,6.122004363249161,5.419027991169042,5.97353951810959,5.859219557575303,7.879789717661279,4.925133444615938,3.7090783825782436,4.40742841853529,4.8667723129513165,0.0049944710247659,six,/content/speechcommands/six/85834399_nohash_1.wav,testing,5.0,Kitchen.wav
1783,-282.49928774843863,-13.069768230575134,47.38759767778935,26.717088592337017,24.75377068348217,8.916545091627919,6.416805907635112,6.4918149818186865,7.767248083092606,11.917903729454128,6.0432010942641465,9.892315131429159,0.04322151531232521,31.873689734670315,27.55787029302418,12.299805462004434,9.468904087096103,7.5291703542165225,9.123369157352911,16.21326190671725,13.536544120531714,9.366028666298632,8.533509820519505,8.113461823044121,4.5600316034073325,0.008347562812506017,-0.10753409214219338,0.44828513589308516,0.6354401447232894,0.482362932083573,0.032334912538151836,-0.35468345438421145,-0.16895103311011744,-0.008770219801937306,0.09711158344845836,-0.2708995238301528,-0.45964827127241203,-0.08835937483834394,0.00025752210809338477,20.28015564329384,14.636392528513895,7.191644034675814,5.452516719236757,5.235265193885409,5.682888877523789,9.83749540506034,9.226038955261403,6.005878568191757,5.238508911427563,4.3513893473728045,3.8050203982154813,0.005031495608836507,-0.12791622675522188,0.23725545218973446,0.18130280288923686,0.033637271972481446,0.27904208357078597,-0.07896595854306936,0.05716287104941558,0.015916781933845315,0.20467065054505487,0.2792878244438025,0.17306718134914856,0.16100617195781666,0.00011340777079264323,21.741963727131438,15.14387253007174,8.685221787828642,5.602655106633836,6.789201403803589,6.111797033198703,12.382389186152473,12.084296766601394,7.916825065566966,6.34500783132496,5.66716422882732,4.574470455840965,0.00426268262407075,six,/content/speechcommands/six/5c8af87a_nohash_3.wav,testing,5.0,Kitchen.wav
1784,-291.749266712661,-2.8057292186399594,34.70403425845103,26.341356270610934,21.85170165568062,9.676338216010917,4.395517370937475,10.195805641428471,7.834692764177456,8.973597162841179,1.7069325253335095,11.809720144879954,0.0281978968414478,56.45653853468374,30.367427583714726,11.979179966683072,13.612277368899118,3.782441129997651,17.081385735761376,14.396929103128647,7.280865920952456,6.028914262149742,8.898344782929646,6.110081009305351,4.697458215209413,0.013015177977473402,-0.0697728587255912,0.09784520199852827,-0.08770408841268035,0.04174829692263679,-0.02377784161161787,-0.006050681601093154,0.13181736707470254,-0.0374867504263404,-0.004812380230654363,0.024504724460897395,0.20630875945075638,-0.21620640037136638,0.00032905281911934574,29.713110741290517,18.935324202605095,11.647362752940086,7.272313923184173,3.6125814734847386,9.06863976071603,8.732532416245215,6.085669891851014,3.782188853478478,5.134812895481675,4.688797825654297,3.5758524235844114,0.006341859548273517,-0.422824445395266,-0.06769898477679695,0.23032278704532086,0.16416345319370892,0.12090132359116813,0.056773584561159336,0.3529584407461001,-0.07983358323478779,-0.10054891444264011,-0.09886784205791375,-0.32635815384412303,-0.09531571916307918,-2.5382017095883688e-05,23.97310826969008,18.415036685127998,15.072755762628475,6.8671430951233345,4.850715642432085,8.56211337685498,9.759376221074538,7.918764703712844,5.16504871801048,5.5966269374022755,5.8341681596227515,4.927782899382973,0.006521433765906466,six,/content/speechcommands/six/370844f7_nohash_0.wav,testing,5.0,Kitchen.wav
1785,-204.8068992278919,9.469991245015361,30.99358975984761,18.41672723344433,17.892382226647268,-1.7149094635898994,-4.307844698502032,-4.83513551934843,-1.1420644892293847,6.874236219068932,1.7770240003906943,11.987547335136004,0.06678192294202745,47.78246827397725,30.062149451193836,15.559600458714783,17.27899741947052,9.958917466820314,14.47456328656522,12.838059920522467,11.77252330567925,10.520141283285112,13.046733825164964,9.846726724290885,9.332982916474666,0.05823520001133844,-5.414029075040022,-0.5800602104795042,1.3456292041210118,0.9410956736048558,0.16375492094630667,-0.12559569332297849,-0.016628628902849864,0.7145018894522953,-0.43222820228675496,-0.12457374315041134,0.6372669273631475,0.24685501104179358,0.0003589253512121016,24.220883418163563,16.3319313489329,10.311796525065688,10.863553666332743,4.443163822478859,8.202821270366005,6.939489670610138,8.376823112772525,5.145272347806009,8.053926120951122,6.6798165467596196,5.862451062773195,0.035500939057948426,0.5471970674295378,0.10039530571538707,0.05386892753579241,0.33025091817015745,0.014267511342871794,-0.027119109294926304,-0.24278642826102595,-0.38022014634979323,-0.12129988798737053,-0.2812302029308886,-0.1966629770632523,-0.015550197233386302,-0.00015784762799739838,24.332147538482836,15.664750921849102,13.658781568062523,11.047315165338405,5.942696517842504,8.389657855931624,7.6489787140463195,10.609382865520367,7.3493580259182725,9.687599508105972,9.133481950051682,6.088774122853671,0.04234649969275335,six,/content/speechcommands/six/9a7c1f83_nohash_1.wav,testing,5.0,Kitchen.wav
1786,-262.2758061334689,-2.6528402959087276,27.543368290090932,18.556954473284975,10.663606068897014,11.057895334719571,4.4511002650146745,10.959183144092712,11.561007488524123,7.696633177684454,8.691776345782658,4.442247892047384,0.041941583331208676,58.88048657942074,28.962848802432536,12.148260801279248,25.440476156500626,11.91204584320259,9.392703731002662,11.521297638682471,8.172110591504657,11.825519277150702,11.709500886100857,5.366909320712027,10.01798408800348,0.016762719737313664,-0.19052250803315474,0.41496176140396396,-0.10761694000529515,-0.2823299971807679,-0.19817652277925846,-0.7288220041535964,-0.07877923689249249,0.006108900264846551,-0.23702184068068244,0.3208473067950798,0.13732996958273216,0.027000823102453744,0.0001698300362594666,32.43095396230778,18.61341777851104,11.189998821370843,18.718354756260606,11.196457449031342,7.605226571114672,6.815790023357041,5.414544360153678,6.807268825668187,6.366617877923732,4.813103937750368,5.045548276340827,0.010381444250599343,-0.11118697970186038,-0.34088987071935795,-0.14650850629964296,0.3474849461261664,0.06486789661440696,0.15584355364037572,-0.17645174196066876,0.051576553130134845,0.21896979231548966,-0.11081722045615312,-0.204300425441918,-0.2668856744588903,-0.00010965423037608464,36.28162444733412,18.65335149638938,14.291629493894344,18.349903117044736,14.660071313292168,10.89563105734589,7.744102242537915,7.398997659396169,8.248744904644983,6.511304157923094,6.26171920394262,5.557031372908085,0.01201234065631443,six,/content/speechcommands/six/94de6a6a_nohash_4.wav,testing,5.0,Kitchen.wav
1787,-242.64591966720545,-27.942277827110352,26.725196953280452,33.6377583002654,18.723417586153005,9.951240822952048,5.659045146120766,5.410028273876746,4.494050186092244,5.410057003955819,5.985506745229989,13.90609364932472,0.054192582378163934,90.29801651059985,26.72528519320926,23.48758610727148,24.16975801100682,9.529146456293335,14.466586797277138,15.175122066871053,15.874611050111465,12.397267035687817,11.94340169991444,7.05523318970331,6.461065332788796,0.04387511215823455,0.7686187083629501,0.5730486724966427,0.07149903150644076,-0.5517792412669855,-0.25667174271144744,-0.1759433351300488,-0.18934988830401378,0.38790505853348706,-0.26338887283708673,-0.23329237250124418,0.6345214866371605,0.317076269310365,-0.00019106635403248572,34.21969869673153,15.065606325196278,13.478768182696992,12.626923407942323,7.401215039087971,9.328237825179984,7.437073557699869,8.058348574149587,6.014593569873609,5.971184345466328,5.602393398728451,4.092929086608449,0.019599719639768916,0.13694389497005563,-0.06610832698477627,-0.11108497970150472,0.01735974975164023,-0.039813054611491046,0.03800778899003288,0.053012849386705106,-0.10509183219918518,0.03266995203236964,0.014720581562555839,0.11310685470284382,0.36173737451486543,-5.84562619527181e-05,30.655337745495714,12.560242294055532,14.613467759271064,13.058061491193623,9.075652009680077,10.078932970245395,9.258870615282252,8.164877779150494,7.416825081465484,7.081953099130503,6.528708741725715,4.784253736219573,0.01757083861609901,six,/content/speechcommands/six/cd85758f_nohash_2.wav,testing,5.0,Kitchen.wav
1788,-254.7969443611245,8.127008863015721,16.886989482382603,23.359957866002635,17.87309762858977,2.7955091408332087,6.9388892203871695,13.53134636352226,1.6876203485308803,5.056363468793085,4.857694170611774,7.2899451760136005,0.04683215118711814,66.10304829176842,31.856345761444494,12.006061009017879,23.487993918157144,12.288044235893754,18.01094793459734,13.88432994301828,7.88689140224312,16.35021461462676,15.404070687598141,3.678102521922886,4.457705095999196,0.04774041637397759,0.21611697289077186,0.4640225483564061,0.09226498992458756,-0.3923634009906863,-0.1554298577551759,0.02720982904453901,0.16483306496996497,-0.034614357608818654,-0.11893430963850919,-0.13723530361967243,0.06431424681438005,0.1670818295163933,-0.00010315713382536365,31.074958625383882,20.173482115400653,9.53719818280965,14.026057074920207,10.10356064458212,9.287145931197298,7.2849316179000425,6.620657371657667,5.394842628355269,7.970074590170624,3.501206639569871,3.8419380953925586,0.025288666114806672,-0.3420350875243813,-0.41520412338490126,-0.41214480864886816,-0.08521389568964546,0.216126197401766,0.31732576585884853,0.3678276473252854,-0.13446839178305503,0.13268526859933416,0.20704782044904027,0.017611339465281498,0.12986141929032333,0.00015812963247299194,25.58443088752063,22.646830268192492,11.982115125806436,14.064684701064927,11.74550979144799,10.300303132772175,6.640353303949452,8.948409198288592,4.862211171152237,7.113833177995932,4.866710978598777,4.781270366090938,0.024557149415262602,six,/content/speechcommands/six/563aa4e6_nohash_3.wav,testing,5.0,Kitchen.wav
1789,-267.61207154263957,-2.5367612146861047,23.20302697280148,20.83909056615717,15.312380279569336,1.018188023780738,5.572953879712845,11.68058775772229,9.397340579472814,7.009946451486462,4.9733092928289855,7.609399468263053,0.026735898602055386,45.96323268836507,34.44152455880351,8.33074638090175,5.7314884362726595,7.809219930485075,19.37184472450984,11.806885090994523,3.972873263116836,2.768303265287364,3.871787967326197,3.9032204228636993,4.95473579046464,0.010586256774102791,0.17844077768369143,-0.20061132413425684,-0.31807601333457813,-0.27287791257861516,0.20091551965683324,0.3188005497001918,0.06811597245006676,-0.1011298860972609,0.14258001615296348,0.2817542394810783,0.41312579851152376,0.2153375375798229,0.0004015603373127599,23.634662409198263,17.243382925558297,9.348036250256632,5.108983412921084,5.780375515188203,10.344413321834585,6.482322066397761,4.245426327820793,3.2221539450290173,3.5536488082949993,2.88424472838087,3.721682173670783,0.00520568601620274,-0.4551586003860962,-0.23457233663549198,-0.3456095421575252,-0.21404362254407056,0.10569385951778229,0.09467605622571883,0.2514344755691072,-0.058973886541696115,0.01913673569225646,0.030573775126666904,-0.17398148409221206,-0.0277305452413844,7.63818621635437e-05,18.944950552234125,14.808647375922444,12.830762912094048,6.608389325781328,8.093634659324282,10.565913843701503,6.702605419610331,6.382247747143856,5.096685467854549,4.800370611886682,4.0789245357549735,4.922724424275944,0.003468493578964878,six,/content/speechcommands/six/d1a4fb3f_nohash_0.wav,testing,5.0,Kitchen.wav
1790,-281.142238321423,15.253488512993211,34.113555342812646,24.2753861835314,16.331249037260783,4.2103053326514495,-4.271471421059628,10.910040868001797,9.448651895638086,10.413147701244435,6.4153591787572655,13.235680211127615,0.03370567987440154,55.67864246578215,35.02545341260813,16.228145926150443,5.958056284873457,9.552224380184438,19.523812659464376,15.02677993232922,9.476672351163502,9.742548515722968,4.951348797992457,4.937716177398211,3.9122262128998893,0.013814348927486083,0.11045854623421841,0.46183708919886535,0.44725862481155576,0.1230601851624222,0.12726277421286167,0.03845012258437695,-0.1947300678297096,-0.24097178698124838,-0.23759923849635728,0.0727400783618815,0.32032195119068757,-0.16874764629500322,0.0001611957747128702,24.81402915676126,20.88203983872368,12.47554341123608,5.633904802744725,6.463441694017374,9.097855169362054,6.925913391755614,6.225056988501965,6.1997155066368554,3.925799517792064,3.334994061393899,3.9856645034707956,0.007095897678294705,-0.5944367207245913,-0.19085368747104367,0.18518480745773355,-0.10931649706274899,0.09480197022711513,0.08834673159810015,-0.13099220827461172,-0.11155057506628019,-0.22182338476957286,0.28262471079543516,0.1552088991350767,-0.13639117122063873,1.0072501997152964e-05,23.3670767265871,19.495042270799225,14.217264717054963,7.694926081714693,8.462487881841007,8.054220386942255,9.043982956975741,7.0005540757839,6.948375757848031,4.528729366679665,4.111254694611378,5.692414671715164,0.007434787478659039,six,/content/speechcommands/six/b83c1acf_nohash_4.wav,testing,5.0,Kitchen.wav
1791,-270.8130251139707,44.82517081117973,43.171569805409014,24.795470961148958,8.176279050111098,-6.256756042943254,-4.241400280853807,0.07724228749099693,3.0797228968605,-2.2730409463488526,-2.239831733574692,7.303127246763486,0.0370920350542292,51.2521951950323,24.309905252362867,12.772097988528174,7.575030463522341,10.127453782677255,14.966860542769014,10.40130314925991,9.087480813118407,7.420151045036504,10.83184214524238,7.287556980315479,4.576702508482523,0.027171647599957164,0.2254868571548224,0.05562464841837678,-0.45843351916532804,-0.13125330062836954,0.12112377971526206,0.1953772277199841,-0.06886700758625137,-0.2047548586004263,-0.21344442970685268,0.07614054234255024,-0.14558726361657706,-0.02196105538263809,0.00019811274063202643,24.135433582649267,10.519523469961126,9.633481665526975,5.810858115082623,5.791660352291048,5.533975227731908,4.568156156442312,4.273916499249191,4.515883738472796,4.670115603724641,4.593086721533797,3.275473539439332,0.013927019952295859,-0.23208060266442582,-0.1639712443470144,0.025170052668215703,0.246148301589672,0.012414479652394691,0.015734994900333796,-0.07943670855239009,-0.0726965841766868,-0.03914855624325509,0.11057948063197619,-0.07796623054682929,-0.25502589408243886,-8.141441891590754e-05,20.16483888932678,9.987893165837962,10.8116210980111,6.66189105825285,6.3063656020013354,4.540775682196973,5.5762046634988724,4.1407625214435555,5.202614541979717,5.44123551022998,5.441140880522322,4.080035224119818,0.012175834930447186,six,/content/speechcommands/six/7bae88ed_nohash_0.wav,testing,5.0,Kitchen.wav
1792,-190.96263904841257,-8.346726561239734,21.001879219829583,14.188853548787531,11.40319531840118,-4.9107219096303325,8.555836655634833,11.597873584223082,-2.9816516551127648,4.281322891411962,1.2453531897573205,6.929152442991526,0.05639811884611845,50.36597158178516,35.200154039310604,15.497865658988696,16.712933942790272,14.60037921347169,24.147402769521523,12.311129633707045,8.793859894199421,13.704347512306942,8.937878635976611,5.38616113695604,9.82828324252614,0.030499659018559118,-0.17561523901157727,-0.4998574919860814,0.5516788825316341,0.9204748072316475,0.3077235833530852,-0.24443389105384775,-0.28269580363137936,-0.00353461983433592,0.1704035400680751,0.7082853101173353,0.10617793888462428,-0.6692992524035416,1.8233613621804024e-05,26.023529306662287,23.39510387179388,13.24613142921761,8.599160489250925,7.954999411816866,12.134958934227058,7.581222700154189,6.3810494140153375,7.176593236732954,4.605238691235503,5.842286452548098,6.5748473720024885,0.013589165939336897,-0.23546137934270536,-0.14709368453965238,-0.08773565849624394,-0.14395537518773746,-0.18558107500218438,0.22609133835714287,0.28896234434291107,-0.0033251420311187847,-0.26858087757411997,0.030872642240025408,0.11818959157717022,-0.09939572583753366,8.30510010321935e-05,25.810679679392994,25.528927004772065,15.880776049099602,8.062360973176038,7.637387916475443,12.302261993172902,8.967178300878489,6.970690999924164,8.76164122754606,5.198416322154789,8.098994113050326,7.453368824117093,0.01130759086323605,six,/content/speechcommands/six/692a88e6_nohash_0.wav,testing,5.0,Kitchen.wav
1793,-221.4750736308954,7.159630748582594,16.74221428032517,12.427797641763272,1.6245749054168193,-2.0377637015019534,4.5820746094950495,9.735019438237973,2.9057206151776027,8.575182095032215,7.584244869277865,13.257621050018601,0.050987145281396806,67.43070840678786,24.73582968641964,16.271433136157924,17.540328724646862,15.882971751400177,11.398839579445362,11.811663581849006,5.429398627353633,7.629141238180975,6.233181867793211,3.975084107234899,5.492575524200936,0.010876371167964777,2.5233856967269843,0.7632388609291508,-0.6237846827412702,-0.5477048942095256,-1.0584462507108587,-0.26525431784080483,0.2312809917403722,-0.0829895207064656,-0.502790260695016,-0.4239282396331508,-0.09898482581392716,-0.1553815106949822,-0.0004632024755400996,37.770420472328404,12.848079609766783,7.204166487501832,7.806386756047019,9.29890218687213,8.001327362429764,7.670857623120105,5.023156376426296,4.170190651087556,4.48683854640753,3.30149603304753,3.24836531153069,0.007890696845314944,-1.6310853330495643,-0.09492007491185166,0.43674226582731546,0.382524830242027,0.3423178104828663,-0.1299020828514729,0.044299393859158084,-0.09755280428839938,0.19680416417447902,0.12833991324575653,-0.10525720824559004,-0.013843747984727865,7.688378294308981e-06,35.83613798530417,11.841146964005066,8.77162923583721,8.20802241107601,9.57505527348363,8.111310681541484,7.8593034134331825,7.151414692067457,4.174815718260232,5.626668253265412,4.395302582715525,4.429560419904049,0.008090222022165536,six,/content/speechcommands/six/135c6841_nohash_0.wav,testing,5.0,Kitchen.wav
1794,-235.91064653484136,25.665234207422493,33.589166608930135,6.0184068324940405,12.305893570596972,3.8720837142975015,-6.7913613426840405,11.946240846126768,5.463038122074328,16.828983730915176,3.4802399448882193,3.039124501929463,0.04608222044771537,45.76317343097174,32.921535617658286,19.70103874161809,14.087040808814702,7.991793928661652,15.508596097305727,11.112133115729508,12.37957366805019,9.230988002821233,9.867162945114135,7.971109448381757,5.023418173241701,0.01247441230096589,0.5626307102635925,0.27943475642251114,-0.29589383352385223,-0.20818811101355045,0.03893539829169741,0.0007885447976599564,-0.09104992281954578,-0.2896460792875725,-0.3415045999812214,0.12378018100518813,-0.1923230980645324,-0.042783225639437414,0.0008198457860177563,18.73315069820557,15.306786748188447,10.772945480721305,6.762558190047217,5.707186792003188,7.280357319627518,5.578809394288762,6.084591945431714,6.62126770162709,5.025831499457818,3.945722923560968,4.23147975748388,0.0052640035700801556,-0.14997882963326484,-0.027828481952416103,0.09193124424773676,0.09236995901082862,0.024526765260499475,0.13977325687477285,-0.05858338391369588,-0.010317052551997196,-0.018528105549683715,-0.16099972817621075,-0.07307787354078878,0.10154048335365455,-0.00012663987775643666,12.894886254803804,11.330338941162763,10.675642753041377,5.431403204685369,6.847515663860987,6.6957814754045275,5.895070201941254,5.590694759068509,8.153671489215476,5.038810174614879,5.056487199357184,5.870600383459555,0.004601936323049123,six,/content/speechcommands/six/5828dfa2_nohash_0.wav,testing,5.0,Kitchen.wav
1795,-225.71184907641938,-0.9654109365147949,28.03427427488101,13.032386026448588,19.821772931211658,3.8144693472992555,-9.585692175568061,19.19375880660594,5.245806966478041,5.474708246236325,1.0642880318822523,7.694727260665953,0.06854828371433541,82.1993379979928,44.53576899425891,18.580433300385288,21.827641326904928,8.862375517985217,21.759800278435044,17.330417550908184,14.100358956134414,10.295363585118656,15.762098396569623,9.932299674720728,6.526845174543419,0.06580604824443159,2.3260537626439524,1.4520889075987387,-1.0455320918210442,-0.9805964238172659,-0.20634315481285756,-0.0523321876944108,-0.13227662951060476,-0.15316877269237872,-0.19529111134352126,-0.302619549103085,-0.4956479682273852,-0.393359324055258,-0.001020554633390519,34.71548223638885,22.6159314956524,16.63711357771454,14.311046659440745,7.6691613130721965,11.250470817137202,8.776957470770167,9.050670888634379,7.361306951414229,7.2551316126054175,6.062647755452995,4.233658515081117,0.02836172731615845,-0.8558144914746454,-0.2008653387910466,0.682228118554404,0.1788370853260086,0.15243797319546218,0.0766719713163131,0.014921855026485886,-0.23051849908059238,-0.17725248309054156,0.03510953525865747,0.053478834909558896,0.28811134942271993,1.2279022485017776e-05,35.93623630216903,20.465650467619103,22.82103731822601,17.103436334067396,8.805780891524824,10.750888239169665,10.15215284083575,9.652021998856748,10.692622008308762,7.824589106019895,7.210064403024262,5.403421992340566,0.02432749258129917,six,/content/speechcommands/six/964e8cfd_nohash_4.wav,testing,5.0,Kitchen.wav
1796,-217.31886592916334,26.575689159210256,41.793988163087114,10.597700046859512,4.73019513261448,-11.662833274289355,-3.2392333276975007,8.045759473138183,7.0486562054748685,7.869213328842006,6.647189164394046,6.78131701651412,0.07199251343263313,73.8472033030666,45.46688555649942,17.070037598057937,17.840614401490697,14.630556644442148,28.109842976040856,17.78071140163081,7.510006758302127,9.085084975637962,9.920816077923739,7.184666123158292,7.006234494587624,0.07590198804297446,-7.056933309814324,-0.7922425949833776,1.180337452477946,0.902577761820527,0.9100368888869316,0.5534073472057913,0.38095229425756094,0.23875656883755272,0.3879029821587313,-0.08256496771696396,0.1395864915091605,0.4492335987482742,-0.0007488763620776515,23.289277044373655,18.55166404184451,11.165946139192537,7.975314825914659,8.062259496449983,11.489244045768041,8.62914316139249,4.159207618472269,4.854020319493182,5.395771061242676,3.9483989050829362,4.478583944983218,0.03066209310867021,0.0442777078537451,-0.31312210696677756,-0.036983031732827125,-0.0374628851786668,0.12830581157564946,0.17241740131371136,0.22978502146014587,0.2534594314719573,-0.06338945717015647,-0.029771794671717873,-0.03901197950509934,-0.31360650924729444,-0.00019020847976207732,21.755190296443104,17.100032730351803,11.660677928477618,6.238760224163598,8.280762824245697,10.614979219824368,9.054888136986962,5.0586523657161,5.688417657617686,6.275134643269714,4.720570312031173,5.354310415942736,0.019474136020599414,six,/content/speechcommands/six/5e3dde6b_nohash_1.wav,testing,5.0,Kitchen.wav
1797,-299.4048336091946,-20.274744431208745,39.97293020545074,21.741146591817305,19.790189576806597,13.338157825468718,10.977653504014032,7.5004996246354,10.588759421857914,11.690488349576984,6.193044831570273,9.095633007218874,0.027754590439144522,25.979720770173486,20.72789182823231,8.254921250192307,6.945233082953224,2.755672605027096,4.6010350403471385,7.8260955942959,9.56328570895837,3.944951852680638,3.6531738680549055,2.8847980003020965,3.3020456867720442,0.005506679075144024,0.6607410327880456,0.2212408044096931,0.1843077051236838,0.24713922061796162,0.1494692937642245,0.08631199186933536,0.14975071232177004,0.369884783009232,0.22010567575236142,0.11906481543752992,0.025040566462146037,0.2484403644791674,0.00021810018487514987,12.68131866410326,9.264146173903914,6.776869225336599,4.764124139806668,2.3365992840641816,4.040866640438389,4.234582973318645,5.633784271530434,3.7471255402893817,3.711217644315649,2.8017883279128277,3.139491349759647,0.0034953634367786072,-0.1304309166113133,0.24680632141890632,0.1508202869767698,-0.01768945203679563,-0.11789973451858925,0.13081021602955195,0.10317307456586935,0.09046437125914088,0.20612445554426126,0.1353771592563652,-0.06549552912321818,-0.12917446976864053,1.0611799856026968e-05,13.897187510622718,10.940286993437827,7.741235914102333,5.500677061804605,3.35728529343373,4.646828500095191,4.976219442977271,7.339810008308748,5.658579112969018,4.567217210244903,4.031307002465477,4.554193329604785,0.002656327905138627,seven,/content/speechcommands/seven/782c1305_nohash_0.wav,testing,5.0,Kitchen.wav
1798,-203.17001385432968,30.233444523125144,39.486131287841786,16.62790353413571,9.13774179788428,-2.664638797669567,-9.351835326239978,0.8292421088398497,7.6968947922663835,6.236230599060317,-2.5785289672817804,3.6351796367341427,0.09185976278968155,101.41374726962218,56.525042355977355,21.95597706717636,16.386253520257256,13.204031353599936,15.274898068437569,17.709588215314458,20.110905710452364,7.91152953081033,6.318446241577186,9.749163924971837,7.7620805568564375,0.07565353767785256,-1.0039937719141478,-0.6999166269298583,-0.06976602736780099,-0.02835085132049871,0.07386371149312566,0.2822495056060455,0.14147767250372326,0.084123816281902,-0.10480762058539515,-0.37151938685733377,-0.09019646086003535,-0.25422061547172264,0.0003108347976400006,28.281001587544278,19.5803653219941,13.382646737064553,10.022227297902614,6.804754445661348,5.00890307226266,6.470535978209017,8.288789034082143,6.220836323289462,4.03107491736069,6.128850320637954,4.9062201370895675,0.02403431404731464,-0.07145913333320474,0.034339155285521034,-0.00833256207097494,-0.06431048297672533,0.29299699069042406,-0.11008091607707912,-0.1515736088672089,0.07701452049144013,0.09968416840921535,-0.1766266801344876,0.22506277507870526,0.1747452439295051,8.892218271891275e-05,20.764866221157096,17.53435577456918,16.9908344301813,9.912586293671456,8.616105094794513,4.588080546103645,8.781182882977633,9.16005906416986,7.3830653396025685,4.997569909489848,7.842970857701745,6.977398363163659,0.019551957646907075,seven,/content/speechcommands/seven/b49caed3_nohash_2.wav,testing,5.0,Kitchen.wav
1799,-219.88389468203624,23.21588141681452,17.78121574662447,24.466530693065184,10.301423881691772,-13.829277509615927,0.6812058236796488,18.955297937000537,9.650380923969541,0.21069727056370768,1.1998201154287818,8.44550608127038,0.08430851891171187,83.61963035252064,40.92975555879247,29.579963201156897,10.804040652823137,13.789984234663807,24.548696363822547,11.788297015552937,5.186914975781736,5.943444193332014,10.107082841173863,9.15880329766385,7.857461939850032,0.040494209953826965,-0.5685664949251475,-0.1375788099525327,0.3261794352759614,0.8606102941101753,0.5069430736801073,-0.3371104958423491,-0.11917395687224816,0.3278962953965549,0.17886543742964428,-0.8454706054114631,-0.7272758859996203,-0.34146254190097736,-0.0013820065125342339,32.86747036204328,19.010139010099397,16.803688158442423,4.439901620960593,8.446292327859064,9.784180909324695,4.9527833209957315,3.1889559734721167,2.969812671320053,5.038217594533761,6.3019589783045555,4.2609838739934665,0.015219492608793838,-0.20102207693189864,-0.02251545174306398,0.18429759140194085,0.3039944468023702,0.4069932847859895,0.48932682561882374,0.16512590984096334,-0.04955659308811112,0.11822969732596225,0.08148295373112896,0.002526823625727233,-0.0014602473931141003,8.280898133913675e-05,31.029717231312464,19.666838703933507,17.555345591030076,5.068325442254269,8.500627314080937,11.71996634589977,5.59892165726738,4.961900775703514,3.68067135209348,5.939678973303473,7.6055020249856184,5.224227803736245,0.012570521353815638,seven,/content/speechcommands/seven/692a88e6_nohash_1.wav,testing,5.0,Kitchen.wav
1800,-156.24062962471254,57.84586842230773,10.048646983536283,8.083056150245534,2.2544159121295673,6.497615314329221,3.4553615496596883,7.594086491240734,2.9288185750423965,9.525631753943449,3.654750858192283,2.784878497924482,0.07250100007513538,88.65683862842624,33.70813285702764,23.661761601000283,12.910517574230676,13.819698885243694,10.371720698637814,15.335524614294636,13.808921170133363,8.929017092971321,8.257721015845938,6.222816369960939,6.534847032917508,0.04294860633544506,6.8521734826660285,2.79376207965153,-1.8609649299994488,-1.1188090594266162,-0.7688804237909728,-0.540055218954799,-0.24174767819784843,0.039212151171072504,0.0031674610803715236,-0.21497842558074184,-0.16004584882992573,-0.11159561476658211,0.0011924136309854447,38.070660092078334,16.459153387215665,10.751268458919949,7.884094209849275,7.407072569118991,5.875271333224168,7.567282231645855,7.020974747536232,5.680424388814714,4.767784150528242,4.2513875488214925,4.17171007641748,0.016370455396455406,0.12165055263773847,-0.19604276384650088,-0.30350787088068537,0.059378467683592735,-0.15744532030694577,-0.2439148826219256,-0.273629731194397,-0.3539565828577136,-0.06694655486750598,-0.018238611910809985,-0.1052115638130027,-0.05193376229509269,0.00015476010739803314,33.39662863350361,17.049609770538268,9.966282592673673,9.300698069596459,9.208791990542856,7.1162136056795875,9.038558515834218,7.039359039254275,7.03256274793677,6.740981731382906,5.262265788155549,5.985211503533313,0.011473316703205777,seven,/content/speechcommands/seven/0fa1e7a9_nohash_0.wav,testing,5.0,Kitchen.wav
1801,-231.20220839617957,18.115077744702248,29.363035300813657,16.292395425157338,14.059504945012181,5.803175580681265,2.8439542140257035,-0.39752846273793074,2.749421968025893,6.9413602737302265,6.354965053699154,8.69218098999924,0.0389482241589576,47.45504067492325,31.687374094520955,10.880451500640413,9.568859734366088,4.70164375888811,7.155083597306446,15.233190639917094,15.650815583093605,7.9503384660512815,5.812595446949338,4.691730708618122,4.404834798624684,0.015057560638987461,-0.3536798391991976,-0.09736016642053791,-0.12618528068755303,-0.06444454230589786,-0.05812800162734235,-0.06957392609763043,-0.01885203728805389,0.18350025283684668,-0.007285054521230627,-0.08472138024603922,0.2155409761206438,0.4811359579605784,0.00031555263746169305,24.60248116391711,14.294565367718539,8.528840042735244,6.295255147517596,4.205037292444529,5.637533664028434,7.579143713399375,7.35033399888267,3.755927535760654,3.947057186374865,3.4405455818766706,3.3073237481412745,0.005439974067972452,-0.20576284795558308,0.06795253396127889,0.22723170667925732,0.254709628815105,0.16136127582939383,-0.0601057000427262,0.14512280220827686,0.2658493452392807,0.13334020688165896,0.02531860328672842,0.07653988710180061,-0.12646440562570765,-0.0002856450155377388,23.213215823187728,14.034863684056887,10.284149438535463,7.442837232041433,5.10540418811018,7.201494320712951,8.786086285355353,8.731979886167135,4.89696385979344,5.442001280943009,4.463155350357075,4.364125815512196,0.004625251444089896,seven,/content/speechcommands/seven/5c8af87a_nohash_4.wav,testing,5.0,Kitchen.wav
1802,-225.2041916876317,41.50929613200475,34.92145306198115,20.49886724211052,18.86264535914882,-6.171867581048252,-4.761766074670463,5.039284645553154,12.295210386805744,11.476148930722431,-1.1272840263962705,1.5382967312158211,0.09381802438292652,90.31333575628042,52.93475775965594,27.165246655796192,13.958597971299673,9.583483089599017,20.86512949196169,16.50532422319733,7.694397647260025,4.753188039617359,5.505865418695286,7.684030621491031,7.252710003635321,0.07351600172831925,-0.8205929271376671,-0.4006851228104948,0.32608760315860186,0.6012829459499462,0.7520491776684028,0.3969581543015064,0.08802096273505719,0.2679288935165413,0.29797807365201545,0.060496886560430146,-0.04406296695695426,-0.10478367836693606,0.000590028241276741,26.856588303922464,17.36054555442984,13.304726629062674,7.104110316088646,4.338349822396774,6.960489594582427,6.204367308196394,5.0613474366103475,3.6048109977897984,3.4777197117843084,3.904614245362848,4.773771572708264,0.02670088637125505,-0.5772420046985663,-0.16420571019399166,0.21976028339306808,0.24444386255317277,0.17907135604855656,0.15884051813684152,0.21620086074025124,0.15720249272176284,0.17728422665443092,0.15219750389584696,0.20824298370439948,0.22924483662146475,-1.3587748010953268e-05,22.840056330149938,18.041594578532926,14.553678377843479,8.728305591320604,5.521599377005054,7.4154580415078994,6.092035316570646,6.604621343863351,4.964525706912331,3.83536094035395,3.878153928901666,5.823605845557679,0.02031878687085507,seven,/content/speechcommands/seven/aef8dcf5_nohash_0.wav,testing,5.0,Kitchen.wav
1803,-239.0575649256307,26.863341327367955,39.3523207716912,16.159418748885088,6.162862811504644,11.542386165959456,-1.6536978749154019,11.035490562000215,7.498954227170504,5.4740077256575095,-1.0750486568035023,2.7760326069228416,0.045412410341668874,85.44877182644193,40.31668219436621,20.343470170652967,16.17352563886371,16.016098002120355,5.317085843984256,17.8957993082506,5.64982968504279,8.1524536666188,7.893537824633785,6.633625601361111,5.850934584343798,0.018572308914446944,-0.016884113043135033,0.1566287975920608,-0.20864030819342394,-0.30830564110734593,-0.010641764141814563,-0.10339371014370505,-0.05204981304080853,-0.15949388777972903,-0.21820650711111456,-0.23767776538160817,-0.27063961400530345,-0.18449946380240528,-0.0007642305666400541,29.0938115393242,15.257670222523187,11.327175604397762,8.392736681992682,7.6842044774899945,4.009093058298852,7.473382731827055,5.084711266555429,6.2788844542174544,4.149998189127605,3.1188730658249777,3.261744612531623,0.007053216422106471,-0.20275056946872258,0.0229063598290926,0.30882467625144144,0.13678577231755604,0.3185605423392486,0.2922072543180348,0.1595355602970102,0.0956892348380853,0.16304184502059377,0.29086846231992125,0.2523233499153639,0.06675345105385923,0.00018367978433767954,29.206522309027914,14.864947432324831,12.037511618739684,8.634361292002312,9.019998293189659,5.658955416337749,8.445736686220727,6.18401961849871,7.879062586819816,4.6373405168427935,3.8120202827536516,4.730977616352538,0.005195754372894487,seven,/content/speechcommands/seven/a60a09cf_nohash_0.wav,testing,5.0,Kitchen.wav
1804,-205.2365515754914,13.299828162987591,17.653885077952108,21.445524203422956,-2.2854457640393018,4.943961188449537,-11.307311682106956,-0.8917066204266668,2.997485239884946,12.374386314430472,12.175539144047182,1.022888814989718,0.0774062781711109,94.92851393699311,29.710270990747226,26.075811702082426,8.55710324183632,24.72086074821723,10.268556656877273,25.406206004497182,16.73957259312597,10.442965231899297,10.86951465175419,10.107101882164448,11.863253864148442,0.06475625143217681,1.1969441507311795,0.3626787851159813,-0.6220508693153735,-0.7064654959773741,-0.7006573414861064,-0.2172858464461795,-0.06713341948135895,0.16121653574193573,0.48186178644572153,-0.022833885515058765,-0.09883615897645559,-0.07955423416199868,-0.0004298718225571417,36.625901972580834,14.96610991143817,15.47833506877024,6.259433636355931,9.941768155102098,7.755149620464946,11.807241590349822,8.58367653664418,6.1096681238540835,6.831418363197855,4.898314948155351,5.797711597203521,0.024951216555537475,-0.5278495813886924,-0.7370002887500756,-0.4198938694608612,-0.1692224307124691,0.22165892520396133,0.277889933713087,0.3636389420359881,0.2503315519275628,0.48208228224911076,0.34801049769970793,0.3341183635859012,0.4200229621866404,-1.730397343635559e-06,36.06490193231545,16.709700643468175,15.926350180500723,7.280966176698759,10.293041207412484,9.915310545007879,14.27022092294063,9.643959853634852,6.505788461503551,7.517500261499267,4.9581046317994835,6.419639453171474,0.017494634087375494,seven,/content/speechcommands/seven/9a69672b_nohash_3.wav,testing,5.0,Kitchen.wav
1805,-259.32846578736064,7.313296587179711,36.764230020474905,12.4209358702061,17.959880651166912,15.711022367741204,9.085637418419143,1.564141376157992,-0.8387261240649093,4.76655775828509,6.760014696937229,12.240487218690317,0.05076473980443552,55.49060484103601,45.153144638932204,22.202661442718483,16.27031267982748,6.781652934587861,5.628928909064051,23.422044059389098,25.67802567859065,15.416623497895472,7.001719565699989,5.9073573623065885,7.047677657823952,0.020969384257399908,-0.26004259541972746,0.04878748355930225,0.3744534031778769,0.5808484745846083,0.5514584992251472,-0.20224132461816666,-0.6507575789673486,-0.3159576324527808,0.26222539867079897,0.46467313447032105,0.09503135963523962,-0.18076493165919733,-0.00081147926469003,21.49840693843331,18.252928195469675,13.782091019708234,8.047346258133002,4.203701604463186,4.359043683826554,11.47519730777376,11.459941718861813,7.184294130882903,4.704318130053591,5.066598838689689,4.394612221816662,0.009570272206564853,-0.3655709582484557,0.2425426588566485,-0.026520887558507646,-0.07661651717964127,-0.04488125589271587,-0.09446881109325472,0.016405100858269666,0.2534415175143299,0.40640669920646666,0.34724215792732444,0.10856253390819699,0.18656004997887365,-0.00010353165368239085,21.835586907142073,15.962333846845361,14.70441733490716,8.690519887590064,5.328258946382282,5.333064191778301,12.114883291746732,11.251888842550201,8.43938484025609,4.9017347853331525,7.1040209185024255,5.910632101118893,0.009061405785588882,seven,/content/speechcommands/seven/af8b2f2c_nohash_0.wav,testing,5.0,Kitchen.wav
1806,-271.82211606775854,0.6843615205203872,28.94682000767384,21.081779806316284,12.621049761540702,0.1962873607772046,5.816397241850321,11.758175354765537,13.47011741492874,7.091655621779988,2.3832463189951243,10.255224989501388,0.027817221911391243,59.98414655015384,24.34418655316026,24.66078565644482,6.195831719410901,11.216239056894722,15.7531239991745,13.516231209206879,5.10678585366253,6.622723880342874,4.896506940726739,6.111282256588981,4.308716836197823,0.01124781640961103,-0.22392711685629438,0.003530320425791238,-0.27355314338133474,-0.3150426385801485,-0.17454145809420912,0.07460951062114052,0.5057254222929641,0.26386480667949314,-0.1488693803141728,-0.1694962653380324,-0.07526830417851998,0.08674573301558725,-0.0006817700040917243,25.148736862740254,11.476274169500526,12.002857760287794,4.821023453551706,5.576469955434761,7.857312012516053,6.815846522005579,4.527180824616935,3.4428976859179516,3.1179518593507014,2.757917821638224,3.289585222945223,0.0044256157938649746,-0.04552531295687269,0.03222714321432451,0.14721578566059984,0.12598251626544948,0.2917581624413568,0.005995425633345223,-0.21301067850313338,0.07909601061108586,0.1593150624202176,0.22174763030003736,0.10407900291091039,0.1398715205025565,0.00018041301518678665,23.453084743670914,12.895347959274407,12.231311221593197,6.288722897048433,5.863291471315861,9.030790565932142,7.721588842561883,5.254780891534927,3.957845124033528,3.9628071425828426,3.476559280884013,3.9890481043137602,0.004468911423701898,seven,/content/speechcommands/seven/dc75148d_nohash_1.wav,testing,5.0,Kitchen.wav
1807,-188.2464808447275,11.306571301448889,24.390371827765346,3.292915299525956,11.817729906085734,6.999843272557804,0.06776219171701747,-1.3042639543333627,5.705170717481938,9.594473391527185,7.831147259907323,5.910296693717633,0.06037994218058884,114.62718047482602,41.92692242960784,23.076556566093796,18.788300616678075,10.278096474861979,8.328733629296783,12.651206745361236,13.678399791804638,7.457422689143339,8.204501713713197,4.785366226619476,4.995394289830616,0.04495179620552538,4.904449031394029,-0.044831527158536236,-0.6195047884969683,-1.532483641208805,-0.9428747777253983,-0.03064887756557396,-0.5200428460741658,-0.5587731725501031,-0.5554453383659934,-0.7366322247130137,-0.01865401640214976,-0.2758637742156174,0.0001664606313551626,32.09579982271992,16.412726147103736,11.078438064607598,5.948855725703615,3.906565965204101,4.519369069520975,5.3799301570297136,5.730182638712605,3.3628807072984155,3.009200114411613,2.92061574372482,2.863081751757414,0.01775739738386056,-1.2114316804842398,-0.05070463123311318,0.16084100524557238,0.06838288273052294,-0.16937614025396186,0.12366623621288285,0.20634408891555278,0.17294850247027474,0.00011580047087826155,0.17458175368719298,0.2756424543561348,0.3678438380053902,-2.3276979724566142e-05,33.15160496438944,16.734062558689182,13.654859409830456,6.961923729831923,5.500966864622082,5.446983369903125,6.23015818850474,6.878865077575135,3.886471330327153,3.6300691049414815,3.53996362706447,3.8684999247306115,0.01587538808341801,seven,/content/speechcommands/seven/0ea0e2f4_nohash_0.wav,testing,5.0,Kitchen.wav
1808,-219.4608527702332,38.408424485892674,23.05064031987005,14.253237855677375,3.0425203931022766,8.19894618386192,0.5552062384111758,-3.9354999361786906,0.40481892468064307,2.873859435898096,2.4353802314987396,9.178877479324452,0.05615138524444774,65.94839080866491,43.29353274809662,23.389780673658976,12.633144656799068,14.37616023584232,12.032098688287597,11.547919450401997,17.287802025280882,9.481790999789801,5.444787343253097,5.3409947446079915,6.066843952459339,0.02091504590171219,0.30606656709301666,0.35247822448819166,-0.5296682661439601,-0.8414427535083531,-0.4357911964522469,-0.4204096262618777,-0.33351683759593326,-0.05115002721065865,-0.046762039120718385,0.000866999400204999,-0.12410131475277335,-0.11683184290288551,-0.001320789538083538,24.26765535358723,15.580004859115622,14.905864879281035,6.299760809550609,7.343979210015705,6.894838652938359,5.382289073045019,6.48229538473304,4.874664628043936,4.514782132826943,3.7308752705249413,4.905445240125197,0.009083901809668104,-0.5838559230058631,-0.2781909521258169,0.41166357194159225,0.2987975534269777,0.19125992006653583,0.029251042852979837,0.09825457030140829,0.05587012830848164,0.0734173733023736,0.22339134477438125,0.10700255342770475,-0.12865221053566722,-0.00013921440889437994,22.214347670336963,14.65930579320597,14.633753454307735,6.881381855953969,8.074651454693361,6.9127146629090985,5.947780720985583,6.351394664129535,4.5610321617716645,6.116987896161677,5.210336303734408,6.236122279117537,0.0071859486916721295,seven,/content/speechcommands/seven/a1533da4_nohash_0.wav,testing,5.0,Kitchen.wav
1809,-302.2873413421959,29.96729013700383,33.36630257647566,23.699185280449548,13.57293632330214,7.058216915589258,12.003386206959147,6.052290031561384,6.02535389411633,11.940768088004635,6.057584636527137,7.162134808699773,0.05369385628728196,53.31700059086906,40.874787919655574,9.497075052833356,8.431163767591395,14.201327376303846,15.523242836020614,9.75796433572523,12.545736346271257,9.258386155551797,5.201190127766988,4.75972378016185,7.1422684631508915,0.019491369289216545,0.15690957880624704,0.20908446454323787,0.24967851116171733,0.05060808115764654,-0.04586991744322551,-0.15976446015543375,-0.32488305019437447,-0.17033600089661569,0.1400962367804739,0.14481271240005597,0.05880913633463711,-0.12676613933471353,-0.00026300549507141113,19.357688460796183,14.933292411882457,7.49426827840432,4.693832619264449,6.009962178564226,6.7384809174550035,5.226421888969971,5.095786599583363,5.956534995589566,5.284750653522408,4.099407941869486,3.8935163645655653,0.00854896737683881,-0.5339015149014945,-0.34485351532928327,0.05170206813277692,0.07405536886487821,0.016475352449091634,0.04101861130299458,-0.04943238963913806,-0.139374362599311,0.056438310963852815,0.02839167206825793,0.027054975352122403,0.17523357325819094,0.00012403155366579692,14.464526903266687,12.495362954155425,9.512446073656593,5.112305043484161,6.517502043973941,6.415714188970819,5.843115447737691,6.492969008257141,7.793629875567409,7.1617005701846095,5.167212488298364,5.0212350418789065,0.006081119647025489,seven,/content/speechcommands/seven/27c30960_nohash_0.wav,testing,5.0,Kitchen.wav
1810,-222.24799165371633,26.18955069083588,26.959464034619373,7.527608385687872,14.029077069227021,10.59913829584443,-4.426409040573548,3.1509535820480497,10.578007505525214,6.802776892852991,2.676394669811906,3.074708938295979,0.08953681943239644,102.62233887510895,51.185519913214414,29.11446330546946,20.33778741104107,11.622388627510748,9.683975760868044,20.956544257658415,13.435771297046408,6.181230973955062,6.791513309449872,8.744476450808836,11.710915257307944,0.0809563964989286,0.5660105724347034,0.23633221289153936,0.3588723656581544,0.2214741819078646,-0.17753333686306427,-0.3211800194284442,0.04937730999118044,0.20209203236992637,0.21911769249377203,-0.1931622819522648,-0.4548867242501571,-0.24957116705598406,-0.0002723717160763279,30.257041224660096,18.123000604966506,10.86158898803383,7.17083313838116,4.998023996247405,5.790486908946032,8.47267965667545,6.17982558052238,4.820822700615669,4.300432797873591,5.091557542998987,7.209971324167634,0.024350014822808987,-0.586424030308253,-0.1591403636216053,0.3946573935533221,0.31940529097821035,0.29583747901496216,-0.02091302639284193,0.0485598890018854,-0.1491425363950995,-0.11622683596027011,0.26267609068929065,0.09829985102557175,0.04119360536094696,-0.00018757333358128866,20.584545238877823,15.978524358325172,8.542911201376674,5.953625706771548,4.501658785047839,6.082472799331961,8.138469762828924,6.707104190802558,5.9537586324708105,5.707266818758188,5.888179436748843,8.263358749514182,0.017956520846599044,seven,/content/speechcommands/seven/9a7c1f83_nohash_0.wav,testing,5.0,Kitchen.wav
1811,-282.7580878561636,26.125645856049502,25.964632634732816,24.335144538694216,12.425118339534228,6.294053707319212,2.4850586362407707,15.654815507596602,16.79059199816166,9.913704569400082,2.2809244234296866,7.421200383399956,0.03661778004607186,71.4995836025788,31.558987479856377,17.626409503964727,6.369317884757811,15.754527420104775,14.523996822292881,16.036342640404847,5.553045715243119,8.373814737127732,3.9591337959106685,5.613677018714661,6.573892032369958,0.010089602777164744,-0.12950279717045804,-0.12366779506687561,-0.013313437336507267,0.11865466825067475,0.18240047497918277,0.24900005065853495,0.31472406283658777,-0.15125458662410546,0.18783683529740472,0.07392089745250756,0.08645554036688449,0.09477202341304183,1.0323860952931066e-05,26.73150471068318,13.430653277603612,10.80524666792601,4.1148821106471996,6.035910267947654,5.022007701282465,5.530138971141922,4.871966543334934,5.2332076307416795,2.588695448364869,2.9605746571860023,4.208576731240038,0.006400838394869792,-0.007686988363576575,-0.07625541011283696,0.22080458614551818,0.2600266663849454,0.2582495359190914,0.16772599779922245,-0.07484931618577176,-0.23634805673857412,-0.16152902972460226,0.10337564939704226,0.10803830266615579,-0.0900518704995046,3.6521504322687785e-06,23.288246556234935,14.121879740251934,10.766384231369948,5.776047621767808,6.120843763068014,4.499075109240467,5.130233305308462,5.175008782341828,5.9399399928682195,3.4320214090887053,4.242712576428809,4.898028743968441,0.005299104027513828,seven,/content/speechcommands/seven/1f653d27_nohash_1.wav,testing,5.0,Kitchen.wav
1812,-246.85425600237755,23.049253794361967,33.777912951125124,10.571829574780505,10.333914293636813,3.141537214196182,7.3318428689756185,8.21399014895977,10.925595804670511,11.459995595072836,3.6534203891893338,7.3544601543878425,0.04833516442718414,39.61247367479949,24.09689847216834,9.617917897959178,9.863643826208401,9.91666304601346,12.587876233322056,8.65134531401592,3.9093973125500487,5.360003520677101,4.260743334382917,4.448722526647111,3.465998159664054,0.009495862393660673,1.077982561707463,0.7233781107776944,0.591541805632167,0.33240976551584267,0.062433168321673095,-0.07183297874024397,-0.13795297947218252,-0.055031276866307974,-0.19273557285504617,-0.0309460814452045,-0.11237356009095834,-0.3392948857943836,0.0008514745533466339,19.09352983781339,12.829183793292929,6.7495846306253675,5.709557431701048,5.832378546882738,7.449493289183745,5.763998417944544,4.160067511319597,3.815624227083538,2.953958182271077,3.9758181226282394,2.858036566291089,0.004640617535953639,-0.4692234218862919,0.19464777116667223,-0.12830583796662567,-0.11899627113995459,-0.1452783905705853,-0.12162360915104313,0.2964701584235947,0.2645575481863848,-0.03659948311141278,-0.36498099481385,-0.43590814939587225,-0.3337150921906474,8.987666418155034e-05,20.032082964476306,14.332466463101692,8.194304271083617,6.960571737929927,6.19214292183001,8.392712385581872,7.086258673505311,5.001094054635586,4.444785369415661,3.773341625817381,5.79617802966142,3.5542045360299257,0.004691457553764391,seven,/content/speechcommands/seven/422d3197_nohash_0.wav,testing,5.0,Kitchen.wav
1813,-258.09019613196307,-4.0157950708831995,38.71812115198692,19.654193610152447,14.630316366586925,11.366370739867367,4.401013094420181,5.335496727214824,5.349236383735936,14.017585352671038,7.3775394425777625,4.244840356794314,0.039155974925961345,64.67020040342105,40.80909543779891,17.428907660657536,8.470391830956197,7.731190947441805,10.688744408108592,12.497123288528122,15.461049171186854,8.481661303534333,5.622771239877335,4.870226374857143,5.240593914697435,0.019253388165919594,0.1963079187348813,0.03480113338054071,0.16607521072319792,0.08166735907892436,0.06868205711311412,0.046114690461006975,0.016214676976586975,-0.12244380575852434,-0.06390979754449642,-0.24800310119790386,-0.0789929391550844,-0.02240080175469068,-0.0003162564169014654,22.82833769640749,19.65284346387003,12.235565549513899,5.488178979682494,3.5660188152544197,7.700578719475507,6.914749234410161,8.106057101831333,4.4099389844782255,4.218459320329566,5.3669230746622025,3.6539719129533554,0.006671751015659601,-0.18364588890988973,-0.09271639566219664,0.021200244477333877,0.2671695382061399,0.08572511183799912,-0.008011182663643741,-0.10049259766544942,-0.18690259458866798,-0.17436729975668452,0.025850858444900204,-0.04349476293076519,0.031140559322113504,3.352425992488861e-05,21.917033720151785,19.904731760653647,13.366273875125641,7.853451076846965,4.017537781106899,8.186340360271858,9.522669454276107,8.661847758642917,5.242340012307803,6.531423593541296,8.201507404513597,5.0574985026332495,0.004920629497003655,seven,/content/speechcommands/seven/412c675c_nohash_1.wav,testing,5.0,Kitchen.wav
1814,-272.3882951596773,30.691440763558674,38.14988163935068,19.81189064589511,29.261751829707457,11.744834376964477,2.0566534087396073,11.429627207179005,13.45523831725862,10.475743550869424,4.861925761729912,7.623001566422818,0.047097724745981395,72.34235932458841,49.68688477913189,15.05988404550218,19.613404009607308,6.28956704194814,11.588223973389507,22.589359284668177,10.807453696797072,5.2486932318316795,5.735327659750662,6.098024989437561,5.547078049719272,0.016565468256106254,0.6596085450048338,0.8284026490485376,0.6771136341779886,0.48493784383906796,0.3822911055787352,-0.07882934037290396,-0.38960101456907187,-0.16307934774185778,0.16703906593466422,-0.01792266363402665,-0.525169202031865,-0.22742727759625356,0.0006632622211210189,28.0351675651673,20.08477103002807,12.289017677655515,8.591351725833821,5.1050542702583215,6.92796562276032,9.260441393504584,7.114430217089222,4.4384803496289535,4.666021151183981,3.658974958245388,4.574817447161496,0.005572703631373902,-1.1642825309490756,-0.7890670204647939,0.2395941597629708,0.032148094343252845,-0.14450560409857757,0.0798677402440667,0.5437462890333593,0.4714605438552704,0.07347480075917649,-0.05368539615712287,0.27641832607245564,0.431677626872349,6.63168728351593e-05,27.319751364429738,19.818059792500062,16.665706120351043,9.432573240599122,6.612003481137805,9.35025245275284,10.300530825435551,9.027049373083736,5.18675635584528,5.9268417594640725,4.81748533575539,5.270325010438593,0.004949201256377748,seven,/content/speechcommands/seven/43fc47a7_nohash_0.wav,testing,5.0,Kitchen.wav
1815,-183.18260191900202,58.02448153496334,30.141716934451942,10.768873107755317,15.235342913900318,5.683789039853401,-0.8901209361950497,7.040468701627935,12.198330693787991,9.382839335052264,-1.3211033647415809,4.171296513899759,0.0765273638535291,68.01846596080097,23.980779631259956,34.870819706912805,15.21741133093013,8.75966181826586,11.104407337813447,10.60427706781762,7.718386048466462,5.651790145158263,6.295886188633844,7.234343022520295,6.047201289342555,0.059226969695393206,1.7363921547168337,-0.6852526623016915,0.7104810745840716,0.13424350656165043,-0.525021602671267,-0.26011395945080645,0.17724503667710165,0.034799256142661786,-0.22018050775916204,-0.3010708524757543,-0.4976267028964788,-0.19254712027828855,-0.0003720840379115074,24.058730082743846,12.79773036324608,13.089105511545077,6.695887656050456,5.912933804268053,7.499780935795326,6.5495471791014115,4.627824420959679,4.553507195435172,3.9815212577886867,4.326864009736225,4.67179747830583,0.0228316522437595,-0.7551882806783873,-0.3513531755300458,-0.0842445450041326,0.19644682157946025,-0.008050104249055027,0.03672382112875976,0.24867481479372827,0.22093434664175698,0.12362646458198571,0.006873317114321657,0.2202246558433475,-0.06792143513138124,0.00016803368926048278,22.477107358045895,14.30270170744451,11.259388193201403,7.679920229696256,6.4716383005403,8.931517319580893,7.821525198406178,5.02425718213651,5.838329322006375,4.942875782984193,6.20421940293735,5.288521509367113,0.01762950209020897,seven,/content/speechcommands/seven/4c841771_nohash_0.wav,testing,5.0,Kitchen.wav
1816,-241.7686672561015,25.65478061362549,32.304243714388846,27.056496356270955,6.627701233791466,14.65840406761373,4.470941800505043,1.5025978977892063,8.151167655436263,7.262979225970958,4.546855775627358,5.458791186643421,0.0781801143893972,118.97429326465199,39.28131021407906,28.826774056706892,14.923104362464423,27.784754339130817,7.35315233718245,20.42260156390163,19.77173535791378,6.579748284695323,7.834269055561344,6.000476221106382,6.403899658413666,0.04467582473941415,1.9076229113252532,2.473900163317777,-0.2242892837320712,0.17925184486478546,-0.25708899937137525,0.3949779432276576,0.1303347189219389,-0.5119523745805179,-0.10641664064233858,-0.5026123647141181,0.13402483199688553,-0.36481891888971235,0.001361414429641539,34.69166376391964,14.910162867288452,15.378262159139531,9.1588599204527,10.616844617493776,5.106827757639762,10.351487225906231,8.411597280775784,4.797715096728163,6.8108185034893,4.120425971491948,3.8072561900579855,0.017924045446699326,-2.4220862198897786,-0.8009201410462635,0.8795974285527232,-0.42205207113251053,0.4493623013207948,-0.2181721077692663,0.11427158297947772,0.8804346974892087,0.21130957973589398,0.22175082259169202,-0.03892138956716433,0.08203739350476867,-0.00021185365815957387,24.016748029089143,15.834263241877522,12.623107976658279,8.554357732570587,9.384699816993546,6.925965117742702,12.113527144151462,9.226399221278408,5.7051328894603115,9.60745756786301,5.137961365174156,5.22045360055187,0.016254246815628162,seven,/content/speechcommands/seven/94de6a6a_nohash_0.wav,testing,5.0,Kitchen.wav
1817,-244.54433296385784,5.477405377376385,30.353970796043857,18.304899229477122,6.632896087989156,-9.180398875584256,5.343446110022711,9.71376046987131,4.421627464005192,9.551284091715285,6.993802102589857,4.632611560630578,0.0507864294340834,68.33725198596225,36.53730508674973,24.671072181082884,7.079209792743958,15.037990750379096,21.443250960172175,9.012197397032077,6.895163121911907,13.831631396716672,11.267646440344752,6.169061977207437,6.36385518054991,0.024802141821095216,0.5132326702724482,0.7686569203437544,0.5554934723398323,0.06861695239753064,0.08721481908645347,0.09222995553604328,0.2133255359224025,-0.4939097065365437,-0.7874489495903966,-0.8059009672165203,-0.06806681646433148,0.20943420704263302,-0.00015588116741949512,26.977853063844137,16.262003847698203,12.678754490364975,5.626999586199791,10.17341758343234,11.650159682682572,6.247166992258531,4.9872060892992875,4.868223687988832,5.361315135220539,5.451323560959215,3.538046689348981,0.010350047205195225,-0.6154776617888388,-0.4194019172699482,-0.07259065080899714,0.33106935631315526,0.3730437679294296,0.3595218840418225,0.23735221898431794,0.13282177652019522,0.16244472928276305,0.2926092551430949,0.03065066837070377,0.18288545810575194,8.176974952220917e-05,25.301578561079943,16.15520593536369,12.733770679878807,6.627096087874708,10.263189081669099,12.732156446481115,8.247760484647873,6.5462514614819005,5.176294483844756,6.424949432495455,6.888715237080531,4.459761792794631,0.009066053442690559,seven,/content/speechcommands/seven/1b4c9b89_nohash_1.wav,testing,5.0,Kitchen.wav
1818,-265.64304129370623,26.98670202621814,47.98102111984909,10.132616562083241,6.8391572104031955,-2.5511378747636893,-1.6086541789314144,3.596728318198724,11.571418568569879,10.76674043602183,-0.17937070736045446,2.744688966679604,0.06563293730141595,60.47743743909734,50.73791808354733,13.53214275991245,24.65980843037077,16.126022320000104,15.877200122222984,16.592722618226535,8.738249416814275,7.91326597809678,6.543063057571689,8.94418767089192,9.308709987628616,0.04879200914084732,2.1461381820983325,1.039477717111382,-0.13507114167525205,-0.4152405058106346,-0.1739047773995486,0.32691755728689026,-0.045672206455587824,-0.3844332794527097,-0.6873682746111703,-0.48638312108306747,-0.1945342692718289,-0.05540117789854852,0.000127639381154891,23.963401221719064,20.008052898530075,9.89194519060967,10.767631640814816,6.176959127575579,7.067180990250105,7.508835799418645,5.737256383228461,5.003543681651162,3.2486311137695103,5.322451248007456,4.4528312805296535,0.02212718267354468,1.0192671172623042,0.3166814070613378,-0.17537661458525117,-0.0901935169852927,-0.1616274235494434,0.029595268243386683,-0.34987805742123684,-0.33297337383831677,-0.09309197247404301,-0.18704887505725576,-0.13806917049267653,-0.0365817368092196,0.00016255111744006474,22.25146354855215,18.879947760728474,11.5427335371014,10.033667289313343,6.294507502335431,7.373578163573451,8.222298273004585,7.2109217983507286,5.692239745749045,3.6423162261202124,6.89076590737535,6.042384503457085,0.017974759838621703,seven,/content/speechcommands/seven/4620dc14_nohash_0.wav,testing,5.0,Kitchen.wav
1819,-230.2383669926092,36.69043479478677,51.204282877336965,4.923151148526748,17.49679596046037,6.25917935850874,1.6597208387977607,1.026882577370722,0.7525979442452255,10.524458955248495,-0.43007563481530064,2.625169138567735,0.06911497795954347,82.07935927222654,62.47925289884663,19.845874032677802,24.235777604652615,14.508031274353351,8.950640618175324,15.609747616314696,13.479361000362086,11.626110552772925,7.882180686538641,5.824502749631338,10.959260050844312,0.05128482305950885,-2.7847145152378414,-2.7856023474057943,-0.7117797785676704,0.04895334607937046,0.22572164328904304,0.16260288117527294,0.06561932973480988,0.0929128363735156,-0.09983747876657406,-0.15900806855192925,0.16451725338135417,0.557915395313311,-0.0013824170154909934,31.612415450387626,25.590558763345268,11.052983631044755,9.418426862805877,6.784104498144869,4.510850005878893,6.948370039870238,7.424608509616457,5.095679800708687,4.105868298838965,4.088110799703453,5.397098576738342,0.019736782386083198,-0.7467965846655308,-0.459441982375122,0.22158112706117816,0.2779477070649181,0.09592922348442805,-0.0058862342239944946,0.11366029065119616,-0.03973697971678695,-0.03550599052793573,-0.0016909226159313266,-0.21672269986232331,-0.0116525183132409,0.000259374330441157,32.81179125425919,26.55946236902993,11.660443527087653,10.178420869259268,6.809845734360754,5.661815772224734,7.577652401058569,9.971783519752176,5.655136657058016,4.7352641649799105,4.907950817667187,7.042054621036611,0.016147992592896482,seven,/content/speechcommands/seven/adebe223_nohash_0.wav,testing,5.0,Kitchen.wav
1820,-225.66223186651965,2.758758243325424,34.55778503617844,22.059161766420473,-0.42941097842627163,5.599244372992293,-11.033909161300022,0.9137474906598078,6.433636811701717,13.817991659009103,10.404103541298046,2.216769968616441,0.07124034862499684,103.30481164399912,38.45738575186689,28.92184845139126,10.181545327686443,24.551601582804402,14.833633854852012,29.411204672678167,22.236164094676063,11.314231885755806,8.46890230953886,10.493645383386538,7.694349450235341,0.06462741279860353,-0.0005680190702150867,-0.1485802646126167,-0.3136456960916224,-0.022624317630025013,-0.03780814634307278,-0.23330583931300355,-0.4076076916993809,-0.050295547488709076,0.06441413233711439,0.06323015743793564,0.005377403602354391,0.255118249511428,-0.0001585370590609889,39.74317502271238,16.11306455300804,18.631711581936496,7.817119624956046,9.370343668487285,7.247316882926905,13.06686725596698,10.473700192407476,6.791480777753208,7.596451686411076,6.401992010166974,4.9095933178723525,0.02368765458159958,-0.12870570246159238,0.14389103237555492,0.29285255370834234,0.14878198326568834,0.030296073865964956,0.03756213761456353,0.13880648886717264,0.2889205447162976,0.008511025787885334,0.2709805349343689,-0.03467064187913393,0.13110756277940247,-1.7184081176916758e-05,36.80546725132257,17.959433228290656,20.99286621777252,9.21312398091232,8.49825511305868,8.099600653550123,15.287601385746282,12.104474943302133,7.461033762615048,9.58704270715407,8.341382397476151,6.425088474911375,0.01838852088557818,seven,/content/speechcommands/seven/9a69672b_nohash_2.wav,testing,5.0,Kitchen.wav
1821,-204.46638346283765,-3.0103792694785554,14.919468564921827,42.952405711259175,5.144216477573121,-5.6351204324438395,5.755645280384325,9.883065577273495,6.823801126220033,6.680364433901277,3.8082618216368074,9.334823904273506,0.05664262769278139,89.0076887406127,39.03314691024132,31.714364289820697,13.839733347717216,17.617440164297697,15.636166049419689,17.57477698474036,9.936304428232711,9.747977706336046,9.909873259654328,6.995053312932509,6.094299736066127,0.03405007198393338,0.3436761512061299,0.3599969461051832,0.24117957248258945,0.12460329041373452,0.18512272022000076,-0.21686659285090382,-3.196206979782709e-05,-0.12147934332389786,-0.28136491979525136,-0.15118752862276477,-0.03523805109911376,-0.11862165043242179,-4.722141931133885e-05,32.242523040354364,17.557568054009238,15.938753704675756,8.505706476232556,8.557871450792662,5.574177407270629,9.272040680086718,6.065841529261176,7.078360399620372,7.912348768962202,6.279724248723155,3.990149236306824,0.013305836426789999,-0.3555851345049253,-0.05903614189956444,0.07241663276701213,0.033992359588264284,0.16035888124546105,0.17109822387914467,0.41865743795391924,0.18842735380223524,-0.06739013940957832,0.06830171569921273,0.19853839697516382,0.10375576472397278,-3.867273529370626e-05,31.97927080619096,16.717807351439124,15.721005595118099,11.407443634510921,8.831563578316441,5.79541907839218,9.325779069769244,7.529192140107768,7.661622177859136,10.669844799272514,8.670960267831529,5.5634755393231545,0.011918463341706006,seven,/content/speechcommands/seven/8056e897_nohash_0.wav,testing,5.0,Kitchen.wav
1822,-300.60677010932443,28.989484579611396,29.860834637549402,17.837260761988553,13.487115994775493,2.2308527956044077,3.330009245679864,6.943124842093343,12.548819930850946,10.606354339482824,6.332641631187194,11.973845265148153,0.027645269874483347,40.40523182497645,25.387305456598146,13.644225573397133,9.320348944704682,11.400944706129707,11.26898673653318,9.214330144699595,6.116352376795919,4.530733376946817,3.703104059877988,4.656673103126652,2.089384538575202,0.006364137089931115,0.31806493337629055,0.5895577622042596,0.2797603786677762,-0.2664488221013858,-0.2987070041438154,-0.09158991458356772,-0.12403719092855603,-0.2405431503488103,0.0030581583452339266,0.2559334871208543,-0.06986309142415721,0.1713201139646981,-0.0005288377043700987,19.348005519285522,13.502855249791851,7.61847436297803,4.815623571348833,6.673273834966759,6.2455477123142655,5.6336756341683545,4.569384241210108,3.5957719790928566,3.6744276853865783,3.229754200598628,2.0660456015994377,0.0027805436842333877,-0.30956807893693206,0.11437774039361172,-0.01665707723086302,-0.005395632568013268,0.20860463122984793,-0.03185913316678697,0.28352139407638827,0.3363905708124777,0.20030505825918163,0.16861425626413126,0.045378661022720895,0.021672848641759845,-8.35362821817398e-05,18.304590689768705,15.118635224672651,8.06381934482869,5.387568810019624,6.937761346513585,7.428050352097037,7.478685121575908,6.238253236386519,4.548339921625983,4.678724186829777,4.124796728671058,2.8722744461543486,0.003421425264727411,seven,/content/speechcommands/seven/81dc4a94_nohash_1.wav,testing,5.0,Kitchen.wav
1823,-184.83096485344112,11.197843608903884,27.030577658973684,10.554321154747754,10.879739286656207,1.89269539509698,-3.875357899910416,-6.370119796417404,-4.007785019511205,6.6947730337758395,2.449961845244667,4.359238723672307,0.054380713670980185,53.86790702031361,44.69479568291069,13.241268712364539,16.69486459982363,7.864626366120275,6.241025918618602,11.839252230372981,16.750709253699483,9.34345281071715,7.694921099834111,5.746066049476014,6.410194872308987,0.02742739757597472,1.3088500083749703,1.4803861337202762,0.5482848816651342,0.1573113694810288,-0.22493806499518615,-0.12834001457886351,-0.08489186695853329,-0.6337543521979218,-0.20779195809386278,-0.18108502622740733,-0.04859616548583751,-0.33997357355499824,0.0006873313217393813,28.631466513780502,20.860502216565862,8.24453369540601,9.331907554971586,4.39264796061151,4.672391649142414,6.982157619290665,7.305000579030175,5.124643334804508,4.922837917470904,3.7397138809529324,4.557405320269774,0.013997151111341609,-0.06729247380951194,-0.08952662606772392,-0.10758654131509443,-0.06923193703718908,0.21920459804886872,0.3580657695066088,0.19373459480550168,0.2835467478755491,0.1849921524395,0.24152935311043738,0.19680412385354107,-0.1377637720349048,-5.979997416337331e-05,29.644123594512294,22.430289753270152,9.108544230774836,10.077860101279105,5.453989171681902,5.340390623660341,7.6246708238094545,8.399976430455014,6.0496302464309215,5.274126210928823,4.563406183353834,6.279591965365984,0.013395363556062112,seven,/content/speechcommands/seven/a4e8a997_nohash_0.wav,testing,5.0,Kitchen.wav
1824,-246.65161504769952,9.944064118873758,35.43656886832556,20.702312366363692,8.117321962073039,-0.22913324663591655,5.630377452602282,9.16590492841139,12.3604020014203,7.96498200020238,1.5967540423793127,9.522565090804418,0.04853803922812785,59.837818737256384,35.431189345831626,21.95066721128389,9.50566932204666,13.60735600452047,18.51871765628224,11.395443039766768,5.0527734769936075,4.5638651850306005,4.249211395743915,6.568135244618323,5.261582855761531,0.01487960227812518,-2.3150554958067895,-2.4601738913890046,-0.22501651817161286,0.7666849980498829,-0.09467837956767103,-0.2863209357516799,0.35495583746532133,0.7009249538181401,0.3729599606675375,-0.14279476903040866,-0.2672696355462644,-0.12886050009006036,0.0006029282386104266,21.834028384273196,14.751331477108188,10.570374457795527,5.509484589242195,6.908353633326251,7.068154203136577,5.50306339300529,3.6152908273130113,3.971955525265937,3.1110764747566035,3.1996409312012752,3.8512593695845005,0.006746956951224745,-0.4184776440832467,0.06276654719563121,0.12807229019687166,0.07613761406873165,0.4252528688174616,0.24569836295354533,0.17909694031068496,-0.12576342320323775,-0.06875075921801108,0.303815719395833,0.2822149209277837,0.14126976567919372,-2.842049660353825e-05,16.27455690585925,13.052484846987412,10.144150410944254,6.977453439048023,7.536053634576192,7.177075290405635,6.53832553599552,4.737307342038295,5.330296048982671,4.096614625291197,4.167752880412072,4.481894587963036,0.006124304925585686,seven,/content/speechcommands/seven/ea356919_nohash_0.wav,testing,5.0,Kitchen.wav
1825,-225.40441715793344,50.77502554679097,15.441942477667116,8.915355464616272,2.38889421819529,-5.336977491884181,-10.16495670784005,-0.0835162548309929,8.80756822387274,12.011727576775234,5.295061748310086,2.831759828645186,0.04191336402436718,79.63019810429307,28.414498848529632,21.477286140474273,17.611825153616714,17.377074982838934,13.478170508978868,16.012679905467554,8.12526209744413,6.704424432604386,5.192820889906864,8.137508571002492,4.997340214407018,0.01996927596605801,-6.543511239672233,-2.013899327804179,0.8550954131835989,1.0340924944039405,0.8533381905139922,0.8829635407706298,0.9914954023963238,0.6700399591792656,0.6969121585515133,0.21013359186789038,0.2990287134259447,0.2750567824528992,-0.001457515743470961,27.11575421012552,9.71337738889923,10.164076645559286,5.336100334027777,4.879791922141012,4.310906646765862,8.007325166571148,4.519688621427128,3.9088081448997425,3.1531165988466263,4.792006179101195,3.800259272157007,0.008376190835717105,-0.776415559257137,-0.19811007079271475,0.33607187055924126,0.4773821187479625,0.28871698319691874,0.14001426332741154,-0.1133466439632689,-0.2560001843362469,-0.22106938014746322,0.06778732732044744,0.25725393379085326,0.35618158602270583,0.00015361569821834565,24.455041125932098,10.880454105051557,8.279995307035868,5.247897806492311,5.521386999471763,5.281643650481661,9.07084346324735,5.773731262163403,5.076456312774586,3.557541342314703,4.4942120070583105,5.0341184766037195,0.007265036370604479,seven,/content/speechcommands/seven/5b1db3ee_nohash_1.wav,testing,5.0,Kitchen.wav
1826,-309.7859069122185,-10.351118345981167,42.51272847074588,22.016704026839626,19.311762516063226,10.77458669469817,10.739888089728113,9.456107214057807,12.28777244054407,11.923425837604976,6.87476588871518,8.890254964414222,0.028370487623878064,26.115457227906507,17.524840632375472,4.220537790924449,6.990719721799736,6.22835883003227,8.103088906269157,9.366808155185508,5.275898972606613,4.066991532132281,6.386396622784918,3.9392762889119073,3.058710605446274,0.006276934268174262,0.09706672206124077,0.22559348509966065,0.0004293916544450364,-0.2328469561373693,-0.07543655713702506,0.050689766614574874,-0.09243029007162497,-0.43531741129260104,-0.3889995745554043,-0.10538345667753445,0.2167679452086019,0.0463729101840602,-0.0004023325319091479,15.234304885590598,10.033351060715846,4.067723669605379,4.452103725076458,4.797978247496769,4.618283299308628,4.810300780093268,4.116170177458087,2.8480765219994666,4.252720421402378,2.8247741161835522,2.165398920676172,0.0043723070350264745,-0.46075704516687604,0.1567670084355347,0.13571631700830927,0.11928921550141229,-0.011373950743626304,-0.1706753367493675,-0.2836553307613165,0.2205930326499084,0.21604663147123057,-0.20574921858117423,-0.21370028220791973,-0.007797648446720741,-0.00029859383558404856,14.426440479607345,10.294034599179788,5.12515420152075,5.057074708294342,6.489961831353991,5.062202476413641,5.689301754702839,5.485505574430196,3.458495516161927,4.093571661021189,2.8817352287233318,3.0229428915119434,0.0039026251305798757,seven,/content/speechcommands/seven/4c4d2526_nohash_0.wav,testing,5.0,Kitchen.wav
1827,-218.20827990926654,31.185535643316992,29.742343852961678,0.7903435832813219,9.542221680085435,5.280727505622092,-7.319833916997264,2.4662109874750078,13.209486013101396,18.57920063757139,11.27506692644383,7.448440090865753,0.09902992972638458,89.99143140692678,56.018904345913235,23.558907245543942,19.454327564678213,9.458700848477726,14.338860845669542,19.90058664119658,13.062384504790085,13.086538570677694,15.637999807341458,13.972625250869243,11.2602117981685,0.08304114439505425,2.4897161072278626,2.3015347952597662,0.025618120349872903,-0.7928242445461715,-0.6456318701391909,-0.5748770394641969,-0.6877557224469986,0.022483671350537852,0.6588050225078673,0.7595007266814907,0.37756260883915366,-0.24338836885466159,0.001421406865119934,32.34307496715233,29.20820422689107,11.39479547861265,8.511672921382885,4.5595016015103145,7.320442786411308,8.969074646553604,6.805868365304045,6.097561346670524,6.214838563406545,6.998272460739871,5.913787575683645,0.02638856536470903,0.4141546520069454,0.560164029508757,0.17343469260064795,-0.11073004958825775,-0.14658948997189922,0.0662435898511776,0.19116417921554335,0.23572213767216263,-0.2198591237541005,-0.40012757544716043,-0.22315665600296175,-0.2517203032697746,0.00012397530178229015,28.5315303257646,31.8167898399922,11.784739858332049,8.342643112203344,5.189829303225289,8.715369778763348,8.408189108646985,8.22230872943495,6.597753793129543,6.4367296173258595,6.989223869802741,6.5097362939764265,0.01972393271264728,seven,/content/speechcommands/seven/9a7c1f83_nohash_2.wav,testing,5.0,Kitchen.wav
1828,-198.04707243624927,37.20048018542769,20.08673829198783,-8.158870482417584,4.897817289995045,3.83385772531564,0.7018932563054043,-0.352607892385167,2.9541699879977323,16.83381722348738,5.612979539203022,7.249292264733645,0.03623542718348965,35.66427172032046,25.618421592177437,11.989654652524182,7.384709573753033,6.178169559931292,6.02457121234671,9.650118286336017,18.046172081352214,8.594169871955582,8.12372741893235,7.654489207782924,4.747694058860396,0.017872680973157435,0.3480659461095172,0.1383319893224576,0.07516742966429048,-0.013240443243349217,-0.04871291620898687,0.058421177874463305,-0.12137076807703671,-0.07604516306150289,-0.06847125313631709,0.32276069903189186,0.05277623234893246,-0.1820627079137452,-0.00010635107755661011,14.477360748386776,13.489521459501894,7.605688218510626,4.686213196233895,5.714886464125296,3.8378548535827792,4.909342138071083,7.705709238914802,4.949918239011718,4.315603119682085,5.010428239374222,4.020369401522033,0.007537237650062497,-0.28770969217938774,-0.37378891152931165,0.0035121369847928097,0.23737036404293785,0.25105493330497997,0.23875748900305457,-0.06491244418235448,-0.1044679098906537,-0.06085373274646832,0.10041941160345935,0.2047906677745053,0.10293192175062428,-3.631663476598674e-05,14.658120247898577,13.86195133618372,9.17239588458168,5.629831500373154,6.5972881663921745,4.902812438391105,5.321085458126543,7.281360077220034,6.137757000043134,4.88890494103271,5.39807262736225,4.885440199444174,0.005669819058585393,seven,/content/speechcommands/seven/b737ee80_nohash_0.wav,testing,5.0,Kitchen.wav
1829,-176.53350663173978,31.413342623672648,29.45427103957481,11.893973201044565,19.426868860486632,1.801759953704302,-10.758150714289648,13.915130941333837,5.508980421640743,1.931125737604273,-0.44425567046194836,10.898143195994589,0.13943776959786192,110.4268673076306,56.54780025354488,27.290077276867166,15.961756579258163,11.645505126418026,14.273185695574425,22.004121897870633,16.856863953747276,9.303818617495088,10.39818454806424,10.015175675846551,6.498466343791503,0.13487900433200184,0.5102393283263766,0.26928884047173257,-0.0264904177762304,0.1813475816719707,0.47925864816537506,0.4200748483218976,0.24127475243068236,0.03226099874726366,-0.033028869939907675,-0.07462028419658201,-0.33211752318408944,-0.26804901292317534,0.0006588804385354442,35.68105632341673,25.693520574427016,14.869145418428316,7.698156946179879,6.961046711793512,6.859396662682042,9.973955689102258,7.771374582467722,5.073203839060512,4.434663748405081,5.418641751481587,4.71787734167039,0.035534077679457945,-0.895266289135579,-0.7401022020088558,-0.15114365170023636,0.047633236533346945,-0.17784279329413658,0.10369316945635099,0.18588011038862937,-0.11567389859886625,-0.05882370608039092,0.21583740161880793,0.3690281549664515,-0.027754855207973782,-0.0002866710846622785,33.6854643540685,24.613277760940512,15.472422496454675,9.521906165932288,7.571783194842005,6.691516319111189,12.704663600133165,6.760619084165841,5.847475143777625,4.795146282541045,6.832696249428073,6.229673136842761,0.02268167582536927,seven,/content/speechcommands/seven/964e8cfd_nohash_3.wav,testing,5.0,Kitchen.wav
1830,-170.9594851781987,54.540898455606865,17.412774226487365,14.25381408226913,11.612322514875805,1.4307777773709196,-7.265067755810448,4.04586482224478,9.959209763172353,7.648685813939764,-0.1446537218066879,6.343336806239202,0.12114793388172984,98.1695540098171,28.349594973787294,21.758127445689237,8.989708651492125,12.069179610458672,14.314258965250204,22.045782693884767,9.250713932750738,5.907066384954022,3.368222744918213,5.428988500722069,4.9493299836432705,0.14140776165060856,-0.4458972887516152,0.30423941675381605,0.3811898679650806,-0.030488651280040892,-0.2146805861443529,-0.17243410288356806,0.28684861292832403,0.05025482504555064,-0.04749925550737131,-0.01765431988915848,0.2063347199168434,0.05055792050693457,6.231461321153949e-05,36.70220775486884,15.684350703442108,12.996601017505062,5.249459281201754,6.511836856345945,7.176636576085143,9.485551629255431,7.474209277233514,5.047487024560607,2.473710911886173,3.8952105061245295,4.822304646758815,0.05888941868675984,-0.40094638014740647,0.032396412583919225,0.14483427854029607,0.1506320004599789,0.1348456321353408,0.13426943383579032,-0.1138075873324499,-0.11535042537383824,-0.20270181353165712,0.06575175019825649,-0.0023295177850099604,0.06187989788893467,0.00014439895749092103,34.4277846564738,17.678090041255956,15.347051670032114,6.590332427638653,6.23333191812985,8.114500800821425,11.39694939201766,10.608443510739672,7.822136324707477,3.142248744586666,5.128158260347691,6.58918035086741,0.050751068943533595,seven,/content/speechcommands/seven/881583a6_nohash_0.wav,testing,5.0,Kitchen.wav
1831,-216.04430268665064,14.363608757380995,24.70029233097365,27.054890646086196,10.467896216753811,-18.15169016194974,0.7654297311896883,18.530988798106183,6.213876006920341,2.4522134569877587,0.6516503645697587,8.088580936876326,0.08565649762749672,90.90540191951519,46.60533189549841,32.88704383673079,11.59396289903642,13.427773275325864,23.831182991995394,11.711506486115928,7.000621856261199,4.344629192988296,9.216231501531965,5.6665326003798215,6.473051146530296,0.058765210529880256,0.006311357330525146,-0.36921818513401816,-0.13553234867514416,-0.35137407787802283,-0.16999610889929542,-0.1647341647522305,0.05052648916172936,-0.18568549571030957,0.05596210527281496,-0.21118725443365452,-0.12360584298012008,-0.30717844986520526,0.00023743071623386874,31.38574570963099,21.806727105245194,17.55552351623198,7.323664661191545,9.217778613832637,10.555499081410256,5.4622383198204005,4.55308268657204,3.1748687144201635,4.324492641839261,4.9775719955472315,4.720847523409258,0.020506408533096838,-1.0484744248559703,-0.4236519318893662,0.3169171004691415,-0.012961439183142076,0.06212007653369399,0.1461065551149675,0.034484426203584564,-0.010638473693494651,-0.013807464776956735,0.24843704147402376,0.027539598848391182,0.008811092991867102,5.377077807982763e-05,32.63583558765371,22.66925904190719,18.011687137586666,9.460210336558504,12.210071658073385,14.107104874150174,6.892509269018255,4.796491932668847,4.9067297381287664,4.625895365100192,6.7080106063963045,5.848787345248916,0.01700212084911823,seven,/content/speechcommands/seven/692a88e6_nohash_2.wav,testing,5.0,Kitchen.wav
1832,-250.60623603398355,16.43054639415316,17.338938329349524,19.91514317441328,7.0604812698184745,5.042508801829062,8.139174926362536,18.113339270581324,15.924882633723918,6.033629681009662,-2.0183221884728093,9.595658807804707,0.05316295428201556,90.0096430652503,27.155310220949872,34.73302394501394,10.345282335063196,17.325729137743902,12.016286310420153,10.486198935746607,6.034246619307895,3.598768762647872,6.266267341527077,7.4168599917010285,5.654221521970028,0.025718462724187114,0.006947608384610161,0.41583632022859846,-0.32985973130934465,-0.05781862191362529,0.21571610660803966,0.13009399936310106,0.14737970046431378,0.09791740940595253,0.07677534345198536,0.08597314962232656,0.021954505273516618,0.23630553661167517,0.0007627363647184064,31.88418561028595,13.871553538814512,13.957699562524528,5.07363747951568,7.16979646474521,6.683682805345299,4.42232063566407,5.108533126959175,2.53394213758762,3.729699971023384,4.27490543469696,3.871159044626884,0.012575247194355958,-0.4036906218401858,0.2943046447878172,-0.10561724924379425,0.09900995175157773,-0.027062155495459806,0.4619237599914504,0.12922517085742727,-0.025869947319085658,0.2897604010964456,-0.0035264746983324122,-0.03202688071768366,-0.17927358412223468,-0.00015388199438651402,27.327978045920567,14.583419700693947,12.663579156714174,6.520017897561232,6.887951226491218,7.672877364665484,5.609792459497039,6.647962524008499,3.4244167447400047,3.632135616812868,5.507158200477006,4.83075567943956,0.009969733148503473,seven,/content/speechcommands/seven/553f1a79_nohash_1.wav,testing,5.0,Kitchen.wav
1833,-276.08933411503745,-3.440279769871518,44.63004150757083,19.502911523263172,19.586378928137176,7.383436138676068,5.980805662633223,1.8539094346321723,4.209333727089294,10.463467668197108,7.952299164021949,9.040905446358465,0.03167771239532158,55.05071029288004,44.0007722293564,10.485830131545985,9.139366524098456,4.917915506143694,7.619024693719508,14.43124171060679,16.035962300705155,8.817350132543602,4.780217623083057,5.260633738855531,5.975757857850272,0.012932917691620104,-0.006795692020852306,0.036125408463047945,0.22130443360790805,0.06822589200618634,0.012220740162003921,0.10423137006984144,0.15422569464732488,0.21835032272491944,0.24281837526839056,0.05096958844459734,-0.2853814925035973,-0.4926962816067199,-0.0004028536138996001,23.157545163965544,19.841718294032344,8.0179685492438,5.080914511808106,3.5716005049395507,4.324153680751574,8.079732450067318,7.787545411998625,3.8307514726966194,4.079363676189437,3.6526826968721045,5.027503879744128,0.006595293960799198,0.043468422926180965,0.05496869907982097,0.09905680898947793,-0.016349163089083015,-0.07533513282492534,-0.10256197816957731,-0.1176259932796345,0.1044428731732376,0.15402939216594544,0.07391323275913948,0.09313522503440967,0.2306751415183876,7.007066160440445e-05,22.694039727951196,20.704534372434413,10.399595320219497,5.848167935722936,4.480966467143485,5.11511570696975,10.289737738921575,9.132019532292098,4.6447225228235505,6.136748858514747,4.334375421692299,6.366858429075838,0.00547259844493435,seven,/content/speechcommands/seven/5c8af87a_nohash_2.wav,testing,5.0,Kitchen.wav
1834,-243.34723669169622,7.8405230239462576,31.341350933012563,17.474514496505808,11.436098796080339,-4.666767815603525,-5.906842378731275,6.540384918605623,14.49537330822225,7.750608408857204,4.655138349195795,12.707522155875319,0.051183376752305776,78.91627480428417,40.54216180708609,26.077871654341934,9.866745958789954,10.059063029788485,16.257584275814764,19.140743819209376,9.130784119778706,7.176387157130179,5.428704702796672,5.270798433184944,5.763178225027642,0.02698911864777461,-0.3464831806633092,-0.2751596879563287,-0.3761662539979548,0.41310900466055395,0.3392044576224389,-0.04849620596028892,0.005632498791103806,0.2859581361122216,0.3970117419636932,0.04850580574199339,0.018553747583024867,-0.08008174255151844,0.0007039622794235906,27.072037419627208,16.656860531740428,11.83610200671516,5.051705715034617,5.475674466419545,6.949358441898012,8.359597410898854,5.633873876306482,4.307895536423185,4.246772488488155,4.202453176935753,4.105746143103615,0.010742923121265758,-0.08748477269344714,0.22724732100129957,0.04738042437043148,-0.09668930333239677,0.03543473635187032,0.34825075190976035,0.16745035492509583,0.25988293020591297,0.055170709917558756,0.05924184138140334,0.06454657102456135,0.0006897549145018426,5.177054554224014e-05,26.840681688436355,19.047638102575018,10.360970439103275,6.098976402698437,6.549034099410462,8.023226331925507,10.883960563698661,7.525541189904255,5.161169196482508,6.241764585618849,5.984686277404337,5.199445551638022,0.008876431846260755,seven,/content/speechcommands/seven/587f3271_nohash_0.wav,testing,5.0,Kitchen.wav
1835,-194.2622525901026,-2.380839865056304,11.176577204826604,19.67076735573176,16.725079427062777,-3.8276505771490457,-4.358676785467669,0.06802267672485529,13.997182610302406,9.979965611966819,-1.9069621597957767,11.326007280600138,0.054064547875896096,58.01101204584117,27.32400718864601,24.760936866441465,7.441266644213294,5.110915548959706,12.04207530072412,15.653021921941578,10.0205448902377,6.824313154220278,6.199900594636017,7.302201040934567,9.441953149382947,0.02753331030532238,-0.33138354526912217,0.12729688344128542,0.2714206668961545,0.26776636681066684,0.23387511590327736,0.34434738614653015,0.4041803108353974,0.24938644322599848,-0.2808534330479363,-0.25456070913782963,0.06725283423170758,-0.03590173244448088,2.7128044636018814e-05,23.091038216776667,9.439900159434437,12.887066496382522,5.0161884398016054,3.325477306949462,6.043014474993986,7.130098692833119,5.278844355525416,2.9538239658115795,3.4393869568314877,3.9769630687285025,6.297335147434088,0.010712061299339338,-0.1469773800305982,0.08320362047187284,0.05130462569716095,0.003383302798006582,-0.10805876327367038,-0.10780261529902203,-0.009100661778669068,-0.14812164767324582,-0.11933936544901291,0.2974804622278588,0.12706212757262325,-0.002045260835568463,-0.00019113682210445405,21.83809640096096,9.713095654859435,13.99556961511151,6.37555188545826,4.754135482696047,6.6948035354203395,8.68625351395442,6.964768159959996,3.914387758034427,4.261751116414166,4.928722388910046,6.342807302264806,0.008042988971825947,seven,/content/speechcommands/seven/4290ca61_nohash_0.wav,testing,5.0,Kitchen.wav
1836,-283.62906869604484,24.301111708388497,50.20256111505757,19.644573307023208,15.720630611616729,10.25531750609009,1.425194177380912,0.7877676049495841,7.479460000417065,10.022352842416323,2.4140276486687333,3.9090096853441816,0.03722112809191458,42.18763647144442,37.27407737300452,7.801888909682845,15.225451440339258,9.990383504916007,6.977435003958603,13.229842162803209,11.398353340871509,5.574980065471205,9.053757470460479,4.484124882877019,4.864691916289431,0.012601562905660852,-4.368780743498215,-3.941194096256996,0.3982376020354714,1.3836430500169616,0.38444275351718504,0.2703286890830003,0.8440438182206442,0.5166350749232371,0.5040266889775309,0.39273769484445786,0.18040892226953004,0.1734382898824772,-1.3587695937002859e-05,14.509698083744698,13.563152801362532,6.259058318341801,7.168398255566918,4.706873930008447,3.754590713603617,6.2938559705744925,6.35980603716095,2.7978515417608296,3.8052130403423505,2.9730295755464367,3.2001574086586593,0.004324431262870785,-0.07966917251274973,0.15422235962835154,0.14330168585848663,0.1701694437070716,0.03947762861499662,0.14916502032141693,0.060272098318449326,-0.018882072972409573,0.19390727666884622,0.034474492555269944,0.01688954808159835,0.07232382150224351,0.00012487036486466725,10.296189599296145,10.521614747628709,8.565997962048,7.877830310755671,4.940416008483091,4.3788441851174795,6.414937776209376,6.472400025301183,3.8912327134997624,4.282906415254565,3.737695471859233,4.460957770037673,0.002739689184226975,seven,/content/speechcommands/seven/f5496439_nohash_1.wav,testing,5.0,Kitchen.wav
1837,-210.89406985236138,4.498869799645048,25.961209731417913,24.962150016480003,-2.8288990553924362,5.667064491483468,-13.430077806121268,-5.302019502525509,9.096205423313789,18.47185763447237,11.336614411460939,-0.8156989978640617,0.08067676587961614,108.43958150533678,36.27932352009296,28.890543293603212,11.984521338034293,22.430719134252215,12.396536630015875,27.302506065167957,22.732848650099005,6.933603622062033,11.981993103733496,9.331702137204955,12.807792027384165,0.05971148842292627,0.5582174140537088,0.41885557038466553,0.06335259246999968,-0.04561969511337229,0.021287801339771855,-0.1262943119068931,-0.31437376478299056,-0.16037054043026056,-0.26860050105710603,-0.1524765695497148,-0.08659251319412,-0.39325983666900666,0.0003103675140488532,34.93624729532236,13.745376512827033,14.098889286021906,6.978695162509003,8.763726757430526,7.732462548009447,12.634799432710087,9.537588706758964,4.495625083087037,6.0439535569926575,5.392807964740663,6.414228469313069,0.02077757457793025,-1.2517438536777117,-1.2161053244243905,-0.8192156473446279,-0.23653191697722362,0.3251583514832152,0.6530248596122525,0.7560756677417633,0.42195255540775195,0.1559214609879597,0.04155865095330089,-0.005906823973586483,0.12748048621947544,-4.3097697198390963e-05,28.243048949870634,13.924196829417165,14.926073441846455,8.204152767547289,8.418921888824995,7.8735278875300585,13.8550114740116,10.380872644579194,6.287053548859281,6.721449488007507,5.52557676511317,8.372095540239725,0.013817311250933313,seven,/content/speechcommands/seven/9a69672b_nohash_4.wav,testing,5.0,Kitchen.wav
1838,-240.82173978382667,30.886073203740402,35.80708557830252,5.133971225568837,9.109816714265783,4.437822032534001,3.166025340737082,9.67927011689525,6.56454985580249,6.048993596758773,-0.9882666107374972,5.223580002846323,0.027496139518916607,55.61589148760332,35.208519927232494,12.371341640799663,18.288783261200738,11.383547669132767,13.950938436961666,10.631968831282142,5.579258297643407,6.638061782044906,3.9073278991340437,5.110208744791111,4.63770248258449,0.007246595625515431,-0.3448167235791875,0.21785497910872414,0.29457905181221444,0.23911905883504186,0.18754109151979037,0.1813761301495975,0.1373058451048205,0.33825185392633017,0.25565425575492257,-0.20906593778734558,-0.05679734086365095,-0.028507556943754796,-6.873154592129492e-05,20.162104974471283,16.84109163493609,8.11222652116584,6.4614769075187235,5.247130023423942,7.379315712210095,5.017057915053817,4.308967761220033,5.138940369762836,2.6538504256190674,2.8214633704290226,3.7093449200946953,0.004001424676140978,-0.48888231961271345,-0.3357901697315582,-0.03575651681327455,0.12913926489561767,0.2742597241838727,0.15456328626572582,-0.059901253231628,0.008713518186545362,0.10947598865148382,0.13714594409944353,0.0836958703247697,0.23856637753657825,2.851448953151703e-05,21.286190179642066,16.939331086707693,8.739982142796661,6.719243640116832,5.9460326497425875,7.7873485344359485,6.497062543685408,5.898486606844359,6.334437663102542,3.4989379472636943,3.1169226954843317,4.631562386429548,0.0034861872855366364,seven,/content/speechcommands/seven/62ff07ef_nohash_0.wav,testing,5.0,Kitchen.wav
1839,-181.64722773466076,33.076533110494495,35.39847575503691,18.29962039361986,13.322970809877724,11.536657804403443,0.0026674549611334086,3.437176393273401,5.595735498348066,11.068155643779534,7.131887118115722,4.524757620449168,0.06987060519168153,93.44304419318763,49.11806748413516,22.719780623934227,12.827301298423949,11.546269075027334,6.877605465950075,13.14269407962354,13.506953162524479,6.762950741633153,7.0537640001588,4.919930136927331,7.147440478581788,0.05582185863226773,0.1773598941312589,0.2842100496794937,-0.09105589335927573,0.020685036998112045,0.2842556655663853,0.11180145953068114,-0.1034481081860604,-0.08751733394358405,0.2248614411389781,0.2037110978652721,0.13564143072620313,0.09348344891339501,4.583044398215509e-05,33.69765013739781,20.805484222290104,13.470805614625652,5.749440848229438,6.801584268342491,4.386712725401475,6.281631562499222,6.305726335109254,4.158883390191388,3.8496773292680957,3.6730604038268257,4.88141836848542,0.020594147285532254,-0.6245633368846064,-0.4211615185768186,-0.004297409669787556,0.08284302594887798,-0.053322365400155586,-0.2198073874486387,-0.08858138182350175,-0.23702213636411956,-0.048847456534862665,-0.09427969921045148,0.21481465699778274,-0.13775411543298804,-9.916747609774271e-05,34.999616439173735,20.408791082841724,16.26115288553489,7.383620273336875,8.408232456223166,4.9000061729924695,7.837613792742046,7.011196907694061,5.800092899878245,4.0007647486131335,4.311462255088097,5.744732318019958,0.016647367154349356,seven,/content/speechcommands/seven/caf9fceb_nohash_0.wav,testing,5.0,Kitchen.wav
1840,-236.47928934427,18.326116013632234,25.72794469109053,5.650272005476396,13.358779716543374,8.549872258745133,2.7646051184329736,6.977265845680217,6.382346202931909,8.771562247171401,3.3939835767803794,4.870509769443945,0.031734204560052603,76.04144031765098,37.736049989044645,19.923426243162943,17.717226643919528,11.428757260815026,9.339463634258394,11.802707591434373,9.857458374716092,6.061138703106001,3.9325230029421574,6.186700806344402,4.82822150202601,0.009288659962212578,0.1813649711015783,0.2170097048701672,-0.06968662445336322,-0.14352296035868342,-0.17637843124863536,0.023981313139014478,-0.15207501914332372,0.004604018682795535,-0.11517212131460319,-0.35359078395697624,-0.22719763606413607,-0.06880893588598083,-0.00048246054399398065,20.83979133251506,12.735730520086154,10.021501094410105,5.400310334571293,3.9639717966586847,4.7742951185970135,5.084036478305387,4.667941113384857,3.7107408855106985,3.623638835323845,3.806749102516517,3.484305278719798,0.004054291010831667,-1.0925848038701682,-0.8042186752340161,-0.13325039281677392,0.08231743000819426,0.06173196646276082,0.16408656168686792,0.20601607627161028,0.2676092058853998,0.20719039776520384,0.18974335854932858,0.06900773449309898,0.10978443013729319,-0.0002443760633468628,16.376283527208617,11.812131552212051,10.1995557417271,5.889077257455637,3.991545561055653,5.34852751921032,6.090046858721099,4.368248197588498,4.49625446004924,4.947829029803529,4.809932951649098,4.667111005404954,0.003350562229876115,seven,/content/speechcommands/seven/c518d1b1_nohash_0.wav,testing,5.0,Kitchen.wav
1841,-177.04530472449738,26.37132163430028,26.09634465153185,25.408793196136838,24.25218557813791,-3.0891964589124483,-3.6734170998985984,4.4288562830759535,4.824109743968892,4.400594489365696,-2.558297762615656,-2.6036838878453374,0.07667925610439852,63.96849304106947,40.4662692473062,20.571188458444336,7.152796127229731,7.643354608856694,15.962787957530804,15.850445709957322,7.456337336224756,7.226703008499866,5.483859492077197,6.999597069783769,7.450984432438568,0.04199560679802251,0.762332062394618,0.9115946697711412,0.5867199806726084,0.3649792392334744,0.2654795996231509,0.17477095942732374,0.06069923549590958,0.01738013175580154,0.17048177265789383,0.22685604995941044,-0.19275577901609053,-0.6036608828887238,-0.0004919597939137489,22.60125558857969,16.394155044534045,11.409043096596662,4.402571948727249,3.828884460962555,8.278607277550918,5.756064161337241,3.8311182547487865,4.190611228177506,4.295139546418608,4.184288630487229,4.228710852586868,0.01559518506770941,-0.5423323609284921,-0.22835778266205461,-0.08777597753413892,0.1184810974493729,-0.1508002098629366,0.04239217709568823,0.17544390229319456,0.3137450709588041,0.18097096186415657,0.12895936189488535,0.3117132031219009,0.2685272608384984,6.924420595169067e-05,25.178002771969613,19.140921617138602,12.330770407784694,5.030866492579747,4.633230257819208,8.204770657268467,6.718461628484214,4.69236970660286,4.490869725154065,5.040832433472239,4.6815713428189865,4.70950558723497,0.011688685972046167,seven,/content/speechcommands/seven/b97c9f77_nohash_0.wav,testing,5.0,Kitchen.wav
1842,-275.5227933458832,-2.5506150931191867,26.09717449107942,21.38240399717499,17.529427690399817,5.99583315335375,13.29616825728911,13.020881244724901,11.31210490657191,5.719071676268477,0.36960834057303116,8.229164499278772,0.02964672411326319,70.21923657585148,32.343653393949616,30.462313956313952,9.741388582675972,10.103803834811984,16.63639457954174,7.59732908776896,4.970802190543362,5.464464214742784,6.950480637446228,8.87392353524138,5.1741753760611005,0.008148741999311567,0.32529029343947785,0.21712647823497938,0.5226753110776695,0.27471746794018526,-0.08661924006703565,-0.040020521988853114,-0.09511441520937987,0.2934833259774773,0.2887290442222191,0.13215592850254085,-0.19989454568855955,-0.17570982209258137,-0.00020482997980809982,26.5445415179238,13.3277823151452,14.774413062155112,5.064083963695176,5.952807011183663,8.154147408824947,6.133666119274172,4.520338052260617,4.261503763921528,4.084405536547248,4.936405750146382,4.438606137705991,0.003235463247531496,-0.34705406795609595,-0.06455991304118196,0.10380206990184983,0.3142292984163511,0.25599224920182734,-0.0274638556749494,-0.00834555167465491,0.37748994564809785,0.3567018549518792,0.018940324486791008,-0.01062584535916408,-0.09751240051710545,-0.00011484790593385696,24.931185262816765,14.388735001439194,15.550898989424006,6.142623156154733,5.90426548516682,10.34128213959525,8.24640739524239,6.450344049308669,5.7563937127921605,4.758143682161729,5.7285047144253785,5.676724399389211,0.0024843192196737627,seven,/content/speechcommands/seven/022cd682_nohash_1.wav,testing,5.0,Kitchen.wav
1843,-246.62877971166503,-0.33762158412859156,38.86212358534961,23.256559039605932,17.017848182976813,10.404908303136285,7.219233058096962,2.284540778665056,3.7808432809456196,15.764323331403917,9.022433723330607,5.380766025792389,0.05361102974663178,73.773755295848,48.96518561078416,20.733561571942516,3.7108327593134396,8.168394719263258,11.37026923535828,11.686670877948266,16.1489456840983,8.646066736290745,5.496343589455955,5.77194852011773,4.746085299293327,0.025265565078298916,-0.164422115067084,-0.2325900458255464,-0.2700293560804658,0.16875619561900385,0.21908657171642376,0.20658767048895293,-0.039126425891666004,0.04310876361665456,0.1596836282428235,-0.10681188748039257,0.1350697775326974,-0.059690160723155535,-0.0003989029290347264,28.070943756246358,19.870851037469567,13.861088337714794,4.031253298646348,3.751820350812246,7.22564778367215,6.284627682308419,7.813792274499487,4.934091600972058,4.093706861000771,4.241470052850429,4.51162538003961,0.010712030924679164,-0.3808858036627498,-0.22704808202236743,0.058540472514048404,-0.07930803289982442,0.046979448524698535,-0.09476167158056789,0.1548142377796681,0.11567393495762435,0.11270511114204076,-0.1270082452444239,-0.030204171555522734,-0.08276253217226344,-0.0003532409401876586,27.06672677622461,18.84275277075641,14.20584122516059,6.537043374595603,4.754447329865962,6.940037579227039,7.82119979576649,7.8476692404209745,5.842622880876344,5.614744964044288,5.809525065698524,5.841049934090724,0.008342947426628847,seven,/content/speechcommands/seven/412c675c_nohash_0.wav,testing,5.0,Kitchen.wav
1844,-251.33086436163873,13.911317677479929,42.19700087657932,18.088337108363568,12.153617087552721,6.188080668782777,5.487521002911828,-1.5501147814742358,1.21423926285892,8.979254049502371,9.531239834634242,8.776794307241126,0.05453841615235433,75.652561481079,52.07504325809155,22.570251325191563,14.177183076849248,8.321610182752108,11.865357557085783,12.713026116075712,16.795426468005896,14.294212077781708,4.605099195358463,6.861321710985447,5.928264785294495,0.037384034468789865,0.3665972583466735,0.40650646169050064,-0.1223918068972288,-0.2947730456772714,-0.10335165248878893,-0.31403227309811643,0.2260779157552143,-0.02693713880224148,-0.14835260482067458,0.07926296862741897,0.08599144995070851,-0.13019423043049916,0.00012586458075431085,22.04427778032461,15.865310907554864,13.706928110229466,8.339348592417071,3.287127394115438,5.156520170820672,5.031341242185841,6.332782846662621,5.574417491628504,4.833236935556213,4.405779520495747,4.387658489706135,0.013508259580155441,-0.1723336170175249,0.07773090294641918,0.1540307487946419,0.03324397673461152,-0.027924305404803108,0.10924109033656446,0.14779411901450795,0.19335022552054504,0.1793807568268231,0.30096207395582125,0.23890067787454802,-0.05533628382255582,6.684921681880951e-05,17.31981348705526,13.08682821088778,12.479683048442762,9.091628631931846,3.92981027160496,5.6897270892517415,5.332162746280899,7.196743895430234,5.858423254891333,6.241346965498372,4.667975389392151,5.377083070299047,0.010980195348489772,seven,/content/speechcommands/seven/d9e9f554_nohash_1.wav,testing,5.0,Kitchen.wav
1845,-317.4620940154392,16.40778720519482,36.882083526375766,23.02743159085069,15.968561383242005,5.725398692287506,5.200039183837222,8.358119246451503,10.23568514254568,10.570876031024248,6.787074717311152,9.349276079631458,0.024012361333006993,16.452868882663406,15.138715587262757,7.87253260008613,5.751754261817344,7.704263286254205,6.210238537623412,6.290818118971615,4.723980497771119,5.12528162590246,3.5511262697453367,3.439921705381599,3.3507396457558447,0.007063560997174372,-1.781874025880161,-1.6343664892514753,-0.8282407612047314,0.15545046724967995,0.8052291494291892,0.6283702287381836,0.5558786347549988,0.36864977117299536,0.07464642330862296,-0.009613883972317954,0.02799571307566644,0.25478785826002376,-3.4100075642908775e-05,7.527931613277017,8.388155203933954,3.3064707310060313,3.7636672644852234,4.6720785281679245,3.6559378813159533,3.4685124287607265,3.584684795181525,2.8210405489278383,2.930035493745311,2.1879823421362965,2.941351479927561,0.002877240046712252,-0.20057609154553876,0.2886129243430338,0.005324112498015528,-0.33287760860881643,-0.061467584513627806,0.10877808448622822,-0.017276401505681348,0.056388843601930756,0.2368860052386551,-0.013446942850783412,-0.04476287616267539,-0.00492181523260878,-8.063611264030139e-05,7.479237563769785,7.987021245773512,4.3841997787025875,4.338325673521472,5.597370605815748,4.477915478522116,4.776407481239563,4.960868114185249,3.8961133409072883,3.601138696934914,2.8818365549753464,4.115260033868079,0.0026434460655272913,seven,/content/speechcommands/seven/3c165869_nohash_0.wav,testing,5.0,Kitchen.wav
1846,-267.15936206346146,26.414178782241397,28.362317188154886,13.272548783715918,12.633479201425885,5.155729685175539,5.9860424417335,8.58595228053872,13.274520613357332,8.21847876549268,-0.7413176428331567,7.417285340007184,0.039906211371999234,77.99924945227302,43.37944731587694,24.25704387617262,16.767547720371986,14.030345770802406,13.116776795689049,12.807054829762968,5.757689025079065,6.7447496640825255,3.3045624900029202,7.462558902655907,5.095837170620204,0.02566618647547657,0.2672911304950921,-0.06462575771522662,-0.24603646751744213,0.11667243314100431,0.11342133040832743,-0.05957980143431786,-0.1390229798612555,-0.09591042197867715,-0.044663182465087464,0.12846795748786338,0.0840721384417865,0.16488731241027352,7.147942819902974e-05,32.849960472567794,20.54464108082931,17.046527748217024,8.56497601032132,7.419075565755509,7.307608064717458,7.494298108619321,4.459376848970571,5.548538445216594,3.325546380360677,5.4048630997357305,4.003667043382617,0.012193354612300889,-0.019865949529687062,-0.1594441830278903,-0.0505017524247138,-0.1751682787765829,-0.13562842348484072,-0.11600750132518674,-0.12726863380979475,-0.1290570696447872,-0.1341501430641963,-0.22024486018996972,0.051051769156579406,0.10390941552380409,8.741058409214019e-05,29.927006528179735,18.111854662856747,19.403854609565425,10.085516092211693,7.501169496552497,9.045237158525794,8.712844699619838,6.5472691020373075,6.934219243282634,4.830435767496745,7.7637635183554945,4.517828371416418,0.01045871854138119,seven,/content/speechcommands/seven/cc592808_nohash_0.wav,testing,5.0,Kitchen.wav
1847,-125.0451792839506,72.79809317252344,17.600506857737372,20.02316796425135,11.276556937087754,3.55122137741333,2.3947722272436383,5.2201441375104825,1.7137606856931002,-5.2100692319747495,0.3261061567150817,3.3481312604489273,0.11820103425998241,67.91663083304732,12.620049317686687,34.67743132722723,10.492869452298352,9.728662272927737,11.584671029408879,11.017628707231857,7.5778966770942775,10.539258662201274,5.290164260434361,5.317226431275734,5.286204964312884,0.09582838218061815,-0.269310008537769,0.3325763475538656,-0.050257849270622504,-0.5286245241814422,-0.05180628416875917,-0.3578462986299864,-0.031503172956565295,-0.08599494616924624,-0.3488889124831109,-0.06476047076166119,-0.006731231976130326,-0.13675837154240977,-0.0006952467224290294,24.34304086421047,11.30125950837777,13.680188681032556,7.515539613727975,6.5068732375655465,7.678364479702214,5.325558341850364,4.929353107582626,4.74988889861899,3.868172598507153,4.693686422899623,3.8391121241395765,0.03397552331885959,0.0339878071431194,-0.061813071010499716,0.0900915747343762,0.1520686571072465,0.09101079148847167,-0.06497711151453538,0.04781761737906827,0.07340363635085641,-0.1250916631316731,-0.280986317113326,0.1166444295488886,0.18010549281196425,-1.5031546354293823e-05,22.570299578790728,13.485528342397092,12.045120756960168,9.707546518068407,7.9065061936146535,9.18194808497671,6.708266636498979,5.623666912931018,4.7224316887761475,4.87084922705331,5.8932411096117985,4.530993251200926,0.02362761134285377,seven,/content/speechcommands/seven/d103dd6e_nohash_0.wav,testing,5.0,Kitchen.wav
1848,-172.5468019688262,65.5045628664286,38.487808459127706,34.64223647945077,14.724303078981048,5.962484455460574,-3.975929485112322,1.9327008503726777,8.334929531111442,6.780425455311689,-1.2905142563377632,-5.746194025172174,0.15756244072690606,103.00273883310767,44.42978354089932,35.612064093250346,14.84407735759284,16.938451323014235,14.482225057595388,20.791716298832334,13.62907018812648,7.645364992616365,6.684420903421957,6.294115890710261,8.56520792277578,0.1328152645205778,1.3167753792030175,1.1886334538516778,0.858885832613682,0.5051439800089821,0.24587373644486607,-0.2840922032649605,-0.20177190657742028,-0.5286330889236613,-0.6992212832209029,-0.1628353679704545,-0.2309795583889826,-0.08003540664022818,-3.332909076444564e-05,34.735074063802,22.377560357512618,12.961568809507936,7.595349039833239,9.448143106286038,9.546363521315465,9.368408414169625,7.206599461049888,6.025624814782886,5.315964950646258,5.4530531297199865,4.9766444398454155,0.042542895630914526,-0.7336851828617005,-0.6067328667218873,-0.023471354840380106,0.031040055322872226,-0.19707825638979143,-0.22023482966469032,0.0018959588838709962,-0.16837828114504647,0.10172219852260307,0.1458310953754789,0.18930309363460382,-0.10083703473290775,-0.00011225901544094085,24.179767958807886,25.250443314033365,13.127576148939532,9.022927867170344,12.529139191379231,10.967311074968151,10.257047760585863,9.39480672869092,7.845937809746314,7.789033746014866,7.054807563874053,6.314303196420635,0.027316600732856463,seven,/content/speechcommands/seven/e1469561_nohash_2.wav,testing,5.0,Kitchen.wav
1849,-148.846832324336,53.022250292123175,27.27752510957794,29.46335562624658,12.280773253544599,7.513259267727538,-2.76664863483738,0.9897489447183698,2.2020370984249205,5.733903537952749,-3.7136620835495884,-3.7834064830886422,0.19186183070996776,133.29137205071154,35.755601388673846,24.993802753807376,9.092212210174411,17.900310952441085,9.437215586706012,12.576813954302224,9.116984854806242,9.157722904846741,9.059848767575527,6.428363166972959,9.763552287898255,0.19051149419567942,0.42457312916582857,-0.046710615354728605,-0.44153764918010274,-0.3123842647790357,-0.19127878567513693,0.2909826931931166,0.11526028103430538,-0.14256145933640346,0.18680160436151041,0.3415047210840009,0.36651392788860315,0.5304209453614396,-5.512876856711603e-05,36.29539815693208,22.392809042733436,11.686365531273559,6.699160040725685,7.723013068236108,7.350129850776895,6.97260057407162,5.918515629557741,5.990392669055584,5.025653007162158,4.989939871483412,5.995864470886977,0.05166136071836147,-0.9166856373635729,-0.8298755899740471,-0.03781499202214971,0.0943963444482525,-0.35599935492511053,-0.05272100238061069,0.27192688312991015,0.29425474967883053,-0.1991914250937209,-0.39219553799456813,0.03643463409606393,0.5282917113549989,-0.0015264699856440227,22.479225324025883,24.416338224404104,14.705611316693398,8.474016026829098,7.782634034432325,9.889977172022805,9.56970529860269,7.072895799462344,7.218014104804841,6.166353832725706,5.983359338905987,5.912496403863583,0.027605907361669898,seven,/content/speechcommands/seven/e1469561_nohash_4.wav,testing,5.0,Kitchen.wav
1850,-295.14611755535145,40.22062784886649,41.260334661148946,15.236629097387333,8.841598188432581,0.21556852087155232,4.961388997402501,6.039794864777329,8.044960960839099,6.341449040594199,-1.336153005338784,2.740858534002377,0.040707508800551295,58.58495731544141,47.92890682490803,16.104683217584554,21.936595853271523,21.01338292307452,17.898620278550798,12.450323130953342,8.453438898354866,7.772988080773448,5.967398592180315,11.158666695962529,8.215245215366004,0.018829472777743942,-0.34048650727669383,-0.2787757042605499,-0.020354837424089247,-0.0861311238949037,0.0399766595271449,-0.09845699573502249,-0.13606345303195097,0.013319763783653092,-0.04242230759238827,0.20575135211185375,0.3020241938915474,0.03800378110723196,0.0005177752144875065,23.582366461482312,18.792313417130405,8.78935802670951,9.650759685252998,10.911897948473262,8.196426360591712,5.974466463760619,5.18618768200177,5.159638416853898,3.5409846792370248,5.496876519099955,4.598312428979629,0.008485060322214123,-0.4084117960458002,0.1481732153148356,0.1548296192471548,0.11523439787482345,0.11832148178004154,-0.05918733095890207,-0.1250775611896674,0.04478358419218894,-0.04084358660421377,0.21630352092231064,0.05966827667397953,0.0029963289003041758,-0.00011139592776695887,20.338952274125287,17.48098873432713,8.084374330492915,7.9302830941476765,11.935686800694016,8.69979023469596,6.793832943607626,5.966138618004311,6.196438334948196,3.586857473189719,5.549898788414267,6.135911353852799,0.006930525846901737,seven,/content/speechcommands/seven/3efef882_nohash_0.wav,testing,5.0,Kitchen.wav
1851,-266.15947587040944,8.71180097562968,49.20849638205149,29.138810399253785,16.974339791908577,14.505888286371132,8.443721533250406,5.2606860685328805,5.462327115678472,8.913534075416127,6.423614402324008,6.875190397756741,0.05947267886949703,89.08497598687377,63.24367839337064,19.064006624976813,13.062853143403908,10.098906876611084,10.014675906253192,11.105055598358955,14.557551590435368,10.89809646853041,6.5348190832925965,2.7034883277130786,7.084768285440943,0.05650139546314996,-0.10569439411906864,0.017850052442217507,0.056769313400772785,0.27313761156024624,0.18819956887747014,0.06729810695186826,-0.2961186061332913,-0.22914418830391986,-0.0249315166502025,0.48691060402302727,0.20962712500851524,-0.05687014305976521,0.0006253785423694119,30.611383494293513,26.577425779700135,14.049746821669016,8.777161392482006,5.10887386868447,7.164483825829756,6.134696662162507,6.652178227581795,4.037324487543855,5.323885622564984,2.8578858025149687,4.277278211684168,0.022613278579297996,-0.23764258205584193,0.005238676176547467,0.2678774678816637,0.25139625748632155,0.19492632766161636,0.22239955918613674,0.19917807761123818,-0.07316246902362564,-0.0618062668186921,-0.05085617455637449,-0.007849456985391997,0.212386524556075,-7.465283075968425e-05,25.969825599173657,24.468447591313105,14.922862565586971,8.510005230725291,6.088642564923698,7.121943830925539,7.852874786343773,8.094898623403271,4.43754553712097,6.008243670181618,4.064407902644741,4.9839364832623225,0.01878791462013094,seven,/content/speechcommands/seven/e41a903b_nohash_0.wav,testing,5.0,Kitchen.wav
1852,-249.89850762160336,40.85450932219317,22.766994462231118,17.901336772038377,19.68588668926714,0.13542871058634443,-5.2918638575750485,4.501420173786497,7.2540203103822645,10.518667762938819,4.066252998707645,8.43236710360662,0.04011287813773379,59.56951938352507,27.779843861560565,26.132772820409603,14.364522969926567,9.462225599946896,17.174799559301555,14.829693207392499,9.226035051359474,11.102966752490739,8.89774405868647,6.300454168244142,5.416417841213542,0.01649981391920028,0.43768437948890443,0.4934772463864772,0.4879405168385072,0.30045437119123974,0.19147569511718662,0.06308730832343803,-0.06651027844272417,-0.13444472188809287,-0.21074487435015235,-0.22749404944516766,-0.23535203802998902,-0.04636830059612936,-0.00034407700502103375,19.932736426398918,14.603851259606095,14.665268255893983,7.955433442761173,4.391750599429643,10.324269970975106,6.157254353261754,6.199993254261264,6.082362880858607,4.942639265824984,4.348942568847356,4.140275150555483,0.005764392783752475,-0.4540209470574951,-0.27172006001591825,0.30315335187337394,0.12936217144624246,-0.059259816822521454,0.1938392350699494,-0.28752087803589627,-0.3187152477994996,0.017937315038505968,0.23539296417553873,0.3097570651099287,0.1774650550123279,-5.547131101290385e-05,19.219442540345785,15.651098237591667,14.03615142118532,8.140073608573669,5.339731641219957,11.673825560982145,7.328178647624965,6.570391187832007,6.724350453425865,5.580557007297418,4.73885480451884,5.013512427025376,0.0041827100266435355,seven,/content/speechcommands/seven/c22d3f18_nohash_0.wav,testing,5.0,Kitchen.wav
1853,-232.33856677758808,54.229265405301966,8.153674046475704,9.882297429352354,8.25089930942967,-0.7771322368146149,-3.497985451063606,-0.689641210356307,9.370690857663817,8.64517812510509,8.644144034560366,5.953691618279851,0.04359788115834817,78.2871675318831,37.309912990964726,26.798449177370223,15.463580808796436,14.371801588132403,9.147216716113435,11.169372247568775,11.941683286879083,4.485398110530294,6.158203050490516,6.333987446674975,9.761333840656652,0.03965414697939244,1.9437281620647875,1.301610061757119,-0.5768707698416202,-0.013376951104689226,0.4265018601577974,-0.009288591414854178,0.049263052675917,-0.015312430809865803,-0.05459777527781809,-0.3212359228280766,-0.3966876096285418,-0.6454986524625894,-0.00023590028285980225,30.184864787278727,13.129821936818518,12.69326170906102,6.472574340123714,6.626291763924656,5.7706064193106785,5.297772828937104,4.9028282083202495,4.002594531227047,3.1941960707793604,3.6991975212972923,4.9622193669242565,0.01497885626644234,-1.138334467211603,-0.5080890870879242,0.08263879598424353,-0.30666683021273167,-0.26161252308487476,-0.01721915063742534,-0.14545118369540871,-0.0019831758412309627,-0.11254103011120822,-0.038328221294540624,0.15978287104859398,0.24307896166031429,-4.37267745534579e-05,29.967763311117807,15.896256858106096,14.287415665371848,7.184121958448745,7.832824683681632,7.255774731784841,6.074911092024871,5.468172886138553,5.399690548570874,4.410328533350003,5.266790140402533,6.001458208540473,0.009589061305434738,seven,/content/speechcommands/seven/caedb73a_nohash_1.wav,testing,5.0,Kitchen.wav
1854,-271.94920702051365,28.937964442217375,23.355671261721753,6.920736088633045,7.986489618919741,5.111495389157305,7.705370046127541,11.539445066368586,8.283728893477415,11.833614112968403,8.747951207927171,10.366204523776453,0.03862534515792504,24.543928655008433,23.829307051028344,9.382383743460991,10.542273764804472,8.494924116333685,10.557730853130945,13.402739548873702,9.386950847675212,3.857298406213959,7.707702226106099,3.973255073287358,2.894897631194821,0.010860166450213928,0.1799170145508902,0.03876537574076175,-0.043403031292217654,-0.42158022981499854,-0.304374296279971,-0.18687545059098495,-0.269096635729757,0.1335424302460708,-0.058782096490562326,-0.3993694889961069,-0.13440296697669582,-0.13881058601684795,-0.0003545410450427763,12.9437965231941,14.32809800769206,6.624361439528782,6.136438785448934,6.09298982904963,6.159837996660101,6.42269952047593,5.59093872101651,3.5547513461607596,4.737373938466422,3.142453480441159,2.6266138614800933,0.0058435729820749925,-0.2626395345171204,-0.06458428806875562,0.157326523423036,0.25626698719636193,0.17305425261349583,0.1287500457199761,-0.057800338553565214,0.1981735702460886,0.040662871981026395,-0.11062697156693004,0.13151450397654815,0.08065203672126806,0.0001218363642692566,13.834565144562987,15.64194437281685,7.889656747852285,6.625220582477647,6.175461170244335,6.045184370411285,7.087441083175351,6.340649915378819,4.822425441518307,5.578192688177325,3.8689718952609815,4.174824154363154,0.00471477629047209,seven,/content/speechcommands/seven/4f8ef132_nohash_1.wav,testing,5.0,Kitchen.wav
1855,-112.12404457477359,-37.802000965600676,-75.50986070687368,22.900447365880595,26.483078437433903,28.99357092870202,13.43845055370354,0.35320206366688917,-15.412593389422012,30.60089129849726,21.304952919595223,3.802100137534386,0.13505908264778554,12.230209598466361,13.884082497043124,8.52278830286031,11.775276967922126,11.518052831138645,9.025793370801551,6.8900255361171805,6.620823763047151,6.567421684447552,6.776737535142015,10.02446027395402,7.556232302035276,0.010353490723457832,-0.7114499684766599,-1.140271479845043,-0.6694358213084124,0.6604519539779413,0.8899541260568482,0.938478168344721,0.5008704202091954,-0.1108284837236769,-0.36543656975248767,-0.004576172469685292,0.06003445290119251,-0.1366396643327047,0.0003189156132359659,9.722632984479059,8.8286537497616,7.634753215370826,8.556919864775741,7.441685788069665,6.964796266665127,4.8442452397728,5.746956979223647,5.494790246101863,4.300661758217916,5.040110211464951,4.7571778871256445,0.007818099568035915,-0.15913310509364229,0.9049292547053898,0.7341816297861603,-0.6937667406698546,-0.01803278720218735,0.0507008610091899,-0.04521063953094592,0.05257840201067629,-0.7651425592355788,-0.25165407528001904,0.25814322611248397,-0.006879098551785005,0.00018530388673146565,10.365431748035835,8.488856767417536,9.712987796883674,8.47561532342288,8.044685838714187,8.26694677784927,7.012610916168863,7.849737297559915,5.0944958504503335,5.49286151186138,4.751557434340238,5.7560335464293555,0.010980327848250409,seven,/content/speechcommands/seven/3f2b358d_nohash_0.wav,testing,5.0,Kitchen.wav
1856,-220.1383925406298,21.462293581352867,34.10383836621061,18.74074034797603,16.074767420441894,2.7322123260195,-2.3690685668466758,7.41340881653767,7.871887370745508,4.303411918589353,0.09702362545544507,5.304888619194436,0.04383087842143141,38.335342683476085,21.172355334434076,20.732781673419076,15.060474643281689,9.12905564150899,6.940604109183036,9.473605228629932,7.57291003402781,4.940912860345267,5.899942955142478,4.833472076344726,5.922976919125471,0.017447338629344236,-0.6494503462499641,-0.07352716415845754,1.6234889392859393,0.46611240241563945,0.9299951912379946,0.6593363044820317,0.1233435097794455,-0.16006008335806593,0.03482818452100541,0.5296285398852089,0.0025318283279560723,-0.17370701144982392,0.0016620271809158786,18.457847983471495,10.974011521329711,9.47104091740953,8.361724664966816,5.485001319688374,5.790803215258701,6.967523641499422,5.447642835643928,3.627628503310861,3.788402564246252,3.784089601134629,4.426717751793267,0.0054716956004283715,-0.5797483283289011,-0.5222591541265467,0.3066754246770594,0.1487964112891356,0.1363429239600458,0.07033248363577028,0.2699329388483615,0.2687725597109817,-0.025779147715060593,0.0011708833833411702,0.05180502521689347,0.2141893167228128,-5.8106922854979835e-05,17.75978013385144,12.017965884155018,9.25386638817079,9.318670551928188,6.898267980693253,8.067827313598308,8.222376514700748,6.9372109136533275,4.282531713363682,3.5968778919009807,5.370332016406914,5.759116079876395,0.00371509486827594,seven,/content/speechcommands/seven/b2e2773a_nohash_3.wav,testing,5.0,Kitchen.wav
1857,-257.83603765489966,39.76939504394899,30.67875748467261,8.752157236444525,18.249121680220888,5.450032920008065,3.29029810529712,1.2793201081845698,0.793027539085104,7.055736366499692,1.2128940565292814,3.435898181901188,0.06400208704872057,93.54609017457992,63.6457131144565,21.495341564152426,18.38503823788688,8.47058664461814,10.885371397502729,15.347647068623804,13.72513379110661,13.409049950261176,8.360758826343051,6.498805437195729,10.008199995402373,0.05551118770505904,0.0856170985741077,0.005230296114580407,-0.1749171683051159,0.33125284314710973,0.12476295856401494,-0.19062464733424417,0.23233635065577807,-0.0909696144648691,-0.3432110822581814,-0.30579733783522245,-0.18496181015663357,0.09528594409905046,-0.0007622371157330851,39.15051234723804,23.411697543946598,13.06156353722294,6.580278424696527,4.411289925951256,5.600445796138584,7.809413202654857,6.605675961296267,6.397285249061384,4.242422539144425,3.558403704378021,4.967694247721571,0.024699632018413433,-0.4896320660033851,0.17575795088882068,0.25304137192855963,0.11628899057875372,0.059912019125619054,0.24127939831482823,0.234192845165075,-0.12075341389069584,-0.06938167454576068,-0.06659526120690958,-0.10076620685028216,-0.07428234881243977,0.0001344092811147372,40.215838472450585,24.5287348190119,13.797186019199978,7.321795552420997,5.231514018912299,6.50325427585369,8.921387118654728,9.027952145954485,7.792339261222323,5.416814304136001,3.5568117992695485,6.475245605635931,0.021956842472037393,seven,/content/speechcommands/seven/adebe223_nohash_1.wav,testing,5.0,Kitchen.wav
1858,-244.03751084433168,1.3480231126883795,39.83963270489616,29.71189903847582,21.888133508324223,8.177977156499596,4.291450602886196,13.571817171770595,7.935010110616872,5.899455229047698,4.049830945500817,8.702175118655887,0.05507193465018645,92.36575663021557,44.38313125996898,28.685986540857282,8.68236101330545,8.064934825255841,17.85187069675899,17.936501262788806,12.887506798862576,8.095964927372806,5.8061553658551395,5.447430169036577,5.496320142527973,0.02647657316561959,-0.12852019079334806,-0.38690910411530766,-0.27735123040201043,-0.3626121941874682,-0.4165849356594308,-0.5550915083411012,0.04245666026438832,0.4814393592783692,0.26578674553428194,-0.008014016040097582,-0.18564739397468372,0.2622505983918744,-0.0002192699861141943,29.86556465561115,19.519255747475604,15.286814518597737,6.580073184482255,5.578060715362254,7.7636425081318485,7.725380070835985,6.351755744660406,4.933585993769512,4.254965306083794,3.594485225614497,3.160566501921135,0.009137085508660176,-0.8555295811367256,0.22596108015803745,0.20886704575514692,0.22337095371528004,0.10788580996487601,-0.08997836284500395,0.04073407123728234,-0.3426589508884626,0.6271833431037473,0.10060763642512818,0.16549005093742755,0.18911237402875702,5.6318814555803937e-05,25.83313873848734,15.971996736925735,15.224621628742405,7.552889761639886,6.3376993728258135,7.260226663224102,9.912874075190748,5.6311499329008115,5.415477687293258,5.753481540605073,5.183858890921074,4.077722790347572,0.0060629164986621045,seven,/content/speechcommands/seven/c22d3f18_nohash_3.wav,testing,5.0,Kitchen.wav
1859,-190.78343764668307,76.34583580343622,15.920697338061931,20.021896570758244,17.484236458488375,-7.319066936687522,-4.407323850392375,4.071191394649198,7.271865502893997,11.745399348230823,-0.8009838829064642,0.9855500951011305,0.10778523061890155,87.50698434796746,40.885579043486054,42.566268758306,16.662581180687585,11.42455433805274,18.306431022878147,17.65234678069768,15.302434151024283,8.865628922210732,6.946874873185897,6.618836627343652,9.07048225113161,0.08265290670960158,2.654811494691643,2.7173117000837372,1.3393531761255422,0.6627789567403253,0.06835943475007619,0.03794840367698065,-0.13924289705161896,-0.3234781389593106,-0.39190668538567436,-0.21398805169748045,-0.2106672145208293,-0.2965510615414691,0.0003921218937443149,38.98615877248976,20.483550366539905,18.15738760776766,9.408139232716813,8.313166498410215,7.612151900484443,7.714606259462122,7.175442071388775,6.076041211335458,5.383923190803059,4.733880317890347,5.209966086305782,0.026554103923605934,-3.491640677996046,-1.9142699153052993,0.8377893053241543,1.0628015049522623,0.6801245668913393,0.16194378930305312,-0.2627923371553966,-0.34893381145258046,0.12860011458976056,0.45101184701935915,0.25310073924138776,0.2911005668033747,0.00017537946502367655,33.41566467292312,17.922135922380782,16.834411023786096,10.591572306537802,8.883069895318163,8.36909282444379,8.972950486480364,7.209235997076757,6.592379446327264,7.334817379882197,5.389162158363699,6.431601803158243,0.018415963892474435,seven,/content/speechcommands/seven/b97c9f77_nohash_4.wav,testing,5.0,Kitchen.wav
1860,-285.2661663656692,11.169034039329114,44.04467196356295,18.530859338525538,16.52106647074701,9.175588330664517,5.55904707499045,0.060230549148226675,3.1156371987289657,7.837058673658949,6.253773115065911,6.612735233771696,0.03849849564721808,60.566209788025134,45.407616723348525,11.098945085898318,11.643667646808085,6.262206243923593,8.765218651412713,15.512326970974371,17.634267831026552,11.053237488113062,6.049953696841459,3.975312489603509,5.50475275143955,0.017133898760707596,-0.2798740072857945,-0.5361750760774737,-0.5352620911012546,-0.35793578982855395,0.13091255288612164,0.056541373027938435,0.517528712472199,0.3543110948805869,-0.07643469805888757,-0.21957341535637911,-0.30536219896572725,-0.047687382950862,-0.0013548083483211457,23.430898484912756,17.363942731052795,8.846518418202441,5.140431596582839,2.9656497606017616,5.152385770931331,7.542485875793963,7.9294337660902965,5.177194336776313,4.0601002832720905,3.6669157228348,3.861445985502117,0.007285555221256796,-0.5922163624991924,-0.48803513612310245,0.09612324453353954,-0.008025945722416772,0.13029201052408534,0.17306554979846175,0.08491860482276875,-0.13092837214818473,0.07535066901975156,-0.2136763684677999,-0.2165196206542728,0.0683585119576802,-0.00027190695206324257,22.017259684777127,15.72701279470582,11.383196152492008,5.192539387571589,3.7123702936911958,6.4030969598613305,8.98957277052959,9.403620438437539,7.2434362303798405,5.599946920058058,4.480323718191439,4.871884335014167,0.004311045322665756,seven,/content/speechcommands/seven/5c8af87a_nohash_0.wav,testing,5.0,Kitchen.wav
1861,-212.1624955906966,22.778137955389106,15.079757053400062,20.415684727777574,11.32243577231971,-7.349819503955693,3.242696250833835,16.2991979731781,10.274897810422189,4.321824360950526,1.5950692433573095,6.781651256616989,0.06476351647870615,74.69033396310468,32.56950252637646,20.34456734785523,10.87499437305164,8.60439791259915,20.44953966452349,13.147336851381253,7.392224136116649,4.923096501568011,9.27626108033861,7.702000980642246,5.886012778745731,0.047952883366954024,1.687874496365779,0.3312259731193754,-0.04004381368536044,-0.5365311311033516,-0.2522667728560483,-0.03390010406667136,0.0558686393115593,0.11565572143610793,-0.09784121577207483,-0.03994042991520358,-0.1937947252034744,-0.2834402978421468,-1.2423302377423933e-05,30.842495375087893,14.263458973373606,12.434309256685248,6.822966081095224,6.589117920231937,10.492553964746284,7.589373954181481,7.398053179949015,3.859367777855365,4.596086418023519,5.396301455450317,3.898117671713974,0.020374980955400284,-0.3268454167248213,-0.07535307117433009,-0.14899112515190774,-0.049882388009923416,0.12807612668930288,-0.16129740137669166,0.0044307427172513535,0.2180958042047705,-0.06745788176477419,-0.0096832848927115,0.1801880401171723,-0.15284871333472647,-3.7426936129728955e-05,26.335255785365746,16.02124087903562,12.984023998313143,8.911936395818175,7.113101286524081,12.062199349581595,10.234781943656646,8.529296081392207,5.4224678512778395,5.779462718176465,7.1799678068918364,4.775146144487642,0.01504036401036475,seven,/content/speechcommands/seven/9a356ab9_nohash_0.wav,testing,5.0,Kitchen.wav
1862,-172.01869799779308,40.49065810734257,17.285320261656633,23.73700808936456,7.203233007616233,-1.273534736032294,1.2593314065597832,5.953076907879602,5.690845642003502,0.7392612494530798,4.24403528405965,2.901113783761451,0.07397183659486473,76.80190896589026,30.291650578497546,21.060485961344416,12.289666914627537,16.40132073958811,16.299084138528766,10.809296176301002,5.029894132393677,5.168535055575844,6.059470055300537,4.306682241949565,5.40586798832629,0.039038469191459625,3.7889888308530293,2.0193491999961597,-0.26677122942965975,-0.12785464562811705,-0.3263798161590976,0.23437696186207907,-0.04887628175020706,-0.3225062457688816,-0.569768086057605,-0.7287924291991223,-0.11473873608428808,0.0360300923794726,0.000281095624931397,30.894803923267055,17.653016110506933,12.40508647742214,5.989667029247747,9.776631202537434,8.948598792234247,6.3547596002286095,4.534795421223379,2.999764588105172,4.033049618203353,4.024549783473575,3.6689331396462417,0.017867124543475256,-0.5542200235447136,-0.47333484241492724,-0.0068663598964633366,0.039664405676365,-0.014003968307443297,0.042242135629209976,0.10610297425304963,0.17171149275452743,0.12715000946378371,-0.16141038112408787,0.08753024995005522,0.08892203807565643,-0.00014022799829641977,29.087783776078357,20.671326400486453,13.269711315042603,6.025758309222176,9.146075102394299,10.097264353887065,7.520846789578774,6.195471065047226,4.045091923770868,4.383492962650756,5.37970826272125,5.245850271123786,0.015035880801410365,seven,/content/speechcommands/seven/692a88e6_nohash_4.wav,testing,5.0,Kitchen.wav
1863,-261.31929537954323,19.571411683941296,45.07908091353001,11.525367402678567,8.980736598148118,9.062635211370942,6.176400407044855,5.976270888712654,4.227149076788021,8.012085112225746,3.429363967362954,3.869815984293028,0.03404338892188764,44.69225124849242,25.024667715801215,9.746780116920496,5.89029099730246,5.2771209453997585,6.849773507048617,11.84240279325635,9.751001429677606,7.545613238499833,4.494885602519171,3.951537517678634,4.446887216366951,0.009304909174057517,-0.007011806623747437,-0.2860773308648225,-0.102837763134418,-0.27984241265003246,0.11798921700313034,0.03752479042053724,-0.12054040228241453,-0.3186908201965099,-0.13667388589979007,-0.024625449034069734,-0.09224108601206424,-0.013555921993057277,-6.743203848600388e-05,19.938132295627643,14.028649082098003,7.758451437081515,4.385419481431184,4.004427221538741,5.535070377317786,4.950104619752991,6.438490318838679,3.7335074370919874,3.3601358113137283,2.3255567674040796,3.442802962027734,0.0048274349010680164,-0.14081441050262614,0.08786504608634294,0.12473677151836439,-0.015459549326102289,0.002495800050107755,0.17305821795045812,0.2146768449838537,0.10098594527913089,0.03245043718439366,0.14355513014390078,0.27226079205102244,0.3274999403780151,0.00012734660814548362,19.59282185698222,15.490209402173727,8.12959256836451,5.854212279243218,5.5522915516390245,6.4778130518923,5.364415063918735,6.84423051600906,4.130810324679679,4.179577027221457,2.896462616164041,4.607632494755322,0.0038262261662708364,seven,/content/speechcommands/seven/5744b6a7_nohash_0.wav,testing,5.0,Kitchen.wav
1864,-143.5116575213255,92.59527539138449,10.488787427963189,23.006287831757092,3.6797477561487852,-0.9343879128285622,-0.6950400576972864,11.265837024552132,6.956681012919857,-1.6255493139192567,2.992963671418649,0.6370110014598277,0.10205586685333401,64.00892473588482,16.665191398681568,29.520566320035954,10.47441219949644,11.726376718456878,11.976842174038826,10.681831952841936,6.027270392485088,5.467143824957112,3.168371185663842,3.1577939469550613,7.299835027470474,0.07720169940153973,0.03227912397005639,-0.12582032031974494,-0.40508680046844747,0.005493061438721679,-0.007186426780420037,0.08490581062737512,0.16023694193504284,0.3723657601760572,0.32240813049598294,-0.04894972861659306,-0.08128223701168863,-0.05111202757356873,-5.534111011412836e-05,23.612556085261215,10.37029644382396,13.48411476516586,6.882705155816762,6.8643521531092055,6.7997950136749346,4.696877002276677,5.180171312858013,3.5888190928502706,3.034461025697628,2.98518631501783,5.153488897827127,0.027834206810454277,-0.06097146367586722,0.06424039609589206,-0.27274325712662667,-0.2237411340204248,-0.24779034841179168,-0.21257991904140328,-0.0608372522283581,-0.06320786423036383,0.013548036517823962,0.09885702937465571,0.026232511012631177,-0.021476631254031,-0.0002129516253868739,24.11045664201195,10.960143512486107,12.30927195188618,9.355740718066015,6.941329168870275,8.078576347210594,5.972452294330556,6.459595149936498,4.926110824145972,4.518835940313714,4.369249982865616,5.007833349201261,0.025064526103033148,seven,/content/speechcommands/seven/d103dd6e_nohash_1.wav,testing,5.0,Kitchen.wav
1865,-259.6318952547758,2.3217308481011063,38.40099769923559,16.360623611196413,13.462009644655545,10.526598741155508,9.70334234592859,8.005330798184161,5.482170996382273,7.229651485077483,6.223482416969285,8.397362339765877,0.03445272968383506,74.36092878689406,25.965696987994356,10.249852126167607,12.218870826289873,8.015762876751067,6.770174777741471,9.887561840563801,8.862817365287114,5.4977411373002445,5.517819951116304,4.673875296731938,4.817656372105614,0.010415901907186964,0.11785171799630051,0.29282385075974765,0.5149705667791417,0.5136033911972461,0.44663001685979925,0.01245507066419566,0.36780218475775345,0.4203698385580985,0.12554560603529374,-0.1991426314025885,-0.09822895663151618,0.35689906937012195,0.00013873197378650787,25.488674101809128,14.833076222786106,6.704541118237546,5.769934496441355,4.20958974817502,4.356552104635884,4.411755387163946,5.109914488192582,2.9339594465167873,3.7557405872398295,3.715398271359922,3.7985345164038398,0.004428756157853695,0.06749222166825461,0.1707897096085593,0.157792475476302,0.3507676384051364,0.11570966985090264,0.011552219695836523,-0.052123582715137215,0.002195770168189052,0.007109082554015907,-0.1516168377821882,0.23232811351992985,0.1514493942623492,5.351491272449493e-05,19.265519748872602,17.279755468313358,7.369134973065954,5.419478921037391,5.295150820252696,5.502554650912851,5.14158126481076,6.0830744862668205,4.054233524291102,5.108251300449133,4.748001203027083,5.038337500178966,0.0036133396996004823,seven,/content/speechcommands/seven/863880b7_nohash_0.wav,testing,5.0,Kitchen.wav
1866,-193.98425337937297,39.13681884245037,43.28818928744398,12.953567878736902,11.341126440811307,13.014600501696965,0.45580493081809204,3.1491190353419443,2.956420709216168,11.526900632978165,5.7936625056280535,2.6831992991923728,0.06597949692513794,85.15844355109063,46.053561063340204,18.397103512891036,11.055226079851767,10.829651398459218,6.42367908024758,16.32793719843987,10.258313787160905,6.381408075098133,6.503704995126717,5.980283152449418,5.860399329862569,0.05100823352163648,0.23403423827188324,0.11641913950988005,-0.25102470754771294,-0.2675764358169355,0.16673311833194404,0.050477664091758356,-0.18683127096750596,0.3409759333659288,0.43298770375185947,0.06444002650111764,0.30775292984849234,0.32369933809687457,0.0006105020762451234,31.24692332141485,24.286722391347432,13.138445962852517,6.000221153493555,5.6576498826587684,4.877698376082945,6.6517740918692745,5.246299603524262,4.297517585099675,5.428810787667369,4.907493899758295,4.057354614305058,0.017387631425396847,-0.7318131009933339,-0.5683007317113785,-0.09183151709056717,-0.01595426245131944,-0.04930157712339091,0.008651511852860358,-0.006586369041225204,-0.016596234042303683,0.05720345690184801,0.19579296682379393,0.33232109606853,0.06612949874167628,-4.413314163684845e-05,32.43439392010137,22.66163787642149,15.96747909218863,7.692451623011353,7.186757167330542,6.329718540602675,7.544303797246365,6.129688821324331,5.114058667096222,6.189698932397131,6.4035273731421345,4.69176197413053,0.012327126075518306,seven,/content/speechcommands/seven/caf9fceb_nohash_1.wav,testing,5.0,Kitchen.wav
1867,-169.68540807112,42.37538449599146,39.22781270305961,5.0758891583781045,13.257641029180158,3.5304752696532216,-5.422378312097545,-0.03382256704492411,-5.122728136707223,9.838995930281648,1.4932523244399891,7.89256284601308,0.07775481059574164,43.06451532048807,38.82773985082177,27.84219866784258,11.829032991234461,7.555179446029311,14.810863567795124,19.0095112976731,15.885055908254387,11.419677925235321,9.449707867214348,9.059162270534204,6.971597954942939,0.036676995773530445,-2.0557133012979953,2.681875803373072,1.8608612340619641,-0.5283810586267544,-0.35360417439146496,-1.1409686944262385,-1.538114114611234,-1.1097847075043816,0.013989939342396944,0.7946733682403433,0.04227221067833892,-0.3683618240149498,0.0017454461753368378,29.447618263767318,17.42830849895792,9.823682823428229,6.854642224694871,5.741178851833712,5.957838254665032,6.258681232987501,6.990238956126623,4.571171367592164,4.92000052417557,5.773041694824557,4.479998572845541,0.014771288668862513,-0.6468231723749233,-0.14684409267797585,0.8580316747645353,0.03233496662249399,0.34592234025521296,0.7127752535914134,0.3473670642355715,0.26370902920739964,-0.10536940435291313,0.0010054558868923813,0.5307885183337157,0.41565330117213656,0.000629387175043424,30.20853277472931,15.951141284986692,10.006795686120066,5.975581519108834,6.539421719353395,6.594268120727163,8.015903654967394,7.581383980837428,3.697524003798436,5.4605187611694,5.416250296191615,5.329115816963473,0.01426865497928406,seven,/content/speechcommands/seven/83957201_nohash_0.wav,testing,5.0,Kitchen.wav
1868,-276.5031971424149,-6.873428081726914,35.96354298503515,20.905966302848547,17.69544223786385,5.932368325374529,8.148514675908768,10.939627265632083,10.729092573748186,12.050963345818836,10.196330148075853,9.042623251453595,0.03288603649707511,35.25964899323743,17.960607482390976,11.255603759987535,9.676876778960207,7.269278812612777,17.39156735080779,11.62295898792129,9.116607619422476,7.726895674215787,5.393261583205397,5.546222384831581,5.711413599394489,0.009281021110501522,0.7397799282170467,-0.5161508085175617,-0.28739487305109784,0.94743312984522,0.6560892216916058,0.1802657243494564,0.748968423560659,-0.5359693485252118,-0.875814066474659,0.2484900906022455,0.06438199296249399,-0.5773310763613735,0.0004929938623982091,13.860184840180711,7.524908251701648,7.479443339224495,6.738087867849672,4.181022152258154,6.531389205347295,4.540749813502116,4.6509390193806555,5.138621574789787,4.115228967155391,4.93644092256544,4.308803668366013,0.004170962986592443,0.6203855607566813,-0.15038269583026084,-0.15108366851445407,0.11902203647113503,-0.16100054224607016,-0.1948592377191107,-0.08879149693226575,0.10408528647668845,0.20657514607774446,0.06351006021232392,-0.18752970123951046,-0.059484804119878436,0.00015220840771993,10.295377273445052,7.270869629266679,7.871691617860408,6.822103627591179,5.080702687467969,6.325632416263276,5.039597229806675,4.936695775123368,6.270126946463654,5.1688510500378415,6.537573201031632,5.223626760145184,0.003057683972439331,seven,/content/speechcommands/seven/c22d3f18_nohash_2.wav,testing,5.0,Kitchen.wav
1869,-221.17278514570924,10.929008308403187,29.17105997169072,18.929284979029187,13.13184263252102,-4.3448360911153365,4.53972883158133,17.323289946197693,9.573864264229954,4.736635736083674,-2.6897706699140653,7.205385189799689,0.06466351042035967,87.21303198141999,34.883360275904884,26.668058646175687,8.43414076171436,7.725374427005876,19.113199831607194,11.411892893141035,7.843229323859241,8.889239822710426,8.082022999787297,7.83955920964912,5.712676824467337,0.049192218231213225,-0.40678187669859395,-0.566269822429158,0.04738825410973482,0.6805322578548288,0.7334497349871864,0.5597093687036723,0.006413412968831657,0.20219875010032481,-0.015954555689097805,-0.1817032615123606,-0.3190166803764191,-0.248708372743429,-0.0003375993861306098,34.97941863935098,14.600914916489169,15.644571693518042,5.68719618666409,5.823027861091047,8.875162389089166,6.730151799652502,7.107762723147104,3.804266643785632,4.578623624452676,3.4844627260311447,4.212727666914978,0.019815284329043583,-0.446074202079267,-0.24444857633005626,-0.13267027246496474,0.021521861501038467,0.020813939447387735,0.2148667103081784,0.21040678508222424,0.12051714234259717,0.12116881010204544,-0.19198827569954596,0.015668673938294193,0.24488271263558353,0.00015265742937723795,32.069064211530744,15.661926690253349,18.015464110661153,7.522658917361306,6.4165351989256365,9.662034354086188,8.778241163806667,8.088971115841934,4.19824335150242,5.33292796880331,4.43148376658419,5.803269196055009,0.01355838529723441,seven,/content/speechcommands/seven/9a356ab9_nohash_1.wav,testing,5.0,Kitchen.wav
1870,-210.728914511996,39.37396196974984,28.770720229307265,12.175191086885743,16.327480050240887,6.003747486855634,-0.2111715936557501,3.7950398063184303,5.409450707024233,10.57801643848494,5.989031122009639,4.937574636092664,0.053048265690449625,87.50854048312787,52.62850302831246,24.51229933212061,14.04269209980593,10.97267038150252,12.697595799735415,16.397366514094035,15.782253034868933,9.043470957441953,4.6344510041004385,5.999675510364799,6.861961682875997,0.037016615245803776,-8.475544484757679,-4.816707313957399,2.087876621998161,0.7049474845663575,0.12204777901221067,0.95364380155107,0.1410414008598794,-0.34902797653098006,0.338585535497871,0.35656640588277494,0.06333187276221135,0.29464339039886617,-0.004508663509641925,21.05564796654378,14.795552998258954,13.635306744628076,6.479976184758763,5.057498301850305,7.357545752707155,6.368313920707572,6.725391653267451,4.649094172650014,3.3417524783690293,3.973008141905967,3.861700913842277,0.012407566941711287,-0.1872951722380435,-0.11503052350765479,-0.4962412975689008,-0.1778807711171501,-0.13256854926995462,-0.03474299299218841,0.1265217043269623,0.3477103607254751,0.12415249127598689,0.12762781096170947,0.19420284455575867,0.015444348514549263,0.00048573097834984463,20.181411723282054,13.913183466391464,12.723201963684636,6.6242292555793245,5.823075033947451,7.6711136151882435,7.822321759251184,6.805708105404604,5.257170938220042,5.301964902521022,4.921472066279138,4.259363786293504,0.008700092641514594,seven,/content/speechcommands/seven/4845bb10_nohash_0.wav,testing,5.0,Kitchen.wav
1871,-283.264867796105,39.279523180542945,34.884317946617266,16.802580236113524,10.533096792625635,0.05964317027552801,0.7107046279063247,4.879197536170185,5.6970913737932385,10.416904019782285,7.363759041210684,5.650380780519008,0.026705430878791958,37.71720587287734,32.09370107244983,9.257944303003459,8.78023131535927,9.86735590583871,11.525011183724859,8.96959190748365,8.088132494485965,7.262980963317402,3.299571844043022,5.981594167090876,3.7686823916427237,0.008155303613702753,-2.832298875389378,-2.3144604450246047,-0.09402902529447305,0.7257493867212497,0.7991762716753593,0.7687922604312861,0.25871588458184336,0.3029134205522178,0.45999667234357094,0.30328083408886025,0.5206850583723612,0.11038856952483793,-0.00018148010055865012,18.21186530528744,15.107024789013101,8.559993330413002,4.707659169160069,5.032285084178882,5.946353005198814,5.606633262698707,5.103877135022652,3.5204214076622025,2.7190694056774407,3.272635979295588,2.962210891689406,0.00381443537418078,-0.27480382135262765,-0.34651481177513993,-0.3528780357378604,-0.021459046793444615,0.3490730091561743,0.08873831128501922,-0.059433008176357306,0.040290515883819926,0.1606109105016428,-0.09175096479607554,-0.011142555521115493,0.15507023184764507,-6.187086304028829e-06,16.84478276877442,13.57067985180585,10.497531357970251,5.701137458280599,6.25454378597153,5.937467325101481,6.496441795593203,6.366482351945935,4.513549855511922,3.380341333732926,3.996275685102026,3.612496404461807,0.003404862668388474,seven,/content/speechcommands/seven/7dc95912_nohash_1.wav,testing,5.0,Kitchen.wav
1872,-307.19323243352824,-2.571921543797816,23.587556253261383,33.19175010729363,20.412931366691826,16.482509540517675,9.647960435559174,9.503917376209634,11.586646566941091,7.349371259322339,9.625721809183828,12.241504706328127,0.04194676282349974,82.99480242539603,23.869172071261147,19.89685161651829,11.90310144242592,11.607539908428077,10.915902715997726,14.495347785824627,10.718689900110007,6.322733908382494,6.2998362533862275,4.360233721580872,3.1584611157539686,0.03472672355652689,10.346654891775382,2.6138163951085764,-3.32733737258087,0.9066816312825607,-1.5803623276212968,-1.101630556406886,-1.2211333760759688,-1.7319476212093454,-0.04498107024132048,-0.6588271599731846,-0.3119902676249305,0.2197867622584127,0.004164051745207079,26.687039661507058,18.933165507587727,11.43015585222355,4.654885736318227,6.671748542235998,8.406630486920704,9.086174906198934,6.083000676750537,6.760382977726479,3.6245788679484052,3.526218362616614,3.1292383442903717,0.013347396881153014,0.3678544033400674,0.9318024458504856,-0.9209764906256847,0.3803948689940635,-0.46711753474009116,0.07062422252839605,0.4101300851956061,-0.016513942430413545,0.8076389007576795,0.04028482394506436,0.2254651810083777,-0.020725433855905678,0.0003376678874095281,20.84731767839199,19.528380774299553,10.417266174550802,5.48831273058204,7.894780628197778,9.657793647567056,13.026093087387215,7.803562197082435,8.364927881632266,4.666010537480869,5.270685154411915,4.539667798135297,0.013031996933510818,seven,/content/speechcommands/seven/cd85758f_nohash_0.wav,testing,5.0,Kitchen.wav
1873,-192.34889411240425,65.18483981230003,26.43046075097876,-7.992366867447894,-6.770671200081346,-5.137361455328335,-14.438758097699518,-6.960661933223405,6.497125795149697,10.139700854062138,12.962247285133959,10.256924446718811,0.0907571961870417,77.33164677146388,32.037905954792656,28.63654314929002,18.939936207728145,11.395314801259275,14.98281670819698,10.441651255643993,10.511720303036258,9.764114487913002,11.190210742748597,8.505438007222027,11.357795257191537,0.06582412889110612,-0.18063067148026202,0.1322226614896938,1.0334610283138848,1.3685285941602823,0.7731906027505057,0.4556315090775488,0.09992083037580882,-0.11485705523419261,-0.3706719606010037,-0.5480078700777001,-0.5679161340353619,-0.5952735806460081,0.0005878405945916329,26.469040069643707,16.825043691815758,12.292852331915112,8.314402575603161,5.428116037990356,5.156066214160255,5.848924640503067,5.4272091231436885,6.813405432792319,5.4063391597109,5.397323578382162,5.936347338910028,0.023862366930167602,-1.4258337241399839,-0.06504877272334113,0.9623316409609164,0.260867632832678,0.05429571758382637,-0.08954523450485545,-0.005230399252324543,0.22888841763888498,0.5485118312543242,0.14119391417164853,0.15608749540932945,0.22240238473882384,-0.00045640245079994204,18.454316468472875,19.229105303111098,10.66795574004386,8.236769666928055,5.686246843790455,5.7264735940091205,7.338441853566496,6.692709481421264,7.696850077673713,6.380982730049613,6.506912858804835,6.239495743819873,0.02366580592074015,seven,/content/speechcommands/seven/9a7c1f83_nohash_5.wav,testing,5.0,Kitchen.wav
1874,-252.2172413647431,6.244542070681413,35.32126711618085,22.40771243225287,22.37867140121905,10.027318683839912,2.5780366241638886,0.11076334170401703,4.650520566014692,8.120272225949586,8.745104708484675,9.315190899353203,0.04195204717689194,81.65572512691541,49.52034166908218,21.906745873927843,12.763511565580936,9.310170729673672,6.087938218526135,13.490669861167547,15.457367116302668,10.29094877389685,5.279566942511435,5.145924384283424,6.462936751969079,0.021241290093012778,0.2755390702076728,-0.18729703416225563,-0.0366124955569817,0.0409912888861195,0.035055204097618586,0.2393617504106049,0.16227346292335026,-0.02986395906342198,0.126756870771664,0.11418855633055444,-0.1354994751971463,0.04310984282549069,0.0010932783686345624,27.626997941493006,19.229186000864814,12.1745000566623,5.542250798101722,5.945877564134225,5.335541591310953,5.125260857708909,6.058729406252852,7.151636770739735,3.760303880739264,4.1495640032443335,4.783424641386844,0.008319360509836046,-0.11612195642851096,-0.025001428669731613,-0.03669042450010428,0.11721858519798249,0.2523983627844383,0.2541370325054653,0.08085850157245211,-0.17698504698686585,-0.06212137905885958,0.1280648710432542,0.14866357825170398,0.16915560212115607,-2.1803689499696095e-05,21.8792462554294,16.463940117482316,11.34445378661425,6.595598576195515,6.057687598524785,6.650126099723799,5.295122928137412,6.518546083898825,8.718971290306078,5.073859161545928,4.679931264366533,6.173450072332314,0.005780111300798717,seven,/content/speechcommands/seven/e71b4ce6_nohash_0.wav,testing,5.0,Kitchen.wav
1875,-275.6008528666266,15.54089038494424,24.425895662691246,28.882471307612835,15.960402809227439,18.98462710399535,7.95254883843021,6.992253144131228,11.751069796954301,14.141879454343353,11.52890713405177,8.488369242352146,0.037992104422301054,57.5132674741028,38.130670200555585,17.29576953275462,10.904719336866464,15.54871129146774,12.388580120926186,10.519502375329765,8.409923370087842,6.879335430244334,6.811507105042782,4.425061278829129,6.423526118552511,0.011413668036094475,-0.4443145130410798,-0.17648227643853798,0.2561741569980595,-0.09213838612871855,0.16988819416393713,-0.05028434732693826,0.13571042506885217,-0.08360664114826184,0.018990801913688248,-0.05236779394757004,-0.228996801736232,-0.056507273940012905,0.0004236970938021137,24.518282816551828,20.055571720090647,13.71416325518497,6.323933248916939,8.051173757149037,7.525214737801426,6.689974894539328,6.079651068345756,4.513086338515762,4.299978131495489,2.5944711086167733,3.957338767353374,0.005818406010686297,-0.2872896557662254,-0.10195266229940134,0.026089069242804897,0.030759245163650206,0.19877605338730267,-0.0887751702438706,0.12957048161528217,-0.18282673405448827,0.055066294419338864,0.17331483843605025,-0.16072550767565658,0.12780747926154296,7.782069345315297e-05,26.40275578549823,19.044680084598138,17.757337863153367,6.816284462688693,9.637059388543543,7.7786196467546285,7.603843397273923,7.666796258369096,5.454156038203165,5.455018497986532,3.5588440402056545,4.95213138615025,0.004212682098343559,seven,/content/speechcommands/seven/cfde27ba_nohash_0.wav,testing,5.0,Kitchen.wav
1876,-235.9914700268684,4.310427030527146,31.74659718661737,21.911260964526072,17.623517634381496,6.894846711965913,5.181456692139928,2.322391445154819,3.509262961805363,8.089191994438664,5.524017734894674,7.171221643822194,0.04432200873270631,43.69467256134884,37.924687614437104,9.378295860014399,8.794449589519218,7.185537446667358,8.491313580496696,13.788882131656027,15.192582185347167,10.676761758644437,4.8278710982233894,3.6875790764192824,4.571094285996755,0.010711382633769728,-0.7226466584743624,0.2684399900056204,0.010993238534769974,0.035591862913370326,0.17375135921609836,0.034293537186918736,0.09769802104460001,0.044244422473278706,0.3571195709469066,0.25261665519364745,0.13074029880715426,0.1927385798288256,-0.0002229129595141257,19.452535244900172,16.098503493075167,8.102464578742863,5.765493311794798,5.108970204748434,4.867284634045366,6.709493215367447,6.603437715411495,4.705512012900918,3.2380923857446744,3.007643923814458,3.656662320638825,0.005658008372854279,-0.21259421708736378,-0.12024442430666582,0.032420555659051095,-0.03774054592532252,0.36708138731341317,0.2281795844343515,0.06707064722135492,-0.13636186526511124,0.06533920157058999,0.0033539877447353204,-0.10247636865855861,0.05503052298241819,0.00022412315011024475,17.80013671590286,15.04416242520798,9.843844130334734,7.443792701159923,6.091556011577379,5.500878105877131,7.431158183972143,6.4741990634356545,5.500762957861711,4.600515376703769,4.073193532028654,4.8062024139354325,0.004442229449623133,seven,/content/speechcommands/seven/5c8af87a_nohash_1.wav,testing,5.0,Kitchen.wav
1877,-278.60059241454485,16.713543720447007,25.160164980441394,20.311379839642356,20.39055766407789,8.685255711337167,0.7987440440129598,6.552570012356628,13.702037404812188,11.200317396910604,7.708760884883844,10.975979515405816,0.044922557775862515,64.48380325902801,35.69978921699516,16.715500570252203,10.522871222155173,6.437599375122424,9.413086012625461,21.198756877834843,11.825397053628066,6.097622688995948,5.117106295329591,5.4400276984158085,4.322565360629476,0.014631217991551728,0.6274701526840472,0.29561461270841966,-0.0526163485083122,-0.2190243297270756,0.022153560354072187,-0.02045244140210604,-0.030346835205027768,-0.10356947732947168,0.19055958483268437,0.5330318098724011,0.3277263096203002,-0.029740231214178504,-0.0005321886029935652,22.039445671399147,12.674620965052458,9.802672335512717,4.091499411447896,4.456241812231777,5.760510734205959,9.16288793066899,5.641501568251016,4.011079099901927,4.070957473205786,3.712222336039663,3.8416758066526877,0.0085520557817685,0.167629407463041,0.4634280701456834,0.007895345919063542,0.19238038717449554,0.013479191304313905,-0.1727022586942362,0.03268585157889887,0.21258749167971097,0.06890999609617877,0.1346240462255129,0.035960303867305844,-0.02152283558002977,4.1414921482404074e-05,18.053849514917225,12.52607436655051,11.013674942146613,4.546427523988108,6.113865470025785,6.817942197614068,9.529380473364037,6.202158342847801,4.578642931329651,5.400325071014328,5.186419587863328,5.152132945747331,0.007963922691994238,seven,/content/speechcommands/seven/5b1db3ee_nohash_0.wav,testing,5.0,Kitchen.wav
1878,-238.5679006915402,33.357166313950174,24.959019941880953,15.444667287227448,17.28220979213698,3.9194250978803695,1.5377023620586632,6.659026643434556,3.1487418404491274,2.770479495193114,2.6459850494075914,2.9344050317806176,0.07626505917869508,101.05957048734706,50.79005973560511,36.865131676089305,17.226339641985454,9.26590830716647,13.770981626779095,19.230959915814037,9.083855000435529,8.447330124424834,5.142585767701926,4.120605644435149,4.366480911100479,0.06849126635892044,-1.3588374639319327,-0.9247439446636039,-0.24778676201081942,-0.02666940832403998,0.4160708386610757,0.30865105539577625,0.517701116339735,0.07068287196735587,-0.08111695694935758,0.2750169362939393,0.08837337359874171,-0.08634184175559655,0.00016772062067062625,38.894328032676775,21.877481747803696,15.897615136453158,9.85732608333437,5.104358048044802,5.469336005561053,7.955735402204239,5.978984821699166,5.048306750050734,2.978310653822272,3.3920272922087764,3.748476005685227,0.026880107916008256,-0.9496556016816612,-0.5601472908129109,0.09887806782112184,0.5975306303788807,0.254736288839395,0.12922597292386787,0.22575991558223454,0.20613805865051696,0.14811700955988935,0.2712343981477495,0.0485467693870978,-0.09322495238711274,-0.000230213130513827,35.93862970712734,23.39410878501794,16.128679809253246,10.06829277788786,5.586225206712586,6.803564568797357,9.249306046334544,9.10776616276375,6.677047173449696,3.781723794404582,4.473662905438702,4.130287478054317,0.02115074722148953,seven,/content/speechcommands/seven/563aa4e6_nohash_1.wav,testing,5.0,Kitchen.wav
1879,-117.95052698077463,70.08512986864383,23.145278482033298,16.331922301411364,7.365277558781942,-0.8297891919520802,-1.2188734611967345,14.61664138528397,9.130963199677609,-4.246739164096204,0.28844422577717266,3.1811806279492876,0.13078178733121604,65.11035127668013,22.001316013790536,31.054717095543815,12.070795392524188,11.780046029808494,16.03940726091094,10.08102701962571,7.602172152147877,5.576621901858526,4.173773489281613,5.810596165080312,7.734473964619539,0.09959611633113481,-0.08215131972102177,-0.15501818416025331,-0.008983421925948516,0.18587223007895223,0.051938240934229,0.27494636284146284,-0.07011466372359317,-0.10108125404472798,-0.03205717063136097,-0.0323377033677477,0.3641008476477134,-0.0417178019072008,9.226450516331581e-05,27.232025240671113,12.06847409585968,15.74363719565383,6.65202445171503,8.361905184972436,8.042648602342062,4.718448811922988,5.659783580813194,3.340035362695168,3.6671983926227143,4.988343413249657,5.204895709525327,0.03827514146198508,-0.20615896147824156,0.4387212781813723,0.14694926237067563,-0.022324113780643452,0.28282362683265344,-0.17941722990234563,0.3216998356434503,-0.05490733072459596,-0.1470555142531443,0.37142941328453777,-0.0029580360631568325,-0.09826783242786231,-0.00012353410323460897,29.841331987148106,13.411906073746453,17.39531033073038,8.427000117949778,8.844361111255619,8.960413593274783,6.434956566988277,6.427151717778196,4.094542404120843,5.109415334941939,5.47692752920195,5.980224237544954,0.03266598196358204,seven,/content/speechcommands/seven/d103dd6e_nohash_2.wav,testing,5.0,Kitchen.wav
1880,-282.18451055797675,13.63639709871072,25.684932169902183,12.791010007975851,8.941372577305607,3.3452948399820466,8.04406980902812,10.32052155064036,13.0359377436315,9.351664536895441,5.29324495624392,7.997197620668496,0.031377248000353575,29.890281303038538,25.65670854795585,6.5183146980950575,9.706847983540419,11.700734288718024,13.213886370914679,11.356743584160721,9.228507035990113,3.9700115401672313,3.5261908937281397,2.5966495724272844,4.015239839182048,0.012167972757918298,1.2774670931608327,1.3937375238310243,0.2088553305814613,-0.42168340192963943,-0.3031056629300384,-0.15961409694413828,-0.25653169164583417,0.12447396568846356,0.2952164478802955,-0.005803851077374936,-0.0412135426704312,-0.1805936198215916,0.001252384195404668,13.552586402153056,10.796582909315527,6.160321862263861,5.687977811414525,5.913683999151712,5.927959857139942,5.099194043336672,4.99715720903573,3.3507794898231,3.272374771873028,2.3245468414046777,2.6559496964766622,0.00524614276796055,-0.8823260771278891,-0.5528851161879135,0.027123904009315504,0.11774387577530324,0.2042011677187616,0.4539085252767256,0.25608048207650935,-0.04125038311979464,0.10743270461340769,0.1396208469926128,0.1576828036598193,0.12245318425245921,0.00011145782967408498,13.15394125083282,11.384134150772944,8.033566578590179,6.722212151489621,6.73670486924966,6.301623305435312,6.257392552443155,5.663077729100492,4.410548973593687,4.174955440599725,3.2846804132375467,3.0746109515798743,0.004125709810747985,seven,/content/speechcommands/seven/20d3f11f_nohash_0.wav,testing,5.0,Kitchen.wav
1881,-291.0455599250837,4.128754951123175,55.50583837645996,27.545717583756435,21.58323820571543,11.00308998227355,10.148755568265667,8.064942449977021,8.221642070982298,7.468580530597219,3.9761580070974274,7.315805236188452,0.045631913002580404,21.88617863840041,22.770194824506532,10.889158627306616,7.310548556082287,5.1150623781454785,3.954979582725819,11.348815603658236,11.034061717759041,6.2121884078418415,4.082331163307498,4.578632050032547,4.218415415828122,0.010949473969609333,0.15664131953030846,-0.21777846162774542,0.009635491038121214,-0.029294437435049482,-0.10906940155013196,-0.10058268066869391,-0.10177166220198096,-0.0794393390381888,0.010058285010134992,-0.136652916255742,0.0931266884052432,-0.026144955377185065,0.00026505368371163647,7.723333610048358,9.568713298401462,5.162351496324163,4.288289412232498,3.3717648589174516,3.256666193942986,5.5226878432574615,5.579795408378201,3.901578289212953,3.904019716279256,2.8018154494558107,2.392442356941252,0.005683338079617644,-0.12822967444002226,-0.023726370540094344,-0.08869121184042351,0.06391506480066565,0.14733661532430725,0.1877293694727794,0.1931160147940867,0.04203809552843266,-0.07514322723796939,-0.13974125365734894,-0.07493526279874875,-0.04221728952023585,0.0001512634257475535,6.747380402954022,9.72713777370362,6.539375118247155,5.150205367894457,4.036138774920222,4.593748276023981,5.23506457416253,4.939647812046946,4.760011493102129,5.47636852257352,3.633174373017892,2.601694797133825,0.00407376605870654,seven,/content/speechcommands/seven/e9901cf0_nohash_1.wav,testing,5.0,Kitchen.wav
1882,-223.97935053167038,22.2015091306332,37.5265712543986,8.114466482639449,-3.6473161835421237,-9.497106298791387,4.672330587852574,8.386837514516092,0.0972681691455285,4.205356409884988,3.940497897977966,4.181874830625098,0.06433909712359309,68.97394804609044,40.445984122254096,27.54422213955029,9.520252953131067,12.411957169328414,21.616711255459823,11.978298558863615,11.673359267598494,13.696035629576343,10.174926432995237,8.642723977191633,8.364578156633979,0.04934131245586051,-0.26715655570733765,-0.26255174955456073,0.44829625232726755,0.6084906677327537,0.3210885326763181,-0.4917459442279348,-0.4765080905287106,-0.08223794439909698,0.1945635372933245,0.4832183186212534,0.477535571971629,0.6524756235608986,-0.0003690690162681764,29.464902657392606,19.082879420554306,15.264530939960002,6.966239986028549,8.139698761925645,9.625546669193344,8.969056955171416,7.616807269645684,6.64217387615625,7.2494236456570205,5.63815603809351,4.459025721953773,0.02170161457338098,-0.17627581493603847,-0.11408010194741548,0.09600128215742837,0.059900966827323404,0.17390588104744625,0.24373370237847106,0.23520772154057729,0.4631795153223238,0.02695708133380575,0.1892026292464833,0.11291218323292268,-0.04668840376412652,9.03532529870669e-05,28.15581431512877,20.293272084784387,15.198036249782618,8.0515709562934,9.709260357566,10.911633803528236,10.687169294589005,8.721826428646322,6.996403811068619,8.984909256979597,6.44000429467549,5.034316740542505,0.019441551976032055,seven,/content/speechcommands/seven/1b4c9b89_nohash_2.wav,testing,5.0,Kitchen.wav
1883,-181.28246681902485,16.102923986076703,20.318994929563694,20.1475856762593,0.8640997022122858,8.780667325481726,1.622334250700816,5.901233641985086,12.615220849508601,-1.630619051613355,1.7820626399740873,7.174683291657297,0.05932581197703257,92.06814031077957,43.7829737174911,24.262158086380936,14.502124183731606,15.95784472278539,14.103269603358491,8.289431885423836,9.851865658395434,5.99613399136366,8.323891863623574,6.835516177797854,7.146782753600135,0.03778252376545971,3.635625566603221,-0.08828175547911066,-1.5863605241657428,-0.5722114429941448,-0.38552439671952105,0.4893733377329907,-0.13636129797881014,0.37786822765662353,0.2195360396087359,0.06356412588944371,0.37360466800525005,-0.10114988903560904,0.0008993646911075038,31.40804266364091,21.082914416876605,11.861217841979556,11.333466209666378,7.774144834643813,8.390482800889371,5.8817259383742995,4.879300364495791,5.339606359448918,5.353850362169061,5.613798060620179,3.5342114055619476,0.01581097566072799,-0.6755713484252358,0.09613174066609283,-0.07143960870854743,0.39860973235800223,-0.13266643825973937,0.5464340453453012,0.23920900774379872,0.2847285607918434,-0.043220195463833024,0.07791837014010089,0.3123938355387905,-0.029684733676758137,0.00013707466423511504,27.13026777240446,21.62256295955756,11.466770915895953,13.569564368231315,8.440336096484142,9.371005539970337,7.4640774828372365,5.830653120453021,7.204321599370869,6.66485118234806,6.805562887025903,5.027687830308322,0.011657385840160803,seven,/content/speechcommands/seven/94de6a6a_nohash_2.wav,testing,5.0,Kitchen.wav
1884,-246.2958507662315,13.382266961597438,32.90267906709765,21.72674397389855,7.382866534200653,-6.382024086997946,9.450289016329446,17.328717151612995,8.005825624450434,0.8630318563043011,-6.412046760812273,10.407325960705121,0.07727852632524446,84.9735923757276,42.77425648271361,28.97707447881566,13.28957632043313,19.90042075919522,23.45316938117656,8.40229747114941,5.345466661411624,5.781210822105864,11.714109559803479,15.19954872601625,8.137683352769018,0.0510883111921081,0.39787635229999757,0.041957969181696066,0.10384673398219205,0.03246998943304681,-0.2617857443320245,-0.4356157820860863,-0.491655811359995,-0.39671432211378405,-0.005188922022399748,0.21618886343732907,0.22984498771622755,-0.03820245896824831,4.251745920027456e-05,29.071137164417888,14.857012768148305,15.584794272159808,6.548055870170405,8.564798262112541,9.383174868600678,5.280589616928554,3.8468900909405903,4.048559776605391,5.663457264507871,6.151401806238916,4.6869660528007255,0.020072738988952316,-0.3548960590206131,-0.19885585416053572,-0.12977506123946322,0.15742355375114617,0.18645007180164555,0.055228040936377634,-0.09609021735877069,0.0327135655549597,0.03851107469446185,0.1288988805380121,-0.03452985460710239,-0.003148141338019972,0.00018766994277636211,26.790970755309477,15.02158335169502,16.715852896835134,7.529491984573922,8.911866483709971,9.280035428396241,6.3263551678135155,5.066580796507414,5.487998571625107,7.555063840216527,7.552182471525144,5.3284843481417665,0.016174902282706894,seven,/content/speechcommands/seven/ef2a3cfb_nohash_0.wav,testing,5.0,Kitchen.wav
1885,-317.9607493283062,31.937729635816655,49.194148904097425,32.294349888352315,25.7738317549527,15.717691654468537,11.280894783109167,8.29998709674766,10.345678246454183,11.085514252087147,4.116039520349757,5.208634222417019,0.04663808108307421,24.671942578413194,23.329945997495834,5.670600205112761,5.122402252066632,3.361034845866747,4.571854411525879,8.739460190774485,7.909118114844385,4.759818713572649,3.990417192938187,4.997983075380033,6.695985223174456,0.014611123980464678,0.5613750061049392,-0.1317122605819086,0.0948368348387681,0.3062607018255629,0.1314441113515733,0.036990029033142725,0.439928225209775,0.1489797854754824,0.07041344210863844,0.11106211738562247,0.26761443021024617,-0.1579021247533127,-0.00033375861183289557,12.976187280447917,11.52571752075448,3.9104407825028993,3.682005717740008,2.3229649044996057,3.2842926526634084,6.11539807414466,4.160155835291958,4.345244460522469,3.870879040435476,3.636890704266908,3.971690787114592,0.006768520360890456,-1.015777211072422,0.05851044171018233,-0.044176660215097266,0.036851859194059484,-0.2372347100823807,0.11723849851705971,0.3054946433623337,0.21852235332215694,0.21367995693020714,0.06853282803825161,-0.26217678716326326,0.04125241233866076,-8.581262081861497e-05,12.670387224887854,11.788247701652752,5.292196238031788,4.869319525630941,3.135398090327312,4.563476057439616,7.566320615771848,4.76524750694882,5.060304781729726,5.344532995178071,4.422647946610807,4.378298132407093,0.006091308145841684,seven,/content/speechcommands/seven/6e916de8_nohash_1.wav,testing,5.0,Kitchen.wav
1886,-249.20869966800922,19.806308976234906,38.656593926764074,23.89246267503077,17.34021428505861,-0.3840099538358346,6.656844868498027,12.623145728330373,10.634919335660914,11.053184744709561,2.5512162003785015,4.408909888481707,0.06742590229259804,88.63272461787722,49.425007454062744,28.11497528317235,7.440419210247551,11.867011634900932,17.636634587767272,13.916993995874453,9.480632700734168,4.585559779081931,6.183013825160108,5.070544616968019,5.757925189157716,0.050148003025427185,0.12723552543708697,0.004558540671837077,0.039588064966587184,-0.013454139015777798,0.08242197950861337,-0.0065258375064892555,-0.06647935244242166,-0.06236366970917192,0.03392797206080648,0.012688677677354989,0.03942032590097779,0.20202801128289993,-0.0006222573499525747,34.68472316236932,21.909917058207217,15.586249031147004,6.312215680399096,6.847498429231274,8.617317786618223,8.603100404149197,6.459403065966671,4.962321412256345,4.248198503738908,3.727648304132144,4.025169310731376,0.01794880985152416,-0.12398688753006203,-0.10259067085445875,0.17733500101921346,0.29998743900111524,0.21320172941018717,-0.06610812529527234,-0.11060906513390135,-0.08392572154939047,-0.09546267073144478,0.16026617938456347,0.028458360184378594,-0.09669198889053922,0.0001411503180861473,34.48787117537018,25.11212165678829,14.383298156581343,8.980852344090781,6.956902704643892,10.7242725014774,11.913262970872658,8.294057973111927,7.4503874916004555,4.687814231326759,4.84610753294691,5.295000537468267,0.013854497038814431,seven,/content/speechcommands/seven/b83c1acf_nohash_0.wav,testing,5.0,Kitchen.wav
1887,-235.44462933718665,18.08705220751556,38.080274012422834,20.026907337211952,18.363458880041833,12.170473124459207,9.24264603790043,8.155500316951755,6.63780892704904,8.740063542684885,7.115776617386893,9.042404777059566,0.07744634919799864,98.35569928259653,59.67606102864255,24.033932155481317,13.227490931280505,5.067125118519851,9.130274045083585,10.073717984303618,12.64572289899435,6.758400130363482,5.252317398493157,5.46210839560338,3.222549529438331,0.0591528695320758,0.05410478197343639,0.06847464649282077,-0.10573633732277672,-0.13552409258012219,-0.10373899176640211,0.16263439033205065,-0.03650903736816333,0.10772088865859282,0.14581418183049263,-0.022911270350004575,0.0999666642362759,-0.14185643981340873,0.001377583751755376,41.658353060492566,22.903314030034423,12.902214720764537,8.317103708048162,2.4694939273328838,5.63214894282942,5.3553999039786495,7.6834767392128,3.317845649185998,3.7762936537898164,2.9556623813997907,3.5921780580620237,0.030423024590573965,-0.35000303940648886,0.10329412731880024,0.28464680563957445,0.2028720024537197,0.24487221780964152,0.43949800337148054,0.0892150299111916,-0.1515288522344695,-0.2736114078265837,-0.0950900426146091,-0.015266617905823161,-0.1661806842023568,-0.00030515181521574656,40.11999934654774,24.697555416949587,14.458003577184623,12.527146347251431,3.3761043602807828,7.341977432366298,6.718927086630557,9.26487287302206,3.8855557955323237,5.152088401304331,3.6629903607057184,5.443591394574703,0.034548531723773514,seven,/content/speechcommands/seven/af8b2f2c_nohash_1.wav,testing,5.0,Kitchen.wav
1888,-229.43032043120326,39.2663072151551,9.800850726766074,19.180487701398683,11.808568758115195,5.307103979540893,6.7486761198771505,0.16946616917044816,0.3617100167111848,16.586720731331305,9.612207071349204,4.956103887337171,0.0538048320600102,77.88331132830766,31.396820208697324,32.23858900624738,4.356730496310006,12.323791717047024,13.773191149858947,6.717276775351345,17.466008485671203,11.575197772125982,9.213488734240336,7.947552610496793,5.312942342508864,0.029404001682845436,0.0774209679934169,0.24432996659120293,0.26383121665572784,0.1977344648945196,0.04415453196626906,0.004834845061384149,0.028384412955879353,-0.0678107240547255,-0.195679743822894,-0.15619297344347638,-0.06985182529030616,0.017949825972450147,0.000471150999267896,30.406937312832707,14.638622491201293,16.361922508795725,4.408160377689361,7.780932885615432,7.546390584761809,4.664006793640235,8.377391850695995,6.942371429034205,5.789050315684028,4.044848039463964,3.6714772592602736,0.012133617636768493,-0.46487210889730946,-0.3450525242201553,-0.08635372857567102,-0.08925588875210101,0.032553792060634086,0.1354593785247603,0.0007112037033021323,-0.22287047653575526,-0.13213380239276334,-0.040717036288768174,0.06936101068233161,0.1395059624594625,5.960644319139678e-05,27.83988777532184,15.47900327771608,16.196683885799946,6.948179898372593,8.485313834811478,8.058523921051908,5.990731891151424,8.543526353106897,9.898376233682548,7.234946508553542,4.5406842084652,4.948237119553507,0.011245976073943056,seven,/content/speechcommands/seven/a2473d62_nohash_0.wav,testing,5.0,Kitchen.wav
1889,-256.7217839258028,21.364856716140856,33.870011265214735,11.20141579298517,13.738699656858,6.540446257291513,7.991194003095595,3.5137852618706615,5.493282822085741,9.77786913336421,8.916156589937318,7.658627761164452,0.042426480329595506,73.95243407276577,46.94242845004861,24.037718340407693,23.38605165237056,13.94577367350831,12.669974798286297,12.9584563094386,10.359503301406159,5.775769041500023,5.441602110155845,5.967088028045002,7.46534821849403,0.020928346929438117,0.004950545165541136,0.0829774160977448,0.3105448648380383,0.012653190800198942,-0.012116480119313648,-0.04364404201463421,-0.11706536013375733,-0.05316220788045806,-0.0256422845753879,0.3913269431972707,0.22748006305423765,0.10591390349116128,0.0003757436549471271,29.502204422516396,18.199236081092877,13.717664155787244,10.841309862533976,5.699142298897115,4.924662477447063,5.894351311049349,5.0704510122532,4.129608758446012,3.5916799068649947,4.289344458506983,4.445336636591171,0.00894164483795826,-0.09727266346167766,-0.2288125257791806,-0.3252438207853163,-0.20715811282094593,0.061108132095989615,0.03779441354948983,-0.05315974106158651,0.023860452509390426,-0.14536391367479784,-0.13957995690959155,0.18941948987670826,0.04058464965794132,4.366102317969004e-06,27.642373242424174,20.405529784560596,13.626351159719269,13.298421318702609,5.707497106488257,4.553488676756803,6.372508483315743,6.667459278841586,5.375345475524459,4.277626409813559,4.93728482965294,5.963460271862302,0.006921915848199461,seven,/content/speechcommands/seven/caedb73a_nohash_2.wav,testing,5.0,Kitchen.wav
1890,-230.49780961607914,22.61560783339257,46.98018191209215,18.00167141772412,13.52772812748064,2.9486845787224056,-2.775540909866212,4.157275942838938,5.132847070925312,7.988799244019985,-2.8515558102467264,0.4736500424595811,0.07633252249797806,95.80700949271596,52.93872841239956,19.88708465632251,12.670259882364327,11.889695892998311,16.60214222293742,15.386014501142437,17.01771838255824,8.18047192729923,5.229891336417065,7.226294411306885,7.492540675802038,0.04470708147438253,-0.047972485586894764,-0.14078412946427005,-0.1633939406064615,-0.3477115818172758,-0.11109619891631932,0.03895567609868098,0.14256155437007909,0.506172977770891,0.2698115768533498,0.06885479960793381,0.12999336101473008,0.00037607520798827793,0.001111806941128546,28.350088632668065,18.855166246520607,12.339367651126523,8.117403277768577,4.836792012081141,6.001409942687003,6.4108464817729285,8.114385957169391,5.271590683261989,3.467920383394754,4.520062272350294,3.8303951430924847,0.016395842945150077,-0.5012708770094358,-0.15409138013291776,-0.03794331762225849,-0.31956681452457303,0.0637188227376013,-0.07141727937723123,-0.1415594930376772,-0.028059029283626972,0.037792974478642334,0.13660715325730696,0.2280540426476521,-0.022121105336372793,-0.00019971169531345366,19.92942795482324,16.9819650147943,15.46690571985338,9.035259492697595,5.658317708609108,5.380055715303183,8.089288097459987,8.676229339579884,6.750777651489509,5.256354715302274,5.328733858257277,5.00541508677211,0.011057944464836295,seven,/content/speechcommands/seven/b49caed3_nohash_1.wav,testing,5.0,Kitchen.wav
1891,-260.64110596742506,-21.27234908095714,14.157827644952258,22.50946628318873,15.521711174945477,3.2763893299758027,13.812941293225737,10.223585769441495,12.806958295069276,12.462872542422934,9.759020800423885,11.22175641766009,0.04464610479772091,66.13688734152113,21.19855610611538,39.635352011219645,8.298551338621055,8.110516489224915,19.15750349956153,15.372110755078921,10.522782534548597,4.845461473771315,12.152756189006828,8.396805613562632,6.665046817040363,0.018842783111073697,0.42839384008808856,0.15787071609694758,-0.6710448308247938,-0.16806210155237497,0.10584538036342925,-0.1471681150539553,0.10997379091481715,0.19373863261221486,-0.5328672304182378,-0.5925774383932846,-0.24080200471919835,0.4866094973005987,-7.541165236503847e-05,30.695051079584243,10.845769283822941,19.33865905185628,4.664625120821943,5.508616992970065,9.076274381073697,6.830441729327021,5.348277972830311,4.884284787047941,4.70618299271004,4.959564455417671,4.084827077926676,0.005921416262071207,-0.8971911416255978,0.16403906789083736,0.5542044371561854,-0.018818045032490228,-0.03661215566183256,0.06207312070862988,-0.19436467471943064,-0.20655286590948913,0.06282965752085655,0.36034091470280954,0.1483047699215381,-0.13459887578098162,8.77286617954572e-05,29.191602732729393,11.258382329257362,16.04980328406926,5.465234299470634,6.820996124935928,8.895792013249734,8.434982539651852,6.311196492983031,6.6517575787519565,4.722046004475623,5.880876544264277,4.9034181017952525,0.0050857592770408135,seven,/content/speechcommands/seven/c0e0f834_nohash_0.wav,testing,5.0,Kitchen.wav
1892,-280.7097202157198,16.48562062650097,25.731988198584887,23.096489676974564,18.61411263970822,2.525110979992708,8.736217349008733,13.693269962204262,11.730536958449724,6.0768174589459285,-0.910349786869159,5.034180786309848,0.02881309823715128,52.418129823067574,35.350013818366044,19.619412295125738,10.212375443731109,8.312547405740228,18.95197266093373,12.274491669593223,6.213899081026753,5.596718599268053,4.794721462704339,10.066636243305746,8.17144711917816,0.010652222208396327,-0.039321288320564,-0.05511140871529199,-0.013163105874761253,0.2515897244736938,0.1959471031874646,0.05199642129719391,0.01574005062251229,0.21162012604739358,0.07799530345550307,-0.16520264561711004,-0.028771413813797962,0.23572175088269756,0.0004324841523362744,23.074433914082814,14.56741847045938,13.743151074630777,6.11416783202832,5.186606419910519,9.30335307554161,6.819216475986731,5.037007918297135,5.119458417929061,3.60569884135275,4.551807996437382,3.804989923935659,0.006128045294833994,-0.17517483450738305,-0.039323112235214716,0.054655569770573585,-0.010485238165141138,-0.11896990980014906,-0.031168894411045873,0.06882180871943357,0.004106105761867754,-0.0007606882614558922,0.029674193005654756,0.19659248448711225,-0.0472926169185613,8.970014750957489e-05,18.574610778599247,15.047736071214723,14.734806192210234,6.490688644698989,6.6230328626471495,9.598233753400795,8.654194970901306,6.294701925027279,7.294773778182832,4.460308501597514,4.7978525014857825,4.568839087442326,0.0056244670678996115,seven,/content/speechcommands/seven/d1a4fb3f_nohash_1.wav,testing,5.0,Kitchen.wav
1893,-124.10424680470018,58.144089585980495,25.860845405728753,20.458088337192027,12.306261047536683,5.286795246604494,-9.46577433373509,-3.1204295350403193,1.642511297740767,-0.2342489819936192,-4.706877728588347,3.615416271682508,0.19947426207363605,117.17379164123571,37.83605869586883,26.587520769529206,13.336355096486452,15.54491595681062,13.888634538441268,11.318247924543765,8.590368736384416,9.139597831807869,8.29990594145843,8.724287834069573,9.89744866088763,0.19214134019081955,1.3186913746904039,0.7458770538156965,-0.7770534120652062,-0.5666551040524254,-0.12198584416440628,-0.2958678291763451,-0.5293531665723336,-0.33215583611119576,-0.5083628248740448,-0.3865074712271149,0.21134052119938193,0.8050681602907738,-0.0002881593761905547,35.8463339052623,22.960135581791825,14.419014136795742,9.685697116435879,10.514005668692052,9.293457008819216,7.866389475862714,6.298896267463053,6.212781479715492,6.384000795537015,6.347305337177718,5.87630766024724,0.05201082237457956,-0.8647424561522248,0.006664844181653251,0.8723794516955757,-0.24887062507124938,-0.6923789226111243,-0.4642490151996184,0.3647128622941653,0.45944877058493294,-0.052690080095500164,-0.11970703458143396,0.0657308945470941,0.11736748379149112,8.699198563893636e-05,26.394015102713595,25.437147826224162,12.258474077237905,11.224528022944115,12.506738734900365,9.690751982603228,10.00063207211601,7.687973602560362,8.649211415559732,9.230215672261991,7.674104952779423,6.797646819891986,0.031457008225079214,seven,/content/speechcommands/seven/e1469561_nohash_3.wav,testing,5.0,Kitchen.wav
1894,-276.491409316495,8.060289310186736,40.18666622180202,19.045218966574502,15.461987561366696,5.988402735962166,5.60653552084855,14.458143131995666,20.351512226704987,10.74404089278356,4.238593070259683,10.263862136483707,0.033967454626690596,63.469628024877316,35.499439819408224,18.95115806357218,10.399793617176904,11.540884934482946,11.689035172707271,13.621784004996982,4.4231753742913185,9.874329780465658,3.117363754141767,6.012586970021447,3.063736993727358,0.012219622868265563,-0.12442514733274287,0.1320101891796367,-0.00147038638516414,0.2172246254515847,0.003522743698549815,-0.08274303678622005,-0.22061394422918515,-0.13272284639512782,-0.21759124425235027,0.21509432304456874,0.10232893750793198,-0.15211937161325603,0.0003053945519270435,23.80391233632825,12.033131350209331,11.088596813806706,4.515703948900909,5.177352732310947,4.31901650984284,5.090304360289823,4.38338180077294,4.8040296954813035,2.983546949912823,4.1099957593285605,3.312658411138395,0.004921448287350603,-0.10286977514322568,0.05335291083434524,0.2660741324909682,-0.036525846066003356,-0.010206761556704318,0.03846308214906659,-0.1711893879176754,-0.11197227865732753,0.007609577723126352,0.21884705433134882,0.13415154906209695,-0.28240229635030517,0.00015136711299419404,18.27249085395657,10.080309269776713,9.944802857207401,4.438178211685805,5.34397037994819,4.844747814723697,5.978665061055478,5.937549088036142,5.247598167174421,4.139029246776287,5.15803616075072,4.8362791907224585,0.003772070601173375,seven,/content/speechcommands/seven/1f653d27_nohash_3.wav,testing,5.0,Kitchen.wav
1895,-260.6392919561072,28.870038287917225,25.66182908831754,13.418818578650244,10.671223353519931,5.313455109555921,9.06013142198976,11.015158475767759,10.320490266244779,7.265629357081602,3.934109016156097,5.0323653093903875,0.04220205306774005,59.93730712369231,44.256453241058615,10.906769834432728,9.287656094681598,10.409221276109058,12.225806306342571,12.863692821517086,10.705805295773024,5.375117209385313,4.938653061437402,6.117717251241971,6.224541704667126,0.020803649653616824,-0.03726748698991947,-0.10064484131731566,-0.12084954839521894,-0.023110620105379395,0.053591241662574486,0.6175448567419682,0.22360630148368982,-0.3718601813907072,-0.2239953233828944,0.010103649927574126,-0.03192410953684635,0.22692473685310446,-0.0009859079314816382,21.928126779721453,18.225638591021525,10.670037538575128,4.294355369659135,4.423587759714645,6.530441556102136,6.2428536385082785,4.972738840801753,3.9592108152620344,4.128872486555439,3.735175671579627,3.737385948198314,0.008135040013716456,-0.5470555819359391,-0.22428368671275487,0.18487830030566468,-0.03192183938680845,-0.019774078661925022,-0.05970373138798202,-0.17023815791305985,-0.09862090938489665,0.12723620337035646,0.04591238652074505,-0.21700632911308385,-0.3553979009007234,3.316688040892283e-05,20.804621557559393,18.702404160064983,14.958533612862967,5.204605691643709,4.249037716714114,6.987301326097267,7.677016838653286,5.815359804408902,4.926406696615466,5.519536324092972,4.723593783819547,4.453070566417936,0.005583881586120121,seven,/content/speechcommands/seven/f264e0df_nohash_0.wav,testing,5.0,Kitchen.wav
1896,-247.0753017765276,40.45585020675012,23.015706885584812,21.547148120218594,3.8775777866063947,-8.92504870943245,-1.5853643128594244,6.150176939222876,1.0191630316792417,4.531002244158152,7.07625856272765,5.710465026550269,0.07642065067193471,93.0062776539938,36.108402921444835,30.60352448850419,7.046420745070795,18.45958773558066,18.73405582298476,11.782605012119816,7.164150410028739,14.302768667255894,8.837059207686492,7.334397497850628,8.201250125508382,0.06215159260682702,0.3868523848919289,0.17343872277678615,-0.00877050214094651,0.2742678966002142,0.21060876555745925,0.35509449265029475,0.33957855867344866,0.07352857492921881,-0.1150559477297649,-0.1656743143089253,-0.2521624094264329,-0.17676068900886163,0.0006365914258264727,31.385899300927985,15.259010437813963,13.378931102717607,5.615926973358227,10.33778830330452,7.657732529668342,5.68374571094445,5.616565063916533,6.36216754109229,5.762461510984819,5.169680385558381,4.047641043846946,0.0246980000858353,-0.7288562692489298,-0.5133421923715861,-0.1384011339395509,-0.1118814040029046,0.03404753365264537,0.16358161279212258,0.19679711092291902,0.1326725535042124,0.27472646923183003,0.2356498874391707,0.2952572958109023,0.10530772075846237,-0.00017871490369240442,26.933307358260777,16.692851151638223,14.181334004892564,7.909972144187266,10.242362740073208,7.498435432967858,6.559592736173673,6.892710601091318,6.743650426278586,7.661733907790202,6.460839133202377,5.109321860839861,0.02315430197647482,seven,/content/speechcommands/seven/1b4c9b89_nohash_3.wav,testing,5.0,Kitchen.wav
1897,-257.6604738850535,32.51946192342362,39.59911570164691,31.76490438612604,17.349685647342422,15.461027604812427,5.54979037022854,3.4944138261373054,3.8637307346596055,8.480388231889775,5.847419479529021,5.505415064502008,0.0784140839241445,85.95419657887103,61.24381976740475,20.675622864482207,11.557329769854244,11.987965399111944,14.079509605033156,10.804490786164461,15.787167035999792,10.977365006381433,5.796759778500827,2.7733149658854046,5.095427524361702,0.06787118379112239,0.7341314087890579,0.597838088273312,0.24414270115420345,0.12361147262781137,-0.3505823533777869,0.019324393611820104,-0.03884236563450128,-0.07927951432535993,-0.16930520322030304,-0.09134095993551655,0.0830874407087567,0.0209861584639271,0.0013786027989079875,29.355072572857104,28.18667311322089,15.419283949278853,8.147517341192058,6.252359538825422,8.999986867875094,6.345033335950573,7.499910978709849,5.459847797833324,5.160867208934622,2.8430055526382128,4.584908281650597,0.02443344268945202,-0.9706331471381683,0.7241258241737241,-0.1507330882761687,-0.3580061593939265,0.5059789902105073,-0.5590676518661384,0.29863496298427283,0.4116963797354826,-0.007049223386192871,0.5387063264982039,0.08946890277568116,-0.06037446697127529,-8.282487591107687e-05,24.965766151110795,23.275179939736155,15.164803114540293,8.922745056901519,5.358706879269658,8.214883859170406,8.185375796941951,7.61622077011764,5.856621433208113,6.539773210627193,3.989287897866262,6.567844695380231,0.017214697849509332,seven,/content/speechcommands/seven/e41a903b_nohash_1.wav,testing,5.0,Kitchen.wav
1898,-208.06020006972423,26.70987394579599,13.010387046652742,13.558173985937408,11.680270003198732,-4.078090341114637,5.1208832546108995,4.755209951702141,8.147990781989332,6.814625250190462,1.2656500047237547,8.313318914380613,0.06896569929085672,90.92361713845528,32.46452384023908,30.770626329134426,10.55730115806892,6.580167523969978,18.144716294673213,9.095430941901128,7.018755897881517,4.847852315740294,7.200326575975903,7.83963612109097,5.352850754968837,0.04162566024127468,-0.011499946782622271,0.6276295820147023,0.41813878451574255,-0.14841437773106433,0.0029786747349652663,-0.20050873754707138,0.06613618884263099,-0.14991485879991256,-0.14112901248312207,0.24842860015992177,0.3067072496163265,0.09175570213005567,0.0007562262396658621,33.66132539780867,16.435307896447416,17.125757188041693,5.8710855812334986,4.853320713039348,8.488051570177674,4.782821102961679,4.064105193375278,4.229545767357834,5.588955964543882,5.130911535498817,4.124673287945141,0.012879338358547106,-0.6655170270341647,-0.406068309354371,-0.10231240444195724,-0.120650566335762,-0.036949283432168654,0.060658936642890994,0.21954615353748774,0.07242939062204903,0.3083641207397604,0.3465606268925969,-0.021782880588979925,-0.00421106185542485,-0.00033055059611797333,31.974668009911433,15.72320556329198,18.809283380059817,6.723522710097105,5.596128616090989,9.835054123960555,5.796721036325201,5.460503088737052,5.26032442385662,5.613316741711009,6.188086658647012,5.129403358771039,0.010331866183534334,seven,/content/speechcommands/seven/50033893_nohash_0.wav,testing,5.0,Kitchen.wav
1899,-140.24847513296226,25.92795826462997,-9.471411866951918,18.64192028664189,20.725925252228013,5.433307628922609,-10.795735045324266,6.431054596375619,14.76035265987143,8.34607990000111,-4.43935373957631,3.3532531458868338,0.1177913248538971,131.2137619796597,39.236601973039,33.14049151793877,17.22126997678484,30.495226320650136,14.569940565390116,19.314479450556306,8.843754186802778,13.30840132961305,8.410092134673345,9.410733560253275,6.367593660942688,0.1011354886155832,-6.071248453913905,-3.1918914903186093,1.0040828115653517,1.0424351031177579,0.556801618444289,0.44630535926369835,0.4042040994714153,0.3238075267234231,0.1063930930128696,0.13997387912937095,0.3785874442080822,0.14016112459537172,-0.0009743528620850655,30.42506228748813,11.172337519391524,13.386883739645137,5.8907277124564645,10.624082265571394,7.164682932005687,7.474869246764987,5.763755662525341,5.985858111798824,4.1060866231552735,4.057123695724754,3.616348021740597,0.033607651282240976,-2.686681305424601,-0.24641216955209516,0.7201413081200381,0.2432499490962913,0.17450354692888084,-0.09042113148052854,-0.005235440758750206,-0.07102660194275957,0.08589779195489111,-0.03202912974078232,-0.013292533134398947,-0.15476066100200067,-7.991058131059011e-06,28.69828189344966,12.520498571222578,14.49971388023085,6.851151945261454,7.882876040187095,8.234228702564238,7.8669056077311,6.47151536348935,7.766790307974902,4.435642642835226,3.966698368037517,4.588798410227498,0.025485453063180213,seven,/content/speechcommands/seven/4290ca61_nohash_1.wav,testing,5.0,Kitchen.wav
1900,-270.2094402942251,3.386706155092226,34.896046691626324,17.097622146456725,18.576810238810758,5.64072260220226,11.599175738603533,15.05153538136018,12.746297577565755,7.418444007166876,2.236524002301817,7.316921705201316,0.041163721529301256,60.95509075744852,40.637164751682796,20.37328659257743,13.668570272757995,6.322215999574454,13.149714951074026,9.021823788632897,5.722913843353348,4.434139229560636,6.429427565343985,7.669418523588472,6.257226885564747,0.013206686659872019,0.15547293345265517,0.05248260560102165,-0.001228956470047737,0.1248143890387401,-0.060573913815836246,0.0947386628406113,0.07009064657848185,0.13685629852245806,0.1522208128008564,-0.08882930026638564,-0.21268541748803355,-0.3964521609638963,-0.0007483142037545481,29.394331308139396,18.954441211411105,11.443788967923762,7.689860401950828,5.337759644760439,7.545910547512399,5.343449127897966,5.185086378692609,3.5087396266773156,3.8277957758807566,4.212563004018973,3.5005227553541,0.006658533873546976,-0.4407752094167847,-0.2417337537354939,-0.2608925891314974,-0.19362123063405837,-0.1352980784378545,-0.14231558720472068,-0.10953078345220532,-0.11825721105465607,0.04505817071001677,-0.06368327462478215,0.025275056473648524,0.26525817066699503,-0.00012094341218471527,31.064493624599066,22.01340515111557,11.005377520129498,9.720273374770086,7.504720379053942,9.039145888948912,7.1965119842361895,6.506094315066229,4.636944397084138,4.830370208533505,5.5206344143145385,4.269492050026075,0.0065361600983844725,seven,/content/speechcommands/seven/1f3bece8_nohash_0.wav,testing,5.0,Kitchen.wav
1901,-213.81020249161656,37.00530354452997,35.10802767439414,8.191902363299592,12.337922733086804,8.41562780485835,-3.4345094821465967,-0.34962678012935405,5.6212019816879835,15.360245348170235,1.8867483510139815,4.987857178100191,0.06454633758403361,73.76401521266902,50.71347260612403,21.314509059337773,12.549717737494616,6.9138941081944445,9.012306531746942,15.836482084133285,17.162629552725058,6.406133078066474,7.9496337766324,8.377846526367072,13.024877625278997,0.0324566450422706,-0.4673601694412006,0.3735701327925901,-0.4770988498761834,0.03506439790726559,-0.08832792886282688,0.28843462824720634,0.4857378548957321,0.38957357467166476,0.25050213654872544,-0.09821855583727132,0.4612305931592018,0.21441087364576622,-0.00026624950189744275,26.01156706586317,18.84337327428258,12.445152353157528,7.146989799153484,5.61474790914877,5.026391820798315,5.269597014816006,7.68381614201353,5.086506851523414,4.884033722056039,5.156269013018607,5.566161223036891,0.009610645836701147,-1.188428907754194,0.5310906607844561,0.025143730143813357,0.49082491572761305,0.08383028997538554,0.051322982805905325,0.25110756402742357,0.18066042552523712,0.5652736709606095,-0.09730922542646644,0.09688414325543657,0.018081380348452747,-8.038605252901713e-05,27.497639575258063,14.513711022283788,13.159328128524347,9.530814365200234,6.884598104276142,5.865578321607867,6.553122756537912,9.992986324591627,6.773957417796756,6.90109643583366,7.117744293823689,6.69182142688565,0.009208410187035772,seven,/content/speechcommands/seven/80c45ed6_nohash_1.wav,testing,5.0,Kitchen.wav
1902,-224.09175557269765,5.977332978373674,23.278910630894806,13.78467243461623,7.359270536932043,5.6881185757624255,6.962640120431213,9.55972029426275,2.796315012431184,7.596491845570111,5.495651304309572,8.470888287124797,0.049279807426501065,72.96725966644806,33.09946634656745,16.09508125928184,15.354848122715172,13.694737267891378,10.58233506523109,12.2297380561613,7.804956051133587,9.576852273586232,6.525519345429896,4.5596241597607605,5.402668059984002,0.011751562775717667,0.3107276054222989,0.11472996823815036,0.08209419412373789,0.16676480051902484,-0.3658299160499982,-0.6394822103074279,-0.2529808277050835,-0.15037259041716813,0.010627828127092936,-0.2185547933383295,-0.42989837579700624,-0.40246967226437713,-0.0006359941175868434,29.12232605495949,16.349580488034942,7.900186038583739,7.186550396167376,5.466433501848537,5.05509339658732,4.517268960566258,4.324413083234781,5.001890797522724,3.280908712406444,3.422853064358148,3.0098189057463216,0.007762533888791602,-0.5151939588879505,-0.5115441130147921,-0.2010772896184606,-0.2003112411254733,0.15038983198348307,0.3148389942437903,0.13816420859349526,-0.04862457587594697,-0.061650957937876456,-0.006894557062954062,0.034640632961089,0.16034457301453234,-0.00015973405291636785,27.76428598030178,13.682387589387043,8.939662278187797,8.334985462198661,6.2553026527035485,6.664252162004664,5.171131510118245,4.78590025226551,5.324161531628333,4.213292348309801,4.876660758839574,4.563826692415434,0.00777729982818869,seven,/content/speechcommands/seven/7e1054e7_nohash_0.wav,testing,5.0,Kitchen.wav
1903,-238.8690025917493,50.04420156683765,30.96517198033365,6.538038588870492,2.3461800545196367,-11.899192878789604,-2.3487780583584694,9.801769308608257,18.404515612429893,14.360932043181743,4.96100424810685,1.5922387899940076,0.09038191084982827,69.70048343648712,50.153040806581814,18.719395178260193,11.502427806921132,14.882793570799743,23.858856615924324,20.972292269989204,9.15251437242912,4.871957114746457,5.510881699182975,6.579885743884093,8.97122362042395,0.09395069955752676,0.028268892233656532,0.11775558606008958,0.5058713535970084,0.4383281018407051,0.30986093207236115,-0.01738438690655607,0.2298189950161335,0.20728881138191457,0.2771566474598264,-0.09391975387168942,0.037507558020286685,0.02430232001404099,0.0019322059928409516,24.688134443706296,20.424325915346934,13.854907967210194,7.985177394510291,7.194268871238859,9.279605348065271,7.8865898193907285,5.421295105519666,4.299568121465119,4.191081953715236,3.927313020896585,4.374040101694918,0.04073300877133591,-0.5109155587907329,-0.4360817860374245,0.0947854696749987,0.43349034212985077,0.4461048180509806,0.5174017330768567,0.25844525845170746,0.12163186270488033,-0.30494549518792097,-0.17475389770800973,-0.0033923031612885643,0.04626205726238357,0.00016179382801055907,20.48238948565094,20.88793485342633,15.220388862318535,8.087695028595048,7.857549774385238,8.789056278433211,7.735340462839987,7.265075351840702,5.789550800284271,6.0713626427452985,5.6382841754946815,5.246341971705118,0.03543299208119672,seven,/content/speechcommands/seven/5e3dde6b_nohash_3.wav,testing,5.0,Kitchen.wav
1904,-243.66924982192236,1.1537523367198714,33.3060811428537,28.42458774899438,9.080640422717337,9.070674557972287,0.9603006207025593,1.8896170916456236,7.5077258743736435,6.845535264688078,2.6925100111668145,7.424920872288737,0.06494279645266943,113.44356738823164,40.25934117413662,23.903901113703572,11.640913345799063,27.583165857083817,9.4292706658318,17.390242636781444,18.322563164977375,8.71272602087988,6.440453780752835,5.006757317693869,6.394335105040243,0.05534641487015206,0.09073274874639163,0.23801560154645413,0.21598402732663735,-0.0757457532429303,-0.23565815270763638,0.019501449681809942,0.197283833321222,0.22234330339478994,0.007549597215923022,0.10305418691435049,0.12143630290802687,0.1934696435617058,0.0003741099048526056,40.69568168879666,17.81083669634861,12.546265379968208,9.438346950126846,12.131385362335111,6.269841073083437,9.214148085443345,7.349243609804651,4.2140097771455665,4.348315127063305,4.189936175144972,4.224031491784706,0.019658697272291678,-0.24878247384431992,-0.28979486870885535,0.3739225448425021,0.33528389634932526,-0.08354646434552393,-0.003186867662608724,0.1287874231797884,-0.14068067767353398,-0.0402578590837653,0.15174276599060812,0.2672970309024494,-0.003954582147832753,5.3087839235862094e-05,35.34689925466436,20.29506826519086,10.979245228767349,10.924588017340499,12.705352626727294,9.277264886443916,9.454332658554826,8.067252726936207,4.956828073522155,5.469464204048618,5.307152208046253,5.5951914326956285,0.020683674705930192,seven,/content/speechcommands/seven/94de6a6a_nohash_3.wav,testing,5.0,Kitchen.wav
1905,-249.47841677693884,31.11148344106649,23.22103928063538,22.75719568203114,20.8610931898429,-1.3732252821528546,-0.8876210702923788,12.68178370826669,7.43401551013255,4.654945837004444,4.360009817047244,12.025179498841355,0.0719778907368891,104.03083777935005,48.103171129065245,27.812845665936994,13.070177222427153,8.164240162230575,20.164494150120024,18.627277930147777,9.731009283120889,7.090250132018023,7.447734404692149,7.39458861687181,5.349565298083083,0.0529645187682276,-0.3385365604421976,-0.44281002625975147,-0.07783020679733023,-0.19502818348746975,-0.48501633695126317,-0.43974348041204414,-0.10297510404749906,-0.017584613867147346,0.16190683407781878,-0.1121244700227899,-0.020739826929463898,-0.014272021488760254,-0.0003788459204858349,35.03096855908545,19.56576039748433,14.771582824044604,9.664507292752969,6.585934932652792,8.385564260913517,6.220450520625154,5.752474043597689,4.048104793268425,4.203449933550145,5.025556751429217,3.8557703903886127,0.020012216244097845,-0.3596217721937175,-0.30132041302776347,0.0372455335704668,0.4592953058277516,0.26973064001631025,-0.13905015085727127,0.2282156450676501,0.10315188813586561,0.21344009369383213,0.10669610482358151,0.03256667626713939,0.07064758194707199,-0.0005290993799765904,29.40562522667458,19.108114096890983,14.803326573112239,11.182466536057667,8.444669532198352,8.364253942153042,7.085094341163408,5.313754902458455,5.4818539074681265,5.602966081336566,6.728286542361478,5.700570566873873,0.01745372191033394,seven,/content/speechcommands/seven/964e8cfd_nohash_1.wav,testing,5.0,Kitchen.wav
1906,-282.5968569392681,9.021951933420265,35.339054232560414,16.558502315033262,19.183889982200704,6.0236607040028485,7.044346843345465,5.810903695296307,2.9689378965788955,13.735709479888026,8.339020661658752,6.934360697253969,0.03129687214330319,57.84059657585484,41.49238146360966,18.31099387298828,16.299516723645787,12.505901939182591,13.036984073289739,10.408345137219236,13.650446539001551,11.538272402265232,7.143063386849591,6.662486062834228,7.0891799718614505,0.010094640238551382,0.2693738260136797,0.3000009986065776,0.21410424133086323,0.5478880398794632,0.5789610271739576,0.5446200212098488,0.13995331143422748,0.15428555876215846,-0.12587968331114296,-0.10397275257572665,0.1359172774352863,0.14012142310995826,0.0005130610739191373,20.97044949655678,19.409889735216275,12.980138621155133,7.323610123054999,6.40064696709324,6.517802924452054,5.115206309184805,7.230432986378481,5.08000827974203,4.8818378312392605,4.20403807312878,4.277234309474511,0.005150409588733671,0.15621150479794638,0.411615200147178,0.18748118854745535,0.26813881399003825,0.3183191837224597,0.2640026062441078,0.26133778809671016,-0.06819784925464593,-0.08830185145317988,-0.10573415507702875,0.06741690339509844,0.12268097448595164,0.0001911753467444716,20.061175515382388,19.91350724829324,13.134317255064392,8.20093629438966,7.30220965985826,7.423988593737532,5.994449263674842,8.369517072365115,5.722827177288227,6.168549660603916,4.5877507490384275,5.153815959795515,0.00399958543279003,seven,/content/speechcommands/seven/9dc1889e_nohash_2.wav,testing,5.0,Kitchen.wav
1907,-241.58751010911686,37.634916546906155,52.37270256836004,20.390033845903183,12.458753136338643,3.408634700201251,1.8744833091719169,2.1619910290501716,9.514999331738647,11.730865231227224,4.357415250386131,5.009817819980405,0.06053649651585147,65.51037995405267,39.8202108719771,22.502612137272788,12.472125475393556,7.005973607210989,10.360558094094062,13.122160496260996,12.075189274787697,4.012987100609976,7.994535531625553,6.080432358023241,4.939758140903245,0.02773664385488073,0.12429942978685228,0.03016440380871933,-0.2297785604582432,0.3834990691781564,0.25047494814579835,0.23433893260221889,0.18174342510735814,0.03287453221912603,-0.13213393106418583,-0.12928157251333966,-0.16904777291133544,0.2515364455733055,0.0015282106375502002,24.28625423853217,16.35143501728233,13.168124358762178,5.335866799469747,4.719783086992244,5.646570092413204,7.035308646131727,6.1747547000128815,4.3235936980477785,3.943108955757203,4.204134007513963,3.1311780880470463,0.010928000951561894,-0.4256648342784445,-0.3067811994885214,0.1099461009326852,0.17041725403476243,0.13861285223268763,0.06476330484796441,-0.07068183548737599,0.05502913053131066,0.05708976294145789,-0.00453183235382495,0.09138842793044351,-0.06986205841698251,6.756043682495752e-05,21.74832536412087,15.98620992868354,14.865014226030649,5.761295296707054,5.560612929174581,5.854019421212039,9.55266888173114,7.6928203801554975,6.0761484429521975,3.946218361781663,5.022274643850131,4.399783550891856,0.009387737121999433,seven,/content/speechcommands/seven/c7124b73_nohash_0.wav,testing,5.0,Kitchen.wav
1908,-254.3572735696912,5.751818443478341,37.170572818163755,20.529703477859194,12.981705871757141,8.83192111081976,5.6069097525385665,5.800098107971031,6.58252872554136,11.867214647002708,9.854154545921734,9.772182820402943,0.04236462328117341,22.759678037436718,25.852841852100337,13.999242576667577,11.393412944321492,6.048484551201211,7.466679165799213,9.690944073602106,7.492276110106191,4.919694862226218,5.30144066559107,3.3093214288372277,3.671829458861777,0.009151633387383708,0.2932186642994764,0.34222204847754517,-0.018909918651105164,0.4160911519415209,0.042015246715076976,-0.33856127342651937,0.3154722148521245,0.1763616596367039,-0.04013047563037782,-0.1041690803075978,-0.2719922765564466,-0.33921333921589947,0.00020388045137928378,14.106357306874193,12.578673449882775,7.33357392538219,7.493515723420336,4.475275402907873,4.383377831847177,5.539540404544798,4.843033348500267,4.287462599038051,4.452190901963267,3.3457281958482823,3.4508510404365347,0.004990173444067052,-0.5782124020936598,0.1638698349037396,0.21243429989507198,-0.06841813482889911,0.3112163392924869,0.05973203615654098,-0.12238266775271726,0.13136687896927662,0.06308214535620635,-0.01222941634296782,0.20215683076994878,0.34683076253014433,1.983580489953359e-05,15.752321111865385,13.481185524792384,8.389195427309907,7.933231304195184,5.495408572536959,5.218174823070721,6.332965048805198,6.276548663145808,6.050723995671864,5.885973629799045,4.473518969289293,4.996137745348603,0.0037892220427331717,seven,/content/speechcommands/seven/1528225c_nohash_0.wav,testing,5.0,Kitchen.wav
1909,-207.53468148644885,34.0757511167542,18.435821506356376,16.025830263938335,7.813608905402258,-2.7736107736341524,4.7328862940071135,10.859840430098801,11.25496951997377,1.608593329872585,4.098096915432625,1.668681559611389,0.07464291050564498,80.93543268244129,40.059102856947014,22.649237362504113,10.435863405851766,14.900093055704644,17.869440659070197,14.311044837952116,9.23144634726766,6.111502003668503,7.141411431072225,9.653300279711548,8.107933271274666,0.06896997681790007,-0.5949962706988242,1.0462036812467181,-0.050414923775164884,-0.140175148256481,0.6471195733582477,-0.6327073006981018,-0.03543065491909919,0.0047581216824336674,-0.24330046201098784,-0.07006708335568756,-0.40410049826793853,-0.42442707088972303,-3.0388094244464752e-05,32.91231974882538,21.639392681007173,15.864421116646183,7.187301213560191,8.706884754743118,8.69618903093851,8.078790042851075,5.145214223974784,4.324771624318714,4.246915595326474,5.1233936787235415,4.501881142811235,0.029183530176173818,0.1726145566782871,-0.2193053035583014,0.49434190531416367,0.23381394557962795,-0.0892571375501328,0.09768557049479112,-0.04149109038097321,0.00321444701099504,-0.05921624932875466,0.11771384013929666,0.252760891964388,0.059360207764946375,-0.00026930365711450575,33.11121001973347,22.28061549662462,20.250735679019368,9.099969380018102,8.760330854929856,9.99149282199983,9.575886566263272,6.150073907200454,6.308230056592621,5.663591363015304,7.3065398842107,6.342762612403178,0.024590787008734558,seven,/content/speechcommands/seven/97f4c236_nohash_2.wav,testing,5.0,Kitchen.wav
1910,-164.54169203437885,37.090052112003924,20.545316888633508,19.0693666267924,18.44351458386752,0.04016118923306289,-9.810045441952798,1.82739806950967,5.002435692247339,-4.309153519038894,-2.4936921712127864,10.846731361513477,0.20087037922348827,149.33928726223948,43.975095715139666,26.859390865544842,21.252030089398406,16.57609364678072,13.815230306768903,16.30483813753664,10.097103840235702,9.786298437589833,5.375747013242112,6.088061971682072,6.023863886581937,0.20634025257281696,-0.14973797799461588,0.0002658579474945203,0.008451012832703173,0.18311856689902514,0.04559568259959323,-0.014051941980625544,-0.11309630575809547,0.1805552657806328,0.2538358971889903,0.02149408253569777,-0.13591627159777278,-0.1538556251942106,0.00012668090001229318,40.67311998973956,19.93223405615492,13.420557515889778,12.617356166953545,9.824026244249826,8.428111680825529,10.07820873002914,8.936369037628804,8.233265351915794,4.574040314736129,4.640076144362258,4.0393257784457965,0.057891812699966336,-0.8222269266112349,-0.358083192904838,0.0026356216544049476,-0.25048073208426175,0.35538296017988197,0.3612600140496013,0.47396829271924124,0.5115389183133213,0.3340790857085647,0.33658061054939037,0.09131850756604676,0.22389764257859796,0.00022746995091438293,28.219373874576377,20.326000668040795,17.343615306718206,13.597463753870258,11.034513109619743,9.463679195982486,9.779587358241024,11.555640609455729,11.093527003388745,6.192528168293703,6.494282152758822,4.992232357694579,0.03972304827695235,seven,/content/speechcommands/seven/964e8cfd_nohash_2.wav,testing,5.0,Kitchen.wav
1911,-231.96252157557,55.48594359815187,21.33722201499789,16.821891304039532,10.619621104314305,-0.14461344765326523,3.4296638959631855,19.301422925999447,11.661700867391016,14.384868841329187,7.047798983800803,7.217160669999682,0.03940318606328219,24.381346963281942,19.06253620024535,7.056111229986234,6.086929064218202,8.746918141125496,13.498384777154943,6.617475635717772,8.433040956904502,7.442309042929596,5.535403028972261,3.5518289534519347,5.254668164825395,0.015326977784423896,-0.420004330754467,1.246174998037916,-0.23114182881059253,0.5736180758519572,0.3476752818445611,-0.29956064139590055,0.46686480995794705,-0.6494995950594009,0.7401020264060729,-0.4522962016592339,-0.13189706846261995,-0.5064763660477356,0.00012074747393208165,10.559520191345326,10.704039966772445,5.321017464408594,3.4285028101869917,5.656054465407077,7.3000571982411655,3.9445462243848084,4.320834093000486,3.4581300684016365,3.642764437170247,3.037058320753957,2.9176712507798834,0.005895503654564132,-0.3191374224153094,-0.20159020264580113,-0.0723476085422431,0.05403578343127915,0.08086332499819153,0.09280203951799505,0.05398181788000042,0.2137010775091132,0.13123457727410776,0.10620078732510488,0.19440622896186033,0.051216160529060355,7.862659792105357e-05,10.3719562891438,11.182501332081193,7.035397120254988,4.459696565251947,6.481267838271853,7.099938451094475,5.431263459602929,5.553053275252091,4.873775421571403,4.776126296224191,3.697382853453604,3.752902300222586,0.005554995013294735,seven,/content/speechcommands/seven/ad6a46f1_nohash_0.wav,testing,5.0,Kitchen.wav
1912,-191.96938333171556,51.384838080347286,30.161496183907307,3.0085727192287464,3.766462661506554,6.471159286859388,6.365478912486767,-0.5369378578405326,-1.3902551332587534,9.540073580723282,10.04958097298989,6.117786292332973,0.11067540556541644,91.47792211227978,59.051288825790444,21.935639871713807,22.907860140218954,12.404791360975421,8.230448874103352,9.402363056931595,14.211356859466154,9.524996899255498,9.841248567494066,8.082481297282673,3.8065140005239626,0.1203296848162718,0.5412402913751647,0.144719248448688,0.2457483880603236,0.32445818997646503,-0.3657308052516998,-0.40500691305372655,-0.023059967792762,-0.12547692736888588,-0.25832492165296705,-0.17276246342734394,-0.05098211946995643,0.29722416801960966,-0.0011908481077801797,32.52747304427237,19.968412297229627,12.11326979230842,9.23047100059812,4.769893158951989,4.579975351119437,5.440585978311409,6.011747958852411,3.8261537987046297,6.084459807785014,4.806855907278629,3.990929292090158,0.045151134296749336,-0.2956666307133356,-0.04176822876126276,-0.118206675170304,0.22051787864514089,-0.018586548440291808,0.040583815052571734,0.1751405790169881,0.13758282887209672,0.024058497272783485,-0.14998913298793135,-0.12607053264206214,-0.09171572148981054,7.860201100508372e-05,29.883863365880188,21.63985371626893,12.932263240441076,9.982251173987802,4.845966295038716,5.504490622898666,7.795345865256337,7.724116858245914,4.140651295867981,6.441667532576839,5.744767092226052,6.412948620192676,0.03834964737217212,seven,/content/speechcommands/seven/d0faf7e4_nohash_3.wav,testing,5.0,Kitchen.wav
1913,-281.1720571153477,12.414535825075419,41.006324659174524,16.4962839978264,14.33869265333508,4.630837767436784,1.14476619016951,5.940480026459847,9.520575626745973,14.109826583419697,6.797308008442572,5.767952798288082,0.031472515722271055,41.913777217102194,33.306285531460894,11.4830612179784,12.544080527053143,7.092203975784784,9.426636192290122,12.894421819082336,8.935434986027506,3.9250032834712494,5.630487132850436,3.9893276948915957,4.562576293517628,0.01014450274672104,-0.6398530532651145,-0.7516768087421777,0.23188722601061007,0.4166827331360368,0.39293692309779055,0.463286740534109,0.011793016540430645,-0.029268146376949515,-0.032483953372095545,0.08514526784499264,0.0870482721952456,0.4384953815759675,0.0002282518412797682,18.198706291138677,17.558880586183445,9.587530809331001,6.306354024338375,3.1560503452252915,5.346159139956871,7.410099724444016,5.919334922983434,3.703040071485278,3.107775941594759,3.1317523666982496,2.5778219731649497,0.005933266350904312,-0.39277800116550454,-0.42083303194149796,-0.3448631815616513,0.24466876672087795,0.16993134076535396,-0.07696941001507472,-0.044235720913908656,-0.32572243559368286,-0.02832619687559251,0.10009322096819367,-0.00400388172875609,-0.18075603809581342,-0.0002864286924401919,18.243946710528377,18.637631954746233,12.454619335742029,7.3030177845097946,3.6564931118953248,5.896259017444117,9.428513892445066,6.563229987586745,5.351253477284152,4.189641909001038,3.9724723969328672,3.7914178407966963,0.005311238271268821,seven,/content/speechcommands/seven/4f8ef132_nohash_0.wav,testing,5.0,Kitchen.wav
1914,-282.8956695303736,20.859414180672907,30.081529851990723,21.308471195925755,14.055241612036504,-2.1352571842407237,-3.518513314007736,7.875061834724031,16.04478324476392,6.219863423238511,3.4028372317805866,10.52128565403886,0.04106300545390695,58.05408496050222,29.25858448826664,25.61821974731383,13.438431821382478,11.741031466003117,14.656355245026509,16.74527959598672,6.666172731477971,8.212155220959795,6.73691420647057,5.5891770032465455,4.266637154603713,0.011023829938210099,-0.29291563334288456,-0.3861996101712023,0.23964006477474972,0.18195888001067637,-0.00021826143874258445,0.0769563936602777,0.11043866275139598,0.21909729605684033,0.09711124773425617,-0.13569185343767645,-0.21935958377659534,-0.15265422746202909,0.0003922721070628012,19.63631580351206,13.809709612406476,11.118583211338406,5.8615930532939196,5.305658707471846,6.767936715978364,7.473512330358365,3.7107835690615554,4.144920602559221,4.2888168322933335,4.411849295997948,3.498914267436509,0.005859348684259226,-0.2371268684661743,0.4042472179846933,0.1315465794816132,0.19773964311999784,0.025746497329434348,0.30369907858302275,0.006667745063364864,-0.0928865837535082,0.17051791080919104,-0.16275748242349236,0.0052750497287804045,0.049334812977961266,8.441222210725149e-05,15.761608859997505,15.698263675603325,9.029973996795434,6.213225660746637,5.471703822540789,6.978439108332976,8.351209120179613,5.170344610901122,4.161055979651581,4.674296708882742,6.200818321922742,4.726819058306991,0.0044234317070639545,seven,/content/speechcommands/seven/587f3271_nohash_1.wav,testing,5.0,Kitchen.wav
1915,-318.1821586640839,-28.43829681239768,42.833437268489575,21.14852938173863,19.35193044490354,15.949847556771822,17.42274529627271,12.58486448082461,12.179822561163299,10.562476011631148,7.142558829050303,10.297827452046532,0.03041779762133956,4.5253854211765745,3.7837552786837514,4.158507860590815,4.566202656246826,3.6538105207830713,3.2100998770163915,3.7298192346918713,2.895946286791552,3.7296361773872717,4.162290811131606,3.3128887507955587,3.2288820003442873,0.007062315520769389,0.10513845770632205,-0.07136845568497001,0.45698694633862885,0.5011600015082451,-0.06133074933408622,-0.3333743835855223,-0.20739644018617906,-0.0597874094249013,0.29368658430758804,0.3611481289666717,0.4462610673898939,0.1969037054663471,0.00039169913338076684,3.2502802414437126,3.1633560310760456,4.176748382631674,3.5479134434453745,2.642520337528965,2.817039267776247,3.159647440318563,2.7033203963312276,3.3895727395867903,3.0954146471025914,2.7466763294140164,2.7896371610627484,0.004490275515020956,-0.009689743819925904,0.2540936542122051,0.25030841546518257,0.2837621243671605,0.17497526249172116,-0.03191655233428706,0.03990941738256423,0.22214947256420778,0.1670875230217511,0.07709815690672321,-0.05237566436441584,-0.014288103108221092,-8.044398079315821e-05,4.8228912434440865,4.0037972315658426,4.851057841769479,4.043262124714192,3.513947537019556,4.024920487893937,3.99479344496438,3.535619312608271,4.623385818013948,4.001132746709493,3.801720213622421,3.843481647254301,0.0036736766023934583,seven,/content/speechcommands/seven/3f2b358d_nohash_1.wav,testing,5.0,Kitchen.wav
1916,-231.42616410008424,15.398474383223018,39.1637721147942,17.57122268637506,13.366851363498386,-1.7945887807989025,-1.0442387439821472,8.614285294816085,4.94696336346235,3.061300464857595,1.8744647452354375,7.331492060714817,0.052266507380409166,85.76622981303362,45.20817749473248,23.894709666862703,12.77895106816586,11.568943201910148,14.252939246861843,11.067926507229323,11.978687435804995,7.11273067253518,7.083621794532181,7.999026316854523,5.602044752627747,0.04954899178973999,-0.9000463138948073,-0.12248016041198394,-0.1473040992804136,-0.13361028146868095,0.6905698040185219,-0.312737598347779,-0.017780095999285095,0.05279924238920626,0.289525846897675,0.6750544382087574,-0.24749951618813015,0.07454003540713874,0.0005546065287724618,28.327103270589014,20.64002550261307,15.145954256221668,6.981388071684918,7.209120137608289,6.878368643151178,7.074646496282143,7.776313674816284,5.81885717307342,5.180061446757894,5.1220482029597845,3.9753866328653533,0.01846748594599101,0.003922213194996024,-0.2816222367837639,-0.11972213590660061,-0.04998261726806117,-0.19618148595815185,0.07303138656236006,0.10237834028175215,0.12005343960581415,-0.04977580812010688,0.015822249744211092,0.2102487505549523,-0.24308717565808982,-4.788205648461978e-05,22.805943285991432,18.534739586493867,17.779154496202878,8.147131377188858,7.917276504597581,7.676141710382391,8.130311754036628,7.9502915835711745,7.6906249752252025,5.752420578765896,5.627276236418764,4.619082578208703,0.011959300447515024,seven,/content/speechcommands/seven/97f4c236_nohash_0.wav,testing,5.0,Kitchen.wav
1917,-217.40075500617164,30.58019269136184,40.6580899737023,14.475293972443492,12.499584176144468,1.8652673590473063,-4.430781960037899,3.068898272077844,1.3934969590351662,14.501926200438875,8.07520859870806,5.375375260856504,0.05923273504501389,76.42581106423776,57.736016837219964,12.299564583570074,5.510250624203858,3.9138176497667256,14.733955547728478,12.59639750507315,12.547063580218413,8.344687041684153,5.063251704119916,4.409158715225563,5.171514459275941,0.031728556319482855,2.3373050998102363,2.1218167514049715,0.2774665519714129,-0.20950654027701182,-0.2016853722203035,-0.35217372071372083,-0.49805702937314905,-0.4817653791508982,-0.4810998501737012,-0.3903950072303894,0.006610187631634131,-0.020461294403793052,0.0008702980354428292,23.425303048697575,17.963167293571907,9.279982798757437,4.678611190421642,2.745503915448697,8.507896667867849,6.395221860293967,4.9999710831210225,3.877327098828517,3.434371071556716,3.0662718274254233,3.5823594369310636,0.010572115895689169,-0.7654274334251601,-0.4394233466120927,0.28292229974730887,0.2758026923669864,0.1343680454623945,0.28533912958558066,0.058133091976240524,-0.06010955759556227,0.10801901036210292,0.18456122055033825,0.07425902101985644,0.010890651538264042,1.5132835712926142e-05,23.67330744021188,15.71726226732957,11.355062147662984,6.214201963503921,4.022229904079525,7.763322895918658,7.669308747326885,5.66761524961382,4.184543135998709,3.918024773440979,4.1656121639500165,5.259238313860265,0.008405138324532647,seven,/content/speechcommands/seven/48a8a69d_nohash_0.wav,testing,5.0,Kitchen.wav
1918,-312.3905120714202,27.256797752907147,41.65606258385999,30.422441919650474,26.62178283149403,18.032404978146246,13.534383366662325,10.413576127803989,8.247743126850283,7.444501997675477,4.375243994561883,7.353884471713591,0.03677032806444913,16.716950817175977,17.552658669935266,8.051890637131438,4.31159130838741,3.8029895918149705,2.663422052582759,4.426733314069449,5.227128742590825,2.820885036972928,3.722672582423349,3.0429360910818026,2.8305683483894453,0.006764521512193621,-0.1536567183095797,-0.4243961697114062,-0.08368929073764977,0.012347325686117381,-0.26008218788369214,-0.19467457419441242,0.13542596545629948,-0.1491030504808109,-0.19359037668606624,-0.27343235923060183,-0.2061635538049405,0.07581759803448955,-0.0003311384108758742,9.21347504685004,9.126096466235193,4.771935797878404,3.411022535001428,3.4539591125463636,3.10892712111829,3.7050152863057955,3.533690365119025,2.710727435486447,2.9749845838118434,2.424594979502196,2.267767107831658,0.004424639348924988,-0.33175824751993066,-0.035083063304264785,0.11445184317257452,-0.03351286014676174,0.08708874791062726,0.03610300497233911,0.020570357088991197,-0.04114391878584008,-0.018498520160074902,0.08510538897944292,0.23981558192338934,0.07187201903058578,-6.590050955613454e-05,9.531611353078105,9.778825691572983,5.77098966587451,4.620536669557325,4.6524825232929725,4.6904739965893745,4.896969502458307,4.472218207048215,4.099647394205469,4.13752136507215,3.266348960956737,3.1324834345262915,0.004165969383172918,seven,/content/speechcommands/seven/6e916de8_nohash_2.wav,testing,5.0,Kitchen.wav
1919,-249.84583898233495,25.045265703047427,14.54236975948322,20.926869760296274,20.584811894743005,2.9348041012569586,3.919702879775433,7.844799413962978,4.451923380488411,6.772655860665447,2.075840426701426,6.214391176973609,0.07969507260713726,102.33654943896185,50.16392438067059,26.523759904178675,13.263449355181367,6.26179347868662,13.441059401943383,16.564950078070154,8.275576498280149,11.031698869626462,5.526694544262713,7.184441458699763,5.3027733455079265,0.0704736094601055,-0.3225131385252685,-0.31281838214469687,-0.41381177605260366,0.06578874621406668,0.0788750156363426,0.008258259896666422,0.06264989940919251,-0.10164938983257289,0.06057683409476182,-0.27645745384465414,-0.3386044717094479,-0.041213412639026406,-0.0012896173303165743,32.79529853020273,20.925328162690572,12.988457831186375,8.654866902656218,4.117101098475876,5.6836567214184806,6.891798183717618,5.119643270290659,5.04184264171404,3.706986738871502,5.320644066243509,4.160056786441155,0.02655841060179518,-0.2514298019128072,-0.09819268867663945,0.2541421834238901,0.21055367967138364,0.16528928771095874,-0.09879418717654692,-0.04766273956117395,0.03013849996222954,0.005588331253738469,-0.14751952125820064,-0.1483564239291316,0.17891661156131428,-7.159840315580368e-05,21.411857131416262,19.716721193580582,13.572922480782687,10.551501880861355,5.017443098966475,5.7777360136565905,6.312612892225077,6.826017197709504,6.277563711741268,5.549265692574149,6.1879756418635115,4.899972085414579,0.015817125327847435,seven,/content/speechcommands/seven/563aa4e6_nohash_4.wav,testing,5.0,Kitchen.wav
1920,-216.51779006231493,60.791000905622106,18.56618045965117,29.208931784842953,26.393801560433243,-10.222781995838739,-4.939081662194403,6.009555253850765,3.9042363886955576,6.449241610037117,1.6255414084151734,2.092706625181143,0.08817059046123177,94.00026543232143,45.53007934632765,40.027779795345666,13.127149575931082,12.727449475886624,20.36499701813216,14.846147393113938,10.505911435172523,9.829585658429608,7.901128987388395,6.830141456850225,8.901444254864332,0.0685682453220779,1.328978678243382,2.1749105537908866,1.4487717144934043,0.7976626944870433,0.6178942430822069,0.12205827773830143,-0.2559862493908006,-0.650172677261725,-0.7797916506140381,-0.34901174456203843,0.011720157854119163,-0.2796197375465048,-8.313682290815538e-05,27.826862745625228,18.51529134546305,13.528143053709154,6.2400732466025755,7.0115501962440065,9.909668863050326,7.163548801943438,5.76597650361113,4.439138361236839,3.132608023341583,4.405137975666831,5.714484063103483,0.02533111472417658,-0.48198192383847577,-0.3966985184584094,-0.07913619158968205,-0.06617247334461626,-0.06471910075717044,0.13242690078621672,0.0851016472166115,-0.09648517830293943,-0.15898370382740296,-0.16212475792862602,-0.017074044980230595,0.17181968964781982,-4.272622366746267e-05,22.140420101864645,19.65161473349102,11.591995317007429,8.598989558426718,7.849243453053885,10.226734552946638,8.871781436471348,6.858140351533392,5.308213203626172,4.093676673198666,5.370581108619456,6.271079570091173,0.019928771738564676,seven,/content/speechcommands/seven/b97c9f77_nohash_2.wav,testing,5.0,Kitchen.wav
1921,-163.96343471558396,52.634964703605675,13.609932997784433,12.689596320835385,22.228146500161863,-0.2705452080728863,-8.09647664378225,16.02836734012801,6.833245283380238,4.509378011274922,-3.6816583911654703,14.519445694243592,0.15691669675288722,140.9296350698441,44.53591544215139,26.471139011926805,16.58709541244183,17.203267495621365,14.561186402647527,16.37281020564131,13.323853629028514,9.778915795766341,6.229565416441922,10.026378468548263,8.004942703907945,0.16241499043072988,0.9699968236522339,0.6676536988405503,-0.14720216203681316,-0.35360739898673615,-0.2265338943113186,-0.0614866021702776,0.004989942699610778,0.14395282876138726,-0.3861061181294828,-0.5826655243890773,-0.07472879627282093,0.019377225665410336,0.0001088037125525936,40.284164681955644,18.430845413500656,16.87125929704611,10.931524287302343,9.911770057883242,8.671253572532594,7.867819727653116,8.19650629955477,7.174848577324903,4.021597579486715,6.387692014891822,5.572339922587601,0.04926185382348872,-1.1178169646250316,-0.016675614671251063,0.8719683917471616,-0.14636228218197853,-0.18683687184271805,0.3806452668793868,0.03776232962270208,-0.07077757927889744,0.10184949840174011,0.09972446933557835,0.19258686097149777,0.022764060206711238,0.00011075201133886973,29.6147771894691,18.87088142325366,18.129461668643017,11.77411518077537,9.627544374713457,9.874100525512528,9.530831265661979,8.898296078744645,9.137132696670964,6.297643142202504,7.688454288570451,7.32025400510566,0.035144305759385396,seven,/content/speechcommands/seven/964e8cfd_nohash_0.wav,testing,5.0,Kitchen.wav
1922,-164.87631359481645,21.08771684581344,20.019148609609495,-1.5170915303346544,4.707501500792065,-3.9393347256900406,-2.932820776900195,1.29970136283334,8.438565548580486,20.6485653163111,6.4266406869858095,2.375751971147844,0.06625889940187335,110.79640790601844,20.526565496634806,16.6546309572602,14.97216458325452,6.823440539939025,8.321013916919766,9.714288483472107,10.285538806234205,4.0797475867433235,4.864030437814279,5.903269427014459,7.283470658665563,0.050476254402714034,-2.333314057564789,0.0018179673394708915,0.8682205506153382,0.3652867445248879,0.40258264186359116,0.5272516861699282,0.5032671713349961,0.15737876455712316,0.3030600098817206,-0.2818849721808743,-0.14867437969673675,-0.0016021986598467694,0.0005409949489178196,36.1034886838571,9.751222080010557,8.232205933584133,5.882369404313612,5.2843548170145915,3.91519715002417,5.3882228871169735,4.876810388068913,3.1457486973656863,4.716978827166877,3.7060607771555945,4.485389090000603,0.01661564657630632,-1.5202571987208842,-0.23364416144168362,0.0624923863882163,0.16709944781748104,0.012836908883248377,0.28974074363015967,0.25245062875822033,0.1950047625792175,-0.1046817320542857,-0.2643288037767608,-0.11124234527999259,-0.08059501219795707,-0.00012199276437362035,33.2585043143678,9.384673121714833,9.443356115641775,6.073931501463252,6.985001424573239,4.715752853132138,6.829439275852336,5.778815173795151,4.958528713962745,6.316651542725035,4.613803563654292,5.4888599963764815,0.01163934219721941,seven,/content/speechcommands/seven/84d1e469_nohash_0.wav,testing,5.0,Kitchen.wav
1923,-266.2841371281947,-0.19440779967710117,39.43194959450152,14.34191165113916,12.167731768094038,5.667474860506144,8.741495845908652,2.850035036210372,3.7917861525856815,13.173487517440348,8.372617159550826,8.072418617876608,0.041791245272314106,53.466538433825995,41.598886147076456,11.757985705054473,14.69851419416163,13.762296645381916,12.019884838574681,9.640013433210411,15.519206291341611,11.63545981662044,5.9681613274713206,5.294663908993923,6.332969721997139,0.01262725659826624,-0.17270941127056552,-0.20851917723800995,-0.1013858032290105,0.25798917813532485,0.14341385507528429,-0.038692234171072655,0.0645862273526271,-0.07519586940651522,0.21358867130100023,0.3024559754417067,-0.47778218248832605,-0.2781487212523821,-0.000637883607011575,23.4985223434674,19.203540401677373,10.937551288050507,7.97141892228625,7.526852534784327,6.521254445083185,6.0323243164929,8.444951393416114,5.930212872518649,4.60775897796118,3.5361171606755115,3.8730417579980667,0.0070121017771479,-0.18693218350481175,-0.07746498206606496,-0.056191806362216566,0.23878273628638486,0.18544158581470946,-0.13896698674015723,0.009004408305435377,-0.07284722252576956,0.11874462760050647,0.22498220174236283,0.37672288614771804,0.12585620016230809,0.00013623848557472228,23.820420532678334,19.87474902632302,13.288555084596094,8.292776667937373,7.861596175987221,6.763625418682823,7.770708328783253,11.303341190658424,7.2917652111629065,6.034630871402913,3.3605207326413318,4.645763602487757,0.005298899085781393,seven,/content/speechcommands/seven/9dc1889e_nohash_3.wav,testing,5.0,Kitchen.wav
1924,-189.8370069638747,61.18523310161641,28.051189205010736,-7.657677625681362,-6.34728844199404,-5.089278840903577,-14.622324383680569,-7.966094818270146,7.7271115936464,11.259761592208944,13.174801705472335,11.293317650316535,0.09583823994034901,76.66519634280392,34.04334971777631,28.227797137063583,20.17354477404491,12.043360640121588,15.300731437215207,11.043896058618596,10.178673924193534,9.448421952728502,12.28663911544826,8.520926124066174,11.902783618854514,0.06227769641810632,0.12426903009205148,0.5140695739278037,1.2863180754883927,1.7052565042980408,1.1469552898261008,0.45553392447174196,0.2656684327795715,0.11367706908207499,-0.3574583446893498,-0.5514700167654634,-0.5791871977239343,-0.6508274728795,0.0006169066313774355,26.610380917023996,16.06951341123922,12.390021309692091,8.01151785715804,5.184217712098448,4.818600408482755,5.886816626365668,5.099000563609889,6.376123450578791,6.12805794485809,5.544592856003657,6.529147809372259,0.023364931668142623,-1.5363846088852418,-0.164800361528825,0.919132694837166,0.23236443176583588,-0.029615800100523573,-0.08759867662343422,0.11924637840165987,0.16150839010560006,0.48931919901957976,0.46816802501622057,0.113174682341412,0.3819767397937571,-0.00038964524865150454,18.79223795972422,18.007371247429276,11.106948804903213,6.894707756250115,5.375473248555274,5.105511537935999,7.104743630894507,6.237322759637752,7.453401964792975,7.069743562195155,6.735060407399492,7.007570325397298,0.023169479332602626,seven,/content/speechcommands/seven/9a7c1f83_nohash_3.wav,testing,5.0,Kitchen.wav
1925,-266.2220859179531,1.0683123308348743,38.55436085728987,23.009615543634908,17.50323226533238,3.5510230138488774,5.012054125696654,7.456694919839208,9.16118886087581,10.933696381601305,2.1145438304364665,4.986132792354438,0.0371857580030337,50.05575860333236,35.97488850013686,13.307371560360087,7.224055324283156,5.292983373174093,12.86479681827818,10.176105623897218,7.733912539324699,2.851352113565852,4.2900702392859325,5.248519287677059,5.004778066392361,0.013354461982152711,0.22227299649886567,0.17733990990902157,0.34551685866759363,0.2915014925859206,0.1711382849084625,-0.1959787748278058,-0.018110348041453162,0.1899116997693122,0.14241652452273076,0.16474613963254534,0.10530474692975114,-0.023304510870225382,0.000491892498347067,15.768329224870868,13.08192287073895,9.798172008396916,4.051949728465978,3.299079860281139,6.75344820939626,4.553947017300916,4.983658648846093,2.903886287744332,3.657325788338465,3.2285715929981906,3.0171824400598064,0.005007948986617891,-0.25462216020646905,-0.13875710220377185,0.2599115684655126,0.26554520567476025,0.1700279104984647,-0.03032630915078111,-0.08537939783384677,-0.13988329179706405,0.028088714663228754,-0.02620284425836245,-0.15810348959520829,0.06452995401451757,-0.0001785443474849065,12.31221172821253,12.104155910052924,11.487501026247907,4.868399193240051,4.139178010703972,7.681654818806979,5.693819444680319,6.924264700353488,4.6475391765016845,4.826859861963787,4.250401139793402,4.133887546791793,0.0036038277027347593,seven,/content/speechcommands/seven/8ec6dab6_nohash_0.wav,testing,5.0,Kitchen.wav
1926,-218.18993930688245,39.333642334798874,22.294952965915588,13.14913584490148,-0.6563198473466019,-12.998875348743713,-1.4153702869979066,4.189110160493533,-2.211258145229086,2.932914817127715,4.320957361661747,5.4128731520095155,0.07592311658663675,73.73296784799051,38.95001041668485,25.14069595207502,15.124884056364408,16.56432580998627,21.617600362800225,10.913243522593149,5.621424841346262,10.679291449294105,8.157940968754982,6.721723809800914,9.48121084550372,0.055000772284824716,0.5870621766699371,-0.04477827069069725,-0.7396125089553751,-0.12038575176317501,-0.21982599191052452,-0.47390570838280927,-0.18996993744769472,0.008907823589681878,0.11440795620767283,0.24043351578525315,0.5374049781615967,0.11242328510235887,-2.945142407571116e-06,30.98625256784291,23.216981287971407,15.085347258115481,7.202905407115219,11.33050578557218,10.876160180215734,5.923618123091411,4.5025340365779485,5.658530958380557,5.2940985509878615,4.972709043336605,4.883381233845728,0.020899030042121073,-0.12252575431835264,-0.1250022074423845,-0.5033361219672589,-0.1487801844976745,-0.03985601298501003,0.02049938602964767,-0.06810263296916592,-0.08262405818515996,0.07234604969105914,0.02142070230691567,0.05880490576635549,0.11387707433827382,-0.0002719759941101074,32.2195285767505,24.69793396713858,15.42269219476487,9.165329149500552,11.995037055801223,13.547612718076696,7.909580508122353,5.626847709568939,6.962907399703506,6.314104294737661,6.156644396370052,6.453506354634444,0.015462806506468182,seven,/content/speechcommands/seven/1b4c9b89_nohash_0.wav,testing,5.0,Kitchen.wav
1927,-248.4900146579156,16.283873684394568,46.38083771793944,18.302501073520425,14.070162094892485,3.8504168004503407,3.889883120892037,4.312465443028782,9.929000840845053,8.98227093624067,-5.88928274060355,8.102738306575368,0.04313849791651592,52.56339829895458,48.63791738216982,20.57355343582806,25.135582786072,11.236833604555262,12.530595029828074,17.859790169796405,7.9235763602386315,6.33164678226584,8.77675956866181,7.711256920166068,8.08326715254636,0.009794250707102563,-1.671138336819647,1.930471871406738,0.3666835733492156,-0.8106228915216462,0.9661830863969533,0.05194973269048343,-0.10711880333774368,-0.009188731375017068,0.04883788216528356,-0.05977182484266463,0.8004936595258305,-0.1950635045551819,-0.00017788008816780582,23.646957583292842,16.094455323332895,12.05965631376742,9.454057170081063,6.848770096029087,5.285014385785828,7.005893446882629,6.49806340095912,4.831933878989313,5.178026729002634,5.191923112682108,4.92458715874079,0.005065385996326286,-0.2785044639803743,-0.637891309537103,-0.15049456815108161,-0.047726555938494876,-0.05707908771121938,0.27813976501975274,0.10283358528556429,-0.00349655633893331,0.05381106214250355,0.22864843329217097,-0.09618466466631818,0.023785122128940194,7.139220833778382e-05,21.093682969796358,15.7155293083919,11.625248044490876,11.220404885628067,7.599995019541316,5.8539378243624975,8.675919458524056,8.425728776213667,6.108866479187081,5.756868483185657,6.264296710320748,6.211696931132517,0.004334382374793215,seven,/content/speechcommands/seven/b2e2773a_nohash_0.wav,testing,5.0,Kitchen.wav
1928,-155.81027928726735,85.53436468833604,11.001742394261036,-2.0829154972731274,3.2765118008893017,3.968375481883554,5.5057757712729245,0.9973696270039683,0.5906551090281171,11.895385648406428,8.770723430065027,3.2140984241789217,0.10943502327427268,71.63797198682371,43.64537420279209,25.996202859986948,11.74240430093513,7.255225190762778,7.559368138269162,9.175442375874999,11.96510766640015,7.338354842967752,7.868049429437284,8.489222012524836,6.640105965726311,0.09002124675024675,-1.3936880012355797,-0.9234701226089149,0.95976411378109,0.5636892659585955,0.09128744301026898,-0.010201556964549352,0.07383372055817292,0.59884275184691,0.45500627324110493,0.03679522868337034,-0.14163576825094884,-0.08310275810661222,-0.00019616345244069254,35.42360487525625,16.714937726881345,11.746800922628516,6.5548986824818485,4.826003704458801,5.064853317104477,5.9457223294294,5.597472325822881,4.244335421953269,4.854785494188447,4.592740023031913,4.5271934124199635,0.03465341374529225,0.12061209250852395,0.2884748750333825,0.02455013129437257,0.07924789042016538,-0.10849202293890287,-0.054969664278720236,0.09141376256186694,-0.08866395639417232,0.16162948510870415,0.17033049544736506,-0.03737310370122451,0.1189141629241623,0.0003362603485584259,36.19856764882784,16.666759386575784,12.709338209683816,7.836029985844621,5.72366445048313,6.027936756940871,6.490979697564893,6.331490965291568,5.165169805901106,5.425099895068466,5.345646672453635,6.117284075212505,0.02952577791492675,seven,/content/speechcommands/seven/d0faf7e4_nohash_1.wav,testing,5.0,Kitchen.wav
1929,-233.97304403212922,6.488938582118328,40.63679575505172,21.088190673008647,10.292514510548344,0.5916007778436454,1.4918199763143276,2.933500028501291,9.830258338402139,10.127287907693585,-2.6280256620587856,5.3408835903883904,0.08513100858544931,92.23732211169343,60.407089217856665,13.459054352602745,9.337109343855433,14.074870110991979,16.707977600568938,17.477208904984188,18.342168555568097,8.332550568492525,6.621263650388445,11.002886392176237,8.464214635725945,0.056511703514992274,3.5146116517565917,3.0024953897016027,0.3137391586962467,-0.22314453140065763,-0.0005542984636465939,-0.5561899136804515,-1.2581401587006373,-1.1914692434319956,-0.7105174519959987,-0.356259468623362,-0.11132899070969203,-0.41944566812547346,0.00034157559275627136,23.760435967926146,18.780557310509995,9.712309291100306,5.5807616231716315,6.584888101559727,5.234070703799787,5.275371742737066,7.26111577784789,6.205272230684783,4.495098139825842,4.30217354254059,4.670190777156006,0.018848199474737082,-1.1158091087550892,-0.4659349790297474,0.47863192739068505,0.511946066016859,0.4413012658468016,-0.08694546057897483,0.06459457797374438,-0.0373938330397196,0.12386870823482103,0.3720264670964673,0.23166554547798351,-0.3160174403470277,-0.000829487790664037,21.05171503978932,18.280912567930255,10.604992540382435,6.003729498251993,6.987846454030148,5.131333886648795,7.849842371436485,8.3731521042208,8.260920527393488,5.079183922688121,4.597264833218403,5.583190591489181,0.010703756881050656,seven,/content/speechcommands/seven/b49caed3_nohash_3.wav,testing,5.0,Kitchen.wav
1930,-238.54493182428706,8.197407630646278,36.35301746113896,24.88405453763695,16.17509346557115,15.206591687934234,6.837050197979597,8.673065739073577,8.731655705640549,7.770046969303679,9.571710485169493,6.5466277019809365,0.059706155909225345,104.9838961762832,41.68334314766482,16.6304131541364,8.705646933128905,13.586485137166667,8.56266592425488,13.754340251023049,11.15663579608532,7.610111195303239,7.565060395176322,7.5043145434442025,8.804132575966586,0.02449414165063749,0.23267331885399434,-0.28935346963702396,-0.05685835127482665,-0.17020327648033967,-0.11538544025418702,0.04694290665214816,0.07620444427575875,-0.25095473217717706,-0.043726696945684075,-0.2586917973976295,-0.1380600282618327,0.24340226717720542,0.001093406831064532,33.92665910503644,14.610890039989757,13.696026555544002,5.371448184923982,6.317631320540753,7.565452693168633,6.246955867129662,7.55670135783452,4.009068358238262,3.5628885789646074,4.753383377369801,5.3917679316222635,0.0066587148198067585,-0.02374161296827803,-0.051095548633773843,-0.02820694752402512,0.18387544158239208,0.11634763029893165,0.02571962031493745,0.06913699975682532,0.015167533712512279,0.32731640409106016,0.276960630541752,0.1416951535072596,0.16218888801275114,-0.00015869364142417908,29.486323708307257,12.229587806252042,15.703653530479713,6.85083016330796,7.145657182691588,8.148628830448397,6.912351602439512,9.32121063825642,4.343968170192563,3.8714473544043844,5.665124484294867,6.568111640571386,0.00502880090136961,seven,/content/speechcommands/seven/37dca74f_nohash_3.wav,testing,5.0,Kitchen.wav
1931,-302.9253145334337,-10.106563772031885,41.6550552497168,28.428164892103055,25.278458403443825,13.44813356865042,10.706747108840348,9.091174028669146,9.212255754544023,10.894172546959211,8.41938146794542,7.8850425006566836,0.0381985092535615,33.87690613887033,23.804623389190233,7.634666214558472,5.453695638445642,3.276710949671608,6.6096071645700505,11.314566091144165,11.593900929369907,5.952968609115034,4.745636057882385,4.4727542283725255,3.600955038081532,0.005868211101432174,-0.1759257023821654,0.19546978641654292,0.533368628613527,0.43251801902695,0.27762546448742237,0.32676780571983505,0.11837115547411216,0.1000177282989844,0.18739644732775582,0.1354951716305877,0.05983022218545295,-0.25058827493895974,0.0002526589218647249,15.899021832206529,11.71546612016575,7.094903192850482,4.560368414596881,2.6945212589625434,5.161506341955144,5.040785217460154,5.83340180682843,3.4342065543076132,3.865377422058536,3.7716909753635144,3.335457540596271,0.004284115344463645,-0.2692006125373761,-0.05769917576038151,0.09288123288654333,-0.092440094963199,0.08405222221356988,0.2512413778389418,0.19970227430588744,0.058867924283505096,0.09864047757477715,0.1270581974203515,0.18104658893885336,0.031321898683658575,0.0001408399393161138,16.59683958827294,11.928798100286354,9.478511994387958,5.7093814223624575,4.226185815163039,6.322596540470472,5.359799930964134,7.029295494207547,4.109636834553334,4.696633403086055,4.780723118041148,4.8509296463052145,0.0037573692397498346,seven,/content/speechcommands/seven/d91a159e_nohash_0.wav,testing,5.0,Kitchen.wav
1932,-245.09045387203244,27.64811110825578,52.7229605471524,10.826997171009499,1.4648383973293417,-15.494108285622625,-4.4533972019732095,9.298132650109299,17.813819924880086,14.065961176258785,4.114682785737802,4.832368407882989,0.09657133487053216,63.446898181196545,55.1622222439281,19.98090231594107,13.654477431543716,16.37370788877749,18.859652126525464,16.254688690255318,9.028959399528151,5.8446942517539915,5.82878250528184,7.754109701250917,8.485535145238371,0.08739289189173986,0.4653086321318223,0.7312603690242685,0.3805976644606492,-0.5001220315257184,-0.5679113091047719,-0.20793007896572127,0.07250194895010113,0.34629688743571724,0.22661700988109554,0.24956404617807793,0.2093390453476834,0.01868449427011398,0.0003818968130696204,24.007007412847695,22.5653148638049,11.404887750324498,6.808706728957103,10.415674228097837,9.929229782779132,8.06607988329454,4.978135271810993,5.256796772854354,4.306106787614643,3.6132207696411984,4.40079186597133,0.03271600795909779,-0.6487859878529264,-0.13657532452032678,-0.009997918049114436,0.13692729361209346,0.40766549997525414,0.1716479675283357,0.21249136298192503,0.2501010151734577,-0.12593002029115688,-0.24514972036528626,0.21127274931356116,0.19304050517042093,-0.0002231881022453308,19.430186702260613,20.831737583382402,13.083596237600696,8.165739885729671,10.847540250354188,9.744354149330533,8.871299956019648,6.305302342700274,6.757157942892675,5.171999014255793,4.380895914514167,5.54931745657058,0.020766521951604642,seven,/content/speechcommands/seven/5e3dde6b_nohash_0.wav,testing,5.0,Kitchen.wav
1933,-191.27120222746436,8.116065266893049,20.58169993228047,24.770123193032553,22.05948806357854,-0.825551945770985,4.7240083469350225,9.845981478196105,4.5699394806237,6.230445857091018,0.7822424864128089,2.710381085780269,0.07018694869475439,76.04691307757959,46.154123170231635,19.957706318216857,9.002162313568457,9.413095898444821,19.724305261062618,15.872107526392625,9.260452668946586,8.903206274500388,3.488034326626972,6.9543473513712595,6.299140564125304,0.05595336968094593,5.797217550169026,3.7770361937953036,-0.8004062550533629,0.1744977845348657,0.4122356794814234,-1.3216225731276081,-1.0467989839833503,-0.37376800346229805,-0.5135907845195342,-0.14376557859579964,-0.14790653502757425,-0.5051912229864477,0.0031632201806191477,19.818526867519967,12.923570813420984,9.955554749862483,4.273218247096621,4.925301794348483,7.994707897429654,5.955927502884461,4.680025680633434,3.5384661449653487,3.148979083502692,4.310437988391843,3.2142531060366664,0.018719284587204142,0.6262399223357297,0.4604900771949341,0.08331646052745884,0.28741929940247907,0.18623053097951642,-0.18174516592459422,0.27480373381289336,0.20519333792142064,0.08866847192977861,-0.1950119659679669,-0.19445493062267835,0.16796290798007257,0.0001624714583158493,22.858117080314948,14.163181207156763,10.860637149226148,4.839031303326468,5.435799725521846,8.652828033472193,7.527103911850608,5.582954315405074,4.180331735917449,3.936683242954302,5.1796782821994105,4.333835776166908,0.01774311412162638,seven,/content/speechcommands/seven/b97c9f77_nohash_3.wav,testing,5.0,Kitchen.wav
1934,-231.16527086981318,14.628613443007293,44.89062540920439,23.32863917652255,12.768013348147917,-1.215238123595296,1.9385935645709163,7.600362181789604,2.131803324242345,1.5000324860297538,-2.180159809424297,3.8772769617468947,0.06311088177608326,89.7483736828289,45.66349401395087,17.031757622169337,10.094773758702189,15.862019109710436,14.181443333181697,14.890361633734473,7.695419267979553,5.403429319865603,7.221660485255821,6.025076278961554,6.370159759033172,0.054873578753308776,-0.5513685362905768,0.8771466538391451,-0.5962895347163578,0.10283802600816243,-0.3296365354620296,-0.37239873567370263,-0.09706343805090654,0.04520862314290517,0.2572599589438247,0.001603521871473562,-0.16312179926015208,-0.4059495974750114,-0.00031789106827589774,34.222470443182104,23.45977791172512,12.633985217114459,5.736309239240586,11.43716637866867,6.85764007683376,6.393909755425994,3.999913496550418,4.04260239804582,4.441447443182949,3.32924790306329,4.501371480906837,0.020021568175503938,-0.10946274852032759,-0.5292215539926973,0.3734120413439375,-0.026384533802355038,0.1783277671338134,0.3954082127260019,-0.03941216149988159,0.04695187914668342,0.22122903780903547,0.27209418238597294,0.20524100720674346,0.3436864547338889,-0.00012078552196423212,34.3967857054664,24.188108130081385,16.146754373920494,7.43632001348308,13.284962104148095,7.945168517606176,6.493316426103457,4.544512399969675,5.452905100747227,6.082729723711433,4.548147404447422,5.699602078293836,0.02052454597164772,seven,/content/speechcommands/seven/97f4c236_nohash_1.wav,testing,5.0,Kitchen.wav
1935,-202.04308793872264,53.105891032060924,30.732810053829898,21.00317773376262,12.76819638090913,-4.322220860969453,-0.11326660066314181,-1.1639134041171602,8.821439972424667,5.147807090902461,1.663170225213786,5.456271954413953,0.10148654755903408,102.09041119206131,40.73882411646256,30.11643072716643,29.23045609682714,15.459240239205164,13.537449809804011,11.004769980886723,14.161591583854952,8.667532234795976,13.77991117613197,9.014505381935571,8.451139493202993,0.08964723815881591,0.5605815104691864,0.32651293959890615,0.013273340207497025,0.006249706667751061,-0.13740772144676497,-0.030091934025365214,-0.0649711019598413,-0.0846903673854908,0.19299691822040485,0.43807950368190496,0.5482153670069956,-0.045941123339473124,-0.0001920866629769725,38.11373729373235,21.150383576658317,15.544438428453784,13.541889397035598,10.7619164175526,6.507929854898153,5.554200633801762,7.22280232430898,6.219403617364951,5.520838722228758,4.4609651781259485,5.256480010012688,0.025136072586996332,-2.1136872571796896,0.8381531783570211,-0.6729838093988451,1.150320906897419,-0.18762376795523336,0.09163197988183064,0.04777568871307382,-0.16326591830419346,0.31787975336539726,-0.21089846606323123,0.12531240847875136,-0.04958890355344156,-0.0008298185343543689,31.821110067067508,22.31270688527894,11.872696205657244,11.89730520309812,11.282323695458851,6.946222279609161,7.900710760674152,7.663839468123466,7.8606617045569305,7.175331297324737,5.657736566045308,6.316384564966681,0.020513387369903952,seven,/content/speechcommands/seven/c22d3f18_nohash_1.wav,testing,5.0,Kitchen.wav
1936,-216.7530036630876,31.76101915817684,42.03360922392497,24.827534107207747,11.5406290557168,1.9701847279501967,-7.986914038206936,-1.879102436616828,6.556963500681768,5.624916045359676,-5.525111244123822,0.4265503405347658,0.07878089224686846,78.31930053331645,48.32338103538952,22.190940838707416,12.503297085826782,12.138002972714084,12.839708474348717,16.657446776259743,18.639898691915707,8.38545546980511,5.950161321939622,8.997409182650074,9.490986743302084,0.045425376041330984,-1.2165887432667162,-1.0664453693995262,0.0993676645990885,0.5866404034784349,0.3547707814974656,0.32731509262365666,0.3664292055628875,0.2938403086030694,0.09515196165765731,-0.035654690890088124,-0.012827365422444033,-0.07958921411251907,0.00048465179579873236,24.530801919461457,18.92815245965865,13.133997859532546,6.784958425287292,6.462869190132218,6.369242819135297,6.055966077665966,8.956779684206351,7.286290343033017,3.6774915791351184,4.597185297795879,4.099676859924552,0.012470292537424293,-1.7926722885056137,-0.758237144611429,0.3903982731919645,0.25608875079403715,-0.04125892739963201,0.15724989125098113,0.09377665311889985,0.4169262444576978,0.2509024642237268,-0.0588583067088854,-0.06765838659258566,-0.12371224176376358,-0.00010500866919755935,19.413940547053,16.57115166320629,14.712721277600695,7.181620680114389,7.508779204233487,6.8377663726627675,7.098181054311685,7.500454558426253,9.078716348084383,4.652013581921125,5.686264587879468,5.46472649070974,0.00871674521093975,seven,/content/speechcommands/seven/b49caed3_nohash_4.wav,testing,5.0,Kitchen.wav
1937,-240.02371521123104,21.27855348161379,47.30849536891677,18.513463972959812,12.688047427131233,2.2325009584419244,0.15179236757829667,7.729905864931791,7.642708398465596,12.121937221874498,0.668526377167807,3.9593774504392565,0.05356723885051906,56.70641262226378,35.7705679233248,20.662208830252577,5.991121858017626,3.7048996724134673,19.89002204634714,14.800059610094946,8.537432501710676,6.466072342197996,5.164072621532517,4.75445010416668,3.679904902538629,0.0243334551433304,-0.25474796386448,-0.22185849794513862,0.2374093420091595,0.22202211283583234,0.12467014850089227,0.01878828603894869,0.21486492737725219,0.0471478306330104,-0.09945769496930812,-0.1050540937082051,-0.08795843171572867,-0.2054471595172931,-0.0004370653581234717,20.780220801626452,15.366242242540965,12.983800824775631,5.449194699767999,3.5486689734452024,8.974316063813665,4.80036328817107,4.872149767591356,4.459095097002102,3.9923686355890453,4.235697091905793,2.9939119895254644,0.008335012175297361,-0.07374929651980816,0.018638122089180992,0.08692507019010685,-0.13424867178083613,-0.04634978691887,0.1746086927089655,0.12570726120886505,-0.08062173371891239,-0.04654543662666962,-0.16444766036187008,-0.06967670290878855,0.057513035317676396,-6.979679067929586e-05,19.511817065260868,14.404492316941322,14.886499643989143,7.894423205353696,5.249193930643426,8.393172658657507,5.082427329642804,5.250185005166505,5.140661114919998,5.28176702637606,5.003964422292529,4.537473652212067,0.0060124118099302215,seven,/content/speechcommands/seven/b11a05d2_nohash_0.wav,testing,5.0,Kitchen.wav
1938,-224.96210080754307,20.83557606439419,30.15998647542469,16.88177383421167,8.519104614893717,-2.36139758060182,4.754886270760846,9.786168770413521,3.2642403443348704,5.668999310268495,1.7502343925789192,7.964330696060795,0.08218073393800296,117.53952165639213,47.791222220768525,28.966029139850125,11.84332702984768,20.541116906024893,19.77816208136223,14.22407739086239,6.020069953106864,11.377038267302757,9.12721367028662,5.9164732049188515,5.601412289859232,0.07308301679176128,2.30375323280151,2.4495830722557703,0.9783508813760841,0.6903202380253329,0.2914601204586874,-0.5511979817732354,-0.7878684879397365,-0.5463831119646557,-0.6510423731556544,-0.40184396066068145,0.11430175986538263,-0.016543472086546274,0.0011566031063275954,38.23823943722216,13.636254636954058,16.35846369261067,5.627138766776461,9.341499516336908,9.144934021153489,7.373517141708485,5.164344394471359,5.524689400649538,3.746920494017263,3.2767695535307073,3.831339073328746,0.02829364876889468,-0.8515177656038484,-0.3983682034196074,0.5018444085769981,0.2967501034730195,0.20448651530234413,0.5219682886880506,0.35283599305308455,-0.21143379043922586,-0.13884002069272264,-0.2303417245926917,-0.18025180236338137,0.15432210312364017,-0.000516886729747057,30.201373021202777,14.22650682758408,16.60754518302793,5.924599000775805,7.9578184887722205,11.028814056289402,8.817446137718463,6.800434586720253,6.506036349025964,4.996097160172246,4.463416081305582,4.8829399456511755,0.02162211966213174,seven,/content/speechcommands/seven/8c7f81df_nohash_0.wav,testing,5.0,Kitchen.wav
1939,-242.3128043720444,36.32099932467173,31.035654378443983,12.430587160584533,7.550701979449819,0.9689010312288515,2.004715999097704,2.5376790692371003,1.2754444428555427,8.005574645142813,5.153048373786282,8.988738697206234,0.034965219252087454,38.14523501636142,27.787117043357217,7.76674847106015,7.697869654113931,9.508344543728029,9.439268580292943,7.544684889213978,10.929168705987951,6.858662339279041,4.57852387533553,7.5791800724353875,3.6534218142345787,0.015664070162226196,0.8584246534891039,0.5082605455368966,0.4126510484416457,0.15957695255657459,-0.042168612533947256,-0.2185129377677231,-0.11354003376899356,-0.0059147022448761905,0.23056792363868173,-0.10650327138832309,-0.046949223641755126,0.06382199561027327,0.0005726838985887858,19.717364714986587,13.025233883272742,7.606256959237248,5.346651579075734,6.585368743746267,5.107126782016169,4.771655582655644,5.624706591193722,3.779593956496723,3.715109054728594,4.355447676457612,2.872924173776681,0.006543108380684043,-0.276063345444129,-0.2587108025404589,-0.031206320594584155,-0.09659043596130772,0.06984783558470817,0.0937952946866009,0.28229688632722477,0.45220752193506064,0.10896610563699027,-0.02576910526043106,-0.22055606306583905,-0.02567858164410378,-0.00026886656880378726,21.005796470160693,14.181857702295524,9.525830663833187,6.751255984789468,7.919914478391414,5.701081312744224,5.830141021125396,5.877208312333329,4.785116383340019,5.113883810800204,5.028020667119868,3.79885025315863,0.0055061980195536195,seven,/content/speechcommands/seven/2fa39636_nohash_0.wav,testing,5.0,Kitchen.wav
1940,-260.447938703831,-5.389574119361626,39.568646713196415,30.875752834354113,15.973616122562966,14.686819476973984,7.9993746466366265,8.647140144735012,7.257921209864808,8.272771812915366,8.869304265158938,6.869291026563594,0.044039943953976035,82.07566332660284,39.57646188474221,16.004585211933122,7.103500832532565,9.757994285279159,9.831584273729877,12.259541270428501,10.840496850258617,8.149802831492229,4.712208811638366,4.530597420851404,7.289652781895478,0.03290393135824739,0.34022931900049924,-0.21649929980364385,-0.29786156307441164,-0.14573944215883014,-0.2068049045548376,0.04102920587455329,0.10686933272973022,0.023263659904048915,-0.2559213023519452,-0.1391468615883927,-0.007754831718405963,0.022394371993174116,-0.0006921993748795601,28.157946468165957,13.672941947090067,12.568497920623862,4.159075506528522,6.037674509309219,6.251440395827785,7.401615683275385,7.455940839073841,3.7152976124710233,3.9797063145099427,3.7918145212120056,4.5221683956749255,0.010577180233954625,-0.32823987895605644,-0.06856013713761258,-0.0436157384510075,-0.04120937662839618,-0.029501606522915343,0.0063261016611286065,0.2694966315574925,0.02025407828534972,0.05584105922604585,0.06806279630972274,0.010634090642629924,0.058112287837169124,0.00015511661767959596,23.15439699988948,10.202185262122228,15.147482268382614,5.32476563848356,6.926596639641694,6.391643149637218,8.667161944576666,9.286827291360906,4.836049046991193,5.317165173121405,4.836680578454841,5.599658254128904,0.007729592234952766,seven,/content/speechcommands/seven/37dca74f_nohash_0.wav,testing,5.0,Kitchen.wav
1941,-261.29872717594435,9.47111779977064,53.97700291285976,29.51530429176084,18.548603244591202,15.837524012284584,6.71712767130952,4.9046172069189815,5.460177615802435,11.102402284220545,4.994680606540143,3.5886231066802488,0.07109256298281252,92.53332972495151,66.81439261667347,22.338713232193648,10.447296651238215,11.98382954643378,12.218290762022525,13.04266174029885,14.208276460168724,10.729932965973337,4.517341115215291,5.00204411104973,7.722032123504203,0.06788039176000794,0.17683916716478346,0.017836361984771495,0.014147893953539017,0.018937424168234247,0.1300807021580603,0.42698240318748026,-0.2424021706017228,-0.24779700450704567,0.06838776999624104,-0.22159981525390815,0.09678794225643768,-0.03858952553626407,-0.00013119601193935641,29.738366381513764,27.315834964191442,15.556245188092833,7.2000481806223275,5.910078866445734,7.686660967360108,5.618210269174775,6.340347638827425,5.141789821461648,3.735968156088174,5.051820196119472,4.290410001668128,0.024696967794104907,-0.36043272226633555,0.40952412707468916,0.05682263460811825,0.10699175422243444,0.4477916325627969,0.15921169822965311,0.3518183389093303,0.33692887671910454,0.2431336350922292,0.1093927239823211,-0.4563746777838513,-0.12017491705140806,-0.00010924016435941061,24.054540726308407,21.736421637047684,16.08569584270736,7.817133548656238,6.499136920137839,7.525553194665423,5.788728380501598,6.76556923230476,5.817384613321177,4.365789941472273,6.741094851172014,6.169404148899832,0.02077833494032079,seven,/content/speechcommands/seven/e41a903b_nohash_4.wav,testing,5.0,Kitchen.wav
1942,-252.4600128006232,-7.735817935781183,35.56166081909538,30.42705110404078,17.426898345270807,14.099640453914422,8.338945414350595,8.92944898362333,10.113764650057362,11.109536473744248,8.494381072827174,7.038458187739541,0.05259221140295267,86.5220686371571,35.61485174147719,17.25124082399913,12.581085251030673,7.301129091335779,11.213821912099448,13.491637193421331,13.725781891937853,10.049947395784512,4.6229910786397825,4.209827683724603,7.136533096223758,0.025834312232854355,-0.444675703484279,0.023791735382850846,0.047954223572979286,-0.5847889903344128,-0.563447526995504,-0.4321281363934816,-0.09630386057804306,0.16464731716448275,-0.21770161168929492,-0.013893780588125411,0.054145704150342915,0.14081678440898968,-0.00034635273679610223,30.740324066124067,17.76142900292046,12.747679082089315,5.975050347449978,4.870632679335496,7.42447481885479,6.036757763169375,7.797469858619697,5.14976775184926,3.6474882287055435,3.7576144882038713,4.464579984002876,0.01197412647529688,-0.14596527503785903,0.019075292315309154,0.1453293333499848,-0.19846118166898208,-0.04898621683460516,0.11616115347668696,-0.07730360202192917,-0.3609075758835795,0.11731509613468134,0.11708415537425736,0.0015054588655044388,-0.029287698186470243,-0.0003737755119800568,27.498076319171915,17.699349885171955,13.945574659702938,7.247563546597485,6.011451301581528,8.053235766234796,6.9725679782007015,8.119074886126993,7.043399199708175,5.063093358772077,5.372044551317984,5.724355674881455,0.010209313246993864,seven,/content/speechcommands/seven/37dca74f_nohash_1.wav,testing,5.0,Kitchen.wav
1943,-229.3405402605593,27.97331038383615,6.307641613399183,30.139933773983742,13.364430831858662,8.444277734260208,-2.034184913686828,-2.01012958428304,9.774904384041417,3.092804176979557,3.1635807481927305,8.268392435716454,0.06834415474440902,102.62156533164693,49.61810339254538,36.189709227205114,10.55397588100825,14.672910715233687,17.876565645778356,20.09686982971258,14.429913893019545,7.784487654968907,9.386502004613249,5.350209183299627,9.149817716488792,0.046525819145137884,-0.2572766231827188,0.14152615579340944,-0.10482798435552537,-0.46607369654420167,0.15062410260586104,0.2338378231395526,-0.04821532757655431,-0.06969971541571716,0.01851767205746359,-0.22690237334117547,0.08283506718368068,-0.18531263242395693,0.0007543101786605773,33.05590620671591,20.67601549332952,16.014409140551805,7.169794559118751,7.67124430206844,9.809177342292681,11.680936119605184,6.939290877686833,5.466828268615768,5.217247149739017,3.645144829037543,4.410603081333234,0.015360027195152266,-0.09160505315431208,-0.03866232636386856,0.030860331352987914,0.13009669512446417,0.16158841765758905,0.10030473356025518,0.2726698360329881,0.25112109424648205,-0.03630149726527187,-0.13798100490015344,0.10681412249040223,0.04655823759416056,0.00014839346210161845,30.0079221195363,19.17850373152706,13.400051435338009,8.658028413500567,7.901010465109199,9.672278114700644,15.203947410899069,9.702126063740511,7.382306220700453,6.252847116888606,4.006794975611126,4.937203593253416,0.013259253023028831,seven,/content/speechcommands/seven/cd85758f_nohash_4.wav,testing,5.0,Kitchen.wav
1944,-246.91298743045073,31.908092079230485,52.19083645703906,19.103354113860576,11.963791219963781,-6.611292960536317,-4.250270756196466,4.790171042462205,14.38380386671731,10.450474538014802,2.3885472411007065,1.2767569957797664,0.11245193204376847,92.25829520992562,65.400996270845,22.064278949214742,15.63742001792938,16.77516385109545,23.646027412306864,22.630764164642855,9.764631734124674,4.857126563377528,3.599907274479702,5.665454517329079,11.518881106821205,0.10747835835543794,0.040529264497234034,0.4263876464592322,0.19219706434993927,-0.15926699792542115,-0.38132127585557585,-0.5525297516847981,0.0016812251651065748,0.21988472570450382,0.07009627032489289,0.1103197401446558,0.048199669586904983,0.07355802831214721,-2.7570633157607048e-05,27.388064288169776,21.366826478268592,14.695487066593921,6.134410433131718,7.009652622721684,8.676572532481925,8.268953548179187,5.928396960559446,3.803290383407477,3.1682482140751027,4.08692581659417,4.604018801176463,0.040309564432830555,-0.6588175575910005,0.1310116071580873,-0.4300983505588556,-0.020730603682775833,-0.228271747952054,0.3272091090409537,0.30767676215275686,0.10029043509969829,-0.17452722744178154,-0.03299458243187298,0.27653755130983154,0.06505000212921867,-0.0001632340873281161,19.40517699118631,18.587583428504235,15.00447491074842,7.25119851011763,6.700999937492051,7.49844338636903,8.188396801826789,7.637844302036321,5.1645735758285385,4.804455578130066,5.825047658336014,5.146300823845259,0.034580641266973515,seven,/content/speechcommands/seven/5e3dde6b_nohash_4.wav,testing,5.0,Kitchen.wav
1945,-200.54281661388495,31.427859778996186,14.081907704389666,25.753557482027755,17.446961819267187,-0.3857713084009179,0.06843426165975164,3.532107606138964,7.1180165098590855,9.198283327756137,5.650042198802371,6.879925519648625,0.051279368344694376,89.95521072849368,40.5921197555796,27.892468903292624,11.839232354517796,11.794400264369665,12.641975796955702,7.601857609572793,16.090177554580222,8.228498446099438,3.7438921717816136,2.6546831561131663,3.4472789891234017,0.02946933161119116,-8.233872157408975,-4.001694503043991,1.7887251396407817,0.13571066681244234,0.49107004383110514,0.5136899625244127,0.10211898364018678,0.11440472831489089,-0.11055762759757158,-0.2077795570904661,-0.024656777184297308,0.008662929970886505,-0.0032982871897758977,26.254633167570976,15.19553071200015,13.960565979035023,6.658354458597669,6.689064586273366,6.431164744432356,4.871538983259897,8.779118582459708,4.277088740035134,3.4546461851291874,3.033847104654996,3.0576559524876865,0.012501322095258297,0.42159127158527787,-0.08431891884981105,-0.06759534958516997,0.22597058262653172,0.1284160484593352,0.15814959209154592,-0.14038012633404418,0.15358712445218964,-0.033471823164744306,-0.28708158088862923,0.09754742516872153,0.12494810357722545,-2.7663384874661762e-05,26.90731805331795,16.048365619356645,12.332084543954844,7.480771655443776,7.107474167593051,7.311625839994581,5.758971980757033,9.778940740463227,5.223391477209136,4.737867416446241,4.337854001419716,3.96424138867227,0.011834965673805873,seven,/content/speechcommands/seven/ca48dc76_nohash_0.wav,testing,5.0,Kitchen.wav
1946,-263.1223094398289,36.44331587614967,28.322620630982254,21.707917721384376,15.164393843735368,1.4164808439682879,-0.6144301805923413,9.76750466411196,19.705034920643932,9.436697157947549,0.1921163848602343,6.222668791205761,0.043284719984512776,59.33661000489083,31.723556742462524,24.171658858231428,9.033721611420184,10.245079422370587,15.400249138338399,14.89937142229542,4.607858856358479,11.07838108473019,4.66529334909524,5.826008026770556,4.544000511429926,0.01417608772911674,1.4707188919214291,1.6448887967310857,0.22545372999724053,-0.16882420213570706,-0.0954497709318691,-0.49653304640411594,-0.5027116600226443,0.07475899343015854,0.25609619915795834,-0.10712014561725067,-0.3083825446793265,-0.06255114181631186,-0.0003343924519515807,18.801385881614543,9.256479841743836,10.914069832741493,4.084157300534539,3.6438074165513292,6.384502111041943,6.181783558403279,3.656291766451877,4.642902257923633,3.3030886283024112,3.7720735955727647,3.9738913868141306,0.00667672076700164,-0.24896524554246374,0.018412056383970626,0.17372481424984548,0.13201563842286965,-0.06174459686092213,-0.24341460626884512,0.2313072703255908,0.11405155124130267,-0.11575818065582129,0.16080343298968824,0.02509601093023221,-0.19556143541022444,-0.00027313785006602604,18.755953552379548,10.128535581148727,10.764635270020808,4.5106750599749414,3.7540464800074167,7.355480828506787,7.983619724919941,5.075156407495264,5.115709614092731,4.197403106618751,4.927065475171025,5.213208613316724,0.00770330145743806,seven,/content/speechcommands/seven/bed06fac_nohash_0.wav,testing,5.0,Kitchen.wav
1947,-303.2938931509932,-15.937290439823343,47.0292821839604,24.42145877557045,19.000264328358497,12.133889261024287,11.978782546134742,12.151613108213049,10.051645152304761,10.362028185122885,7.0542210399226555,10.229678994805038,0.025586260977433994,21.38468352600246,18.734638081437904,7.168691707071166,3.198367726137087,4.129825405931515,4.681616440064957,6.751779697353687,5.452294855840229,4.528028911863833,3.63242271222707,2.0499131128196786,3.5259813593922704,0.0071827997427628765,-0.11112763061663417,0.22325429824995913,-0.002244970362468505,0.4428115167549103,0.27652755693409653,0.09605336415374167,-0.018619462956094814,0.03332547917698856,0.24023447923991464,0.28722568751542105,0.17239888595997552,0.03200445790788837,0.0008396303221102684,7.688363209593423,8.065160615493369,4.458811852034221,2.039649170878422,3.287936436234389,3.239493369632525,3.99535407639325,3.800258629085377,3.1122414106484206,2.586547786910289,1.949173628023026,2.9563561291130407,0.0035597365291658426,-0.1596396236842376,-0.03177392810360047,0.13903471247176188,0.08916931369006835,-0.06619399363534507,0.006941193734537284,0.12395837061627149,-0.0430042216740155,0.07572982993042915,0.21255000840110627,0.16733616417804364,0.027380835735457333,-3.813666601975759e-05,6.342736066875574,7.259004083976548,5.424640450416917,3.0769016581713777,4.407185756594396,4.111253766959625,5.048974423655611,4.770183079036565,4.329711600095618,3.837485182885858,2.7311324789048395,3.5672286120468417,0.0025494250121740683,seven,/content/speechcommands/seven/3c165869_nohash_1.wav,testing,5.0,Kitchen.wav
1948,-276.2758237500648,12.742735015742511,21.340690988099606,16.56810521147589,16.51692286208,6.602265946685126,1.4505383134134988,11.032053142754304,5.937021971762622,13.590017099384394,4.2206941659116195,8.501960083979416,0.03383528324775398,58.1599549352828,42.98601209659104,21.8458059441442,12.076329038414022,6.292524105027187,17.89777536731027,16.84629751124209,11.305250335007967,5.215971477979468,3.352580330063279,5.3618957743311375,4.6439272404232295,0.009574694357636136,0.23941015142600375,0.08560747118844156,0.02365847203984759,0.06186893746300497,0.14947641442982357,-0.08754491965159344,-0.2562216735715481,0.03818371500939313,0.10646816588308515,0.15082664506736204,-0.17765543924710958,-0.06823927617258506,-0.00030505512991259174,21.676764962743377,17.368702702536535,13.340103864183256,6.898481855146981,4.810909965658462,8.432473048323066,5.780827145636669,6.062323751034207,3.8483796844120746,2.960781880308288,4.181078724795824,3.230523750025289,0.004918330850077069,-0.1666414384464474,-0.07322526261650335,0.07251212312402562,0.14606310389989416,0.2912557159981172,0.4570014642616601,0.35459551697228,0.04613594903696082,0.08670173394600424,0.19448045005791023,0.0870529676952493,-0.1735348800078697,8.002581695715586e-05,20.734361631452348,15.281344070301548,17.275278195344566,8.013147047786308,5.73505198592004,9.348627240689938,6.425191639236779,7.1039168074773595,5.523806851679077,4.332982451750697,4.990443347980274,3.983673021310795,0.0041002859872067,seven,/content/speechcommands/seven/b11a05d2_nohash_1.wav,testing,5.0,Kitchen.wav
1949,-189.40242109138654,25.613944141777097,0.8577009864851677,2.3775641729107155,6.765239356118105,3.852311151702611,10.811377556607766,5.01077102366497,1.240325248882987,-0.6658207087773063,9.386600308229117,16.475210827204773,0.04791893460787833,48.3822259683371,33.925244923060255,20.486070666573916,12.985745513182472,7.856834853677206,11.086483892491577,12.051482879796277,10.760847278921496,11.281111660501109,12.250262780428729,4.55201714619935,7.95154580370907,0.016111662202251516,3.5796673402637147,0.5672042302549762,-1.891612066448266,-0.7394479060234221,-0.5476462646584194,-0.1811796235941913,0.06850708153681861,0.19483700941053508,-0.3176580261920024,-0.7673308531113286,0.03733115782504806,0.6574582645666233,3.8983120072272515e-05,27.229477290180437,10.318707525269943,11.455813739588553,6.3961145670026385,4.514952010236491,6.9179112753922,6.1697475344044115,4.723767108318082,5.0799574078481875,5.939072646320192,3.5894941950384394,4.099146589668881,0.00899730337231282,-0.466295338466576,-0.06297197571318344,-0.05427344081047731,0.13195124388597798,-0.11054875671739826,0.09820039520752953,0.24062614248669642,0.14525047506111993,0.004616480109881612,-0.030632007825541645,0.2176503650631524,0.0831484179085758,-0.00021156035363674165,26.88354904316798,9.68326786191096,13.628722171369452,8.057182748421695,5.456444901229168,7.383710221037739,6.3976982038535715,5.750897321938475,5.605224755234123,6.361810127584331,4.840337241083796,4.938667667173042,0.007655997751886659,seven,/content/speechcommands/seven/caedb73a_nohash_0.wav,testing,5.0,Kitchen.wav
1950,-204.3050761583693,44.26157096813618,22.214697613187045,-0.5550174263281238,5.536598190658053,2.7899082560665653,-1.9298408180712414,1.9533895415729006,5.1846827909808,15.329168540731919,1.712608241661054,6.210354915341669,0.040493999421596524,32.106223050359745,25.181843160164508,13.524067354267626,7.017171062966929,8.79100073802526,6.8623429920926595,10.06108399284375,19.574017439016096,8.814610099913537,6.913859817184986,6.517442253627061,4.111938219664547,0.010627240929569081,-0.04852841639035628,0.4898169840201109,-0.05598767779828457,0.018201633770661044,0.3303554687289052,-0.07303873105100023,-0.11083244050400917,-0.24357480891766592,-0.1741181063260784,0.03857678313067342,0.03431167769528841,0.12000057371760199,-0.00022188118048783006,13.884341031439048,12.381398567250864,8.258562062313615,3.9247856129656937,6.393333386385808,4.776107396135642,6.175968870387136,8.65490652541917,5.422602314851292,4.540855622010868,5.176800445263841,4.3266046233238935,0.004860201124196676,-0.9037325554645241,-0.528816022000938,-0.014375713194616438,0.11957119236571412,0.0848822996546809,0.19669502089661953,0.34246668792284624,0.44544791151749247,0.2551336124311712,0.10583676902811932,0.22293178415716444,0.19956866361535683,-6.499946383493287e-05,15.378468133226336,12.380376288657867,10.476276621596556,4.0942355116598765,7.761937987847104,5.811202699149613,8.834253414742994,8.811093056731178,6.214603641485638,5.599758219630441,6.364949118839638,6.310409277540046,0.003782596525257063,seven,/content/speechcommands/seven/b737ee80_nohash_1.wav,testing,5.0,Kitchen.wav
1951,-149.2700986665529,99.98202980399992,-22.61759394405248,-25.940554404817515,5.372013472450189,5.948296385097131,-0.2241520711753493,10.829185446278537,3.2313104218283857,7.385952606829319,-1.3184948063642103,4.629140513045994,0.1354300583479926,75.8255764990875,27.545558670364585,15.507670611754028,8.98522658418657,16.41269617172222,17.489926802223238,11.007085987112017,6.11397608349927,3.930492163630741,5.214528113640643,5.125344712916738,6.05246344631801,0.16389187795157767,0.3674214055492976,0.4684892556862246,-0.040595803518442435,-0.25027860968943805,-0.11340105324483256,0.05065789140949925,0.015421172527288649,0.044658948781215575,-0.07651780303034413,-0.06354165257373233,0.06953692694432691,-0.08013601313064803,0.0012431557500554669,32.1020710985887,15.686917623810762,10.942169595871201,8.239831038606594,9.402643298564527,8.309774540474704,6.33969241059646,5.734771679023799,3.56715077941413,3.5908606474090754,3.3600102810820207,3.756717405954408,0.06574215824666063,-0.3537213662902379,0.027940573869021535,0.14179484045130822,-0.21039527268671243,-0.05565232380816087,-0.01384338471116949,-0.10203329268138758,-0.12296082651523381,0.105429632803707,-0.06416739926687143,0.16786955000047316,0.12145992990441737,0.00023841199775536854,32.37039080724614,20.290852828820025,13.998134122431859,10.751877276374916,10.48761231676497,10.228900842719227,8.305095734463363,7.546714386687275,5.044346264168981,5.202551950325894,4.300514334043993,4.797637030619489,0.051775649905874445,seven,/content/speechcommands/seven/0c40e715_nohash_0.wav,testing,5.0,Kitchen.wav
1952,-256.6560670367136,31.011198793806688,56.91211230413561,9.764123339700138,3.2832118731662865,-10.690483096214896,-2.915019483763909,10.31698720466925,19.623348672998986,18.007636221003402,4.383193687133422,2.061909977949449,0.06728733569616452,61.744494009524026,54.217087630840346,18.792595916781757,15.538994122996154,13.109704397719677,19.014114509931893,16.010373933406584,7.906302036907078,6.300777000304359,5.479915432015233,5.311594238689183,8.32721218394601,0.04009090102378166,-1.3212744623002755,-1.248628272563835,-0.020253452216172994,0.4754722326957161,0.8746388924628411,1.279701559932587,0.8429443618718484,0.1842850515498702,-0.04269433795536438,-0.19721949393714808,-0.30099433745224863,-0.16577558721215016,0.0004982566160540427,22.729558755969943,20.432817692858197,12.009716415605334,8.440836328371592,6.531104625373683,8.214680662034686,6.709957200008268,3.6786430748469745,3.462658957024091,3.3249516292403505,3.6864525497713863,4.761373696000971,0.01704667343648443,-0.9420984288470815,-0.42094956431367386,0.47042980819875785,0.3156717552237886,0.17864791712327868,0.5703364365186382,0.5133322889002264,0.3892424330513842,0.030625166156298,0.008138583598356655,0.04316202735706239,0.11661673857805545,0.0001784897098938624,18.069218908003297,17.27895108419259,12.894039572160548,9.82017927150792,6.449974760267182,7.49978078471215,5.721333557233449,4.269716597209034,4.541326512426667,4.5491829928496355,5.47442231064851,4.873195322449303,0.014510819516004315,seven,/content/speechcommands/seven/5e3dde6b_nohash_2.wav,testing,5.0,Kitchen.wav
1953,-216.74448793871895,31.789548433875726,26.624417950701922,4.2977178898902455,10.28914860006863,7.7930521521202385,2.951838956102851,5.406396456936514,7.536193778700842,1.6770348272944573,2.589582197385059,9.786851675114637,0.036228335772951446,57.427544032417956,20.96868310665319,28.810446485372687,12.747161608601745,6.333718962954227,9.301634940921222,17.95804575222253,4.115194763231304,8.92620441232548,7.296618719320051,5.397195926910575,5.461702034756745,0.01884096999523165,0.6461530302025502,0.19627593347361116,-0.22774392086067288,0.15131020875118414,0.38228541456253573,0.10182786570520559,-0.07966781277918279,0.07918141321210322,-0.009575551432923718,-0.6090649458154493,-0.42519670549570876,0.27686346707547466,0.00013542958888514289,26.089665104870946,10.487662097176226,15.58337381978323,6.284904653903441,5.35379680141085,5.185187332485741,8.13431912034112,3.980165107991486,4.235576923912346,4.603864537048475,4.906641838886248,4.272508974224298,0.006783185301268555,-0.14191368051009232,-0.1065632370143452,-0.2901349823708716,0.0635444386225638,0.14622725611611972,0.046765550376790595,0.09923344053989869,0.2259740764134637,0.07531973101480693,0.2289707669876215,0.3349094480823619,0.04007306821011542,0.00010635098442435265,23.933391293024854,10.764236708727232,15.630852706817517,6.2781991144029865,6.610422543822443,6.418048946228964,8.879986904623562,5.330464907155401,4.217647077610508,5.944667761462862,5.879552809265355,5.813805465696003,0.005270692420552597,seven,/content/speechcommands/seven/8a325749_nohash_1.wav,testing,5.0,Kitchen.wav
1954,-195.8177623805874,28.75606489915764,11.00257567920253,11.721460342766605,1.868605379423653,7.641093316415074,-0.9411629348216011,4.907632162729637,17.421344722878025,2.327161929400103,-3.3964359371661352,2.1241090458247265,0.07380854425719008,98.72430433710993,49.92594043596146,22.868553000930493,19.27056647984277,20.20159619979261,9.757636375454148,20.66634614822922,21.853593106222096,14.504817355680071,8.016794947976122,8.431592184693782,7.454653160814719,0.06441915133469374,0.48318640616863395,1.5873584524745614,1.7491863333185222,0.6906819926452344,-0.054597191774729686,-0.28628142390032296,-0.2520802503491713,-0.4343819170093513,-1.044023318461193,-0.5077418842922401,0.4413800215132445,-0.5004627322440245,0.00027050534563679846,34.885470182215165,20.90342862885136,13.736518424367924,9.226854315801305,9.885359384979191,6.225917522268044,9.547300344531989,8.10179300655672,7.125397926711792,4.941014149140194,4.921813098234402,4.471880857391147,0.021033906466036614,-2.4578426324826497,-0.8097568363314023,0.5785136338534194,0.20008803795041644,0.43964047133895895,0.06889565007331372,0.6650920050515465,0.5362141977865794,0.10626274038390109,0.09856504052635172,0.014219371080894128,0.2968483039782987,-0.0007817093282938004,28.609785041421222,19.385709776688902,13.852428636687419,10.090375659687831,10.163347968391358,6.689383215488143,9.602700411650309,8.233640427550657,8.962127460611384,5.5825415312827,6.147431860145717,5.351935176019807,0.01420167068977622,seven,/content/speechcommands/seven/94de6a6a_nohash_1.wav,testing,5.0,Kitchen.wav
1955,-232.2015584851825,31.663657738401614,24.030508450834017,23.61345534556518,6.586649517792301,2.6143604770404307,0.9175186520240906,9.789255332482806,10.635235867987868,5.027932196425927,4.231969009060943,9.014265004494295,0.05447599300532602,95.31850904982998,35.711121831004924,40.36954078668418,8.568117009627677,18.141508104101405,13.543315125738781,13.933587802704048,6.644161412702338,5.148560173687385,9.301686551858824,5.1020269150847435,5.887091653400482,0.04456360604994152,-0.22355325205881074,0.45418860384361526,-0.07992970678041189,-0.04731020369518669,0.08919113811711452,0.041682979833441915,0.09491536162335631,0.3012870472908874,0.5151118012363747,0.10402243205256335,0.053470164283692306,0.13833563287893194,0.000649472578398643,41.466175835678925,16.557194926340497,18.43436895737823,6.487156103908351,10.01361846893572,6.033258224308278,6.642786659361468,4.325609649876961,3.7060397153064133,4.7028092330273354,3.9770354877782292,4.099705539250222,0.019344829870378492,-0.6723258538632464,-0.11357684884497671,0.1756605269714902,0.1404556658896118,0.1255938986169424,0.030278207232901384,0.28301988026800357,-0.14261642965584073,0.06148023929247654,-0.004659072325480433,-0.1804569747889457,-0.012202339033344245,3.037626544634501e-05,39.46921968636412,18.622760313529895,18.492722425930328,8.709561590325755,9.70976288750416,6.888987644990981,8.820142106858281,4.8527515590148065,4.491807478147791,5.069289895323887,4.701508953120571,4.843696509493506,0.015424262537551789,seven,/content/speechcommands/seven/42beb5eb_nohash_0.wav,testing,5.0,Kitchen.wav
1956,-255.17071894298678,45.919346346490954,41.205157506595526,21.07492210982144,22.05637379592391,10.78110297128331,6.7586024034374255,5.260603240869763,4.620865062734003,8.346986301106519,1.9426244673877804,4.2767842599744075,0.03917452780297026,33.112482945156835,24.933916464834848,11.52999762568976,10.964449199678764,11.848146969760734,9.219555400092428,14.86541649811718,12.897052647296546,8.08916592692994,6.019124849852874,6.5784504478416155,6.75485311726778,0.019672085919700204,-1.9557781010019502,-1.5837104267455309,0.19254253407719388,0.5777230970591486,0.6003189175587174,0.15130848501192465,0.12098049961884115,0.25123068759834055,0.6180749809813828,0.4268846001874134,0.34857459110251254,0.27415750340530853,0.0007648017377622666,17.715729018742042,13.356279828970244,9.007139310969222,6.247825113836946,4.930236876873277,4.346238401709885,5.972235633421412,6.6476838155732665,3.572939951082063,4.390721076998932,5.012502726408568,4.5285807776200935,0.009115716664611827,-0.231347340652826,-0.02721845135417779,0.30601954823497957,0.18281896129764436,0.04691170816849019,0.09758408550662345,0.04662153421419332,-0.13868667684324798,-0.06211919437907823,-0.24629127454304223,-0.28778200870526227,-0.06376421043517458,0.0001360424483815829,15.589500580613294,11.541493706798658,10.208442785568476,8.255714066179644,6.0503900632867875,4.802630784415336,5.0894398443858675,7.12091789679693,4.347803767305208,5.1104672868614145,5.659185105558871,4.977038265202788,0.006854063378588376,seven,/content/speechcommands/seven/e9901cf0_nohash_0.wav,testing,5.0,Kitchen.wav
1957,-216.09518021894826,23.137424854675395,19.839649806855526,23.024338345355233,16.100249759854147,1.5651614299431278,2.3192227506758325,3.5381288504853172,-0.45164745303274073,7.755803765740181,6.241343525726241,5.668159596013583,0.07598216616315767,96.26227268904552,44.07651911340209,27.41324215358452,14.49176800806474,5.834880322210617,15.371240760168815,16.487231902442872,9.56407728419243,10.39017909816208,6.843484137504488,7.945454577061772,5.575509680749175,0.06646058230794129,-0.2815141221562165,-0.6812333926579628,0.19830520865720028,0.35072678672343566,0.03499222207858325,-0.23645749855487933,0.37488712499666177,0.023189438933824316,0.08992782372318898,0.0013949248538839957,-0.2682194490884393,-0.0211853143763573,0.00020267766329549973,31.373285078526575,18.10133372808237,12.512022329944838,6.525320046916355,3.8110240228211136,6.933469303148599,7.0241121367070045,5.129976481808707,3.7023807857482107,4.70533959287457,4.989442318538247,4.036555300413975,0.024167340213250645,-0.7397498862599037,0.1854143070446813,0.06009875990538068,0.06486719726117395,0.22369318730923482,-0.0936293913796428,0.11837409910418438,-0.026911388128243362,-0.06027942521648537,-0.03229853566166593,0.14313613783425,0.14190112321937168,4.2383124430974324e-05,23.916845532132896,19.77511041787299,11.926367005177152,6.5900881504255,4.486430403663768,6.9320156946084035,7.02959968438022,6.49169278782726,4.644640698296931,6.274552981607005,6.135249330010872,4.940637964751778,0.01825143530523107,seven,/content/speechcommands/seven/563aa4e6_nohash_2.wav,testing,5.0,Kitchen.wav
1958,-273.3926045353178,11.738747415688106,14.092506712582983,15.68737445829042,17.330727500439117,2.8468669569313505,4.0766288310100895,9.304912488245748,9.655161822951946,12.154808583484893,6.984013301094017,11.29724903248201,0.03675168380141258,48.69075654355649,31.73591461267472,19.967012617148246,10.418055696448175,5.779988367095095,14.691322747382637,13.331149602089578,7.351785008279917,4.271558543547975,4.2490312725572,4.273126923905013,3.579546148314142,0.011834571473511133,-0.0862327521885596,0.032955123719312904,-0.08139048798249054,-0.12115994837074377,-0.23399645237706082,-0.1573128771264617,-0.00999633096983342,0.34357481761873815,-0.05988359313370231,0.09119180689379217,0.16273996711498165,0.02675085602345771,-5.231965934076617e-05,17.991566091924366,12.377731284882433,11.696935110173692,5.115491545060832,4.74386327714304,6.635070865397541,4.980273596350845,4.542151400741808,3.4345718923113235,3.49347075054396,4.062622614211432,3.2008377586294694,0.004507763994389292,-0.04140820249527337,-0.11539483069805853,-0.015291429383835839,0.18353532953501245,-0.02604901101160341,0.09541940204984141,-0.022416441796553124,-0.07112634156666028,-0.2527985037005018,-0.16236625505599644,0.13221296743436065,0.07141822149320441,0.00022591327627499898,16.636456319818457,10.920340178114724,12.684963460505712,5.591065961049302,6.3613788438984376,6.8680692603998565,5.356931283871539,5.925870492658357,4.135308123540427,4.9339030018665495,5.305646101664228,4.137617574034779,0.003553142016488102,seven,/content/speechcommands/seven/b11a05d2_nohash_2.wav,testing,5.0,Kitchen.wav
1959,-264.93489910955645,7.716680849676999,39.38562823833934,24.459689513131437,12.100655073941711,1.7286795201662857,5.116530546991205,10.493712520304506,16.864545827518917,9.347952875315935,0.5422062734996257,7.579599952630856,0.050021138740703464,62.103282332916734,41.0309463797391,15.673122904709096,9.23026623113798,11.492629286960613,15.043428602149211,12.189158668605936,6.29943435569642,7.295725217421598,4.3128606232657605,6.946262808834437,5.07943709865545,0.015036438646926052,0.0004673973202014373,-0.47846531179034824,-0.408361071636912,-0.05970399280688844,0.09469032676082725,-0.022763877771827062,-0.28905140702202947,-0.3999562314919133,-0.14220039918995378,0.16864197173283102,-0.03715927928229759,-0.026269876027255105,-0.0012652707856989677,26.253907853370993,17.726307357836415,13.068304802462153,6.416491568944192,6.258401253786225,6.990959013880389,5.240644415314496,4.4922592761964,4.996270389163195,3.9588667466517875,3.477904842488602,3.4168252343483094,0.007129890750618982,-0.15790394731687532,0.06478419247593366,0.49585204754302953,0.0333694107509037,0.14977471693280422,0.031199562341975216,-0.0736612263590344,-0.06062334911343654,-0.1364041263004364,-0.08605173350982458,-0.0311452941234319,-0.05960524472681301,-4.230383783578873e-05,25.82479052945709,20.47039084330017,14.492206608015756,7.3188115512858865,6.763933471904222,8.623432898733258,6.463003813795851,5.595343201486263,5.8642383043444735,5.607927728993138,4.673698542136776,3.586050712783419,0.005303162607405907,seven,/content/speechcommands/seven/1f653d27_nohash_2.wav,testing,5.0,Kitchen.wav
1960,-196.85898109965922,14.069486001646974,25.67878727942191,33.98975348754419,16.866947135364438,5.514307782573771,1.71773588686822,3.0784866813360363,8.244602308815796,7.43949403127443,1.1153644424757418,5.666894648759525,0.0860344196553342,115.09124515709208,57.189580277639905,34.08114946395833,9.505138688694911,11.393905730634037,17.41821536982567,12.502108842947571,12.685636033105691,7.954527142427792,5.397346821045373,4.84791002341712,5.4920652812596735,0.0711286843653588,-0.010398525613889051,0.13681129070096967,0.2000326117371812,0.06765647211587335,0.538916111022145,0.11357376550887024,0.06751815784907508,0.17882197867982047,0.22389751346684844,0.030529580834346252,0.02712952580129031,0.4078872268220043,9.512883280554126e-05,32.785887709524765,24.029040244053803,19.041548681889463,8.082692622322508,5.037428822216411,8.615769360067066,9.403915450734535,7.034845753672219,6.245445577830341,3.981436747852429,4.131784883214512,4.924543826498627,0.018342633556719206,-0.3517769132980746,-0.02761074469827373,0.20134414970799266,0.20115225627846733,0.13901364283706166,0.1992002029647799,0.38915222020019397,0.10829682572220443,0.07887928540373768,0.05742937831489708,0.10496814198481388,0.11832814990251433,-0.00023428288598855337,24.791750421436863,19.385131239624155,19.62894427773402,11.006032594115863,5.472176098408987,7.775023278054689,12.239251966887343,9.012366841887005,7.468923336065495,4.603052470649038,5.415030847196165,6.408772387767486,0.010625104984410053,seven,/content/speechcommands/seven/c22d3f18_nohash_4.wav,testing,5.0,Kitchen.wav
1961,-338.32130705017147,10.220150345817673,37.57024443980579,26.656826453084694,23.13920701681433,14.800526875527417,12.801223684629754,12.378384984001384,13.411840338621408,12.936191429581083,10.65707644510141,12.408510167278678,0.03450528299435973,6.920727941154217,7.211417662276848,3.4318245721938263,3.844022715393555,3.71123733238743,4.308011129754839,4.7985887065640975,3.563239529750501,3.7334649956867985,3.3469048178015077,3.882505638113428,3.1025915614227437,0.013829283897505403,0.3328503648814688,0.217200829279347,0.014923674469109242,0.07971953737460952,0.014918460440938704,-0.009029557328871752,0.08384803678010815,0.3971703248259098,0.07306473108428725,-0.0297527014313905,-0.2894192934865157,-0.18904336586262188,-0.0008552617603732694,4.996743548098978,5.1025177486537645,3.318473733719059,2.895294112187859,2.9651843599819645,3.6416649614734076,3.8803776309145266,3.283518315512554,3.4393348238073274,3.026774507756504,3.027970958272222,3.221828470518745,0.004467271631153387,-0.31509277955272336,0.06939839427229094,0.25226227261544615,0.110729657131771,0.12628309533235438,-0.06208822197524686,-0.14507177753677028,-0.07472587637189072,0.09554133312894987,0.09155804623498162,0.10081726933474791,0.050304177244753966,0.00021026680866877238,5.655550266877861,5.38948541930615,4.647902525857031,3.675398289538794,4.168944960588144,4.965903174610541,5.030345905537961,3.961871561886925,4.455421254188405,4.011306405141531,3.5594461563932422,4.745776801333582,0.0035487739257306894,seven,/content/speechcommands/seven/91223b83_nohash_0.wav,testing,5.0,Kitchen.wav
1962,-216.35860760817906,23.441898983565032,25.23971079478482,8.79888479594706,13.896215500005038,8.896897208696526,-4.0938619556465605,4.34783104092154,10.557447483525763,6.360319987054157,3.3127574624751235,3.7921111941107535,0.09703949670074508,100.09938527553618,52.84803818058377,25.901471358782963,19.24096888730701,10.411204220862224,9.384455162106343,19.96694544101804,13.869360054678623,6.117838046634018,5.780502350288632,8.705999679708302,11.076694905827928,0.07545155448149242,0.28041930655971264,0.25233107357911216,0.18237090924566876,0.24592208741141633,0.2095782313620661,0.011089420707762632,-0.022149262299201666,-0.0024227436106312532,0.15044078551017945,0.0162942502336002,0.08030781226490102,-0.044462915944448685,0.000499862696855299,29.607498355833677,19.071141469399947,10.495760996728338,6.558145699228791,4.579055066177717,5.7937578677088215,8.443189899911175,6.764619240342224,5.50287222855621,3.5393895907909423,5.395797836020627,6.597522261520636,0.024532139763494276,-0.49501051335161794,-0.21572364247968528,0.18411306147361467,0.23689345803910733,0.05452963152967403,0.17753314134449877,0.16778445825519206,0.2878938973628413,0.28406432220696326,0.05699684726550318,0.08589139233088904,-0.0520949445604946,-0.00013973390062650045,20.592108334281903,16.528697849588834,9.186917076745717,4.953457328487564,4.722975931799067,6.213855903369735,7.522823651219359,7.481005479295513,6.842779023407651,5.431148008048197,6.264762535285626,7.771705964034086,0.020239485445291684,seven,/content/speechcommands/seven/9a7c1f83_nohash_4.wav,testing,5.0,Kitchen.wav
1963,-228.44074625051564,17.916910817505958,45.5846996018466,7.253208142823519,12.612003288919798,3.039562677951839,-11.304978912412153,-3.1364283283782406,0.2861133538335348,13.283357060678618,-0.43073027323096513,3.869882723257572,0.07681838795542717,89.01718336520014,75.34677557794893,25.631443535837843,21.55646787209157,7.751052616516653,16.5784570788861,22.133846465641124,25.655514073331496,8.48533587424716,8.958396399670331,6.934032075076378,9.862178087547209,0.07692021346032857,-0.1027040814394906,0.010580546281978569,-0.40065727158013137,1.9507075166076916e-05,0.15653571195003504,-0.09948351381064235,-0.1711321785535839,-0.06960978776417123,-0.19909416325389048,-0.09392259869800092,-0.2329360313585608,0.009984383099288594,-1.2202608969903761e-05,31.32528738170429,27.06351206285019,17.714408569142723,9.39865837915539,4.738945443406683,8.93955950514021,11.166891916315532,11.145939764366565,5.148901533254448,4.8265463793017,3.9968784942609874,4.567061481063838,0.031946560705832495,-0.3730214306355094,-0.1072913225875586,0.07481999434335289,0.12263478403067722,-0.1321436611415086,-0.16724841719079864,-0.1154537549264976,-0.06943637685625319,0.13621426118087807,0.21269905679764597,-0.02815016742090967,-0.19444855816335563,8.938505003849665e-05,30.53759712715859,24.338644480246938,19.450506710174132,11.253888704509988,6.226315605910176,9.879297625153791,15.015308474918237,12.583617552898192,6.636519453706171,5.792381452615339,5.592656255955397,4.988001671970169,0.029445819221966207,seven,/content/speechcommands/seven/5f814c23_nohash_0.wav,testing,5.0,Kitchen.wav
1964,-215.44840923809164,15.823147450967022,50.5780097129446,10.494975154625253,12.326472533606816,10.223234384144352,-5.655084704175743,-0.37274141305615827,1.9562241053925895,14.413686122142623,6.302631649361177,7.489049481294611,0.0694357052561827,54.056110453646276,43.891228955218615,17.099440398148218,14.084778403154907,8.51073067934914,8.732314642997197,17.01510307530098,14.753411844369015,10.083151995040993,6.003974896375817,10.318667513243863,10.392209446165388,0.02014608335238057,1.2184065089811977,0.5133079320345056,-0.06805021611593486,0.3438041641305693,0.4118121075179371,0.02474048062962705,-0.3663820132965883,-0.519998414473566,0.007003023407151263,-0.2616036253655036,-0.7280621406178583,-0.6333851398733619,-0.0011807219275543766,20.768577562659324,16.997454863800172,11.860067577117105,6.072809133876229,4.908378094948235,4.634574544950061,8.108734743147817,7.911109986768523,6.359956783582929,4.7356074043435115,6.342391047633253,5.237389267765498,0.009203994429149537,-0.7815467600792668,-0.5816436998120413,-0.08959100467817933,-0.051881836835159116,0.019217717602680175,0.08245202796413278,0.05742536924356612,-0.047423855419854305,0.07610513306929066,0.25699853290799696,0.24369619599110234,0.023908782621818038,-8.699353784322739e-05,22.080477779205992,16.921828426744376,13.890166700913822,7.34040740046248,5.271794439909584,5.389490483776991,9.963125495981119,9.519335250314821,7.87578247298658,7.057057180186431,7.315731009353008,6.9155019308124,0.008179293099028083,seven,/content/speechcommands/seven/80c45ed6_nohash_0.wav,testing,5.0,Kitchen.wav
1965,-292.8440182511828,2.7068741581761095,55.04775352365363,30.56819222169394,23.433138227283308,13.78836894519635,12.103610296285963,11.98394486631221,12.399908321293701,12.808319639931184,6.216995344939287,6.800185887165451,0.04279386915732175,16.37740737987196,16.419777722518038,7.558033715180331,5.114167621114265,3.461339968561748,5.765402000003246,7.5825815365533344,3.608172991494468,4.330882508774554,4.937105914989129,4.029473482811392,6.3835213686964805,0.013138530704217418,-0.6477719150030412,-0.23271467230375606,0.401734898703189,0.16798352944854408,-0.3512140097300231,-0.24615219374337388,-0.08588371356679604,-0.0019439749472760647,-0.0769974540357676,-0.007906552595027934,-0.1802246943913765,-0.21404466206562853,-0.0002563228049585896,9.819714415274596,7.888532529770496,5.244855188380493,3.747680270283671,3.048753035401756,4.6382259150758305,5.07039837520202,2.483107779754866,2.991528789330036,3.1955469371990706,3.510351537508438,3.9442373752239894,0.006663772357013132,-0.6032472336232142,-0.11171117697549006,0.05773136660045542,0.20102546253179293,0.11062729057533656,0.0007688574351593757,0.17894713554492767,0.07514644764597422,-0.1416404547792762,0.14139638971276908,-0.07117657073659596,-0.0007122172793745681,-5.510797103246053e-05,9.517722286666338,7.87808156015749,6.86062921182254,4.857855869015391,4.060638171180874,5.622774652586577,5.314545580157537,3.3107920395382724,3.4838581700266382,3.648808040340725,4.865792651514599,4.897063490200358,0.005609071685701325,seven,/content/speechcommands/seven/6e916de8_nohash_0.wav,testing,5.0,Kitchen.wav
1966,-167.6606613202149,33.9898478317206,15.733717745113754,3.029054387106521,3.165298825394223,1.3099724454896027,3.2972053647089647,12.708773251137673,12.03149045987243,10.322559477298586,2.3345838702588035,6.949394506443713,0.08073276648065075,100.38232689669266,47.54301698464832,25.73967549347649,17.687404606070228,15.078343799002509,15.586678975141186,11.09843857287185,5.348166571169562,4.4663291092602,7.497750143220838,8.934392333358874,5.768898965124436,0.03997310779381954,1.5538029504652362,1.48784022131822,-0.11737437155205506,-0.7502921769557915,-0.24116477158597585,-0.13709750385454594,0.18267260630082832,-0.010487540231182382,-0.025537421657692197,0.008474332358383732,0.04680508064819099,-0.20929701418021815,7.848597822650786e-05,39.363933333692664,21.210549921653886,14.952559851343661,9.630569813584184,6.565984095427953,8.32939165849408,6.566557542309247,4.872576204602072,3.9476381614450675,3.9518818955011326,5.989015722624206,3.614732076892781,0.015015644448658957,-0.6514921511023355,-0.438296017424105,0.38498691996661605,0.6624397970581531,0.33436939830884677,0.327867922327046,0.30840292935329633,-0.007799229551308725,-0.2130019263005894,0.08423447226211328,0.3124027285730465,0.2732473082244759,-0.00022988803684711456,36.08143151797045,20.458422959313616,17.1075313324267,11.323706913129906,7.7533990376866955,8.173921510609707,7.74360405681791,6.254720485423804,5.094978898263768,4.231667097166242,7.020596792429024,4.206605641841419,0.01363674890542281,seven,/content/speechcommands/seven/b83c1acf_nohash_2.wav,testing,5.0,Kitchen.wav
1967,-277.18453482307496,24.6887578260809,37.23685159713816,21.389209549550962,16.90101773693344,6.047618424558205,6.866496610179431,6.682839405222781,5.290735062702391,13.01858111824924,9.7207549526535,6.604878828214951,0.028860099820627108,48.678143007647506,32.1179045673242,15.149874733161871,9.824586512563348,6.175648101392562,15.11177942630916,11.414144520900368,9.271662714020918,6.1231323866171286,4.73109996580034,3.2530299438683037,5.934787900689525,0.010991370793360994,-0.3038496204691009,0.055064042375971504,0.5947862020028498,0.6422121836901922,0.12397850515971229,0.21275415171211315,-0.02807738869783333,0.027918180376615497,-0.2382766921451472,-0.3114078766078422,-0.24860437340265437,-0.031762283548383424,0.0003784710827928323,22.62296607385511,16.340657295352308,10.790939858718307,4.829617096095554,3.8513027214171465,8.45395939938929,5.30492305455606,3.872858432230361,2.8505145509020675,3.375780375713589,2.566792714740484,4.509238596581011,0.004537049107765714,-0.37818474970664967,-0.25357691723082754,-0.11479142812747782,0.17036130814129308,0.24539158494471416,0.21596679327452917,0.19846314915178026,-0.015330510488033085,-0.03710459747571072,0.11042803471117921,-0.030446589562941676,-0.23897253029169171,0.00018114127218723296,21.728623613630997,16.32421500478716,12.287186613669418,4.954880027392192,4.753040174964986,8.580804395360472,6.557899791828528,4.042766898455318,3.5303095114260845,4.140849746395261,3.7522149472717397,5.899853623462994,0.0031413496093396624,seven,/content/speechcommands/seven/7dc95912_nohash_0.wav,testing,5.0,Kitchen.wav
1968,-242.6492378165583,20.599191164423594,52.651651852774734,8.950698101829017,9.994051472904314,2.919897026844814,3.2372015563265735,8.342649305382448,8.46548312075874,11.356244018054007,-0.9622685908617048,5.587608979500265,0.06373735680244863,76.25292258558183,56.831125238400375,14.697171706408845,21.611140333491768,10.118884696893584,11.149821309090903,16.132914540473784,14.071912569338165,6.109623466414161,5.590698143622589,10.367004768067286,8.906499447203947,0.04827416108613734,-0.00515895945285145,-0.2544502078894666,-0.12835420570067688,0.49325939045004014,0.4151332274866627,0.3103826526310603,-0.040919662566462504,-0.1419248665993523,-0.03677365771320444,0.029813297258046087,0.013417966270958585,-0.09123192658111032,0.0006057877814577471,22.392509815116586,18.899200118045215,10.377639350185701,8.91510790765894,5.173642867690718,5.62702530990823,6.805214171592592,5.609940312863377,4.614911400930776,4.339759545463364,5.836851384170297,4.143515289673937,0.015732741515481173,-0.43816560297936463,-0.16183544250078702,0.14955945890695546,0.10797477140074795,0.05721110300302404,0.28880082021901665,0.19639630606056108,-0.009656857006473214,-0.17620093907744697,0.20485410082317912,0.2817889772367782,0.04177612141563882,2.198504904905955e-05,18.85310303563351,17.336908727910565,12.353438975697951,8.886283016483437,5.758566299755005,6.202335686144596,6.655980687026941,5.5686899469733016,6.755913643514673,5.81921917262956,6.399392061148431,4.6176815205817965,0.011072121889640484,seven,/content/speechcommands/seven/ffb86d3c_nohash_0.wav,testing,5.0,Kitchen.wav
1969,-303.4881983253281,30.309226339346008,39.77330456854094,27.7525285057732,18.229817157055905,9.274869879319116,4.670137055882038,2.308896488393875,6.474928887627262,6.193250021425079,2.8316318179551794,4.5976771142674515,0.03719800236285664,36.208008582204535,33.01830539070508,8.1987009624283,9.803246051682875,9.952604989607236,10.176031601639966,10.83354216613072,9.514362086154154,4.116280180607884,6.411371724343756,4.345962483955174,4.382065064416828,0.016663687658132868,0.04926907796455695,0.24733301794615753,-0.028189996436099034,0.152709026591831,0.23177244834182834,0.19625342517171998,-0.4784062722380621,-0.6831323314197616,-0.20683860102674143,-0.19857612704339023,-0.493649780802288,-0.0948384244448069,-0.0005504721475224341,17.112215682618938,15.996428859277456,6.042089995744334,6.1321127892950695,4.683195350529201,4.983821933737955,5.67688342379077,4.420399187393411,3.147921351907521,3.7042056690602743,3.253816701663376,3.3176330652678354,0.005568743420162379,-0.3177152160174482,-0.26388195153979616,-0.09003062156637635,0.08610497940258562,0.06793749609988939,0.20105985839945106,0.06812191828954622,-0.09349391526799582,-0.06540650132116183,-0.10339476436695491,-0.06774441170872789,0.06861682028889034,2.3192508767048518e-05,18.098055942540512,18.547900326095753,7.497297952621618,6.248744970878553,5.1249749570990115,5.577320291446198,6.667636469433206,4.942533812125755,4.303815491639999,4.56742104036401,4.372746290387263,3.8674262010555234,0.0038454592794344854,seven,/content/speechcommands/seven/37fc5d97_nohash_0.wav,testing,5.0,Kitchen.wav
1970,-286.85420101649385,16.55779121933645,28.861480721233505,16.823551366196664,18.257112760463123,9.124071478003327,3.6761812404201994,3.1925768070182556,5.79794401966722,15.473965282067855,7.827731046176292,6.028538600184985,0.039335067733190954,73.51860876865777,46.702957322621444,24.301004071409707,18.539291675404623,8.479935376267363,15.015242413808608,14.11640866135354,14.396664725216475,10.543704455541315,7.190699385679953,5.258687480235248,6.257979386809353,0.020326416068021404,-0.10817397034770693,-0.15223155509704933,-0.08781843666011124,0.08838810853442987,0.214589934401975,0.4434722719574425,0.18200938348835433,0.048413545999253016,-0.049845333173687854,-0.061877953617759315,-0.0013566358302316186,-0.1292239211517375,-0.0007033471859270526,27.63094058739548,19.72430552239081,16.325621207156228,8.141653808756663,4.820507013515665,6.654257849801997,5.729395652735799,8.159954885657815,5.87472685170703,4.949361805159165,2.912342738793087,3.957025020919144,0.007391936787567933,-0.2604899527496059,0.2042153878841302,0.3722637865838846,0.10984480145409989,0.04101780610599063,0.1614561105980094,0.11465651893100469,-0.06165257628013124,-0.0714534680229568,0.10749948041142803,0.06325929823434685,-0.2194623801116885,-0.00010503176599740982,24.33485908603589,17.034465760276692,17.094407816686367,9.270488543938551,6.391520520605333,7.1814594833423335,6.598032710540849,8.933490802325691,6.711877595279817,6.437520445457665,3.527554179545578,5.261434953556079,0.005738976154912122,seven,/content/speechcommands/seven/9dc1889e_nohash_1.wav,testing,5.0,Kitchen.wav
1971,-166.8572591434255,28.860223638134794,-4.344807140440878,11.582553797302712,0.3086010641859489,-11.62105329723963,-3.5248865529474616,9.151601043064954,8.926529830475785,-0.6677413460817014,4.009034020210787,7.635725892260437,0.11869276402285323,85.48182294498173,29.30519249439715,37.35510495361283,31.491108240669448,21.40137617144956,24.49263675168171,14.40917955949929,6.795371796213781,5.2898449017439395,11.18430892603893,7.266701547516254,8.340916245154903,0.08823757761767091,-0.9725771176434838,-0.28345371081366477,1.6963128451543577,2.0240453207762257,0.4053957593245868,-0.8983367657383305,-0.34842356080119546,0.5316243362507673,0.2856300546400643,-0.6203424890380242,-0.6384748470159207,-0.007464584224719707,0.0001520159383935313,39.594927505265005,17.785836829889647,20.104766843430795,8.944054236293585,11.524587615235674,9.658310806634173,6.216378196657923,5.339101275416262,4.540365864463767,5.473492498550945,6.024465792588845,4.044064322853175,0.033978086655849546,-1.5704151701323918,-0.6196356270909241,0.9615800496214649,0.6318088952611658,-0.25204267719326257,0.07928928398343832,0.2305018449297057,0.04486984632745875,-0.18931221101940857,0.2714136055948809,0.3520768748029775,-0.00625184162206572,-0.0003186868503689766,35.87877826341824,19.49788996285754,19.10847884546579,9.529442755230463,10.20616922845742,11.036136004163565,8.096299532052084,6.632866326645544,6.314964813211281,5.077166871597641,7.321721786487075,4.724289555613179,0.02510305361358151,seven,/content/speechcommands/seven/692a88e6_nohash_3.wav,testing,5.0,Kitchen.wav
1972,-219.29821260696747,18.3836052673177,38.76612823347317,21.901297630063105,13.663327498897171,-0.6559481055800744,-5.55759180404947,0.783992750960482,5.6073339265814734,6.27927666319859,-3.3806111226016506,1.646590152130911,0.07863160775741562,87.71075455228288,57.71399589074583,17.890839264642096,13.004886863835706,9.00753695397109,17.836968143402224,17.453366030497566,21.115436043661322,9.836833323139137,6.872921873220468,10.902010297850135,9.367674275072917,0.06071219454922237,1.6377172685292698,2.0329500680828962,1.0314503864014446,0.4264071374262691,0.015483500886867388,-0.3603388896302796,-0.6968610797432147,-0.44558293552551437,-0.37849079622724074,-0.3887352664000299,-0.3393393603316969,-0.6208027026874031,0.0004977178910086232,26.353870005065218,18.408339003629006,12.075576478916526,8.326104518786943,4.876681024596017,7.341797259711959,6.912572872101418,8.988722910338309,7.9224416766548265,4.447990677559102,5.372413626596613,3.8981397842968555,0.01964947939173465,-0.8610030706915507,-0.3818690876581415,0.2618007477688826,0.22903023161416633,0.017497814629863367,0.16438064223120083,0.3437842304992896,0.21020916920656998,-0.11952889531544279,-0.08563938933772182,0.21274531706323419,0.3606773817149742,4.834619661172231e-05,22.50646128399211,19.25585862277954,15.821267589801211,7.576382410881442,5.496840748593444,6.979941676962511,9.298116456493293,9.101541628648286,10.929816731910156,5.379927654521658,6.399232345909929,4.826892448881597,0.01563023215668747,seven,/content/speechcommands/seven/b49caed3_nohash_0.wav,testing,5.0,Kitchen.wav
1973,-252.64545023663877,-7.3857941561439535,36.32041741337253,30.6598415345062,14.020425659401962,14.125909200557464,8.79145854103911,6.716094375680602,8.148749755255718,9.999959337769555,10.750594350717991,7.272677761220695,0.04938365105772391,80.12719806768632,39.889194541889275,15.371212462069332,10.468675747070856,8.73668396428304,9.62113798263638,10.133153643746917,9.731599869486022,5.800887430839703,2.894866861714128,5.369990491655158,7.6371726784774685,0.015654609205107375,0.1166312118735996,0.43338195008503694,-0.04120701406138517,0.19950421089509904,0.034764663329905,0.12294260795133714,0.1478748926512972,-0.022660986427364745,0.0899171818797885,0.13187381187522776,0.43866162300389994,0.251351011976546,0.0010027437200469354,22.713324477960278,13.815591720711899,11.64330297978524,5.759822998393425,4.781810123502431,6.287780376587904,5.130902947479504,6.832293369667627,4.411280540559104,2.24593562092704,4.210981252159022,3.179651542086737,0.0062682394314707394,0.055135684332375,0.0797566274297137,0.17944771869612286,0.12670354910405013,-0.056408989643807375,-0.0943976764275634,-0.037153295329744714,0.036759790420179135,0.06654139366476498,0.14492380106930824,0.22049130175677795,0.1734017891436923,-3.240400304396947e-05,16.561217349033843,10.34691159938872,12.50437258503527,7.1198478134173016,6.146209292053606,6.831839014246892,5.883424035866985,8.06982435311936,6.154399824475895,3.3363840439283647,5.281964158184337,3.578778795257151,0.004643943749380969,seven,/content/speechcommands/seven/37dca74f_nohash_4.wav,testing,5.0,Kitchen.wav
1974,-254.42541480725646,3.943301394831656,37.09579717098913,21.606598690717206,17.16026079698784,7.814056537598148,5.634792730505646,-0.085256048963259,0.3160246465802946,7.439021533245562,6.756297094199775,5.774973878807391,0.05140465026488528,78.03464088413818,55.300248214841375,22.602662747728786,13.008668944994056,7.458192819688794,13.703315938602831,13.518383880058188,15.424909968476419,15.67540746245229,5.903404550071448,5.881194317849737,5.492072826906169,0.030926574667495176,0.16802278528155606,0.23104090439636685,0.12701779120028972,0.1444432309772662,0.16350087900809063,0.3565540113941966,-0.016496538052042615,-0.02734269520106054,0.0038671761824684067,0.20691513743717888,0.0315161278742485,0.10332269866813062,0.00017432820412420456,29.802291167094786,21.652839220005415,13.545363886251646,6.758695814272273,3.8661738780776553,6.556684948229673,7.4200050075904835,8.020172276629642,6.951597288901824,4.48228669533561,3.8274752541208916,3.855391901982776,0.013104572838883735,-0.0759095779371042,-0.19214278787870828,-0.14842413121672765,0.08914667843843134,0.19776298842064458,0.0731825162862578,0.253631243445461,0.10197551442741801,0.10429980460766325,0.0708360312030558,0.0667955535495097,0.1675327555958031,0.00012351920207341512,29.00411888151488,22.714789864969276,14.689727140347573,7.424128077514529,5.3382917072526785,6.249316702697589,8.557187287782819,10.145539223755241,8.694307331440587,6.117565146906066,4.483549148050607,5.068813432874611,0.012975092458457368,seven,/content/speechcommands/seven/d9e9f554_nohash_0.wav,testing,5.0,Kitchen.wav
1975,-172.14998829242592,23.987993748284467,33.10103703121799,3.194102360330171,2.2825098625066773,1.1575126773500501,3.7026382282854264,-0.06511103726814671,3.6833311523205325,11.637521597439385,9.564409129144286,6.241532797143044,0.1033038214663975,67.97826315188752,61.32137311734348,14.658325876438107,18.856433463408308,12.494504560918532,7.4492709707831395,11.083308663754018,13.690839181739477,10.113522298538268,9.36174525191807,9.166707507524498,3.2607737985851437,0.10143542109015516,1.0234828927415833,0.797397775814367,-0.2630869587930969,-0.3887935999282573,-0.46208371720390545,-0.014483247371584967,0.05717258248448615,-0.14790147065236603,0.18177007158787534,-0.031635462552901165,-0.013150236719259616,-0.23026307571970167,-0.0009156263643695463,27.135628399476175,22.002758988544024,7.738468069913807,8.487774603595712,5.82122633542155,4.2260108138523735,6.181880939025173,6.772877985968977,3.7326591574154397,6.183061308323343,5.6170611002746185,2.5993725262861576,0.0404441090870653,-0.059954518507602,-0.06173206555483948,0.09615338697186146,0.12513535798036032,0.06155610817156851,-0.03398595846566709,0.10922019920803638,0.33440219332550464,0.41232467077442614,0.1604092413982533,0.04303183913630515,0.0880601754892795,1.7862766981124878e-05,26.76995687271102,23.89163012200446,8.563661837023167,8.540585863800468,5.579377774844312,5.517973104522576,8.904468255142566,9.041104632830377,3.40705428387217,7.59936605335859,7.647206577878557,3.080687998789924,0.03678934100246518,seven,/content/speechcommands/seven/d0faf7e4_nohash_4.wav,testing,5.0,Kitchen.wav
1976,-219.26700841888584,43.442822199656405,37.819416727298005,15.7471799848314,19.07142607340531,9.301817337772741,1.657576192910477,4.656797098795704,3.81015854387552,8.9812335892323,0.9062586576711619,3.2690971316772997,0.05813598996610381,75.0092744104906,46.333830724466374,20.47136954638912,10.8439704060614,9.825344520847318,11.730755506968624,13.385648945361755,11.029800492026634,7.140880840632481,7.134818070671432,6.139570260677444,6.019654388869096,0.028346658623893215,-0.6874106636191764,-0.7085522674402338,-0.01665622447053658,0.01564961124743011,-0.1361164287214493,-0.06316863793148429,0.1979737103314747,0.16388858790931696,0.13560815098643933,0.10077405807920503,-0.0020691738383748904,-0.20243821609577148,-0.001553477328871527,36.0065386381572,25.9834993700839,13.431875808129606,8.202791916232469,5.9925755794398,7.6282623949231185,5.575335980077894,5.373570886645714,4.694134315957651,5.258467158845017,3.8684405572788796,4.4316639698301215,0.013394531881565034,-0.756803212123052,-0.4885845090429861,-0.09885083690601135,0.05205432797655079,0.12464534695213558,-0.009200102607418674,-0.1530943856479245,-0.17754702396946415,0.13090675926798725,0.22333674656069538,0.3205287116166676,0.06156939296548944,-0.00015931517506639163,40.94230854401744,29.567508115003488,14.331240091090548,11.220022653695201,8.204603249996559,8.457451347929698,5.943757315566137,5.255442042808581,6.277863097994504,6.515947541717534,4.597663411423959,6.248044162115451,0.012596641227571079,seven,/content/speechcommands/seven/5ff3f9a1_nohash_0.wav,testing,5.0,Kitchen.wav
1977,-218.86706349123526,49.79400434651183,38.60301803511513,1.134342670349642,3.4185064672716803,3.0673005097117834,6.520414850116172,2.136064019023916,2.58877107332944,12.611153596517408,12.21151665070147,8.39809835969376,0.11082459590397775,97.43635108253733,65.32682601066274,22.628740947280402,18.758417145264826,7.831964630050756,7.644629401815974,10.163071164357106,16.235054908038954,13.423146709921006,7.121391388846498,8.367539386209911,6.058968390363041,0.12149779642978113,-0.32961584201019933,-0.12824801076294212,-0.15608442918484675,-0.11005126638407918,0.30740470486629734,0.3126593159084905,0.04591442233503509,0.23836730405932915,0.4710127461554391,0.36633591642807806,-0.017029470560943376,-0.4527687083770964,-5.487220421914131e-05,29.958038706581565,20.68553605180396,11.922348391735254,6.848465631014483,3.729460128069755,4.604859268516539,5.102205203844376,5.590992939884159,4.154743417221025,5.4588136557944695,4.528076488239327,4.1985432473143485,0.04165965999495623,-0.4312311887597768,-0.16057607286676667,0.2937116589340993,0.2911320029527545,0.0027709228379102354,0.17971399254755926,0.09142434617066571,0.09549789626451168,0.3264849036694126,0.16878303969338948,0.22182832506074088,0.3307427872227072,3.357666234175364e-05,23.73435677998596,17.82977407259051,13.269379150883813,7.3737819397169355,5.15833499461148,5.9401034437489235,6.271018527131985,6.230212669870714,4.518523774389579,6.622561167250794,5.514218247123465,5.645657276568436,0.03462181527476583,seven,/content/speechcommands/seven/d0faf7e4_nohash_0.wav,testing,5.0,Kitchen.wav
1978,-217.50829904138698,6.476360638760706,10.499669288781753,24.849060372538784,18.290793246864872,12.085538215381249,1.2309299205077489,1.6837466637093206,8.536249641888611,4.662467833955001,3.396877851869654,2.898476599978715,0.06338178386795335,107.4580418776348,41.95982772741122,42.443692775205626,11.126522981806703,13.277676950678645,15.308311631843061,24.33507957712772,16.636074383269023,6.860817710101812,9.040042536956328,7.580478115203358,8.772499991988823,0.05000189319764425,-1.6689230141341924,-0.3219667691340963,2.276632574969283,0.6966105395643357,-0.32876830045468525,-0.28594450224775814,-0.6328016916987953,0.18248595735478904,0.20689110383680573,-0.09280614264644842,0.17117607700108017,0.34486382238938906,-0.0002456961740409174,38.5280115957251,16.988800920106314,18.197460717126326,7.998286369028274,7.014594613697659,9.170043521716302,10.581793968747599,7.610010803473801,6.586108367081934,5.127331670505118,4.44754812033534,4.927921718584107,0.01764229924073208,-0.43850885357755703,-0.07159846479556861,0.26771480714932544,0.22823102289655553,0.40687582558181495,0.009246723809509779,-0.15743049421658906,0.0009854749002692269,-0.17795219318536007,-0.14791097337313955,0.07604049636955423,0.23403299912477263,-2.1172376970450085e-05,32.673014014399605,16.080492443282736,14.401785952022998,9.926231380760083,8.575172090945987,9.515861689727162,13.367823927228951,9.03073121196857,8.514154961753977,6.974872090077569,5.249059091278832,6.547495602386609,0.014225406908748328,seven,/content/speechcommands/seven/cd85758f_nohash_1.wav,testing,5.0,Kitchen.wav
1979,-282.33826887135723,8.925376679700252,15.942182098515854,25.837617754449926,15.990011268488912,3.807215775909122,13.162561837178828,12.83976817118469,9.498527864825885,6.156034995684616,1.9573025650960327,8.208204246610144,0.03843967104330659,73.46401843668004,29.441782303889187,27.3225717202845,6.773638015484637,11.136309058338751,17.330432496855156,8.586364726706352,5.926257760345007,6.261072994164435,6.260624918492712,7.841059005210783,3.321140869827877,0.010968165855991328,4.50550495408178,1.1349441947079362,-1.3030170954518283,-0.2519673357623185,-0.5718100468168251,-0.10423979510693282,-0.6367792721557957,-0.8466495102015099,-0.7489681998523258,-0.23227790523926684,-0.22605568772696674,-0.16068084721561326,-0.001204705707007839,26.834771098905193,12.717958902699717,13.340682580640216,4.924217648289994,5.856428945749722,8.705492776095426,6.2847351048292746,4.404773265580549,3.930592355805317,4.210507120312149,5.603880014630743,3.405679163627209,0.005503031170668566,1.0902398757314444,-0.30802081682231697,-0.6183352027803054,-0.011470752106585517,-0.1991983351848768,0.08915511769733293,-0.22017179671420267,-0.05097871341023437,0.1298181060525074,-0.005435937554595149,0.3022980210909187,0.0791328526344576,0.00013719480484724044,26.62519393670306,15.141636437913514,15.235046591623728,6.932656950639883,7.217455217888763,9.5458962585852,8.559638723586604,6.092718932995232,5.269144355080118,5.494091320000288,7.333193821961955,4.734330236181365,0.004504825835712633,seven,/content/speechcommands/seven/022cd682_nohash_0.wav,testing,5.0,Kitchen.wav
1980,-229.70113432939414,24.642608059388813,15.550530336051397,12.0393941218302,6.0077133455687175,-0.881039347800345,2.5026617345217366,4.89290207843187,11.811093279127324,8.531719649801355,3.6413505673409183,11.17360029940145,0.055351530958432704,65.85947702868322,37.97390595171693,30.788344109549854,18.68812817624651,14.565090849847216,12.83256228337623,12.043524708469361,9.000484912766058,8.455528653065452,3.288575202873714,7.7733604009084605,3.8092944625982947,0.020461047031791555,1.712239580356704,1.4087348636546835,-0.46932749902793225,-1.0291006106597542,-0.9425149990652807,-0.7361382728699323,-0.31414136521740926,-0.245133189884926,-0.23730707939610932,-0.1295604101615378,0.007394019977059628,0.09885436705894612,-0.0003161844947645741,35.46796378656217,17.61038629733344,17.083577371532463,8.36235486738479,6.810370690412189,7.492658847743951,7.5014159071273765,5.77866149428001,4.942800922189025,3.486538838388142,5.298689502384077,3.7444617256845354,0.010195906486259803,-0.637580961194755,-0.2586401631773673,0.4867904050583223,0.6726692698741311,0.49847406364032715,0.13770513213900828,0.03693990231198884,0.034567192205819365,-0.028932007446793674,0.08369762573824474,-0.08351497017651427,-0.053001028871863316,-0.0005648425469795863,33.24332265693142,19.77929305597611,13.597491528194654,7.959475473734332,7.365033263905168,9.933507244556166,11.115583635250857,7.876569495769222,6.888605367488619,4.926447263334804,6.767701443985467,5.039682019146733,0.00878981345141741,seven,/content/speechcommands/seven/d1a4fb3f_nohash_2.wav,testing,5.0,Kitchen.wav
1981,-238.74283119467853,22.36206553822917,59.61953265263262,10.258200265159026,6.265351394284228,5.711092971396412,-11.610304473662312,-0.12399073569618735,0.7641446735256946,12.237575518930083,3.8013289337961247,1.099093689508099,0.07402958968305029,72.40848039517546,73.31824213441408,29.952964966324217,18.779013292311593,11.92751858668349,24.353879103419192,20.478393084320576,25.037385842614515,9.755377737164988,8.81356996010391,6.815995478729339,8.750540694921316,0.053250022068633246,-0.20333179948242913,-0.029105020468761775,-0.21504845767232644,-0.15716860752534315,0.1825067219577838,0.009789850448450306,0.015127102920828289,-0.16796219033752602,-0.19541038483028841,-0.09921890786105737,-0.12654872694063643,-0.1875392228082587,-0.0009808242321014404,29.105036603930508,27.24982657236125,17.903456924869783,8.834518479981291,4.686379598049385,11.25593198990877,11.780922018432857,10.523678914539413,5.727257425438131,4.885100612287929,4.419137678418968,4.425808805351368,0.02154891427908682,-0.42886017313913005,-0.15532753087818948,0.2121499575767776,0.15577063066479974,-0.10867166400176717,-0.08913907871546899,-0.08295867007031271,-0.005079293664037721,0.24786827145047205,0.1509295371135005,-0.04452508239683075,0.030890289484079948,0.00018024127930402756,28.090270823577338,22.652780174392564,17.316918478598485,10.68846781765034,4.500219450004885,12.255490378620877,15.372646973196701,11.47270803179813,7.546722616588465,6.50154182445862,5.739724220544142,4.829490148507171,0.017855106477941675,seven,/content/speechcommands/seven/5f814c23_nohash_1.wav,testing,5.0,Kitchen.wav
1982,-290.60608698971635,-8.301044182523142,48.10191066867179,24.675928918058737,22.135214842125514,11.389335586436033,7.871810237915178,3.8612216705265343,10.306159944186508,11.58044256311694,3.7876922711230314,7.153312360542106,0.03352515009464696,29.7301405952889,23.83033856686341,9.773972520113514,8.942380359841684,4.940330949252689,7.175610449486924,13.071571886960983,10.698901597779209,4.326827526304395,4.193830743433854,4.474792322745816,4.327161039183004,0.008582676001587387,-0.32006258371495366,-0.0076095694370947155,0.3249065890326758,0.33082727366841774,0.15471690352735581,0.1606687573558905,-0.013899368107419454,-0.15022117457159823,-0.26817341824073043,-0.04558505853538123,0.03661788543324967,0.27894240749483856,0.0007504681425709878,14.769693824578237,11.170647300905632,6.158917037229477,4.432483024243659,3.0505046083372234,4.551924098759888,6.283553041247274,5.230351308663223,3.782460224194099,3.131913565998931,3.012329972687066,3.0623073842168993,0.004342745309179003,-0.3651074023231729,-0.1870439991017451,-0.0046719383566189284,-0.08237502525039973,0.04907304422446259,0.25685195191253,0.1307106259528755,0.07465202520133882,0.2829169401977562,0.05102540457398594,0.1308238161488488,0.06867115207867273,7.331538945436478e-05,14.29641948985973,11.085376960245931,7.311542059504162,4.678893890935042,4.035063099836525,5.286032476089896,7.256152604857086,6.598944418343806,5.219782119127212,4.395448883876686,4.428425697451591,4.182605718926092,0.004011043934992342,seven,/content/speechcommands/seven/f5496439_nohash_0.wav,testing,5.0,Kitchen.wav
1983,-239.66030165820263,76.13993786494149,28.63574268455175,3.586543543437225,7.954076628653444,5.579392671234231,2.172960606846341,-1.7450347003058007,7.47414382583241,20.148678637754244,12.183325247547,5.945443048531999,0.08577651952509768,89.4677723339992,56.359331509191385,24.975082153163775,17.33998348783285,7.762227872416236,7.012011853402343,10.25352152738507,19.106303870316392,10.227940180709579,10.16108114328718,9.999215494162414,6.845182252224492,0.08025279760814756,0.09616679622798169,-0.0880416527043931,0.21068556839943775,0.07078898081489254,-0.06158747715491877,0.17239496060174417,-0.08131817984581849,-0.055375219385313604,0.22002906589216137,0.13282298629319522,-0.037058923916715156,-0.08475689459348555,0.0006384144447022868,28.43028929191401,22.437347880301285,10.9211506010732,5.426913158387605,4.662333533877387,5.776252141199195,5.69168128238452,6.488078364346956,4.541784810907342,7.34612901322652,5.166931864779293,5.947533762964029,0.028859049038815004,-0.179988671973346,-0.25557092389691743,0.03130373150270423,0.07485708849200563,0.1104765521127454,0.2995017045856798,-0.025429278481344752,-0.06772575968949764,0.20741925285333912,0.1165873288422756,0.19214435650534958,-0.04654028769189325,4.1369659205277765e-06,25.117129660903675,23.527712381437034,9.98081196816556,5.3849098960015604,5.830630941626553,6.943410292921581,8.354614668244613,7.625252262061414,5.640737284445978,8.796924675417403,5.6959580349512,7.529796119858152,0.02554845817555992,seven,/content/speechcommands/seven/d0faf7e4_nohash_2.wav,testing,5.0,Kitchen.wav
1984,-189.86329161782783,12.575518167509415,11.315586194210404,27.257906097973482,7.2906969816878355,5.214144130417964,0.37807628856023434,8.437265588064744,10.185291501693637,10.742741921495943,1.1018874284642792,7.444537346560736,0.11544134380528703,132.89497523192807,31.664874493942637,40.73460348144094,14.79573892504307,21.85887048566296,13.391972050830905,16.840719729042952,16.628315101390047,9.08539904444226,8.39289431258855,7.6757711312387915,7.9836374622850945,0.11742632457305714,0.09216184566345888,0.09825501332592887,0.06626367893567446,0.047018407420324364,0.22829966359057677,-0.13321869196678765,-0.29817305505525,0.013082741609076331,0.5231681958799768,0.262819358331598,0.006869006817190984,-0.24532155404015976,0.00020273931084140655,41.457562503293026,16.357306583719513,19.14315798987555,9.90972386042443,9.404338775045437,6.3244841997533525,7.106824030886657,8.97783693211278,7.070628189009276,5.65431668320275,4.322931970153392,4.228326258926944,0.04183486316340055,-0.37671627659560775,-0.09548993142857318,0.11201013815198273,-0.0012585678151921798,-0.07258033780134548,-0.2274127324341963,-0.021133069722622723,0.09406888604283221,-0.017749603291336177,-0.07496022481011394,-0.03938051923215798,-0.0249344849964143,0.00010814610868692398,37.75257481890005,18.182402631213474,18.03561543807329,12.276517802054682,9.837333261611882,7.167400390187526,7.8271204129713485,10.609216098933771,8.543940611800258,6.939176327170074,5.263861816009535,4.702654947724358,0.032120571157516105,seven,/content/speechcommands/seven/2796ac50_nohash_0.wav,testing,5.0,Kitchen.wav
1985,-164.81596551010426,69.33214263315026,39.01008108882277,26.003503241092087,17.02090519995044,-4.3949286556008245,-1.5591498431587214,0.6531340301305542,-0.3057306467984223,4.744287357822312,0.7868489418440682,1.7320455966282524,0.12867984536569566,91.40370977615281,45.298792942379954,42.62050820518368,9.830182314877597,12.48017329801808,20.450236956543332,19.789834251483054,14.494843924856644,9.633567440642985,10.33395995859946,8.244388996012812,11.550215769371249,0.09605494962442226,2.2602855550349243,1.7524777397294755,1.3881036322582128,0.526210882168201,-0.551436065167928,-0.5348221792076392,-0.2570045633921744,-0.3364784662344365,-0.5316675898940458,-1.1287096021023597,-1.0542644188344255,-0.07818019371162042,0.0006519404630507192,26.807448925760944,16.93163463777609,12.830750230171393,7.798850901231214,8.734340451226082,9.132689011144997,7.7412707109986565,5.519922453440806,6.033916540275343,3.544909999993209,5.9037061306061105,6.954039408328735,0.03240972517807376,-0.2687158530893659,-0.2849340722560517,-0.10138290697763092,-0.1767425061344041,-0.3112010359384078,-0.22047578244045027,0.03323464835179267,-0.07542162903003344,-0.1810754030003715,-0.061317147774917896,-0.18359806411473692,-0.1677019606792398,-0.00018556006252765656,19.41162485601664,18.57004830368812,12.468426630056028,9.835864300562307,9.223069809250052,10.318745341167178,9.714909841207358,7.024786703415561,6.6393986439441655,4.707683279990004,7.132212629088995,7.5779700414562985,0.030458245133829543,seven,/content/speechcommands/seven/b97c9f77_nohash_1.wav,testing,5.0,Kitchen.wav
1986,-101.66554684301221,58.74355503200814,16.485628042477636,15.452442161246394,5.825275076614314,-4.753765108313483,-9.871238401177713,2.550327271050876,3.547579350371349,4.673060534727031,-2.137438590466511,1.0219467539474856,0.2071501124300994,125.2833009799949,43.46150391302329,27.723036732646047,10.073505622936858,11.54336311198953,7.609088246834826,10.909885090874162,10.313925429083616,10.172717935184032,6.549067929569853,4.870937747668627,6.026959359211706,0.19957415083332194,5.4589454251829075,-1.076943733764283,-1.0163509198681955,0.19383638215172982,0.0220382142530901,0.003690557994533697,0.4266381663294705,0.44745808221335215,0.18696586554892408,0.19692031466605256,-0.06397605066611196,0.2671273357258107,0.004943082169178993,36.75474350576997,22.631288584146265,10.9503196107641,6.313707412788275,5.204562043219509,6.225940357613981,6.411703395077024,6.155770183412889,4.773676130191464,5.291829398745172,4.974395906765491,4.839808785387999,0.04624913883491043,0.33639733834470464,-0.12672552411405416,0.0886478784673443,-0.19785898741827487,0.1404921477930671,0.16424931507202942,-0.04014969410471435,-0.06122950720676356,0.015770930038327007,0.01579983593387917,0.007744948096636447,-0.2454918210087134,-0.001093009114265442,33.890788081103516,21.693589874197965,11.97681645649853,8.136833148136821,6.901499692292744,7.615737628132587,8.053667505214335,6.980946077938417,5.994673678413538,6.692410093214711,7.350796625288851,6.885581150614875,0.023462846426156248,seven,/content/speechcommands/seven/e1469561_nohash_0.wav,testing,5.0,Kitchen.wav
1987,-285.18619389347134,-4.564170224934878,42.42815485661019,14.954275511590325,12.650191320684701,5.480259863533602,6.68657792307844,7.369462411383198,10.037549395922522,10.242296875880754,5.155463046669332,10.169789671773803,0.03273339482257143,42.41187994764386,36.41740871022056,10.777425102111684,16.891436530793225,13.259875942058102,14.631273259746697,13.853171025658915,8.528535780016215,4.599446978305163,3.8645107685035613,3.676479150851219,2.0447136156459895,0.006935912988803276,-0.4027428142450584,-0.7362770155451046,-0.03847853291353687,0.10249955358175267,0.4140467542268372,0.39424059959461055,0.317776315481665,0.10404582859282895,-0.13690678389990996,-0.08604526753233054,-0.007930111468406468,-0.027590633505563223,0.0004454839133447216,18.713766788293867,15.779207693907656,9.073325988012567,7.867206023982077,7.36706087884488,7.3028490584160926,6.395515798463256,5.259603430365452,4.009762988807248,2.756385149036958,2.0102237443188407,2.143811877974594,0.0035054266414561506,-0.3961671161572023,-0.33724179480703353,0.0416272946010506,0.06263325009311214,-0.08053392661514766,0.03621100845039085,0.07898025436760865,-0.09188141140141072,-0.05543216259615627,0.04584814646487878,-0.07911641329001175,0.11094958299988941,0.00021851640194654466,19.153064131872725,15.605556097826096,11.81045923819274,8.099978627191172,8.160722565453732,8.759050521882743,8.08114844804422,7.190224422604241,5.8221358802299905,4.112706701756924,2.6111221659996326,3.0851742749640594,0.003253487947254967,seven,/content/speechcommands/seven/81dc4a94_nohash_0.wav,testing,5.0,Kitchen.wav
1988,-253.43599022760105,18.813649871063966,38.56379126735334,14.194870729538767,13.86883693066227,11.622647006529718,-0.07795480873181826,1.8331447751690144,-2.390145509625908,8.371640900705298,5.494983515775293,1.9259960421608016,0.03892232768703252,60.27007076965557,48.80414433793344,11.423911896188555,12.014218559455188,9.630433785860887,12.12424940159635,13.153773359868918,19.575646973718097,13.757960659145812,8.953178302110727,5.089152130427021,7.087366826475859,0.014023520538480208,1.6992305767362947,0.7399804726250739,-0.5363574851987177,-0.39216086633672165,-0.41314996747935157,-0.08103901032777483,-0.425987347870063,-0.2609022975388661,0.2986402624212906,0.1858042271238313,-0.08047451594847709,-0.15820912023019926,0.0002939226406235849,26.609652464359996,18.964643886171427,9.24553462110948,7.278988368178832,4.916731673244611,6.105825087917992,6.689533391773748,7.4821665378252895,6.482752464743447,5.638883243449367,3.334746571229395,5.100786545739648,0.007281334026230519,-0.6702106414460672,-0.0775414734332158,-0.07307250936778971,-0.1928695639948898,0.009090773603980591,0.06901079417331862,0.1087943583973093,0.10489761492045568,-0.03174796859482765,0.09031125219080322,0.1630088964224751,0.13750521298445342,-3.613680601119995e-05,29.075948931117615,19.380537791349685,10.711293175170415,9.64032449196479,5.973720704840789,6.711616730676665,7.47659609199843,7.954956568107322,7.051971900542997,6.286533522114685,4.0745327132877005,6.385783907579254,0.005572772528405474,seven,/content/speechcommands/seven/a4e8a997_nohash_1.wav,testing,5.0,Kitchen.wav
1989,-238.10239443741045,36.44919507659674,36.48215198192468,17.042164384013063,16.60104870354284,7.269073123477725,4.412698377747231,6.305261866735917,2.0833956131970823,9.433170810978778,4.766025070059821,-0.2091897541848865,0.056939837406389415,71.49741231689359,34.54732658687729,22.665725856788843,7.144897901536192,10.088957485134525,13.059923119183184,14.015399060639915,11.841477463180864,10.645266956155085,7.521577703231574,4.3721115171080704,14.799759218676355,0.023809181692651064,0.688437103186567,0.4108744656769174,-0.2521857749749105,-0.3675069276909857,-0.1077441640555352,-0.3046779932610908,-0.16141337591163432,-0.1974216786460967,-0.16969578397040855,-0.34222557503469414,-0.29367667898318334,-0.11700766413669669,-0.00030413426218494293,24.286872508294675,15.004866815696971,10.721071082170996,4.994752113157408,5.378287587033794,5.901970962643962,5.792445585748002,6.054409926058748,4.714993452527258,4.457579103312458,3.6203987356615106,6.990227453459133,0.010427712048900473,-0.5959566747288212,-0.726409389953687,0.14005655211175044,0.07545922364686287,-0.25161438352884324,0.002051486532166269,-0.028284112327532068,-0.030718019628396695,-0.20310615347072636,-0.3408691205644978,-0.13722948738567833,0.13567616553020048,-0.00043055800100167595,21.680497265335134,14.0920935168325,10.291220865063481,6.354191691902861,5.405791070055847,5.584781342412102,6.374552861812199,6.389628025230107,5.414985512446442,5.0076888169060325,5.001085829355327,7.9148926312936165,0.00923513210050184,seven,/content/speechcommands/seven/c781f251_nohash_0.wav,testing,5.0,Kitchen.wav
1990,-274.9125098033319,1.7951091800103245,42.54181088729781,15.89957831769361,13.86350676150315,7.489439113116593,9.274651610284153,4.418378701104044,1.8388481293441064,13.822117115206247,8.798500946427689,8.322631197764919,0.04498254758073017,65.82111071627477,47.81665200936508,22.142006150256346,17.37303755917019,11.38509251223194,15.032889038247776,10.145537865460387,13.302652458930066,11.533988689342669,8.544929798042636,7.41625106252896,7.734397562762286,0.01862116261314012,0.6427220190160905,1.1493598045118973,0.09196128779424691,-0.2265319678357416,-0.05540998904567892,0.007848301895413433,-0.2989797945169609,-0.1465866974622559,-0.13843260717745146,-0.12499631727232055,-0.04841841597072974,0.08870620390530017,0.0002669283459263463,24.05071533498634,20.598326183056102,14.118497325364748,7.305086174737621,5.532182869637302,7.297979284767726,4.533667279852869,6.684865748098193,4.819354386508616,6.081274909364635,4.688112370956348,4.181758163255391,0.0056568437439583705,-0.11461370271717897,0.2010721902359337,-0.01770062690570775,-0.06834641165304471,0.06349686653111561,0.04673204743626798,0.08590763154516126,0.09683120871985355,-0.0025624521826755676,-0.026778852742019764,0.11634946658005708,0.13414480538277687,-0.0002381111184755961,21.97573013508422,19.390582203836843,14.48011498093966,7.94780321749983,6.441757450708941,7.290569794012395,5.652376346603122,8.234177979951696,5.8217636959976,8.058742293985238,5.3562859770593105,4.588213465616194,0.003942281629710036,seven,/content/speechcommands/seven/9dc1889e_nohash_0.wav,testing,5.0,Kitchen.wav
1991,-233.64911337523276,21.270472567461766,17.704947170377597,25.208403741640534,-2.4281702841770256,4.28856050681126,-9.494622116878851,4.68372415930502,10.24420916553182,16.235490647169634,7.670110249804493,-2.476882589449132,0.06413768540369347,97.9575633057333,32.791778028230176,27.147246764658544,7.145587433969162,24.901120466578757,15.063494495723369,25.50935449754177,14.909944137888221,6.448694804740343,10.188790130429389,8.079017984116607,16.90694218589963,0.04795415829786576,0.20658673697703803,0.7564478001940448,0.26552659216845254,-0.10118071630500855,-0.07782127472422126,-0.2048674911268418,0.0852406372075712,-0.06818070575816293,-0.017553992837783285,0.04709943603444172,-0.14570255081447567,-0.17219651365311142,-0.0003286483547379894,32.94457875752708,13.475987372787033,14.080855545542994,5.295791841028563,8.684037607047458,7.325642806366856,10.966436159352908,6.956982082699456,5.840103579317274,5.434548973811627,5.5306168667278754,5.790210989739754,0.017577494073739743,-1.5909322940792587,-0.7777666776991475,-0.40400996640587356,-0.2080531031238945,0.557856744461159,0.45456007928870407,0.6063694449216736,0.2530463872033913,0.2540504290171423,0.0064994241063496124,0.16971770845845857,0.14721908952363946,-0.00039224661886692045,29.12189720859273,13.535209119819068,14.92542156632668,5.810838741874621,8.41031982539238,8.095386781465807,12.110796105264457,6.708737902079877,7.864165979856112,5.778540849196341,5.697993671877439,6.8572474332686,0.01393667850549909,seven,/content/speechcommands/seven/9a69672b_nohash_1.wav,testing,5.0,Kitchen.wav
1992,-232.2308346422554,32.674232766316045,22.7597401392899,15.479238385216323,8.121122625454262,-1.0806829523394885,-1.4407400150765883,6.7546491806562745,9.129724228278693,8.932236289663805,-1.6614190306384562,8.727196280450261,0.05261566711124033,96.67844793450793,41.51343579554976,36.306624613681514,13.469996838818993,15.123105229685846,11.669658369134249,9.990562598873918,9.304179601510118,7.812314617689025,8.51351003885389,8.982142403855049,7.574203708402778,0.026523562223791052,-0.9116838070745741,-0.2440461614053664,-0.125249482414282,0.25921591317376064,0.09091867501784394,-0.004228379227528433,-0.39633259559904216,-0.2289427933786236,-0.14732149048033946,-0.4105352899553088,0.018631103941548165,-0.04390579964548077,0.0007975776229173907,35.81750172480277,15.72901739683275,17.460697781840857,4.475787953510458,6.759502790222741,6.150204802383775,6.167909441132284,6.447329812429832,4.457882075769197,4.893701733726652,5.063290702494877,3.9597941009519255,0.010378141239083488,-0.7573899392002204,-0.4081462870081017,-0.07235020828048502,-0.10714979368795999,0.1263991633303475,0.14368676368682234,0.15161018633255968,-0.15815940715458937,-0.27364715871580325,0.047371002266528114,0.12601033318479374,0.1594254507093181,-5.157484362522761e-05,31.60832714569485,15.082195219682196,15.76708607157373,4.979642597415601,6.618376860902824,6.690649077902143,7.495338744227307,7.569742665958697,5.262571245281117,6.332279198135074,6.538048157671043,4.7765616389755925,0.008394780967916193,seven,/content/speechcommands/seven/b2e2773a_nohash_1.wav,testing,5.0,Kitchen.wav
1993,-227.1860164207211,37.327781114309886,31.11592119485704,1.1547507312639753,10.96964929374436,10.292446938319966,2.800257112658499,4.781827614128343,6.845958104228593,2.646158936584844,2.520461205497283,10.65832154705137,0.0478381171124056,56.22416897629121,23.249829702343376,27.350398033069176,11.019205293655725,4.265939163790592,7.7426398483827255,18.032924561140923,5.399890663187319,9.876068329157553,6.545902753972081,4.807512487532107,4.9517149458970255,0.017619687840888652,0.39425303977252535,0.32373205483532647,0.42071366897627177,0.27931386212614734,0.04976658799083375,-0.07079912412130383,-0.06851779844178288,0.13705115608648158,-0.04575590862029258,-0.43906355017463317,-0.39156870425030066,-0.2093426553436084,0.00012260447106053754,24.834392308365576,10.110786563056521,14.417422155834789,5.097898305614252,4.600566876742594,4.619744221328963,8.582056778976076,4.731243904287186,5.4178016494723815,3.6323653934323294,4.697609014876211,4.113362755845073,0.007227316281519645,-0.5414027522379011,-0.2121916412053802,-0.1423934015189803,-0.2563663368439067,0.09054523598955748,0.04682473531881174,0.05558911615629194,0.28023542438554233,0.36479691102581085,0.13812161011091437,-0.05027182638256981,0.04338972192640487,-6.645042449235917e-05,23.12480833199308,9.840009577878673,13.920914200630532,5.20287842278424,6.637022277290107,6.242432691136655,10.944710111237136,6.8678220046673,6.197218116106979,4.708059897158028,7.037272499655669,5.628240508783291,0.005877633601177221,seven,/content/speechcommands/seven/8a325749_nohash_0.wav,testing,5.0,Kitchen.wav
1994,-252.84685057044436,9.08197183545754,13.239069262773027,36.51001712030833,17.113230990257314,-0.0989284318623348,5.177634609807306,8.121729140189554,8.426928447639122,10.6070046914006,8.162095705042546,7.393921936490456,0.04598733939928934,86.43079919319938,32.82130252097673,24.012767324714392,14.47372790756676,12.806586122057638,14.48232724617663,12.15990264523882,15.24046269090536,4.773390515499513,4.8802485305677905,4.508962164756932,3.8064502274885244,0.021805252754772367,0.13530925482004066,0.08135443761116169,-0.0007893507398834238,0.1533161184735198,0.19306643681283797,0.02503720056506958,-0.459156791112901,-0.014407733952872665,0.12310890101764557,-0.254904265699102,-0.1355846027139996,0.20638552678947433,0.00011568288168599529,30.072728432567786,16.17302802274761,12.919357024654422,6.813978080059712,8.256315279068753,5.731461393849253,5.206560201298832,8.079230244671532,4.419423478376717,4.32705526965569,3.5945669177744852,3.6950297325629493,0.009395296084536802,-0.21760302357211192,-0.24502295564048124,-0.030228209737657014,0.05507445645926919,0.09148271545355181,-0.2401558266940181,-0.1260693167437862,0.2091887183294527,0.2794462904008411,0.18614657773989596,0.06070204406973418,0.08872884495280768,2.014748752117157e-05,28.29002150643413,15.91521824022917,13.876091647339743,8.217523653539672,8.876808331043355,6.339926352853978,6.293724950338357,8.233387011261579,5.6531724968445,6.299523153150687,4.225078102571973,4.9503953800929885,0.006587397213906555,seven,/content/speechcommands/seven/ca48dc76_nohash_1.wav,testing,5.0,Kitchen.wav
1995,-213.77927210352868,20.385157602084192,30.73593189933922,7.925281268235838,-0.6704195513000623,10.380867277952312,8.232872691140027,8.253794995093733,1.192052042221901,12.70023568956066,2.746650166338233,5.798231445495907,0.04485753568587825,60.80534129720374,43.62332635701834,14.57012294222424,16.17896355699085,14.7251959752401,8.838640367041098,14.171232126142126,14.285715920147533,5.72634970289315,8.959755617583873,6.249449750081594,7.322612132665051,0.022929057761987354,0.6764739064509394,-0.2923305115616068,0.6103248530105665,1.044020891534607,0.614779162816371,-0.5939667100666745,-0.28139367943449745,-0.01601422635599499,-0.16016913241598185,0.1033745360119559,0.00766813830491565,-0.16881896201392718,0.00010901587384362375,19.98563042056291,21.37417458223245,7.046050139174857,7.771865267522005,6.203051114397733,3.8785055502318513,6.409890875212894,7.695876900872555,3.343434949655846,5.992544370170533,4.262220546085839,5.059251190787384,0.007993380588958305,-1.7987964614740983,-0.04825643126895234,0.24602297497295686,0.42609442300969164,0.032164389042267004,-0.32652101310318143,-0.2010216592219009,0.0037830813840747713,0.0606186842349715,0.11954894431126077,0.11559205878829164,0.2679311010961372,-0.00018201271692911783,17.69585261210707,19.3494869010182,7.957467864773459,8.3541303931897,5.837683368466291,5.142840570817619,7.415727359074652,8.013603069135273,4.6591226415349585,6.701159785146541,5.471920375401321,6.53477631237684,0.00682900305838946,seven,/content/speechcommands/seven/6736bc64_nohash_0.wav,testing,5.0,Kitchen.wav
1996,-209.16888430550605,24.032736612774073,32.941325526169166,16.228793235501907,11.298603084056024,7.218127797552907,0.10023007106943771,8.096672338515102,8.214199335633246,4.346389239989539,0.8691337022370116,-1.2495651666492351,0.048786464816657826,80.58927353409769,30.963021348689434,30.251303898594653,16.689957572132716,8.812629695660728,8.347332203518297,13.640817600194072,6.105423581827685,6.125371611416143,6.394330773481604,4.534015413947194,7.517114140047794,0.03228551967205589,0.5688801661867233,-0.3577163782000183,-0.0283809548542823,0.8981727339121585,0.01687948843359825,-0.181563389330407,0.04066749083839726,-0.06854604254791084,0.030279450774028365,0.1858499227461437,0.12602045812624296,0.33702753532713275,0.0007012619847251523,27.82279324124944,13.46644761990559,15.174528527679863,7.413117630424134,5.001553873869574,4.869749779170495,6.8953362687018815,3.7672246983101383,5.087456868602349,4.834086734954155,4.00071886775028,4.309197047121575,0.011763634002058865,-0.11830855306619129,-0.31837432811192706,0.1017999267575784,0.10370979992327704,-0.1610622738077477,-0.15213614839423925,-0.15853357230544113,0.05826553109376335,-0.20240992073606637,0.2600407886244456,0.23045700931858748,0.023633576040427446,4.787575453519821e-05,26.075776339017505,15.70425643635025,16.556149368421163,8.622207454124942,5.219604760880867,6.39891582533034,8.10660324353528,4.948650017092774,6.096365984513511,5.188035553786759,5.518654736118996,4.99570855039788,0.009186655561100352,seven,/content/speechcommands/seven/9b3ea809_nohash_0.wav,testing,5.0,Kitchen.wav
1997,-265.95060961166973,11.653557487775647,28.32499362021788,19.53933406985864,17.229428882335384,8.676033170431328,3.6396629698177705,4.319978667446765,7.6676887082363505,8.813559386072228,-0.1992540989628424,9.715384538483587,0.03971817821729928,60.16778231044753,39.02244032613055,20.2064777775646,10.441938609449252,7.34408539079209,11.148117958992046,14.216892506001367,15.60834725030319,7.55079360427197,6.233661515260503,8.088704976860727,5.736905902510709,0.014578021138526284,0.29911934080896313,-0.004391237025886407,0.4246493628189083,0.45437086003317695,-0.13260976069653885,-0.30383818488851444,0.45400044310156107,0.4771727500817602,0.3359583253644337,-0.055339311602949776,-0.013108343005341819,0.13659805479782658,0.0010602739188940295,19.33332112539626,17.543335703136712,13.796520337269438,7.042459927598012,3.816911922183712,6.515466769622463,7.210422714640923,7.661515820660873,5.980467344834773,6.056011699811853,5.564482758425918,4.654012178704592,0.0065446851825148025,0.25818495790516255,0.11960041591920113,-0.1298645324608464,-0.23647792012960925,0.006303999251022052,0.17047405924829961,0.06847250046514428,-0.18789250618815168,-0.05903768600165276,0.2757767773312922,0.3354301107608396,0.00038759478979143814,-0.00018995637074112893,15.085674865697333,17.241277642468397,14.600375752542034,7.443955881404792,4.503657679037135,6.940092244332937,9.038604545596684,8.407875453164685,7.755385550887481,8.529599453936472,7.77467111479884,6.048651762238655,0.005156371612392281,seven,/content/speechcommands/seven/7e1054e7_nohash_1.wav,testing,5.0,Kitchen.wav
1998,-189.16353501239115,0.9925631335607239,30.172124192614262,17.330030705587916,11.09644192315789,6.03780862493369,6.992431462571592,3.9293261996242785,4.548071317829637,8.431499232294241,5.564305358479699,4.911356423538583,0.07270145922666416,61.49768063767625,51.69808899287979,17.99542810988577,14.220974758084363,11.47887555422934,8.977765391660768,10.329332377555351,12.268643078647623,12.228837370387065,5.623119090247797,5.943197881171992,7.441537682388924,0.056040473262769515,1.0697481791008612,1.072674220206587,0.1028939620592053,-0.2003873789239444,0.025690875821937,0.08749160066376178,0.16601635146797447,0.13588373657737227,0.23566806294179696,0.43595416220013616,0.11366037538752494,0.36991754658862774,0.000769317931225223,24.001313808556635,23.58208871282338,11.633987520144014,7.067922089441095,4.797960369481273,6.109873940899065,4.799533260727736,5.742019241301075,5.028993543983063,3.8686876582854985,3.85718322840159,3.3119577865800904,0.024071791147328898,-0.4600498413247427,0.09359897394861576,0.32363337387299446,0.14638311117410485,0.15996936828605204,-0.07152698112545156,0.2157680894345636,0.43492623955267207,0.16901936767602344,0.038119595833373945,0.2219553335684487,0.14119132939974383,-0.00020231995731592178,18.25160246381457,22.52034205297926,12.99701811110225,6.95901906372654,4.575916197637971,6.0540801498765235,5.328624647152597,6.918035182227347,5.381151294597025,4.80986779821848,3.6252209348564706,3.999329455241492,0.018850933980832554,seven,/content/speechcommands/seven/e41a903b_nohash_3.wav,testing,5.0,Kitchen.wav
1999,-264.19382242593167,14.810743994624533,37.95508234993785,16.709303392686472,11.739325490458121,7.209358134065186,6.345001217297587,7.69614223782366,11.02819987819112,8.430858051830535,4.961448227815149,3.979958711296189,0.05227731756167486,71.86160726086925,46.601667082119675,17.918341010636553,13.795427936080877,11.230367178685439,8.238042437241765,11.419911760583766,9.6446944821768,4.338611043017121,5.844229940141243,6.836817759310801,6.326968636842901,0.020486719647222467,-0.10681551769064593,-0.22816334022851736,-0.06481133117135447,-0.19516009752865487,-0.3192528483325242,-0.31563058317604276,-0.10290030085280824,0.14589845230772253,-0.23617109812247364,-0.25219624883880987,-0.478949925160619,-0.41798374951342143,-0.001224476844072342,23.773528791495632,15.720423146014449,10.602697593311042,5.846418465745046,5.273340086042947,4.510519422993245,4.574917976000834,4.620218877829578,5.22203023534341,4.524624065410431,3.9453330619951728,3.330341831527968,0.007820259750504101,0.02215583057116722,0.03978992884964718,0.2132961339307869,0.060960110933606336,-0.0762874978861125,-0.09650870948515375,0.00900964064323162,0.21602664809841615,0.10879287943663893,0.023424443348541088,0.14720351817914493,0.20078757552410653,9.846022973457972e-05,21.483298609229852,16.284507186896445,11.606883550192281,6.7458026431069795,6.499374473656564,5.206681048206289,4.1338029903927005,5.131538110100024,7.299737111169198,5.773636375483595,5.2021748354116575,4.056965746535372,0.005977138271025586,seven,/content/speechcommands/seven/f264e0df_nohash_1.wav,testing,5.0,Kitchen.wav
2000,-160.83348812910305,63.40020431803292,8.30855484649507,3.6830718708265078,9.195687000984545,16.450965825192007,10.566024402525061,2.952500482534206,1.4177352840797575,9.259372591293696,8.363598240324512,5.800848592680336,0.11506787169491872,85.45069671664646,41.19708052758643,20.58955471657948,14.942393353828349,14.732823114367452,18.723182020182932,16.851193055668965,6.068300746191855,5.939816830337322,7.233512847837103,12.709054432031836,6.460924755671028,0.1027671112907535,0.985288973597676,0.05663354854042249,-0.7079067338562692,-0.5191013784725883,-0.025412185823952882,0.3869045122974095,-0.04172606305450959,-0.5944229744589793,-0.40452822282867584,-0.07212329762252803,0.31764871128553873,-0.029265659791375024,0.00020796433091163635,37.177903007737825,16.83151290301575,14.192540511129966,8.948926191603352,6.9234513413084295,7.0268985625504525,7.674086460356543,6.1698389849833974,5.353127928917125,4.723778189674221,5.720153400096189,4.526835276057141,0.04478016258588944,-0.3363664292682112,0.13998740049690664,0.3239964183481204,0.32663608608916245,0.0253207827854931,-0.3063529007540333,0.002423356668009813,0.1853191900872501,0.24102012031795486,-0.19188784147917406,-0.11843489683636937,-0.024844662713114623,8.658065150181452e-05,33.860081651435515,18.50320782746796,16.116569552418238,9.596391697841337,6.271795559885366,7.882829130759117,9.536291417613368,9.097768246321381,7.552768851862223,6.584546090984588,6.314577973866103,5.371456090402213,0.0451600617024083,seven,/content/speechcommands/seven/9d4bab4f_nohash_0.wav,testing,5.0,Kitchen.wav
2001,-189.57606098138967,9.27697547652398,16.97003072874798,3.0119468381878325,4.9303827005711085,-1.6031979832156824,4.12699960309402,6.6968691678448975,8.634115423902594,8.546690836139057,-0.8689638227700832,3.2416942864752167,0.07203556017743216,68.02952572882013,50.11638867274898,18.46882370941389,21.44456948343808,16.87638126294986,14.848382120646349,10.290341902085007,5.822495824050808,3.518297342202667,4.77942028560802,4.427184792086812,5.857147630640074,0.04723060775869155,2.9629749868272364,3.093235680274673,1.3255077222593528,-0.01953873794399682,-0.7697078173349806,-0.8219645131602482,-0.5489261352601393,-0.2891258338936231,0.025371145752456067,-0.12704559224853304,-0.28358009905330483,-0.19599017719984613,0.0010258638514922215,25.001784641169944,18.34858472430695,12.979134435980106,8.822516969255913,8.813428614310869,7.2366164690376396,5.738179746166201,3.795080377297537,3.7992812192094725,3.149220824659192,3.329273958805467,3.711341067845957,0.020117390861027415,-1.0721881413699395,-0.7039809319247433,0.8099940654116853,0.7438379190357655,0.329385583491609,0.49022845821112476,0.2629310413629913,-0.02862931702186792,-0.30440047746866034,-0.04559945737412798,0.28520000650623556,0.09692027715883221,-0.0008237041532993316,22.580115946328032,20.080705125875596,14.006439349395954,7.917289029111337,11.307728282663398,9.803736426907166,7.813989428234588,5.547160304952105,5.021085603910409,3.73923079378537,4.689117502027714,4.194512792397527,0.015475836269554236,seven,/content/speechcommands/seven/210f3aa9_nohash_0.wav,testing,5.0,Kitchen.wav
2002,-268.36097497204395,-10.73572978578822,28.582785032256098,18.327374554407044,12.942380745770357,5.785037149329807,10.113516193704328,15.825503691562712,14.770631277627384,6.3187417831946755,1.1029751589366594,11.605663962385659,0.03039538935991004,61.585927851966254,25.90507222107292,25.06251826158934,12.197442983225399,11.996801352650431,12.666550273819313,9.458934813866987,3.5400234642345065,3.4769087395158307,6.442046704633621,3.907921338485361,4.560624998679268,0.00953172677543417,0.14677102066663442,-0.1190572881249751,-0.4714889228208618,-0.47957489888191557,-0.21707585051507627,-0.2509313252579674,-0.10122772027279454,-0.17574392063802943,0.06996202792549316,-0.1066614807271437,-0.0005782350881922067,0.14297769395663823,-0.0003338019333539471,26.254614875108494,12.887233228585645,10.637998628128033,6.8769877921589915,6.518875015660557,6.223597710732301,5.306553864420345,3.1539178641547156,2.581196282827702,4.078082808798648,2.629935512760247,3.6207068054441547,0.004188943615647851,-0.04460704539065432,-0.2632325043880748,0.1380635263520515,0.2674200393917975,0.22883946362124613,0.08702664166266019,-0.08301946036340133,-0.18655048340217054,0.07077936715993378,0.09133439842304777,-0.04244598794955303,0.15181963414232555,-0.00019663988302151363,26.248699852777627,16.32113400590787,9.56716055641509,9.348828231625806,7.380113191248304,7.449734010461223,6.827535443928043,4.276442409729787,3.79617209197751,5.574860958530372,4.036943289280201,4.948182118912866,0.0032370559162134957,seven,/content/speechcommands/seven/553f1a79_nohash_0.wav,testing,5.0,Kitchen.wav
2003,-221.47601151609655,4.286682767130473,34.74227024554957,19.442996335603226,1.381693874117516,8.043499834030246,-8.907166190626471,-2.915334512292377,7.76692943792388,14.857153475985601,8.246205956184507,1.0697409825860085,0.07536134752444923,103.75044042367189,43.15499174712744,30.20435065815896,12.15849767824549,22.51941894748009,11.68487466423836,26.913678863039813,22.76440762248053,8.154926272105092,8.575580922011676,11.508577089165119,13.57579614995056,0.0634058484499095,-0.05773768667112042,0.007603743954671557,-0.043103381374652736,-0.08046031419059883,-0.35351900517277585,-0.17121604017540548,-0.10785745700442238,-0.1855707375945683,0.26104399562728964,0.29073968110779425,0.03561213522894902,-0.02940631659969997,-0.0006386382325041679,39.76916897768429,18.82334238390814,18.44376296423834,7.018173156858544,8.708721894546873,8.01234006657036,11.119764468294,11.629659124416579,5.723229739209826,6.637420063999473,7.168719089193464,7.556757122255702,0.022967067345338942,-0.19310437782921214,0.004240759629974397,0.13687713537739393,0.33683767318315755,0.028657456411045126,0.2374041192742231,0.1700788895059837,0.14483288266711808,0.19401333346679753,0.15902550194186355,0.07143087633749548,0.03165444969156782,-3.415724883476893e-05,38.48681995439322,20.50704529116017,18.859114193845667,7.862235767495334,9.103457390216137,9.608299601434476,13.45590391541704,12.853289410469499,6.418448060198909,7.665828277364033,8.69444315890867,8.835095984952927,0.016529299688060405,seven,/content/speechcommands/seven/9a69672b_nohash_0.wav,testing,5.0,Kitchen.wav
2004,-268.08729039348174,31.895032655755717,42.91460557920382,30.476846952509227,18.063373976081706,12.44495995912002,8.209522568138825,4.178292703408811,6.521486168326494,11.330352353216263,5.635629688889713,5.194277747089033,0.07269622175954282,87.60138396299166,59.51789559758305,20.154832629462383,8.626023189763954,12.429516241559824,9.9492295219354,8.81117006632107,16.314998014037236,10.267076838542101,5.378600890152323,3.699094983231484,6.3863754933539925,0.055032623643983175,-0.35326530843047976,-0.6555636410147598,-0.3607789338700859,0.13582509348819624,0.10188346646624659,0.0861888923031119,0.35308128711087333,0.0378253004009422,-0.09347635031748516,0.0817712082447193,-0.10569159679636574,-0.20372790918692288,0.0003115127403889933,28.607312156308094,26.541347851023975,14.618774466756808,5.764360283468531,5.267925168697475,6.789710743715418,5.7357373001074965,7.547254954513211,5.097043436764882,4.192159064095088,3.661522186528786,4.140833312520966,0.020006858090056624,0.08332138374343193,0.0826387995035305,0.1964369677590881,-0.179200764899484,-0.025591344994272684,0.09880194061025906,0.006323717157785621,-0.028623599930140683,-0.008951054086589553,0.1414127443481175,0.11989598528944774,0.10344681010850507,9.57039495309194e-06,24.034038179983767,24.99980495461287,15.573590636635844,5.974623766728944,5.862469833225344,7.6259860104626815,7.4820631985769435,9.137201628257412,6.6691279061129976,5.530595174659003,5.083173424205842,5.187442753707254,0.015864848416376535,seven,/content/speechcommands/seven/e41a903b_nohash_2.wav,testing,5.0,Kitchen.wav
2005,-254.59883427177147,37.62315666167942,46.1351757149809,5.2038524452143164,8.426439415985623,0.039658221641967195,-1.951584314054526,0.3023481354946388,13.096182292493623,16.16146018485798,1.334120235122883,-2.249845710587221,0.06777239218354225,62.33615152166551,51.95895809054863,15.09979403235646,19.409426930901564,12.230901461807187,9.599110836487053,14.915849207968296,8.344206930177362,5.274777101742463,7.796950242388106,6.661262473866879,9.4366853050836,0.061645674595011204,-2.291461768514602,-1.1813341125291819,0.3610852563304418,0.00043467909804206784,-0.22914396914295115,0.749605854047749,0.46928837736824036,0.0613007431881068,0.05729711338431405,-0.13048372862527746,-0.18657891719324904,0.2190666350520804,0.00014362988933440177,22.778256637997583,18.727394922785805,9.83598276602024,9.084314400542368,7.380209902732092,4.704970448303949,6.167634597192194,4.831748011260576,4.366938350010342,3.533363853257621,4.801422712800276,4.710358097614019,0.02475767114303836,-0.6037954112677928,0.1990000154102545,-0.09715493507535626,0.3678503752892432,0.07450625098293158,0.08566999612841215,0.08865338977424984,-0.17250054998550843,-0.09969230202221765,-0.08162437865483844,0.1307795264520824,-0.12149000184867736,0.0001821202536424001,25.28367892096257,20.47456789788446,9.817346549998486,8.922644380245533,7.338845739724545,5.660327220547513,7.68536428824681,6.233652538160386,5.957268627420632,4.61619204432997,6.432144054574286,6.369436211826727,0.018190193955452197,seven,/content/speechcommands/seven/4620dc14_nohash_1.wav,testing,5.0,Kitchen.wav
2006,-237.53606273565313,1.8843099065848858,33.85528268204638,16.147915868705105,14.721738666503242,8.864903942177893,3.6054891036164833,10.974070201458524,6.607518780963851,7.994466822363574,4.211072551350999,10.783573267059248,0.03769353684037924,74.64124637058733,35.929284907571024,19.008785379860512,11.787121586550015,7.377226040349106,13.651033302253536,16.33892735303978,10.108897350480435,8.898047515410525,7.136293555424483,4.689754086993708,5.866559849960709,0.01350073887808391,1.5925625883424441,1.0780248244600075,-1.2360335577790769,-0.6427128053000695,0.05540747732615568,0.1828964589048235,0.051105072254091076,-0.34875777962210935,-0.12590601645271365,0.14568691750652535,0.37739426689960026,0.06949056755547123,-0.0004434271925880063,24.601100066384618,18.832385182671143,11.616609770932603,6.599068786667398,4.068233299550752,8.058316551204072,8.27721348900255,4.7506465716493365,7.209840035638028,3.4111544967267697,3.671408256212637,4.450829707720397,0.003403026134177071,-0.9659395963898552,0.40238205234148633,-0.4809830402437059,0.10056648363860307,0.04479509013005867,-0.44783030461410056,0.19279329897639197,-0.3230285884630214,0.2813296236460048,-0.15437200363352094,0.14477702348725607,0.197823106449313,-0.0001248598098754883,22.241556376548036,16.41832395838064,13.703386397295434,7.585300822982243,5.478886441186071,7.823175489638426,9.980213076480439,5.703670355723459,8.770346211693996,4.389490416910126,4.733809718741081,5.623091914001089,0.0027736827600342994,seven,/content/speechcommands/seven/0f250098_nohash_0.wav,testing,5.0,Kitchen.wav
2007,-295.6435355376224,-15.259228508454477,39.417470957295876,20.56941145348963,14.884740285042641,6.104922230750122,11.018421167491734,12.839355749213196,12.843461878691024,9.795185222092654,5.8123606389684035,8.419710742989759,0.023957514466019347,30.731657168576024,24.40399281270698,10.399065724662059,10.454505141494828,8.793622595148245,9.523452200556717,6.162746485896734,3.587617971321317,4.292842664474462,4.197130839025598,4.872938466537722,4.382098244745543,0.009536403659460317,-0.142649746858799,-0.09861134897679179,0.15925454476946183,0.1966201760331919,0.12118754582232209,0.3845989629004603,0.5216625304024314,0.018404310184326877,-0.3730610017055974,-0.1173055544949476,-0.2553883582516547,0.10599268023588736,-0.0002456808522824318,11.982946409540174,10.900965303396159,6.594948698376351,5.78816982003684,5.909882380409842,5.854414736679608,3.9771816833028235,3.293723522449528,3.562209450585847,3.7592584492893457,3.925026791476859,3.335231905257469,0.004180317261191662,-0.6086787206803914,-0.22444946720052109,-0.12159376274164255,0.09692968357457694,0.1751864576590096,0.17389750898189468,0.16275460409716025,0.0016592718205944953,0.022971575258811504,0.019223726963394493,-0.09254935532832127,-0.3588948223552359,-6.138098736604054e-05,12.082612066628702,11.72497134332814,7.856438774847581,5.93783580868898,7.836412373761317,7.483859543756125,4.980419301373521,4.613138670506994,5.0935867803600585,4.7742389378004155,4.644088898145969,3.4163161708279532,0.003228138125792496,seven,/content/speechcommands/seven/90b94017_nohash_0.wav,testing,5.0,Kitchen.wav
2008,-213.26081534436162,25.778983535083068,28.5214426235283,13.255260602604984,5.616796727068195,4.185546896278335,4.545302990450099,6.6871817579241055,16.25280724234733,6.036744863061493,2.2667864663695427,10.9597871351653,0.048780932298137084,80.25150106764056,32.854974615476735,30.939185711146084,10.433944619978227,11.842534065989653,10.563245569515356,9.701188362530104,4.202981111494046,10.080512543686355,6.166717317404481,5.505666836346023,4.968246856829356,0.017535990080889685,4.582488831466112,0.5864703958250256,-0.9357472166727289,0.0026618560999614425,-0.7316563151605016,0.6323423103088932,0.05134160969070735,-0.024916425227424047,-0.4514999746747875,-0.06906499627649906,-0.5284268413221935,-0.017317616377598728,-0.00028777363545754375,34.99136494874427,17.405758258728092,15.81545767171629,5.678496898434568,5.9990842282968915,7.771656229152073,5.642570503486716,3.4903512851425753,6.553735833140912,3.516306703112793,3.6131002076858345,4.729527157407338,0.009605085873088321,-2.2587628160180087,0.5491473335597394,0.7243890667655615,-0.10295890472607416,-0.07726873462186146,-0.41239208203972666,-0.04832244234861083,-0.39586036254259277,-0.16109564739376792,0.04903203738425821,0.8438498221318647,0.8685545766938857,0.00010842899791896343,27.619640766973575,16.798843359330867,13.758079731458583,5.790819827672848,5.409475328727449,9.418617988423085,6.292830806885587,4.067343235309138,6.496243912216364,4.44200182334134,4.568357917555171,5.367515051030649,0.007584792546966548,seven,/content/speechcommands/seven/5eb5fc74_nohash_0.wav,testing,5.0,Kitchen.wav
2009,-214.63793317234405,29.62142243548527,9.355306972549524,11.597933799468436,3.458701579689697,11.005953523710726,-4.150124168576889,3.964788121845466,12.1905719829219,3.013804988222086,3.3789206065012323,9.818500699149993,0.06029317621141672,83.02097349030764,43.99406613748806,31.156434081022855,15.274308643290347,15.107902973074637,13.188139490490645,23.255909810743862,18.416124819614872,7.9462293881317505,8.337443621563812,8.06532505201392,5.458786920788061,0.04028449451961409,0.38239256030469587,0.8402909635467241,0.19135988002170493,0.3420079017876003,0.3973327084029956,0.2338214409956272,0.006155163507673268,0.15495169214781251,-0.11661641758796831,-0.20007023314999756,-0.4311281716660983,-0.6020395717792961,-9.426859117323352e-05,32.54101512346783,20.047623240305803,17.742040134341682,9.384110520663045,9.328868761041152,9.584882837832753,9.268739604436227,7.524656810028884,6.237302802866128,4.718314110436393,5.761513636339371,4.075092835140126,0.013375374265875064,-1.317282276195774,-0.6296897026162108,0.1688502213955129,-0.08741994086119079,-0.006873772310270117,0.3016111259396318,0.6038021247987597,0.11365347423976623,-0.08257787423043689,0.3561692065417977,0.6142574107916656,0.16533837444831825,-0.0002941607808073362,31.664031341976877,16.029218806295745,17.255488448722847,10.928687426310772,10.643666134923974,10.210242875274929,9.102795718996637,8.504128485653629,7.651601986763068,5.57140843183923,6.0058264849047625,5.4980135340289085,0.009229106522795807,seven,/content/speechcommands/seven/cd85758f_nohash_3.wav,testing,5.0,Kitchen.wav
2010,-139.5048140658772,46.99010327528085,31.760835484424362,27.156053014088524,16.098895041977922,9.545842510978522,-2.3158657259525826,-0.8608024661510825,0.03981025926720938,5.161346303040471,0.7173568378527906,3.0870319944528553,0.19665596244158223,126.70854450676218,37.41538171153998,30.30185580883248,17.240347018683337,15.47633292683087,12.912873875683323,14.662438085470399,8.54674911933663,8.852059372404629,7.377330040729664,5.904956009555453,8.347228206745095,0.19137145277881443,-2.101276707817861,0.43704994614778253,2.002708232178853,-1.026017660664954,-1.061812150719456,0.16668445924131234,0.15352855104605123,-0.1164043391612803,-0.0880538619967773,0.028302678273060704,-0.2016722664340419,0.24478919900513135,-1.835955246802299e-05,36.511536094550735,14.694289891913462,16.56720963351493,10.132688552538296,7.754446902331874,9.570252753559833,8.084393180935766,6.224990691256512,6.599564877193951,3.5980852515207755,4.43795496115515,6.30026840100113,0.04665771293639131,-0.3433528285201182,-0.20305136591961565,0.15952221830241722,0.5051738114613635,0.28392489348901895,-0.10649753297325167,-0.044895951454660715,0.04432520633029326,0.16307432638624172,0.14673504247471947,0.17949913045271254,0.04002589246290326,-0.00010728072375059128,24.076056451038177,15.745132717053712,14.131831460328513,11.720566614695352,7.718205023646465,11.073429704629573,10.657875801132214,7.984352666872032,9.302528117714097,3.919025628074824,4.715248936691364,7.566224954424961,0.025173041388433126,seven,/content/speechcommands/seven/e1469561_nohash_1.wav,testing,5.0,Kitchen.wav
2011,-271.2843335105243,0.2783999698672526,34.582625348189694,16.613204686864513,11.49715574188762,0.7560951752608223,10.619902909855929,12.163436688250137,8.396235481197941,10.786762423622259,9.262206547162663,9.515729189397508,0.037264004931785166,54.37126346096328,35.41186765858558,19.76611039139243,11.199234185451715,13.56495659251301,18.868269892055327,9.976230058266294,7.750888812235552,8.07391994322195,4.524894818947588,5.429533256036117,5.404871926029414,0.01048156455782952,0.5565002515247487,1.418295669919647,1.2973874965377037,0.50770999118549,-0.47794062543248933,-1.147288553721301,-1.0890771743971344,-0.8456219629327595,-0.5985473608901913,-0.43540965950027716,-0.3651905680971997,-0.307583124622348,-0.00014578845472105087,38.97500787805145,23.092395159669696,14.39052684484706,10.785875227590502,8.126297698386825,9.6142059032927,7.7158574412055945,5.761353718718428,5.548926181315914,4.367044817104899,3.717634803573831,3.4263012803182664,0.0049019883071576426,-0.9651360021410237,-0.5432629066049128,0.19463605026062314,0.4978422046603318,0.6311364716986796,0.3807025456247819,0.08233230754296549,-0.10933956348629849,-0.3779529590141549,-0.24961874003284698,0.17636597085106356,0.024941167604448273,-7.136861483256022e-05,45.66948338300639,28.516006931045677,17.947022451989977,14.964901318369451,8.52682731157985,10.646559311653345,11.212398616062828,8.52796052575818,7.204468596018223,5.468234768518498,4.371090400565462,4.097058896243377,0.0038444590809477647,seven,/content/speechcommands/seven/1b4c9b89_nohash_4.wav,testing,5.0,Kitchen.wav
2012,-154.45118677288383,32.930192055310926,29.573553856630127,8.013528110672494,13.370411613542847,11.29198767285229,6.325307534361494,-2.3191195566653766,1.5015636800835073,7.225870657189027,6.218658022323632,2.659472474822185,0.06844358443049714,87.51674523005559,34.62318490760363,22.525572392363983,10.267944304511394,6.597617543104083,5.617791076784591,6.808685949634454,10.722892292530398,9.106209531480545,4.453104053967508,5.275979408889904,3.2781867309970703,0.02353969496036782,6.086670261373704,-0.7251645777818644,-1.1639304733377778,-0.8918603165997364,-0.28565904197410236,0.21868555386013333,-0.5285416879569186,-0.7855963090028341,0.02768415733670595,-0.12159100710823224,0.19884483578610795,-0.12464646274377808,0.00120736742692609,32.73063581254125,14.464745781545915,14.123008954301335,4.812304950688686,5.0633841285918715,4.462226967225553,4.702067681233744,5.456717842845192,5.204575495049161,2.5111103208535295,2.996937960169037,3.305111998137621,0.01064953379823669,-0.7268103429898607,0.3362572982976356,0.050038569918851535,0.02775048266200262,-0.07767187874810973,-0.01988484026740244,0.025001169379462278,0.1053092286083303,0.07059983911420045,-0.19981081923369656,0.028934407972796037,0.05895344891342588,-0.0001763346294562022,33.45110551832699,16.693283575457315,16.277261558423152,5.761557339177545,5.962182864689818,6.000998432857407,6.203446860097431,6.090341571235989,5.7347080263346335,3.415377613483251,3.746397168329174,5.375672021966518,0.010234024406848943,seven,/content/speechcommands/seven/f6af2457_nohash_0.wav,testing,5.0,Kitchen.wav
2013,-240.24764399451732,20.943198163437263,38.01067314323849,24.069838372949963,15.12452352936401,1.729396065756764,7.003039785687845,10.072879651965033,9.838034101803498,12.05743467340209,3.0368287397212126,5.09818774852107,0.08290216559544206,85.45794866610957,53.762616380844776,25.579421252252295,10.593700568657004,10.773199827296967,16.64491030491184,13.23550164142065,8.497332938237015,5.583821953048283,5.082435792764032,6.689459969723009,7.409237396006796,0.05456971727431349,0.29981178279069076,0.6201534195265347,0.06054558798018661,-0.31689320787145564,-0.019403020082493876,-0.16582624515605357,-0.40270693661114776,-0.42830493901730954,-0.24968568050884207,-0.200747262466792,-0.4213648231304733,-0.3037206620016793,-0.0008848210976969811,31.219662708768933,20.941894327845052,14.021918681072957,4.907151401641446,6.348155106323204,8.737499610123585,7.19525272652887,4.973659189411001,4.799732072804667,3.6925193183108127,4.529279840121105,3.9433566667423907,0.02077376650609348,-0.6037064616875568,0.40997608108523736,-0.028180280199795977,0.09042003030813195,0.03887231585868563,0.10755148992216804,-0.17637441138329693,-0.34735992433813484,-0.041781499077120574,-0.19164285221157334,-0.05168534316150322,-0.22684152785938066,-9.079153339068095e-05,32.02765941154734,21.409227934173447,14.200378928832324,5.695257183708679,7.3190689583802016,10.320953917601798,8.864370061459038,5.578110457027145,6.550815574082394,4.337946361876422,5.572905292947487,4.281600117860735,0.015683694414164385,seven,/content/speechcommands/seven/b83c1acf_nohash_3.wav,testing,5.0,Kitchen.wav
2014,-231.79539746150215,14.823624589885988,28.906321051210533,20.94420673546471,19.110605755865983,0.6074528854376773,0.39328907435824956,3.2662936360868353,2.690300498781191,2.8213370193514336,3.5118519369594106,5.79453151945833,0.07986785698449239,96.14711710370597,47.82400640204296,32.2164902006924,11.20144319128708,4.670095151022186,13.882378266791886,17.5169451408859,9.014246765967846,10.013460392045483,6.850469517040657,5.379578422339413,5.755970337747439,0.06616921564958018,0.6151462814338808,0.749033937165467,0.22223545213240065,-0.2217981342665166,-0.5502871582821387,-0.33228311470344457,-0.14174720398337157,0.030034351596314887,0.12841098535084866,0.17176786813763303,0.28123844199890835,0.02843013997297137,-0.00034337370626388056,32.72473013505513,20.11820827214869,12.910039298760555,6.3310951691607205,4.16290854591306,6.252198853495868,7.803968593893705,5.5847735549949125,4.695252140338368,4.392097185706367,4.549858374288442,4.606900024502203,0.023944250612327227,-0.24192441577277843,-0.167076371711447,-0.05193921584218278,-0.05166479627801065,-0.1119814313927072,0.10703538365216607,0.2523430978251318,0.24204185726655164,0.14256520905365094,0.18164580086742055,0.07176681047232153,-0.03616226706816888,2.3231655359268188e-05,24.200782306505058,20.179952444448308,12.889539768797446,8.718776069068754,5.529439508731949,6.405086291137311,7.9199938517465265,7.319417378379632,5.241748634073976,5.781283343282087,6.224811511928894,6.1477642391392715,0.016999428171140963,seven,/content/speechcommands/seven/563aa4e6_nohash_0.wav,testing,5.0,Kitchen.wav
2015,-265.4720260249282,9.619908747297428,31.505229496223343,16.84773926582425,13.892257133262454,8.16414225681432,6.275367611140254,3.637856230154354,7.820161297848052,12.881543603934492,7.369297152281207,8.276605728470821,0.03236829268280417,50.73886183870975,25.409850576587658,18.689004337025054,4.043727555049616,6.519017094635433,8.636765231765214,9.41113023132482,12.771796669702871,4.423737756376637,7.782723980945968,4.779908550911622,2.977503902679066,0.011792282071771654,-0.3532752884986159,0.19487237872960442,0.05412495422312771,0.2116107190286572,0.21342788773399046,0.10571213013084449,0.3140989054782816,0.17811953041688078,0.18223134209893807,0.17202412712946194,0.15081373438245232,0.32695313882594296,0.0013868858617159627,21.254868395778526,12.047646317665594,10.158258083075413,2.998520147484395,5.173975325746091,4.788572602733287,5.350178113623402,6.571636492257921,4.523138225529934,4.439514572124736,2.824413570308983,2.402168273067264,0.005847631968758688,-0.03303187416899884,-0.04704407098269092,-0.04273302649559589,-0.10924375969191687,0.06193648357114565,-0.11282127485816697,-0.035807616075132206,0.023219092209282206,0.041123128106763454,-0.2034054826035541,-0.0584320984982116,-0.022365506847982827,0.00017117317765951156,19.50158107719443,13.58869030345281,9.844156226916482,3.7875619808559926,6.597457889055201,5.431142722431111,7.2802657031732885,7.895858277191303,6.431671029848937,5.038902900501168,3.031701228988787,3.2045603776608242,0.004512267583997321,seven,/content/speechcommands/seven/2d82a556_nohash_0.wav,testing,5.0,Kitchen.wav
2016,-216.85407208744465,48.604442727145454,25.113006619979167,18.46133614112004,8.150198314622934,-7.649487604025012,-6.533439176882886,2.8634475010385017,8.380217947772742,2.9940253817180325,3.6136169133134377,4.631956753289408,0.08434626582311466,99.56850420647285,35.125169117112804,31.637506684908097,11.138655189305457,13.674997991650404,8.019672214873532,11.677064620511832,7.583947708621541,8.829150292669915,7.250537502424925,6.714438473447325,7.5959285472708995,0.07654418508293835,0.49852537629326876,0.7390408596693897,-0.44670890972605365,-0.15873542041313554,0.43267454072536204,-0.238335004279327,-0.09354403859061555,0.1048753605643313,0.019046382010254166,-0.3003960193777057,-0.3000302815911911,-0.00201654961508054,-0.000546329564625217,31.887207204222705,16.918651102098472,14.174526103665416,7.740061496148226,9.216902990276855,6.044735764623126,5.643445860385222,5.1424581716182844,5.681479901611703,3.7729992116842377,4.267339435402891,4.616972275226346,0.026694926086905418,-0.28546952026766426,0.16111959009249877,0.4811495387893436,0.2678835492320701,0.017797243029532724,-0.133522470681976,-0.08646200516830611,-0.10096257423612659,-0.06546292961684047,-0.0039662344600210455,-0.044125204992626905,-0.042013643184775636,-0.00013599283993244172,26.135371283184018,16.739080430803718,14.792016599039751,8.296626348206944,10.391391808222922,8.533361666231418,5.971793800134963,6.557236244760892,6.554807173069165,5.2854088687950345,4.408093672314671,5.3438684094941395,0.020573714216568076,seven,/content/speechcommands/seven/97f4c236_nohash_3.wav,testing,5.0,Kitchen.wav
2017,-267.7571421189822,-0.2904885507991014,37.88605551058275,31.89192916275926,18.87470497874269,14.486261007291468,7.107037975435744,7.399649715245803,7.395149651390529,10.002810135218766,8.975541328296899,5.630971187795803,0.04645702097332105,85.00744449385374,38.63749052477459,19.596659891543624,9.775552643827726,8.613544238617083,9.99631703681258,13.913917281831576,12.389270184598235,7.857754190759006,3.102559200837501,4.338693506972149,7.8665789077137775,0.018888412975183573,0.12626522697261253,-0.13092935786507626,0.06286919426265337,0.34618701836355126,0.29067525123026905,0.1800571182977488,0.1313811088725173,0.04735560621537088,-0.017697673884453976,-0.08393591496666138,-0.06969018658019048,0.059529145627611774,0.0002174575122133378,29.455153980530735,13.167535208860118,15.721535401038425,6.094944176288265,5.694817885724493,7.515600299008568,6.587833558689814,7.357229555074081,3.8490731685182964,2.89955609932741,4.634426570923319,4.571862351297806,0.009110253053584897,0.0330974331996534,0.14463933652796068,0.11205759720430682,0.030126084548948738,0.2302712138976492,0.22752138181993,-0.00311959510310178,-0.11167730468735228,0.03970526454174479,0.0905882503098687,0.1662181462253727,-0.15916668049740768,-0.00021438132971525193,22.56962182963975,10.479308232421534,15.864159488589669,7.669989384530273,7.5968923641591815,8.413350051737387,7.0739540746910805,8.801221902187924,4.37981313192236,4.213760961563237,6.387448267852259,5.584974274521113,0.007527755943052055,seven,/content/speechcommands/seven/37dca74f_nohash_2.wav,testing,5.0,Kitchen.wav
2018,-252.60603189842166,22.119393781850818,40.484856817930634,18.123244887321427,14.28425754361204,0.8182793913483113,5.433820593635517,9.171369929431492,13.196295765307841,10.714203589435751,2.5490250466233464,10.566605855076366,0.07424268865725026,88.0837091541883,56.71898979235498,23.409863173858536,17.95147937483829,10.729170638217466,18.98167994642645,17.073604422704214,10.63767980279047,4.981728579351209,7.614340927056742,5.29127028517741,3.696358838614329,0.05699957046258042,-0.2288655457749142,-0.080885560012704,0.18673760861865468,0.37573799462173374,0.23108983015424553,0.09050311073170991,-0.046213969182336175,-0.1074641658686781,-0.18896945289469075,-0.17024542524438982,0.028136347937058975,-0.13485754351585671,-9.150634850225141e-06,31.873322279513687,19.57279198995805,12.61958186229869,6.112797888915691,5.309502987666498,7.606780318388965,7.93341295114169,5.841998147561596,5.498359531807537,4.572991520714273,3.4659939120464136,2.7974126789040237,0.026108228126818223,-0.2941227454231826,0.11283268242388343,-0.042055876289108576,0.12254024644541299,-0.11861027453658342,-0.28634356566961594,-0.08369345742704012,-0.08565114135378143,0.19972021484668243,0.07540509209755465,0.13456877193525615,0.10451100808980589,8.641133705774942e-05,27.60529072072005,19.061831261954584,13.729692561195202,5.8429841342533635,7.020225822779434,8.901126028611136,10.190611235741926,7.779982188060856,7.6957979542254895,5.134159762388645,4.821736748392468,3.6195023096103744,0.020756181133987348,seven,/content/speechcommands/seven/b83c1acf_nohash_1.wav,testing,5.0,Kitchen.wav
2019,-295.892187938972,14.16685177231037,41.650889591675295,22.37871521984677,16.942700001937673,8.282286513999649,4.159959715903817,4.864744625986659,6.941771194195988,10.891800940645489,3.6726489738893786,6.740441465051557,0.02868524959194474,41.59269882371141,34.01770414079915,8.52767535715576,10.525375691208383,6.951268741515377,7.1373023467586405,11.7087539770999,9.779423570802503,3.583088312055607,5.834210398675414,4.0945110180764726,6.022547275308365,0.007189773533928605,-0.20485665662616545,-0.3655044432894221,-0.14454406135112433,0.14965309135271546,0.04438557914577753,0.16944230270445565,0.1365436205704157,0.11764405176169127,0.3100947513816205,-0.18549338746351374,-0.1894901748831398,-0.14693825430239912,-0.00020371266310253451,18.912023806248506,15.657756414816243,8.35321130233175,8.164122563599427,4.5186991412734745,4.334446906826422,4.7437485734484275,4.316682015922428,3.2725711813017218,3.987722578752619,2.791278842922275,3.733203742796102,0.003877470370938505,-0.00033247565611228916,0.10969934810425386,-0.20455472111065057,-0.14156958894728072,0.011329105894817015,-0.16441158738463585,-0.40460329122715366,-0.03060604165836498,0.013564900645282782,0.1864840953343504,0.17994827802940552,0.16218487357848152,-0.00037883653615911804,19.96210262224847,16.656858786336716,11.011388910913752,10.759577569741362,5.81328546831121,4.799993506560045,5.014439290041118,4.096646744101702,4.369602080800918,4.425473033711606,3.911744200880712,5.124933580982493,0.0030573815974108296,seven,/content/speechcommands/seven/863880b7_nohash_1.wav,testing,5.0,Kitchen.wav
2020,-213.89280944679626,11.311615167987506,17.497910757036607,25.133596329583316,7.359778309652272,2.558365955801439,0.6549492730736095,7.498219958576248,14.8176362095682,9.407232445550113,5.508506116746876,7.83056738524453,0.051892626855988055,72.00894377932929,20.315620723668196,28.52695192989329,7.353572424889097,10.584754949389145,12.364914233007845,10.184458865947693,7.614389779334956,8.035349545728874,4.263713000144556,6.811354735750578,4.637218303003969,0.03648440880395681,0.7131367965912542,-0.25408227705671155,0.1886517049255945,0.4538497490459989,0.394268593514225,0.1565499324775774,0.20533622979277927,0.1474043765531419,0.09469918195351419,0.04931558791426474,0.03019608378686991,0.12413545032121594,0.0004769782986371748,26.626535114359168,10.504821844168683,12.339540012854107,4.8991066944449955,6.632425824223257,6.190747280796766,6.855283697031777,5.645460465042968,4.513309530392681,3.403020941208908,2.8031808655081814,3.1966148248202186,0.012072915390676692,-0.47308468317645286,-0.2567600341845219,0.1004714473923092,0.1651758889721023,0.31751667536821215,0.1867420220254458,0.20903009550281465,0.14063801796417377,0.02145335105814237,0.1914629693876801,0.30942988021888573,0.14965329758522306,2.1121526757876077e-05,21.940837555620174,11.879000806123962,10.506334356260618,6.628095123931347,7.357223439015907,6.712031397565826,8.251580941819467,6.494406474249367,5.039975625865081,4.1766551583892255,2.87992877779667,4.4446879121224,0.008328680466515834,seven,/content/speechcommands/seven/dc75148d_nohash_0.wav,testing,5.0,Kitchen.wav
2021,-270.5424277733571,42.58771879673622,24.17861812627377,16.912588321714736,16.693332420035897,6.323339709365012,7.167338055383254,11.734800867117116,12.251845468262083,8.549146877664324,2.6140048923129013,9.554370606742737,0.0467018008348532,67.8560029679546,45.24081856110172,21.55070176279876,18.199055767754754,11.059722968185138,13.680815160408189,10.023328012785903,5.062908908647306,3.658174599478695,5.375127468091597,6.301258677201293,6.839828145784369,0.013294098904542823,0.8120857990904163,0.24940403640718442,-0.07344877181595467,0.07518789939960444,0.3186818051598251,0.5556785196936754,0.3468579630871357,0.017063129495182735,0.005878443475963643,-0.28266346153647615,-0.16192476248271392,-0.04832843824694513,2.66510873071609e-05,22.240524151345525,16.59332690099143,11.076131109890778,7.489649682601698,4.351620191578018,5.584914029686784,5.2643607890755595,4.258488335562749,3.3437305470042125,3.435244312554877,3.2897981937555203,4.224310108859255,0.005214942494124177,-0.4738728526830016,-0.519484763469029,-0.22577354103266173,0.380431349330447,0.18769470132812113,0.034792086563511286,-0.12109555910413192,-0.01763260053535888,-0.1016572992860807,0.10201713247548483,0.3189206119636877,0.248339301416663,4.852066437403361e-05,16.329362397920125,15.262836983753242,11.008275239502872,7.673595537489177,4.222740244399009,6.1624225383988405,6.593290610125734,6.0174517666231715,4.399509525133122,5.063566073604561,3.8585290568472765,4.653046028530523,0.003565821203949176,seven,/content/speechcommands/seven/1f653d27_nohash_0.wav,testing,5.0,Kitchen.wav
2022,-240.62288110926792,40.19481894268367,34.35596277124701,15.063042978963143,17.45539098982087,6.116883477481145,4.542584070843175,3.3317991916759184,5.770867898891197,12.11181441046925,6.386540323884435,7.653925664560057,0.05919704385451041,94.1405004157689,49.44328836438053,25.021202947234652,7.786143655085999,4.58251407084292,11.007211109544887,15.978500113257454,17.472270375785328,9.089197185709702,6.195811103249293,5.261334175830977,4.197786256433058,0.043539421971751445,-0.44594922112175955,-0.1308175014927583,0.057732569520923,-0.06526738871759633,0.09125689490761647,0.5958993643457046,0.32701071476496785,0.1425020741369684,0.11916860254930844,0.13740514032659662,0.14056788932271463,0.4600875304991422,0.000729596212265953,38.451627261230755,17.811607404168882,17.509699282410924,4.752733568180509,4.627507252100384,6.290200680364195,10.076935352208942,11.672021321206962,6.114380094345983,4.425714126739571,3.2502481660005755,2.6178958105280667,0.019777068905196857,-0.5542718100801362,-0.26930474197760124,0.15739041565025644,0.18451515801669055,0.13756131400863778,-0.03557625170822162,0.15522832997851566,0.2595217675261372,0.041653555416820844,0.08091692821831285,-0.06184491922345625,0.05149493879096211,-0.00013114167377352713,42.90793479887697,19.612980600463978,24.209705570145374,5.694417267969702,6.5977204181219475,7.826346304005931,13.54932461239385,15.226284947282604,9.12120169017812,5.516947481098517,4.538410762405648,3.3688202414448503,0.023681478587189823,seven,/content/speechcommands/seven/5c8af87a_nohash_3.wav,testing,5.0,Kitchen.wav
2023,-217.54762638844753,40.129560992513994,28.01271510062312,-0.20462050714871194,6.173473259415832,4.547657217582682,-9.809889072942628,1.212257625226973,13.329550752885542,17.14190328221915,11.406851816030283,5.6003832808508935,0.09523649743641727,85.82772869391881,52.17777149930693,25.796457562581367,17.357828977320544,11.437426948713187,15.763025204628065,19.001497208631672,11.536729352035529,11.687832756219718,13.845684908298027,13.794519328695124,10.210089178895814,0.08867613677586003,0.04884407228673565,0.18661231730383923,-0.373135879279977,-0.8449315001719049,-1.1390969278856617,-0.8777983248232891,-0.23763683971899321,0.010559829633392085,0.5267650466902615,0.5971008566052105,0.3884631207732486,0.23929987715088166,0.0008429954609563274,30.751998533667336,28.675703281045134,12.323350696557263,8.548278302385425,5.303032428810517,8.174878538565533,9.085609909307145,6.87954582757624,5.934002212085347,5.5496457001117445,7.066210170556391,5.306422300829794,0.02603730484410715,0.7041627242685422,0.7075872823634012,0.03901918899722047,-0.41996786761059846,-0.31348508685393384,-0.034903781943204495,-0.07606186297542163,0.09245569177723123,-0.1202917585023237,-0.39500321568129343,-0.2874404722598574,-0.10463089517314958,4.1973404586315154e-05,27.761084442603103,30.514867507746306,12.116904644013484,8.866070112061136,6.09449189645831,10.142089179487547,9.88135422772138,8.262725009806667,6.13351572144953,5.573137569922248,7.316882298636946,6.119018851689961,0.01851194978255283,seven,/content/speechcommands/seven/9a7c1f83_nohash_1.wav,testing,5.0,Kitchen.wav
2024,-244.75074431925043,11.04432913681132,45.58556487259925,18.37434029221724,13.736599684492074,1.0210303528468374,-0.8633326681443143,7.37374091119418,8.257862654910962,3.3056005504749315,-3.977185404423978,7.030012188446007,0.04709721449762583,68.1696958882454,36.11395686647077,26.855817474372973,16.147967258537378,14.077951685722923,12.933989569338717,13.290167367220803,8.00367676464538,9.408227680330262,8.10089939916981,7.253747918150636,5.42240120201671,0.013489379198325647,-0.1475171643297094,-0.08315528831514539,0.044582164969256155,0.16391277374145072,0.1907525276169815,-0.191305557357244,-0.2608213443529508,0.021996075492749685,-0.08290818315392007,-0.368426535154124,0.004277112865385554,-0.1829592913501647,-4.1887284286560554e-05,24.286299918278075,13.918301861035857,13.36699745365538,6.0019053952161325,6.707806199848052,6.479748560820589,5.906242357502524,4.909427903503176,5.820785752508127,5.526986339490792,4.8669755451046965,4.48023861441281,0.006393836423529795,-0.08335964985956631,0.06617323561484388,0.2828440505433164,0.20604916480229202,0.22822193306323182,0.07495550041279705,0.07721855943024375,0.16638986329683061,0.044605098691233455,0.1312891530056129,0.1288375827530101,0.14427867961633087,0.00013662067552407584,19.980047393658875,13.416302934114015,11.730133422746402,6.493506655774371,8.14221401824526,6.638987224157999,8.218253253450245,6.0388048095475,7.130469891028655,6.4403128966159935,6.524879988629508,5.873396448823221,0.005772459141799608,seven,/content/speechcommands/seven/b2e2773a_nohash_2.wav,testing,5.0,Kitchen.wav
2025,-237.0687544490431,0.0904585671645417,22.075619291433167,13.761079263130163,11.646930733901447,8.686431570500847,-1.631327005757705,5.876022269848619,5.94555370263841,10.573366132647914,10.96843008991577,8.717355318667519,0.03504588460782543,66.86804443735016,47.01732236601318,22.169747944722808,13.24938580645863,10.264172276607939,9.730291726910712,13.629066182707586,15.922556103334541,7.993870436803975,3.8246047042583577,7.466781867902042,6.312012682424079,0.017104233562887258,-0.12623781831366576,-0.30649976531685685,-0.10045573956842917,-0.06926626065463098,-0.09362395179071505,-0.03092436013083181,-0.007892388342133285,-0.006936358272569071,-0.09443912833257927,-0.01018629272718414,-0.18035808834643316,-0.0859119165374521,-0.0007988772084636073,23.294246340704984,17.918157960247893,10.907159760789057,7.102170312929648,5.657312687188799,4.711301186034421,5.8942329551236625,6.208639793859078,7.01558982078235,3.0194207504358572,4.206683266157604,4.160121549452425,0.008130893301859472,-0.13639585862619014,0.05457930152875517,0.07152062821111531,0.11642279342324097,0.21268947966542295,0.48806678600696374,0.05800974420596414,-0.187068219115661,0.025436312938542767,0.15161772358639616,-0.2031195892842725,-0.11724698119776346,-8.24178879459699e-05,19.888227122598856,16.237993970771505,10.252410580888094,7.475559411436306,6.746050264281241,5.0113429823648,6.180769360736102,7.241973273997092,8.027999962812798,3.830724065840943,4.5753395519865485,4.5955643497442304,0.005764585991699372,seven,/content/speechcommands/seven/c518d1b1_nohash_1.wav,testing,5.0,Kitchen.wav
2026,-102.01989516039686,51.36071615091127,12.19127950832275,10.832545250989533,3.2547372863075927,8.096273012134677,1.9310365604173159,0.40835698623148486,4.6385512222968535,3.0743692385490893,4.198564073224239,0.5075833373921286,0.09645037620794028,92.25511793059827,27.635823928033272,18.168722806325267,9.541989982393034,15.748889200731014,8.673272881152583,14.970964991041514,12.007004683492102,5.055594336206989,6.61731265959692,5.170586178803286,5.5700644045727445,0.06222733185027091,7.404971426437695,0.7651649270219063,-0.7892992743330749,-0.22609227530520823,-0.23971005032626044,-0.30907743704675955,0.09027558364335299,-0.3935413419893459,-0.43294434126635123,0.09717990279526197,-0.12640841793827823,-0.05991942274483287,0.001498562434027272,40.450494416962286,11.804833615093097,11.897840764192498,6.270698650693199,7.679657727129812,7.25628741694294,7.712111589292553,6.069143764947032,5.256924569548514,4.879707855966964,3.544765135305187,4.447886360661285,0.032322997155503436,-2.040148787332428,-0.6719562230723918,0.24895340818899053,0.11126893037305834,0.36363703772669775,0.24872184142158163,0.27872247173238135,0.11199931605106314,-0.21873103810628847,-0.311164512220199,-0.26699171470875177,-0.16523625418652105,-0.0009450395901997884,38.14581452492781,11.00082130706849,13.844821656839846,5.372387382793946,8.356041608880927,8.804390944080726,8.631226857800858,6.957198577684444,6.788734870762646,6.071969153157596,4.332747053177442,5.977077240259161,0.0339941770865693,seven,/content/speechcommands/seven/94de6a6a_nohash_4.wav,testing,5.0,Kitchen.wav
2027,-211.40956876172947,20.972969699534936,19.233651176757476,27.682837106245774,17.07441897115689,8.940299788128456,-0.6053350406689406,-1.0676521536858008,8.997145765989282,6.915946684701424,3.581942722315082,3.9819923705799543,0.05410701298387721,91.12305622336643,43.865870291624475,41.60330183331133,16.55656555366911,14.273447758247565,12.503011210196105,15.845102407090723,14.242172202644054,5.521838333708958,5.657827399077188,6.309899542151125,7.001012371237173,0.04301735339012101,-2.7092547469328667,-2.118778375026015,1.214749633958782,0.8322218820103806,0.630620461330181,0.30316096788887487,-0.1365820437985822,-0.01624688684867629,0.20075775977971297,0.3342263190892613,0.35366496691530896,0.22012575590933847,-0.00013538690343979867,32.951231432908386,23.289792464418547,16.936263068324745,10.23018379236346,7.432622680868878,7.50499641765361,8.417718808837476,6.647416109667062,5.546843789701629,4.312361387704625,4.076857442087988,4.382361853649307,0.015062409166152056,0.7671211066043431,0.6376685356662739,-0.19805558231069906,-0.051655460544716904,0.19100180544025078,-0.17891009108959235,-0.20255959690804745,-0.04227220583163031,-0.0036459733257096913,-0.07355137447732354,0.22057862937916492,0.02440713749749127,-0.00019165556877851487,29.16726768184503,23.74251664925325,13.40840859360053,11.400104530711458,8.283989881187075,8.38699967995127,10.444654587131009,8.701281381438804,6.910788505763037,5.347932826058096,4.393402353651165,5.652222584556775,0.010923124242193372,seven,/content/speechcommands/seven/cd85758f_nohash_2.wav,testing,5.0,Kitchen.wav
2028,-261.7880955136588,32.82822794014328,12.541148976142203,16.38104826055187,18.06300804605076,7.024892929895415,3.916908803291516,6.814686776490742,2.9077064144691285,6.337438420138582,5.2207663799809945,7.488482763137982,0.06989515339955688,103.78744246337246,52.56596958921113,29.93902668778053,10.395411316717924,4.155220416200908,13.74638414756777,19.971603234993143,11.649422601186535,9.73865029923739,5.953524766586825,5.424085923559656,6.41827879105428,0.06957691580047833,0.1299123459178914,0.11948667120613454,0.050731408765747506,-0.2545683019792574,-0.11612174952350435,-0.2348314976260117,-0.05024049700052274,-0.43831745784939213,-0.03467424417819997,0.01711658050674467,-0.11105760379787774,0.04025007299644668,6.073629183153952e-05,36.31596229774948,21.763568126792244,15.477457367277852,7.7729947830705886,3.615393084879535,7.014821958930803,8.662532390359965,5.150334844043093,4.783408663310249,3.714920309542364,4.209888799576479,4.462534752003381,0.024655547709848662,-0.234650876843394,0.06314269674424627,0.26133193099731794,0.1835974740797885,-0.20120629210407165,-0.2649960736503789,-0.12027814237323403,-0.09131689765008903,-0.07338422572086412,-0.18492721865167397,-0.17137671297646648,-0.2388674574448166,2.2753824790318807e-05,30.683640525919397,21.807831663784338,17.374512697550966,10.45000393881281,5.21876138944446,7.654645498050894,8.80187331344975,5.265248485278897,5.136660793891718,4.494203107381239,4.652640219881625,5.5586663659031705,0.017044391299877386,seven,/content/speechcommands/seven/563aa4e6_nohash_3.wav,testing,5.0,Kitchen.wav
2029,-281.9468354455763,40.06033513325647,24.035142332932537,14.530015287494138,11.760105381502791,0.9762513678832078,6.308594225180742,11.478306705543849,13.104426485606536,7.236753094533622,2.577692312102975,9.583471181842302,0.034560377534944564,64.33130259405476,39.5413886547377,20.82808833396046,14.298274800024682,10.623813363615197,15.094124938997314,10.586217256418223,6.810806115564583,5.365467991278454,6.281504227779058,8.452596451984626,4.589463442009634,0.011138852500275078,3.7770624038683516,2.3183185531835453,-0.6457125466151012,-0.8190355687024746,-0.1979499305133783,0.054939390751209294,0.11919448692397328,-0.05519906412188916,-0.5613171232123716,-0.2691594937016925,-0.35496865002930733,-0.26848782622982853,0.0005146738502287096,35.41767694172818,18.69109979738104,16.064792789234847,10.694665157012624,8.42696220644281,7.5538127456581,6.948094672254899,5.266267475781772,4.293739845911313,5.426409680112077,5.307893091777974,3.2952365060171354,0.005724799432883881,-0.8537150651799209,-0.04506611104627254,-0.0095699903373351,-0.1260262758486668,-0.16846130893697145,-0.10169012005345351,-0.1570590396062493,-0.16528238783983948,-0.02129362774811394,0.26100683650270223,0.21854951094259,-0.1730193922156551,0.00019136512031157812,40.6455957631177,20.25693604706995,19.80419465690128,13.830231132182083,10.511674451437566,8.842279590408097,8.678433932733546,6.893526844526554,5.860865894045865,6.927181433447187,6.9247273395487134,4.4460735200674115,0.005831083925783087,seven,/content/speechcommands/seven/d1a4fb3f_nohash_0.wav,testing,5.0,Kitchen.wav
2030,-252.36131848434866,27.461694403515523,29.81290534366187,18.480644284910362,15.051036686025563,-1.9329207399485806,2.70672243349045,14.41080227039489,8.297848886709353,11.708806427455963,3.1890828071847945,10.66597591621305,0.07429804501589388,94.74513070038135,49.47520769607434,28.780441856342193,12.355097339781187,11.150668154546691,18.025102908012087,12.833697718782735,6.457620221297592,6.97314381757113,6.947144343370421,5.747076798083579,5.845254372994286,0.06358160004370486,-0.24929417086532119,-0.26914460824356756,0.14558023294997582,0.5699922543779803,0.49281700815332236,0.3602063385746436,0.470098560328544,0.02779252267842022,-0.10847128614598438,-0.15350178563293734,-0.17796823821097854,-0.19859140651043955,-1.609049016429532e-05,35.759769581934584,22.43449755337537,16.311196467517718,5.664525440918956,6.59897822600708,10.368170623087218,5.658000609477976,5.766399600807809,4.625186022676094,3.8088932227131993,4.711040101765165,4.136963095910155,0.026812729787265083,-0.28734013081137466,0.1465703370604464,0.04147496830887683,0.24583656905524318,0.16701172095847572,0.1070279545473742,0.1775981231541196,-0.06764995416896179,0.09338184154450016,-0.04087341662847622,0.03805104759323393,-0.08131436475413117,-0.00013722566266854603,37.11862521714139,20.763230683801456,16.362174534774592,6.875203827791869,7.2881374413587805,13.260878441698205,7.121997924264781,6.870882101373531,4.8784430392441775,3.6888755130360806,6.878491499367886,5.4455136629395025,0.021927166528691637,seven,/content/speechcommands/seven/b83c1acf_nohash_4.wav,testing,5.0,Kitchen.wav
2031,-232.50344865262323,39.07596036131024,46.16510830398782,14.366829077235645,7.443047066757179,-5.0032393443260155,-3.0935427887164195,2.133498066138848,-0.34848783611092593,-8.423970606456928,-4.642200413913811,8.430477922432262,0.04000844876281917,54.23876909378281,33.945630169401916,14.253703247555862,8.545467744931804,3.6083176122764633,9.172997457828501,11.654396143280756,4.071178582395837,4.380411189526982,8.812119029589494,4.846118172773625,5.338421532294677,0.02593482870398431,-0.25392451074584926,-0.054647311262502364,-0.03819188669429132,-0.02301885323152096,-0.1317568814248986,0.012397974099342741,-0.40252242111652037,-0.28619048333715585,0.030139202897992667,0.0727890805925552,-0.15790235326211968,-0.007152937110737716,-0.00011397958282501466,20.35052823573409,13.171349316094897,9.880130726582914,5.292731175916,2.7815516900999406,3.8396471072789002,4.9987693571366645,3.585664887078583,4.2435633212188115,5.342878672605948,3.5771043670463185,3.8320994681793086,0.008786083449578186,-0.2764384953229656,-0.19099437198872843,0.014140881532717427,0.19518170789199332,0.1317160337818529,0.13058984506673205,0.1184794631330583,-0.031593986449405316,0.020570817483218665,-0.11271936889226349,-0.1825793142249471,-0.08069149136579137,3.1528373559316e-07,18.460019140728267,13.684057100906395,12.017618813855341,6.921646413854311,4.009175174629053,4.622785898353168,5.9453218778509145,4.889497203905418,5.685853410865171,6.559690577583921,5.322298006393142,4.920457190504709,0.007072892251007442,seven,/content/speechcommands/seven/7bae88ed_nohash_0.wav,testing,5.0,Kitchen.wav
2032,-170.59538068377157,37.04287968208118,7.187373883297809,10.566061611289001,8.11954757187165,-14.59954151483235,-2.7085099633545426,10.250031602882542,7.842093787943048,0.4168757060448718,-2.5540865751399697,4.8857885070362945,0.0911148291779682,100.08776430941312,42.283758543630775,29.983699575081715,13.308396787052184,13.483010075634864,21.146867063959434,12.902840547591389,6.131953110260549,7.081846598930203,10.14008758730798,6.714709835186073,6.262866606271762,0.052091022898746404,2.17384959117126,1.7253302452744816,-0.6375172445711639,-0.8650143621415916,-0.26314459211988,-0.40131671242165196,-0.25572772202373406,-0.17213955091217426,-0.24248922219486974,-0.3906411187190162,-0.3400938203030299,-0.18227126584357528,-0.0009104734466921898,41.58139398130539,20.3320170567286,16.41596846468743,6.991745465381631,9.265876729079766,9.146971968091986,5.517312770126236,6.172633895213414,4.473994307948321,6.017831584328265,5.581934957548418,4.496146817674114,0.019969821448986406,-1.0840852376705992,-0.4526989526460265,0.5503290224614955,0.18725547097908676,0.09725892921511428,0.3625579245357459,0.05487381560894728,0.0853374147527808,0.030431886567808774,0.07912824234872726,0.1351260269098784,0.20554143971558914,-3.641402969757716e-05,39.05968363006113,21.939688950041734,17.974334562027412,8.09235391794701,9.182755817488028,9.970853974887113,6.747259095980468,8.65907893072788,5.968106457847548,7.148382292472815,7.788989564237428,6.165596571698562,0.018586562571165706,seven,/content/speechcommands/seven/692a88e6_nohash_0.wav,testing,5.0,Kitchen.wav
2033,-159.5024266626694,48.824159733793444,14.184372701437425,-8.407463007812153,3.4813062873056912,-4.764846125251262,-4.690183665476171,-3.015891098515665,8.911884117266936,18.750662957348915,5.629744596599224,4.402305896523174,0.04801357811084017,42.54703989403593,20.203165458478875,8.71673063049006,8.765343680495006,7.053073317692654,6.807251564139628,5.717597783228509,9.685232145526118,4.110080084204145,4.018529984727431,5.103673794391068,8.561286959044333,0.01268200562578259,-4.668105382311763,-0.18991612476507874,0.21557189736364946,-0.4295995927016368,0.099543585324344,0.5494724439914533,-0.1811297392025583,0.04783567721606053,0.16260612294886417,0.19238966618053321,0.24689277353349398,-0.38063430474177196,1.5199905441653343e-05,14.050909088925955,11.285804208141938,5.9514043304009885,4.495532544907142,4.853394176531899,5.598522217211422,3.718824868057541,6.128808778271467,3.2508727894322025,3.025433644174458,3.5355308388305082,3.201293743523435,0.0069454697824728965,0.10533382698412694,-0.08376624043829431,0.03329857866590616,0.012620004441046133,0.24902105958954251,0.20482332527366853,0.053828552489065463,0.2851699695139144,0.03192332899378517,0.08006557699539893,0.1231603057707009,-0.0019286546815857322,0.00025925412774086,13.386849478140844,11.743101617281209,7.348211174784646,5.463898341387848,5.712390948153755,7.303035451108731,5.277496875726025,7.332897584705699,4.575898872116056,4.161603644583811,4.1832056906507695,3.806189629586491,0.005417143407123622,seven,/content/speechcommands/seven/5828dfa2_nohash_0.wav,testing,5.0,Kitchen.wav
2034,-230.7692086361596,2.116690145160797,26.896701529423133,23.365977503856946,25.07043672971963,-6.352845904873046,-1.2483206228785269,10.697153669469813,9.455232634989802,3.008022109797766,2.2543842474035034,10.221806494844543,0.06572724986472167,89.15556652990993,49.76492498193709,24.493923004412032,8.30383452285057,8.796142397774727,22.873164244971505,18.569120815054,5.621529508971167,7.043549801473923,9.651121386459037,6.225132330046649,4.9286370377379916,0.06059165204522098,-0.4778413407660576,0.16494302002049707,0.5074663065710836,0.07981243538250829,-0.019538859385390298,0.006362456330493049,-0.2933090857638035,-0.37362013758493307,-0.16911277807255334,-0.28428069780726917,-0.2648989263899453,-0.2419051149191987,-0.0004382952146472469,32.08105567685623,17.718957353323102,15.03833655759659,5.543493844767705,9.283004403570898,8.739253992158412,7.2210156302728565,3.624872769536105,4.795285184033754,5.077572640735166,6.316974163622779,4.269257425764444,0.023742594689776516,-0.10482686458491747,-0.015956587087975295,0.009947417106729734,0.05281230067639022,0.1740022132200706,-0.07943250564866436,0.11288223683749644,0.18097930979227636,0.17835844056499153,0.34477997637617536,-0.022837969954211865,-0.2385764604112069,-0.0001934381512304147,27.846522351758658,15.248818779115068,16.404600420715436,6.4563352629212405,11.812138694255466,8.123192278073816,8.408470487216508,4.2211290101247325,6.517840058437091,5.799659600501441,8.398247762940464,5.178722283984359,0.0179200616450084,seven,/content/speechcommands/seven/964e8cfd_nohash_4.wav,testing,5.0,Kitchen.wav
2035,-225.840527749268,34.67917258189187,51.56148900529985,10.601948375106826,5.169259236570854,-16.034193002988886,-7.352086365950809,5.914241331114194,16.71824266609366,13.356961480856159,1.5627775990600536,-1.130366990426883,0.09539346059318632,70.76763799257652,56.365486655720616,16.196124546359492,14.61901634245144,11.977287998549597,18.250534170010425,18.385044396018895,9.65293765012392,5.995974489358538,5.594130047054224,8.111056604632195,10.328693450373246,0.08470339654207214,-0.7450870287240443,-1.4145449864369206,-0.4800661719333324,0.5157112797905367,0.7919484943648573,0.8169565135324244,0.5914002930234155,0.25574553897667995,-0.3614174718537821,-0.4462435261660791,-0.2155832456041425,0.024730354606845657,0.00028558694306881195,27.010710806247424,23.818817156962723,12.628102165247318,7.213964748024572,7.24497086825079,7.062103718114651,7.12064706342062,5.686438212910483,3.6774642362422614,2.8650161986179445,3.977708448868033,5.630727133729162,0.03929278269871146,-0.5799642038338637,-0.056156847896168455,0.01267502512536988,0.09999905384545785,-0.020325081020372514,0.18899242696431803,0.27588175926024516,0.3210890622099633,0.022668200606643325,-0.05549765711285985,-0.019737371819316164,0.022686951952112188,-0.00019931911180416743,22.73004905069952,22.610959419684946,16.172934351849207,8.1577286451919,7.959617422817003,7.651840894117389,6.184913525701881,6.577535466288949,5.1502917981473875,4.013489911642457,4.505509724710076,5.546787403376645,0.04496677353801138,seven,/content/speechcommands/seven/5e3dde6b_nohash_1.wav,testing,5.0,Kitchen.wav
2036,-333.8526317812069,-5.381146237012345,33.87407417934813,29.902370536429743,21.55022655323821,11.70684192249237,15.803172613377939,13.486346871644114,10.98634339458284,10.020368124846353,4.784603665535879,9.870031364348343,0.025838041125098243,15.549582279515965,6.867253155631904,4.722960817886465,5.529108583696152,3.2336044375849577,9.028229733662753,3.9808434131760246,2.5463386714766028,4.70188589931486,3.1869981219010577,3.5700150443294514,3.5876474024944396,0.00905638125567883,0.06344168348385709,-0.1308968964473997,-0.1390405202825851,-0.030235100583975476,0.27413245571732,0.010443475545204499,-0.14041728292705472,-0.11846823492465838,-0.022138675786795115,-0.016589029237462544,0.031526640945904835,0.02652532785339087,-0.0009136118835979892,8.098186481290409,3.779724186980249,3.961133655033441,3.2179396527620017,2.838427016166269,5.000049826177981,3.1349863041430908,2.300124039401428,2.681140515298798,2.9718448811680096,2.6699945520484434,3.1376125509739112,0.002744402777679148,-0.20290619242972524,-0.12107356371090262,0.21112266058390386,0.06937872659429445,-0.0714202517065253,0.16459152625910647,0.21673646620147066,0.10340266743557217,-0.14803966610875213,-0.15795893443046272,-0.023887436671491936,0.1582002146086383,4.5628597338994346e-05,7.310958940394134,4.312982748079979,4.717935857848676,3.4744529706834455,3.3619641222715453,4.449955367362981,3.9199666008050373,3.2784197520430687,3.3474783200276113,3.8406929255052256,4.161308575656266,3.783088444928424,0.002588502246249247,eight,/content/speechcommands/eight/782c1305_nohash_0.wav,testing,5.0,Kitchen.wav
2037,-255.7283110331636,-5.879537537015171,47.43278487920473,41.61844970154509,13.125004828455555,1.6749713905394457,8.761067901868849,4.546291494092971,4.953133413779058,1.578771077109328,-2.019328319530731,9.59522665481746,0.06615611637244001,83.75462586868423,32.68783398894979,20.35367248305439,29.05514548230424,13.337566130797365,20.196905166498393,9.28543382669607,13.353316823192554,7.822546281588588,13.588192945106957,10.787416081113953,3.6478443374546923,0.06307040834935551,-0.3331357628902303,0.21754152338710175,0.264849698676822,-0.24559424411795364,-0.016359406234033622,0.449773925855598,0.272094545853573,-0.09567402315895451,-0.05880738994141453,-0.0810490612448743,0.17855838333774252,0.09476926419789936,8.916999063184184e-05,40.20016385189949,15.4387928958195,10.765234683318354,11.251365547550165,7.384582457711718,8.982079180141781,6.448486067170279,6.388033813113337,4.884454593060358,6.431406142902386,5.583959601906216,3.632051240364669,0.025763691597722096,-0.1262695586708958,0.30823002691902573,-0.0930939147403213,0.23836807885313374,0.027542672108287054,0.30414688992885697,-0.08883900910396499,0.11970591774658726,0.05338735449770964,0.05868929589099071,0.039086156562323046,-0.16738942558920178,0.00016588630775610607,37.22040751835405,17.625708984598813,9.491075649249282,9.72418846599385,6.903341357100713,8.804071678152978,7.368063396686536,7.138281244591552,6.55911552087793,7.828985433012515,6.291479526438806,5.030188752855669,0.0183956941036952,eight,/content/speechcommands/eight/b49caed3_nohash_2.wav,testing,5.0,Kitchen.wav
2038,-244.12567699453254,15.756396945668543,23.103647844927067,32.61068309645843,7.2667373104251975,-9.091060515002376,3.9094508381249,8.021607093732836,2.696722938205453,4.5240250345077495,1.6660185877789766,7.276743435784226,0.0782743141753599,77.73776977558683,27.524362788061424,12.390552403899449,19.12152271619376,21.10976113673292,20.497682986055793,12.545337276188242,13.380643543944705,12.658505055630881,5.949755426421168,5.451271261992581,11.025452464236217,0.06330889017660142,-1.1359882712248666,-0.4844513884294229,-0.0058787436752335874,-0.006016851852080029,0.7367383356349733,0.10340624117159293,-0.04505925969368145,0.5129116665659136,0.1870403149358763,-0.23232066936161735,-0.06795235923364522,-0.23726500998073508,-0.00016629239243845786,34.17150985462531,14.433559209599137,9.221011294117716,7.81181434997212,9.040497406040648,9.7114845816962,7.631082027634198,6.496236882323801,7.031698812007525,4.181297666878536,3.9940181649857895,5.4577095693613895,0.02255415380903947,-0.516185658569528,-0.2891160453965425,-0.06058772819041517,0.2554441368604251,0.2633262754110302,0.05912917795791189,-0.10065436893044381,-0.04617793596940238,-0.06955593205113413,0.16974324913469313,0.11051512762846552,0.21288174170976776,-0.00017929809788862864,32.040253579380234,16.39768742792935,11.124698902608271,7.286040711286816,7.658735251374938,10.163192493871557,10.367376074000354,8.127367138038673,8.015384730455802,5.408922821668962,5.188259859710507,6.230891800935901,0.01474294619383877,eight,/content/speechcommands/eight/692a88e6_nohash_1.wav,testing,5.0,Kitchen.wav
2039,-304.4823138922276,-13.099976266873597,53.253575333197716,34.93471328779714,23.241061144527258,8.526850823888235,10.913343698685873,6.4397869780531956,6.9672335609816205,6.03771294060828,1.545684133233896,9.359375380360717,0.044484484475106,37.190573136639514,25.632977986221185,9.730740238424763,15.969483206264975,5.310954774158947,12.153662570024846,10.636708779828414,10.307307293913453,7.878327644224996,8.285353987462445,8.06663887201263,4.1663105072287046,0.01318410167717742,-0.6906960117397126,-0.0956828081752582,0.2938484372246324,-0.01045229512878437,-0.1908419867270895,-0.15209672917524855,-0.2473860614663573,-0.06860774988369082,0.08811824600906165,-0.00630224310413405,-0.2556342300736215,-0.5626653552274249,-0.0017263006659284715,13.867697270972362,8.934770789008422,7.003751254832865,7.297040544023519,4.517293447755902,4.257707325174424,4.3347225266768525,5.335923800300783,4.909531233706035,5.194181794532714,5.011696669253819,3.2903356936913974,0.005952151726672915,-0.4060341235882163,0.05839215356437843,0.4047713292559363,0.4103816961681526,0.05581940287134337,-0.12217412665365963,0.04559722962299612,0.08431685615742796,0.25390464302161825,-0.09196873317256846,-0.08747890683428147,0.14308238687312558,-4.514406124750773e-05,9.550064767219268,9.034125033366857,9.737401086117542,6.634767099446045,5.4614484868803945,3.8668545900856657,5.336100233353687,6.699947038002987,6.42761342859025,6.9395098168608955,6.471608441032034,4.247662664986644,0.003881148375293123,eight,/content/speechcommands/eight/5c8af87a_nohash_4.wav,testing,5.0,Kitchen.wav
2040,-211.06482892971258,-3.476272184085736,30.390361528602533,29.939165489588664,15.35925883233644,-2.1324448692963043,6.4584301702681,6.371519875374878,0.8591952363484038,5.415750986627794,3.040253426914566,0.5539250868095623,0.06620052375365049,47.37633706308168,32.91810872386348,12.249054974050408,15.013987828700223,7.1633155389076,20.720892057027672,8.049998804568382,6.497546190304669,15.029465226623033,7.262639536465871,5.6961146824283775,9.160591842263308,0.0537227662239421,0.02499410353553069,0.19757002025554668,0.32629729908064753,0.27678618285548245,-0.017119651423678488,0.4072446878823014,0.054638847301509356,0.12417267655387175,-0.21474314717426887,-0.03305694805828251,0.20112441101192172,0.12993155799331646,0.0009151528919896771,19.536727458022384,14.961053767429876,9.376728302584107,6.024110769145131,5.19347389137972,9.38190491760913,4.82564091326612,3.76434591297625,5.96798649556182,5.252350547739905,4.340648214248333,3.7064701789514407,0.01971008975829706,-0.10963127116644386,0.11645330328944017,0.2018500394484017,0.41598407146904576,0.38238475404177474,0.09867529869775465,0.027472604462359693,0.13425624472512745,0.09311694978013994,0.09450525687275402,0.1233941977094719,-0.019010464907679717,3.219662855068843e-05,14.680135308362038,13.929481551394327,10.043565012338748,4.988762989735005,5.674534718303422,7.871284052524069,5.611494467021924,4.9218973331482925,5.810766415368212,6.806430375246799,5.179240288845106,4.302090184550496,0.0119340995545062,eight,/content/speechcommands/eight/aef8dcf5_nohash_0.wav,testing,5.0,Kitchen.wav
2041,-285.94378998602804,17.217331745647453,25.625586795167848,27.61450540348214,11.962383192236281,5.60336462842193,12.041169646691372,11.066961584197454,6.901635563006077,6.471153419555142,7.928198693506286,10.224160411485816,0.026053507608594373,50.73045015066795,5.9569486654881985,5.490798824053581,21.785683074976372,8.756891654883457,13.557003906504839,4.109394708108513,7.524650425220892,8.713521257431504,5.159264031166065,3.045413947658727,4.840665452372177,0.008971879637455715,-0.19126891361085632,-0.2018087362367602,0.2329435107438769,-0.23531997945873362,0.32164565117285565,0.1441897801031954,-0.2358263637489023,-0.1112107161255754,-0.2810816833406833,-0.05544532479823344,0.14109372606183326,0.3515478400994335,0.00013313154059071695,21.390359250785785,5.276418612893537,4.3800907950677335,9.616624885027154,4.833375634410738,6.379334989125106,3.5603053511751823,4.288759514773007,4.516853581617311,3.4040555494017903,2.8906282909463417,4.024462643401114,0.004802311226326152,-0.49202487812894635,-0.10151178574931344,-0.039306736276861425,-0.04851235540607028,0.01652508820388423,0.19588528928100016,0.3591291375997564,0.08211178604586375,-0.1843387305201784,-0.19854772026208925,0.07943822517438773,0.20654552510272411,-3.0831992626190184e-05,15.344773204909202,6.4464370298203635,5.560178708701537,7.74248330604834,5.1187339144778745,5.7845462241225025,4.820680390610756,3.989115778267418,4.587966036366935,4.896865279737137,3.9727312742031127,4.214795873541618,0.003591232113461829,eight,/content/speechcommands/eight/2d82a556_nohash_1.wav,testing,5.0,Kitchen.wav
2042,-256.3337774811367,-15.582864352638637,39.1204459800755,41.22968414383251,0.7533327597149388,3.462890992377015,0.8018499517906539,9.06150807335743,4.275944161530598,11.439333639496367,11.750899117609414,5.80777461971386,0.07713668403448537,108.46928609800442,10.757189336990821,23.211131519957434,23.79372681463631,30.639196544570304,19.288132207946663,23.65017462923209,9.434134694623788,11.75692547208962,8.433396844289419,11.519087260361214,8.053155695716645,0.06957774062687845,0.4529903025437534,0.010997102813167,0.014762785850101571,0.18519567494722183,0.2582056579743758,-0.10526444494688957,-0.045679548444085075,0.1615768225877465,0.23174532559449493,-0.09533160915217524,-0.32656752165052255,-0.15394219798324224,8.233047781452055e-05,38.42019430841014,7.75330542190366,12.53175381590378,11.477952072298624,13.287363499459097,9.527931555584553,9.119583377549658,5.134456751352032,5.078232098868673,5.828060905301112,8.047180916703423,4.443394050859951,0.02494375710957606,0.03756380348680774,0.22073813589975058,-0.18403588975031582,-0.14728112121915088,0.13110824666749987,0.10424302824318285,0.2988591772783381,0.20750682733407827,-0.000800574082899234,-0.11983805933087867,-0.0670102592503316,-0.1979320725076617,0.0001421019434928894,29.955218079173815,9.623142770615106,10.372049309434034,12.177550567326605,14.844893681072923,12.495938530592714,8.735517272229647,5.213377664212074,5.915654571018311,6.9474005429599215,10.80673727124059,4.8226443966886245,0.01626863337589854,eight,/content/speechcommands/eight/9a69672b_nohash_3.wav,testing,5.0,Kitchen.wav
2043,-259.7157200220596,2.1767684890208345,37.74220501587958,24.24238955354533,15.308711021664399,2.9404829555356757,9.49172418222554,3.067453234620011,5.236411888250075,1.0807279120897164,7.116099332182466,10.67435253371618,0.03557244979310781,57.57614447248184,24.186326347654674,15.15461524748628,26.189714376847913,7.32534262821161,15.222408277044927,7.406709250962206,11.369570063434772,10.372494203586298,7.889701377158028,6.416939630075383,7.67504584061044,0.009051986175323644,0.11410405513590428,0.11122983062640697,0.08872376850836135,-0.30608852106243695,-0.21369240632630535,-0.03866317127538248,0.35962491225589427,0.3495896431085606,0.29490176084150044,0.08217237130436196,0.07295403296627453,-0.11838473613586116,6.73852740756927e-05,29.066632241371323,13.109829731452454,9.52883952780122,10.397234229586894,4.655799046771443,8.548753266758949,5.597841595191265,5.998087181081406,5.878351631910768,4.77172426610732,3.7757464420312163,3.9873903256480374,0.004468790878424783,-3.105356668764107,-0.8042706182288463,0.12327545024857235,0.7194575532079732,-0.1875696017909347,0.19876349957034745,0.43523285909449644,0.6174945697915509,0.14134279757720916,0.39584942534280126,0.010642273097856118,-0.3489275353792977,-0.00025089383125305177,21.614828716276794,14.696272878461668,11.369659055950192,8.571648662593901,5.739017588846908,9.306917250772594,7.662798956151032,6.885371265140898,6.118610209922515,5.765738193967155,4.5407379958163245,4.2962386340486685,0.003966140719430381,eight,/content/speechcommands/eight/0ea0e2f4_nohash_0.wav,testing,5.0,Kitchen.wav
2044,-260.89027132059505,2.7725708987218094,34.93352823618149,39.33039361522493,14.532496664724013,-0.9934656465152357,8.309226625939607,3.344301961570091,1.8276311989935847,0.1887426419010958,0.59282418383919,6.788665729358236,0.04701604170259088,73.83431567670522,32.94962996146207,21.7123433412184,16.04449876598701,11.322783831454576,21.72042044459894,5.326731567504163,6.5438522749800905,10.322054454698447,8.87781067455573,4.447448429853385,7.211860063314455,0.026195298509106173,0.1970601170254275,-0.23381864054511267,-0.31506872345899994,-0.17293399471955123,-0.05515335751279957,-0.060416363206260044,0.0005027214679975188,-0.41201487877564297,-0.28292831958619674,0.01142736732480906,-0.0030903622778335254,-0.22286087595399523,-0.0005898309811469048,28.440931124129264,14.55887863797132,11.3772893030793,6.305305880108335,5.735173273221309,8.768794789606957,4.486420401217559,4.2262793549109166,4.82394428605217,5.292166905195717,3.499415609152167,4.733828276340553,0.009591002562879022,-3.3408282193991234,-2.195491882951027,0.5062079786860738,0.08358003915410599,0.7075284226107442,1.0124233077671603,0.4146601463261636,0.1121914922209474,0.4442335052504031,0.8246409229930322,0.057412282375608116,-0.5026936736259396,-0.0004223402589559555,17.499693156304467,9.524319894496891,9.169464961401863,5.400168164755026,5.4018394770327465,6.6311627183690645,5.614549690421144,4.9291538520104705,4.786638053004362,5.753651063253185,4.902538723584833,5.572378003157166,0.006931135760053172,eight,/content/speechcommands/eight/a1533da4_nohash_0.wav,testing,5.0,Kitchen.wav
2045,-272.70427001918443,-10.120830702672452,33.4378275852521,29.794360547828095,14.683640815892753,6.800048552075524,16.01863218830553,2.367346303736081,1.5066422474597256,6.947859555480184,1.3906043459502704,12.991925762296717,0.03781587301637046,61.62287552600403,21.061642772007175,18.998101494890015,16.435458846153526,12.261710586531809,15.794537345685512,6.587366149201498,16.882997179591683,12.828855231075325,4.434268126347947,7.172664906475388,6.817607388637965,0.02147733155928217,1.3793741409912061,1.2134702842995826,-0.06862240547073521,-0.2556913712384393,-0.311540336621576,-0.10711601371435216,0.1859463719983472,0.0672991356042744,-0.04980764948999183,-0.060229250913850375,-0.24684856985637565,-0.1698803247870313,-0.0003305797975870871,26.780910789510987,11.273901693289396,10.407654870340727,6.222284373571264,5.319474257478805,6.50052851777796,5.386421126478224,5.643637133163352,6.536562504449608,3.5187052731582775,4.755147977385015,4.894489605978258,0.009654490686926117,0.40386776538879116,0.5989914955378964,0.21928098290359727,-0.03493373772436943,0.003002339635335242,0.07771106483435884,0.036094357517773075,-0.0099147188713068,-0.1657990115933309,-0.1538664349378026,-0.255843037473313,0.019158323071154667,4.244595766067505e-06,21.788752426163597,11.345707647919362,10.02385666211815,4.5803404378589025,5.453510125562599,6.126733389780389,6.434812240328221,5.330870984450851,7.102839328501572,4.9038171962294115,6.9056415392288235,5.952268284306706,0.0068969760217158504,eight,/content/speechcommands/eight/2c6d3924_nohash_0.wav,testing,5.0,Kitchen.wav
2046,-293.81310931569794,-5.7440349252785605,45.266139741738456,26.530215985859087,9.589462729448622,0.541070012260334,12.262497750177726,6.18555606308402,3.9298002514305193,7.7989531343012075,5.901225880855749,9.386427752194358,0.03688099869759753,43.12346595005983,26.88214574863477,7.693690212293809,11.68607112725316,11.032570233740879,18.205480340134457,5.036026348263082,7.566045813762182,12.733166740034246,6.127282949399396,3.7097278918102794,4.475712171665292,0.01138537020724117,0.2824779125464884,0.23587431435386155,0.17097898661642413,0.07087854932798632,-0.026478421894695153,-0.02791247251903325,-0.06728090569777043,-0.12629175879936363,-0.3104292877814982,-0.3311458191295313,0.015935128166467815,0.07693776909267835,-0.0005687167567591514,19.124649339266075,11.96036631630614,7.520048198559453,6.386621766502687,7.132086186243083,8.605753391508284,4.451419656530417,4.425587967893725,5.274097479700385,3.6422177239960107,3.0106032263831457,2.8012786617747656,0.0053919908198658845,0.07724079503281019,0.17508900408648068,0.31756556089140225,0.4384660688761034,0.1842367498704093,0.10503842745648466,0.10577930476760505,0.0683370228670895,0.03113044760927653,0.2670768058239605,0.17502575828896522,-0.00871787797954878,-9.291544556617737e-05,14.94331607471377,11.664070248704506,10.18496183826133,5.6060438167545295,8.032117425061548,7.775634059024291,6.57464712900415,5.434890749591795,4.807467257734963,4.322417575472727,4.114128770404464,3.256918165963765,0.003895040740149106,eight,/content/speechcommands/eight/27c30960_nohash_0.wav,testing,5.0,Kitchen.wav
2047,-290.52037675303137,1.822261127964892,47.602141204900775,40.96613468128626,15.16794272612484,7.5061687775391395,8.816949117765192,2.413964500933038,7.62593363877539,6.5810642514574615,2.7405949260985465,7.408591821906097,0.03643865414684819,47.67673483334771,20.1955073059069,13.332276607668863,20.134456498029955,22.109983549569485,11.517086992117694,10.864779819864964,18.41583009648948,8.610379026381196,7.652671891633635,6.888789953135225,5.3374376756920245,0.014876957132243676,0.20208997607974954,0.056858847618380004,-0.11566675239291323,-0.09662456156624728,-0.0596217739513083,0.09693241296193662,-0.14695061079391739,-0.18812387899355715,-0.027519234080593393,-0.19316815638404042,-0.19595538128332174,0.08111875828811747,-0.00048138567556937537,21.614896733648887,10.832415679295645,7.68695643555,9.701476319505616,9.16045000223003,4.991814783423331,4.720264063165337,7.220211644179943,5.184032362894381,4.046340142333585,3.505580971099102,4.073621624025623,0.007509135392367452,-0.23931311427528576,0.2169437040108486,0.22786648478863616,0.14423261760117037,0.022575185948730165,-0.06409798851306563,0.359306474884464,0.15994134325746906,-0.1104069721282265,-0.15040642895031503,0.0914148969906573,0.11743579492205704,5.6063242513557964e-05,23.09585898201659,12.271292660947726,9.42547793982493,11.360315723146142,9.260195613253757,6.410648167615346,5.48775920711824,8.04208802528868,6.411267734194849,4.7289570138665855,4.039535151974391,5.295124942271325,0.005278174137225645,eight,/content/speechcommands/eight/1f653d27_nohash_1.wav,testing,5.0,Kitchen.wav
2048,-240.68444050137197,2.204233788743704,23.56794034679309,14.26804008156731,12.290578356531665,6.802653596785701,7.887255103524184,2.452304203890925,3.654881500414173,6.399331086681267,8.533516138275814,12.92447717029638,0.03673407362657599,39.5555133469646,22.361006968106842,8.091737079578301,10.845376223584193,7.324227118033416,3.8779844756909014,4.824871171689286,9.28857134128269,7.616020708377192,4.567812147518355,3.5783469126886405,4.592302822036132,0.010902468727519397,1.9926339719014459,1.3611817672087596,-0.30602891016149836,-0.48072420948894606,-0.3338595314162911,0.24616958089444282,0.3608103553573413,-0.2313355810495731,-0.39027544787407076,-0.1501018739674403,0.040725118908333136,0.3721655249550096,0.0006115309473487639,14.16159215192701,7.071704092568858,5.788124205420093,4.791757841071045,3.773428084119042,3.3632995460599884,3.5196741874165567,4.32074165475573,4.3874788215185685,3.0136391243941163,3.009633785235797,2.92450017301596,0.005710555780525878,-0.5553448362194947,-0.10861900051447838,0.44275199125456977,0.3018387099871503,-0.0949103415277715,-0.13819603983608036,-0.26751463450910745,0.17102117768813246,0.14724557769493718,0.18449784534062694,0.1821710487627929,-0.08504767597569103,-0.00015873185669382413,14.853406510385968,7.357635784259666,6.462660691998031,5.029265205176678,4.663334883803648,4.726174952414603,4.969393625806861,5.243038653992748,6.081799598329558,4.371092160983098,4.090666589335313,3.9695644243914305,0.0038881263803408157,eight,/content/speechcommands/eight/ffa76c4a_nohash_0.wav,testing,5.0,Kitchen.wav
2049,-212.8847058810407,25.35675361174309,23.491569629297263,11.536103551784912,14.208086949723263,8.226197028068366,12.852043098772747,11.41475282437715,9.874855786201733,10.799313091290127,8.383118440007191,9.15966904078005,0.06969347770791501,94.72407140108066,53.06612116602443,28.042868953498225,21.21380197815299,7.711660977563928,7.700378194582163,4.530203247170771,7.190523535850901,4.703545313812999,5.7643438893535315,4.239169470529883,4.6315209224299165,0.060135031862629584,-1.9544618213563225,1.2652720406778317,1.1852566754711713,0.1443207411765455,0.45778718751643216,-0.16677381861477789,-0.10011598538485665,-0.6089865951791354,-0.23267265880384722,-0.36763908905880094,0.17602112246333843,0.05669350831548286,0.00040278055014148834,40.36868194831513,20.964382749364283,12.920670219303469,9.186873984582897,3.261126813480367,5.151667618373432,3.7287907495008117,5.443350130565078,2.9294778870432285,3.6911030836894776,3.5240560819485194,3.6242527890789846,0.027708370593036366,-0.6489351995903597,-0.6616924444612944,0.12214188288772429,0.02071173089088331,0.1587863837974808,0.4069245538593293,0.16659263366168733,0.15901402011133173,-0.059667842099815675,0.013431198587289828,-0.07111543619834006,-0.2529531346606745,-0.0012958298126856487,35.25513255554921,20.35422691317874,13.334450046725236,12.686655638328023,4.734014864000089,6.41268914559371,4.731598697248337,7.63395366425258,3.597073388099467,4.461777081701082,4.517624683720439,5.371361403173914,0.027628086325631993,eight,/content/speechcommands/eight/096456f9_nohash_0.wav,testing,5.0,Kitchen.wav
2050,-225.40324848061016,22.920201058769656,22.096300694541647,37.14649726483192,-3.2221493735829094,0.5065674449627301,6.804006248093933,6.3608644618125,2.918547487854961,0.463815159146933,-0.2812070910171107,6.36003370327704,0.06931687099859118,92.95165741728529,19.748424014433247,23.96192318760972,30.180653769949668,23.625516013572636,15.59640523141106,12.012958913693046,17.734723402851817,18.83987050064257,10.770045452699483,9.073743846278381,11.504265422725052,0.05822671180611807,-3.837018643578936,-0.7462916847998389,0.9371625367141763,0.4555273168402061,0.7051715303106794,0.2534431105438469,0.6821512105744171,1.1967106849307159,1.1087164920902581,0.6864713666063408,-0.0835210562696508,0.03703074960013103,0.00031360593293943713,44.02942501258516,10.343870231593527,11.93571556579983,10.379137461816038,14.032361977892709,10.405799802276029,7.56503673434243,8.118237965507573,7.4945843596838735,5.147192491992664,5.281110364526832,5.380600989038101,0.020013479894968784,-0.9733798574972312,0.14987759456998334,0.06845844673929141,0.017444934436780576,-0.05571775435638434,0.1447321223812344,0.2810216144830528,0.13239876532823966,-0.18065485799869865,0.07567091582907153,0.2369495152845942,-0.03230733940484528,0.00010708998888731003,42.17915326867579,12.765990121937422,11.180638519521509,10.825036993884174,16.801882738436685,13.864166467519588,10.203990393178357,7.856429280025619,5.877490883108681,5.922583447633414,5.974289764067097,5.631211904982607,0.013120310925854264,eight,/content/speechcommands/eight/94de6a6a_nohash_0.wav,testing,5.0,Kitchen.wav
2051,-266.2471527801283,22.451604597098022,31.756599302863105,23.13849775940551,27.196476223058283,3.8250626762890207,-1.423663918137307,13.475123451013548,4.922373405438539,0.8052462258927124,-3.6028414958735397,13.072261115358783,0.043522046622017335,43.30992892125845,23.99005574528223,25.476009957624907,30.455904875892223,16.435478524646065,21.4422355062286,22.819428618537493,8.521234147411542,19.77490454806917,17.860675608828746,10.679130521751121,7.1067830979997755,0.024005908709345533,-2.121115691043929,-1.0160866074495438,1.8132389096351422,1.523491019116763,0.5943292007679067,-0.5939384751638723,-0.2540989742614082,-0.32894238093227374,-0.8023502444163148,0.5523869078250198,0.7247254888736748,0.2903568543541684,-6.1732716858387e-05,23.802255296545397,13.102012374646362,9.432132953074513,11.42099797470208,7.229061286923516,9.561998329475442,11.77722383925878,4.885963213090639,7.82498101167331,8.697132495456884,5.754393913554796,5.876770765220444,0.01103187266360975,-0.8642504936762089,0.022416337141468422,0.25431549552452587,0.4470435321040628,0.3747694845019484,0.3258135744112839,0.16828503738116296,-0.07004748881792129,0.01134901123683226,-0.0457035961822978,0.1956528894785919,-0.19001474506257837,0.00016889403815622682,22.340603548428145,12.8123618314881,10.654065198181529,9.53220396637814,8.231278195949379,8.276461131308128,11.64480483000536,6.324172831914506,8.282699308471079,7.925714787204339,6.237437247059425,6.990015216121606,0.008772923946783225,eight,/content/speechcommands/eight/83957201_nohash_1.wav,testing,5.0,Kitchen.wav
2052,-244.7750928194905,17.949613008909935,19.001243428708374,26.60674984107093,-3.9215840237220565,-1.300845493845733,9.297831056431004,6.974937553521688,1.9247703183066047,10.830183642744935,7.671441388215095,0.13777817747506999,0.05837636938667856,56.26040384705151,18.99512018024701,10.03230587839611,20.82519303047616,19.49359767957762,12.056930806426895,6.543928018636456,11.719088052886855,14.590397170898653,3.4419957108132606,6.188523612844271,11.443697959163362,0.0392961832985436,-0.14512755812081796,0.13106487521236343,-0.15103555013283748,-0.13100336256353753,0.4679828993419275,0.46818147371431657,0.07649907092669521,0.22487411386144696,0.12580207368561477,-0.15670563743907828,0.13486941613853914,0.23953694162382103,0.0017141083015068885,20.23048028739673,9.741633708977485,5.649783382637192,9.83464365737659,7.940841301660029,7.669969519085888,5.379228724150184,7.225272519645034,7.4432416526823975,2.9442044551009334,4.468132724862695,4.3038381538967405,0.011538533632369974,-0.18341532510013206,0.24504409506033215,0.2565033596211188,0.4271675469742307,0.41165182266201594,0.15122279249101467,0.4873159483007868,0.42208368082219005,0.35186776097903977,-0.04091719226014732,-0.030941376050766443,-0.21481945696618382,6.811351825793584e-06,18.365030679612996,9.760105289381482,6.819458429639098,10.212021403211626,7.33779438179626,9.096869711016197,7.136907181901915,8.749770357247732,8.218402968332795,4.0418661042737245,4.9173538076636465,4.2833954800635725,0.006033644247579792,eight,/content/speechcommands/eight/1b4c9b89_nohash_1.wav,testing,5.0,Kitchen.wav
2053,-276.2459138808098,-40.73777305235353,25.597405560143404,42.02929963183564,19.633632779677527,4.111582438940046,15.215060251898695,13.40154686062352,6.612517218369565,10.050106049379764,5.484636341848299,11.325591909392479,0.04474517167545855,56.19743963950289,13.1170090332722,20.30416066481437,24.287128272989925,8.329798473653065,15.584072587749596,6.546854718539654,9.77316803296047,10.48565550163559,4.858444493156104,7.561373971644906,5.560642401693712,0.026232684720990437,-0.0018014208949572944,0.26492815019479204,0.40402546236555886,-0.018806656037313706,-0.11879428274136211,0.3766808231774578,0.3369402702719324,-0.1657569426255199,0.05515826290822941,0.5279658091801064,0.12827630072205204,-0.008066348576578905,0.0004330213752485091,30.85110380422684,8.08368800783333,12.167188756960927,12.126624498287415,4.61654978532154,9.176959304870026,5.358203794118266,4.740434842841948,5.420924167190277,3.6596525872149988,4.578670123276338,3.579523217384516,0.011799822133396462,-0.1357992205928743,-0.017908599666205543,-0.2005442927589451,0.17081026609516847,0.37539663972755394,0.20296299039313975,0.11953752553895013,0.2401429728966883,0.006275275675335893,0.1496137211515464,0.18006170324824738,0.004522417053888362,-0.00023232847452163695,26.83224630212355,8.084879162129033,10.423221037320834,11.23614781695831,4.773951906237107,9.486594511828514,6.561841438925111,5.3066174175814815,5.445278569909415,4.089116683875894,4.989935506140265,3.826874467977695,0.010606332315911444,eight,/content/speechcommands/eight/24ad3ebe_nohash_0.wav,testing,5.0,Kitchen.wav
2054,-170.3989324244752,47.588542981527624,29.80927073143329,15.425404635065464,0.5604040917735783,-7.5471083626831135,1.8526846737155052,0.6298347289270168,0.07611210622627426,7.917749824162992,1.4116434538251392,-3.7809412921566525,0.0657856569159776,39.5943036573364,26.25166554828272,18.89929135801126,15.566030099896981,15.678211691347604,26.74975747772512,4.961612526733906,8.16402989467226,8.548573123268953,8.47319246847294,6.5448603643260235,7.9893424900519605,0.043595715729290024,0.12244519880329749,2.0043382100942124,-0.23693851277009445,0.7065877688455721,0.23697440882081583,-0.012198142499781519,0.31635183209564827,0.4497593434049836,-0.026931909344219712,0.39760356592111434,-0.04802121961156139,-0.20452952222784493,0.00017002633502406458,23.675346844856396,11.512077818282128,9.151160670366878,7.373401714942102,7.565761728002459,12.543569007898624,4.435278547882339,4.650325928790299,4.355047646798893,3.935881000518351,4.821782088728913,4.540333451847062,0.01848253445512556,0.05397572897977435,-0.0522787705173658,-0.21772584549781157,-0.11729455973641428,-0.1415109391259496,-0.16931204074989645,0.06227728159521246,0.12395900706194689,0.03977433093339187,-0.022597804152944552,-0.08414498261543599,-0.08602465822530657,1.1245782176653545e-05,22.660851216046897,12.75628891184048,11.077964497519442,7.4967696190939845,7.931823956837428,12.222501818919927,5.894278635187365,5.162798808226581,5.2674631826065115,4.280109524095039,6.022035545524162,4.9745061355355675,0.013949685568553492,eight,/content/speechcommands/eight/4620dc14_nohash_0.wav,testing,5.0,Kitchen.wav
2055,-221.19350311135437,39.17035292120043,36.92182115854338,15.199192886797887,6.344445454423084,0.03338384695741592,18.13441983120916,15.316223086742326,9.553216326128492,7.301997570024101,-1.5123140697790354,-2.3911311772076096,0.05134000431280583,45.18878990621683,10.929249108828632,16.89343266984438,24.40212548115697,5.6509442638799765,15.118570103522988,7.358811826036727,5.325211907296939,6.652133994831723,9.068250670459266,5.1510424806721105,6.808259426961962,0.018895616391305166,0.0848937220854863,-0.19497939533027417,-0.7687619752238566,0.3434512847173582,0.5373147838960618,0.029901224798062107,-0.5953761021382793,-0.5283419828240561,0.24309583204967727,0.33229652436354745,-0.09202279361087419,-0.6396910255715793,-0.0006644690950070658,24.69756627052167,6.3070465800315745,9.939498797340473,11.672943834184725,3.9535205512327454,7.652244573028843,5.201219067175202,3.887593828814358,3.3589288536384143,4.721198943700813,3.305249590338174,3.584185950634624,0.011773286153975476,-0.18993389253355605,0.4271932542356429,0.06563468981212495,-0.3428410426767083,-0.17330352679606567,-0.002749766742426344,0.0481156421589913,0.1283789519079478,0.25724743839917796,-0.27743139844051856,0.20902927289167797,0.1080215217061164,-0.00012525878846645356,23.941956915551334,7.2636255082883086,9.40692092324144,11.620436104650924,5.2210764805975645,6.968871095811504,6.246875117544808,5.310048226572549,3.3371395155435652,5.206187917522945,3.910015945569081,4.536257826586195,0.010808098044561464,eight,/content/speechcommands/eight/adebe223_nohash_0.wav,testing,5.0,Kitchen.wav
2056,-242.25447147783717,-8.504750597621856,35.44851594658846,24.95208609171913,2.725764858363081,6.521505380151238,-0.028643308312605864,15.504504589766196,9.987629377431942,8.07909104006141,9.856093962507341,4.940325759480792,0.060751557030016556,93.24995756984504,23.965334801685238,25.772865129222527,16.76039921806981,22.735596843662382,20.14030407021255,24.506762746836813,8.976812294188006,11.37601634666354,7.663160638107121,9.211903506034348,7.792282577431106,0.057709891591277505,2.9456007936009927,2.1008695166249267,0.2731160034500676,-0.1927719582736479,-0.2627239497430557,0.3107430584483288,0.12832386875499335,0.319473661790516,0.09096035520337127,-0.6064368268685539,-0.577312760912357,-0.3885048367515905,0.0011994339105102323,44.48818645426972,17.70837484675994,13.7027523107706,8.53596030410671,10.179204559300816,12.299954855471308,12.771105901677894,5.922758356989504,7.513402458929795,4.725030137410296,5.003971707435336,5.478648011891141,0.02419400117721066,-0.4812098715116856,0.07421878150711574,0.23085260330090815,0.2230331904500838,0.10173024472942246,-0.2505601413628685,-0.16489901060120496,-0.038560483905693194,0.308695889972496,-0.0867066635218446,-0.1028637976478807,-0.21313859670480248,-0.0003253285152216752,44.996945750235334,24.244395007267375,14.509970919053268,9.2028244993306,10.840009300370824,17.19443741167088,16.602048541584242,7.260601968883826,8.16348369797171,6.368731819405247,6.618730649230745,6.2150846540960085,0.020692208763695343,eight,/content/speechcommands/eight/9a69672b_nohash_2.wav,testing,5.0,Kitchen.wav
2057,-226.93786364210868,5.426602255592998,32.89670702051525,35.161804740738035,12.96798871303394,2.8685521828081617,1.5782600073471045,9.773156050035826,3.8407080905007214,8.530268573919074,2.848947770844869,2.8576288694018106,0.06272644159616902,109.21034952800076,31.228551942940214,21.63403468138941,18.216803909622183,14.296622596706737,16.238212138581556,20.068412949159665,5.622012021695157,17.077211587350174,6.278938001721149,4.477784633566157,10.894028524815894,0.04986620373361482,-0.44686369245300833,-0.380359614976192,-0.3631373940635831,-0.15140893901252409,-0.061104981677948034,-0.27042646602534176,-0.21713760231288745,-0.345806103985677,-0.28102453173115705,0.1788815588718902,0.14399041168864746,0.0002884232980861042,-0.0004678896718448208,44.49672342788345,19.057519469118308,10.426192987103393,9.967097628124574,8.096048023602746,7.741386431995156,8.703548458212037,4.542570530783657,6.3981449387086,4.186910740073232,3.727938519224109,6.557523230253135,0.02013111472267356,-2.1708556280310387,-1.6501048183745792,0.0004457033024600321,0.4345502060754233,0.4131708550532747,0.7279009286768954,0.7333597242410678,0.38156026135256105,0.17490096655129553,-0.4059829102808872,-0.26210307131923427,0.0772917383210985,-0.00027424997339646023,33.09399061067492,21.205221587514494,8.99737487504086,12.14689839353094,9.638703667783625,7.987294145639335,5.211178971210435,4.852252668515089,4.859423273809664,4.252082627841231,4.691875909092446,7.087611194068069,0.011916765051481287,eight,/content/speechcommands/eight/d5ca80c6_nohash_0.wav,testing,5.0,Kitchen.wav
2058,-265.6475025656577,-4.6515841376285945,32.744722300829594,26.9528067986546,18.812291341585684,3.8281052614379893,3.6846441777749543,5.641920303587721,8.20951712750442,5.775160780980797,3.3609993582195052,7.277742382709158,0.03522265504579991,63.21731872401416,32.64812308306487,15.768216576055908,12.19010042119639,12.442651965704082,16.67333184294771,16.450266316407895,8.802064945287944,7.600386098025501,10.658902274182898,8.878411871381065,4.722718049369721,0.010516406633010593,2.717786560259304,1.0829259404306513,-0.858311563547786,-0.5430628383161893,-0.5710823365244443,-0.7129245729512088,-0.8717391939152683,-0.23969596075812735,0.15174389815357225,0.42796922867626597,0.02296037279096429,-0.365579174742249,-0.00045531735785545843,26.85671653003588,14.544600369085913,8.10667848943707,7.338305678184409,7.360615381423589,6.815840501441199,7.040933369009167,4.622098074869691,4.270769241490779,5.288701287770587,4.367915353550923,3.0708714696613666,0.005492775505433736,-0.936814022208795,0.11534718683148473,0.47009357742406765,0.16959942303010422,0.45706949951492476,-0.05702526494598571,-0.05325019555945927,-0.29399046517625604,-0.09981183771464756,0.02238417597867972,-0.2112781302614534,0.20574883045409925,0.00015221803138653437,25.877133397776394,14.02523610839067,8.723165120007693,8.42620534493459,7.504681499472719,7.3804051871684075,7.890657438704129,5.429503791218406,5.532998335417813,6.485778372737472,4.745551989607386,4.015214059233478,0.005543386359096339,eight,/content/speechcommands/eight/a4e8a997_nohash_0.wav,testing,5.0,Kitchen.wav
2059,-301.5392051047289,-1.041727680383497,39.352517882959376,44.607406074183444,5.417347635774821,7.5407124030413915,13.214194409280871,3.8970975806154806,4.019986867565764,5.8102011370441975,0.49795040276208863,5.925053970782772,0.03703007742296904,44.757210544481325,16.28274121359092,5.977284095594389,20.148148986151085,22.875428458865194,12.638022692847487,6.40382408371618,16.609599792644335,9.630263137814866,5.384654528378587,7.2293422866035515,6.433347959069282,0.0119812733128823,-0.02552429527682329,-0.14612202601814298,-0.08241414871917362,0.021519245474921962,0.06295882742045887,0.0948415072764351,0.052231030904839694,-0.224907681648347,-0.49180083470203356,-0.06850910722033586,-0.07183996537438031,-0.5009104687649529,-0.0006709414864740064,17.43475182553329,9.37436798727609,4.79619013418414,6.952562490081965,9.140283501974297,6.236113565099539,4.737154145707976,7.507280010602292,4.08065408657034,3.838754155449459,3.75748193373695,2.7018132426693686,0.005675274038786805,-0.46751775462027845,-0.0038946635260281564,0.09686165277561022,0.02235347163013195,-0.037204441456087346,0.10429351356929946,0.2809762952343763,-0.05019678431729494,0.09802023386118032,0.2501874467159327,0.27355501659216314,-0.09836189658086344,-3.537883361180623e-05,13.826006810978129,10.242672686540956,6.617052604957426,5.853568256124938,8.187662991182075,7.4265262633438995,6.153780397579571,8.140485081402291,5.023046926505466,3.9625482425946563,5.048978720271048,2.8535780957138845,0.0042246898509649515,eight,/content/speechcommands/eight/ea356919_nohash_0.wav,testing,5.0,Kitchen.wav
2060,-322.28397544610175,-14.68934039876424,46.59059325822979,30.43442618068419,20.941195654732518,12.678875053671769,14.350947823518664,11.016527392422464,8.936725678708557,10.519538912046556,6.752590966433305,9.530722155200962,0.03473619982833043,11.314185354131912,11.08935324960654,6.2593390091377,5.844549557359349,3.873534399444788,5.3795357718496,4.990384304068048,4.485497537468833,4.065713905378334,4.587665671573468,4.171405579364135,4.014299694715175,0.005823213798674154,-0.2228272092720893,0.2220364402108915,0.28730469354269533,0.043400067107358054,-0.2449959544653933,-0.36835234714786813,-0.3228279951871703,-0.18722753503741427,0.15258277296688216,-0.03704926845391895,-0.23071338001858877,-0.30011044818060717,-0.00015729882063404205,7.7254925566938475,6.222210896866516,3.939827860815673,4.239408908974149,3.233589280482584,3.919126413779384,3.9577669770016763,3.4134271884216134,2.0217285702523906,3.1326254649012086,3.444324252047003,2.970023145628552,0.0032945509917559858,-0.203372596886436,0.0287720410615246,0.01810448741744158,0.20087347169641573,0.1879530568025558,0.2220092045906616,0.2698080868569955,0.11605676281555392,-0.03671132438918156,0.23885591949582355,-0.04040298606900331,-0.061014858636961475,-0.00012269535412391027,7.134918083782251,7.10357146818174,4.500389404105441,4.780891810945696,4.09581878034543,4.344490359430452,5.096028938389111,4.768540496385139,2.961891061243545,3.831045751081918,4.493773978245769,3.8882361461521024,0.002639487540853637,eight,/content/speechcommands/eight/4c4d2526_nohash_0.wav,testing,5.0,Kitchen.wav
2061,-256.3679356995531,24.60816048432245,52.32454337212827,25.63867896487918,16.221886689954843,7.4184216872347415,13.820419367588588,7.983031436151722,1.3257180144235283,1.5641648069664287,2.3119036504905095,5.621438835894973,0.033628871373366565,33.93125592635498,13.98123983637146,9.018767776196134,12.578211937371439,5.337586055853767,15.262667204672818,7.684014160277832,6.028146742933496,10.203176228179577,8.05937456547824,3.8708760045163593,6.299468947411832,0.012587358659085193,0.5015300355627691,-0.07449666454379715,0.017391915703909366,-0.5773537287773979,-0.18486642598956493,-0.13398105623707263,0.049595923153804636,0.046581603076031944,0.09435021295200227,0.16283349308573195,0.08315954101428573,0.2309421194994015,-0.0006020304656797839,14.569487845179246,5.8592475886989765,5.825162572318907,6.061098512943616,4.055256185132541,7.175099226597725,4.731940820505087,3.384249041235058,4.288904749195065,4.734562866401806,3.4990696833067747,4.4449833318863465,0.006164995972242075,-0.5291387516801592,-0.17993172508098668,0.01623172651812747,0.07279545552098478,-0.04151993435227178,-0.11945749036078919,-0.2967686669167899,-0.06885319060656665,-0.05483439913202778,-0.06720224397363227,-0.2506570563919984,-0.13963499193882772,-9.818257143100103e-05,13.947635982047117,6.278695294826074,6.9270277157251865,6.512365485859611,4.9141145493904,6.844521925828166,5.882752074010134,4.328220169951853,4.545896587281257,6.021971968361208,5.00429893088991,5.2907027281320795,0.005033125543001067,eight,/content/speechcommands/eight/f6af2457_nohash_1.wav,testing,5.0,Kitchen.wav
2062,-189.65703687670825,10.974629478315777,25.790650777152827,9.310971870617676,5.6800781550370685,1.365111916881657,5.015653936194246,6.503483083424362,6.5158375886524045,5.246381040978792,-0.32763137550278504,5.477366737812849,0.04144727772679822,16.79390456323977,12.015763605278513,6.658531477680529,10.083775073388573,3.211581917311996,7.053105605802378,6.491490261669933,7.12699096112899,6.616521450420518,7.893419697176384,4.078491171235636,2.581077301697286,0.012763881725156224,-0.0075891092232132406,-0.06823196318716708,0.20561917333572716,-0.04039563866277967,0.26895775721151527,0.09178896434111862,0.05760186401501523,-0.1843460817907798,-0.4135641092365444,-0.17869304658606308,0.07972667808460562,-0.0928360274164758,3.7324149161577225e-05,7.556392693021485,5.611448434692988,3.91060816541492,4.930500525581976,2.784540951020425,4.300727368799166,4.432799795871922,4.7865199627716715,3.9061808892850727,4.13797717134183,2.9583554687188887,2.397427768405752,0.006759058538043128,-0.4295640319294097,-0.11306917540482218,0.055671914971365026,0.036752293886241724,-0.10396575174601648,0.17483805299994473,-0.1618634008306245,0.10760044467257192,-0.04651148025882442,0.046947950179409455,0.16429411346703038,0.009188413906775396,-0.00016986392438411713,6.145880448508569,6.052094172626369,4.524413590153774,5.268639292291581,3.762789316851363,4.880267695954087,4.6837412438180275,5.54196710436888,4.877052436306629,5.142355681647632,3.3968185458677453,3.3437468262269348,0.005407109210264475,eight,/content/speechcommands/eight/b737ee80_nohash_0.wav,testing,5.0,Kitchen.wav
2063,-187.89592438898768,47.296833679610586,4.504049490042551,32.18710676580758,20.05470601559221,0.3241253979797616,-3.2408721616332015,5.042751180776192,7.446444668779899,1.121411502368517,4.943204713620048,8.562125801697682,0.1528281153878197,106.07301228765408,46.08546597559844,24.038481017245605,16.91812597685569,14.049222155583218,10.273145077455078,9.439452513713617,14.79792832500319,16.730890159731814,10.340838045795953,6.162347282397432,11.569294404328843,0.17500355178665927,0.1929422255755282,0.767226297167677,0.36305178434688107,-0.7547808729384811,-0.8691768055175682,0.08600237058424456,0.2578199208500413,-0.18547189033649403,-0.295283517521558,0.22311619177475747,0.3577852712464756,0.10378155599054045,-0.0005926978323728808,65.75907822799621,29.017595047190397,20.071223877315173,13.835475865252967,9.117317859342666,9.66071800859572,8.791670807176342,8.695332827850669,8.896087543677416,7.1353935283816945,5.266130777842701,6.331290400561036,0.06080576415360413,-2.807372777306017,0.8634050142676275,0.959961983361653,-0.8891553878735842,0.019950289432290446,-0.7164476894982559,0.009146976436369858,0.344801789162845,-0.5550119246437801,0.38241232537542785,0.16427560627071294,0.011107881753819153,-0.000164150632917881,69.59262423406658,35.940393658766155,22.80048276971737,18.137106485252342,10.339456012934976,12.379011603077858,12.140725783707458,9.519265443251836,12.060972465203434,9.053492644515135,6.428764463953969,7.3852634435024305,0.04201985775425007,eight,/content/speechcommands/eight/964e8cfd_nohash_3.wav,testing,5.0,Kitchen.wav
2064,-246.41805053729468,22.05886819944495,45.382335191571,29.300170234500957,4.367509150830655,13.279128756926912,10.703371429910273,-1.4810227970052354,4.526955350947467,3.4693785454628134,4.752027582539722,7.05611579902442,0.049384575919248164,60.66303587138567,30.845210071076327,12.23064739465525,23.05120499928364,25.445851197988972,8.224568363449281,6.643513706937387,18.161384009731776,6.639439900962411,9.148111602123148,4.25512715989482,5.351058156014127,0.01775394215021131,-5.197300472140361,-0.905206781001129,0.7947031330511862,-1.0721356680745282,2.5925008911319134,0.7148234944360675,0.4887238551406783,1.9142959418547523,0.616231605861988,0.9562148378199126,-0.04384965832568515,-0.11263975923387325,-0.0013575192180372054,26.433744742992562,18.095248358607833,8.099878776248726,9.404663966898173,7.721059135584558,4.891964955854874,3.6400073718068815,4.56820302914027,3.864956109837631,3.665346758558755,3.655309996891055,3.662191918285968,0.00840728008759748,-0.6448535663979376,0.026762608333194868,0.24239934032878854,-0.27769794445454254,0.10597119327355585,0.07644309011475064,0.009460824282447893,0.016521355524516827,-0.07053516156968005,-0.17077785144064225,-0.0755740342568613,-0.071760290917914,3.668305774529775e-05,26.338051477846726,17.2493102152744,9.073937066543632,8.53247782303258,8.047773831209335,5.9927690344722455,3.808274952532779,4.641982741354034,4.967096204129319,3.9821035497399344,4.658568147764308,4.3468782515152515,0.0065773832443785365,eight,/content/speechcommands/eight/af130f12_nohash_0.wav,testing,5.0,Kitchen.wav
2065,-254.57150708573153,-6.5857573956031,37.12917143140548,33.537373158068846,4.29330827785826,-5.286030000452431,9.929727419610055,6.858031514895451,5.610614716521022,7.637029104422247,3.9378162679681346,8.336367758304682,0.06499671988422051,74.43161230658167,27.41663437526082,14.24737703632623,21.757794860751556,21.6349844106872,21.091645018965792,7.911394707099509,14.766025618744854,13.53128042484992,8.720039079679038,7.430878824193602,8.82527367454998,0.05313354697907295,-0.2601830712334666,0.22669113819523912,0.24806674735105957,-0.1845467230194443,-0.08096265184387476,0.32151016879303457,0.23441033478381415,0.10703718276390935,0.2243217071439916,0.056931740902929996,-0.009306742740550147,-0.06981614725114994,0.0003963076179066012,32.304638130976,13.54552967816257,10.9748104987508,9.766398039776995,10.534917858003451,9.417289498521834,5.214947389471056,6.278934370133028,5.166489960392339,5.13140680873798,4.212160864899162,4.54152748381004,0.02455135601383152,-0.41789192831488814,-0.001457429727084758,0.026723912966905298,-0.15474698685095944,-0.29707631336315354,0.129559310416527,0.5987301736030606,0.5361772714929921,0.3113447380831266,0.3347767076384874,0.2376569067129412,0.13508030720783318,-0.0002412837619582812,27.12298514618116,15.41156168828192,10.920755586299698,9.416040164949822,11.292770739378295,9.422143377361147,5.802867753800596,5.280327789486042,5.6664394649912575,6.282000417655813,4.6509229428526435,5.31088270816959,0.017160958850977844,eight,/content/speechcommands/eight/692a88e6_nohash_2.wav,testing,5.0,Kitchen.wav
2066,-227.58653311592383,29.714271694671066,49.19043951642117,36.5404739114762,16.087415307471936,4.012627018598789,14.818766486520168,8.74435640627987,0.5452279755658478,1.8865542678000646,1.7322235032867337,-0.44120034184045065,0.05491022278483097,74.80687805408624,22.65257428316808,19.324332387831703,24.180982978559022,14.94581698315272,20.06283180194878,5.944299290943727,4.109758750523647,12.299820843437873,10.530576730398588,4.1430221842937955,7.235001822230491,0.02206593430902003,0.38741195290043495,0.2883290579040912,-0.10385133031939744,-0.5460102696456633,-0.5426335107773802,-0.6504623550602758,-0.48680266255668814,0.2603249440646367,0.32930692063061623,0.04662600806920132,-0.11592491915691144,0.07879367830987033,0.00014142781496047973,40.8071686585476,13.495331333834374,11.000991549989358,10.021593160939883,9.223844349622173,10.994966305921505,3.9821983185211973,3.1576999041713396,6.177525343282455,5.5866027852031275,3.851615925654337,4.248963747562017,0.011086484445128346,-1.4628397880305475,-0.9223608944176179,-0.16564764075958957,-0.12880725254853229,-0.10398951539606867,-0.15452616827596177,-0.2053278252146833,-0.21213707600219456,0.14718340301169283,0.43891343585824255,0.44309736393769805,0.24361747430072275,5.287056167920431e-05,37.14858239278207,14.906616893295794,11.646362174625134,9.980902204055688,9.382162788848722,12.045694425055613,6.033936901852269,3.9407218174956014,7.280787414784931,6.457311854960508,5.55025472449999,5.741066524763181,0.008588565226907615,eight,/content/speechcommands/eight/95ba4996_nohash_0.wav,testing,5.0,Kitchen.wav
2067,-301.4412382267108,21.433500146169216,31.710881017795685,36.92587971916757,17.720375708325456,6.9812106637272455,11.78242764439361,6.736502772689368,5.810008641382063,0.6541589201401974,-3.671304469226759,5.4827167386795,0.031716136320028454,67.94671173601415,34.23527187051447,14.121829759919017,17.00182848466994,6.550895645475534,12.228821332617366,5.412277082165387,9.870375725569,8.098696314980835,11.469780560429637,12.247118298742905,5.275486072226088,0.015607899000202248,-0.32761786826882333,-0.21979207996484246,0.04895776110839459,-0.13451532646459854,-0.13653869109705793,0.0250532289148251,0.19311675658765778,0.07028711303925157,0.059460564758688016,0.12926843690092674,0.1665329970786813,0.055102959394856536,-6.533125715871011e-05,45.91716644665998,18.8694211461158,13.736318428133666,9.002931387661583,4.063750172551884,6.9415802301467995,3.806376486965117,5.440148017828658,5.329034411585814,5.314261059715282,5.460138748808489,3.165308877935244,0.010316106347369323,-0.013746077496535728,-0.19313549120314882,-0.1370642733673467,0.05616935173904724,-0.0362360480866457,0.11907295209910344,-0.0007278554556850854,0.11291211848373947,0.11005393717619186,0.009988959497354994,0.12761200972484896,0.10076982213811651,-0.0002457874516646067,53.696447126780946,21.8516524685674,17.25034367889979,9.873765882916274,5.7609914008792575,7.9615019002578,4.738941878392314,6.6735921469635615,7.28422683227082,6.1259319512163675,6.431275466688347,4.244036958830723,0.013696967373330515,eight,/content/speechcommands/eight/5c8af87a_nohash_2.wav,testing,5.0,Kitchen.wav
2068,-198.91935564764083,10.682970478355,22.393315558793816,28.083592629877774,15.872792071109494,0.6591963967723189,9.247859804806001,8.55006581372986,6.486403228888584,6.216799927295401,2.289458767301408,5.967581311069138,0.057713677641004324,53.88193763475999,28.60864403440988,10.544465538630908,25.969078456765548,10.461270111690713,15.622296646997736,7.976389897132342,10.018071109327742,11.931184972715059,7.233630217423976,5.5376481846212835,5.060141491601806,0.04223704634160545,0.3123256897148477,0.5652112899096046,-0.11178297666442978,-0.44506499191662163,-0.20367631474330167,0.10630912235424224,-0.15723296526766706,-0.21087358834290917,-0.05009106067966201,0.26376060220005,0.37206161131679916,-0.08927069272232167,6.847732490108859e-05,28.85512213854877,14.755861075164939,10.299991373262822,13.3214825454725,8.233220999333152,8.114002585961908,5.022859473014354,5.061640634500982,5.202660389945888,4.209739278619379,4.21542281132962,3.959102858140555,0.02448730438583733,-0.5453740111244495,-0.3407058506703907,0.029241564176359997,0.3302141827830187,-0.07259812362205396,-0.05022217204218844,-0.052770064448311636,0.20814127200566357,0.09466442989609672,0.20940540211527806,0.1951707152695445,-0.14166939839974288,-5.680260558923086e-05,28.30581623875633,13.416785517089574,13.683286591488159,13.581762875670798,9.221822952788052,8.808658517437975,5.507896775486502,5.543111766833825,5.513742535670979,5.314188033569163,5.774582225880587,4.673003332270855,0.025964074953029836,eight,/content/speechcommands/eight/68dd409e_nohash_0.wav,testing,5.0,Kitchen.wav
2069,-252.03898080350677,8.897121124144604,17.86374010620953,25.125864078299344,7.557031267099673,-1.4407348599113603,12.757412501854134,7.027300575591422,2.7579550672898803,8.603841048362845,3.800112982029285,7.526786713864837,0.04078908229712397,44.2844017345944,26.309272857983316,12.842474986167606,14.854571319870269,13.687605224615826,20.907000764665927,6.025381537654275,10.809769615861121,13.216541688178049,5.275204602235656,6.04350354973626,9.38209640388826,0.02354349419056272,-1.5308228574551153,0.48912188774235027,0.608847940103839,-0.04959809309413494,-0.050802065785814685,-0.09527831605107943,0.13474163206777062,0.13919624153421478,-0.03328667189325217,-0.1102949101349209,-0.2001460855442478,0.08377202744988554,0.00016787023313583865,26.041003240169335,13.983166271549548,9.402903808826371,8.18243379557798,6.998218086824953,11.058058046995363,4.761485421734101,6.512710740379124,6.942847673072506,4.684867463245473,4.25018309592278,4.203714268980699,0.012370023434632664,-0.33772446639588716,-0.0814992545800652,0.26519766580396753,-0.13604049333876939,0.024052411856629104,0.0697855115475102,0.05335703601100335,0.04466556172407206,-0.2113383820768015,-0.37113358585666517,0.18477138201215842,0.22791829119973142,5.145308872063955e-06,25.47260213156613,16.019937297403242,11.216299610909077,9.013605140357736,7.047351345382056,11.067020709002756,5.8618723893998705,6.708476763751472,6.991798987506863,5.958453268176079,4.877468484349928,4.888403551341925,0.010720704406992788,eight,/content/speechcommands/eight/7257420c_nohash_1.wav,testing,5.0,Kitchen.wav
2070,-256.3013700578154,-12.818343396722375,30.608060116214563,23.491506157169432,-0.42612979724733613,6.759197709377523,2.731010192626355,11.490758730658353,8.81210301613885,12.13701694002735,12.483619563482613,6.500694660905918,0.051211324374889955,94.8707900107414,20.221685235834638,19.675641540901356,16.399127580643334,29.82651293811471,16.01988671980072,18.44653993371532,11.205107115072567,11.851409586086564,6.156776469637174,6.862040543375551,7.760451387260758,0.05202932472676504,0.21514443700277477,-0.4121324495625958,0.45852441161192514,0.20372538510961946,-0.13112839747905414,0.2357548060299088,-0.3444334494721458,0.3137088708948387,-0.31780125008347987,-0.20585679270765075,0.2763633904820017,0.40413990257541044,0.0008399792976917759,40.68237580503706,9.568730817933675,11.400491316748028,11.674250305916669,14.393302847701507,8.065694450376904,9.515662096765846,6.002466165481753,6.813003443964527,4.694359515103248,5.363110766786358,5.659720698095814,0.02385808617787715,-0.4273571234732003,0.4833752474786897,-0.1779910955301305,0.2198799296907889,0.5085875858810537,0.070171719101855,0.1093332468545106,-0.30804311073619955,0.18369896112180573,0.10169958570959506,0.15542351338002186,-0.09187068769959914,9.2376209795475e-05,40.89574529056243,9.58186391277947,12.543448476087995,11.685228883425092,16.444585446905027,9.54493672452664,11.278266931191217,6.026673623156615,7.438455379806879,5.255259991284686,6.525519457603862,6.699264828747276,0.017325599434118637,eight,/content/speechcommands/eight/9a69672b_nohash_4.wav,testing,5.0,Kitchen.wav
2071,-292.39536164911635,-8.186888790108956,45.392089909186794,30.643837455081034,13.267017254108612,3.9162747962897164,11.786492539239829,9.750155085882216,4.5135681783066675,5.024510011880677,4.869043216162163,7.466242506179822,0.030647099076304585,53.61026523187061,26.450323642886715,8.204221820527728,12.286550386292273,10.107279264390932,16.865826874182172,7.546577179064162,8.08824427520784,11.89174880730763,6.750681335459318,5.187326156197888,5.912540085767088,0.01618721797656873,0.20186034513211515,0.22177230378436447,-0.11723952413333859,-0.43626438451786653,-0.15451699495871923,-0.08243367881980379,0.017876831112577752,-0.057843875297726,-0.5380852284633739,-0.05870037688316786,-0.06659526000086669,-0.04478941972848254,-0.0013625621795654297,29.69530075383261,15.172565987972918,7.463226752731845,6.8380307664647155,6.3146199769284035,7.668242170554646,4.460704743711673,3.8491552301630594,5.5154860106690435,4.468857093122848,3.65453001898898,3.036896079505173,0.006359612471999193,-0.43797659705520003,0.23044170087815677,0.44833030591994644,0.32191758511361324,0.47944176239492897,0.2827570685010141,-0.2672409009292849,0.014479206022828529,0.05810814090836756,0.07112655295074537,0.00896965575019258,-0.20346900414513774,4.1180228193600973e-05,30.406975520425725,17.60241235178559,8.401410592778651,7.141933182322786,7.835577810047884,9.01710570872582,6.005987504786726,4.63572965875171,6.15856431054821,5.929599436220776,4.447305083444433,3.8371012884865023,0.004230803310425696,eight,/content/speechcommands/eight/62ff07ef_nohash_0.wav,testing,5.0,Kitchen.wav
2072,-289.88277767034754,17.565916243979096,31.778402236679952,37.736225469718924,11.537192897958203,8.255911463987626,9.43044321002351,9.054661876099075,2.766307258141338,2.1942610875590587,-0.022283981866317082,9.372563782156416,0.045053184672724456,78.72763475622355,26.58701350055612,14.313018081860308,19.501451032173847,18.0472130144102,18.161650156556448,9.821006973278188,12.047869642375382,12.94931468537071,13.384364365771974,7.951864962776963,7.48356252476367,0.020424200075791363,0.3785261316128739,0.16032981690183606,-0.18010137515567134,-0.25227535122344397,-0.07455727922907929,0.15501993357595573,0.09410600093651489,-0.17540875651381,-0.00791899884217345,-0.0689688301053194,-0.12998406329570292,-0.1503566420305171,-0.00036794265672083825,48.323021541972395,13.086408516332224,10.794360131768316,9.520484435875359,10.710646264181767,9.454342447730697,5.651710793678158,6.124330336347359,6.502142612294757,6.0802087136632395,4.972573192640463,5.201115191822118,0.009946059258522957,-0.08702802154861615,-0.12241547525778991,0.07899946256674704,-0.15185447028118482,0.01538037490756506,0.10734403035844503,-0.022948937014831947,-0.15810150318718943,0.013448260133652449,-0.1257294900072488,0.03066553595173135,-0.2932456729805304,-0.00020206179469823838,50.87387074031377,12.315313994281412,12.10887280927873,10.205602026478399,11.026059938142174,10.625892290932464,6.557053348247179,7.1058612355551904,7.604760109754094,6.9291143516161915,5.4307749538490295,4.966835396947604,0.010977208910438031,eight,/content/speechcommands/eight/1fe4c891_nohash_0.wav,testing,5.0,Kitchen.wav
2073,-164.08753273028162,28.448004889087116,31.997942506772166,31.494952361843854,8.341952611889575,5.044021311822539,2.563229857354578,13.633430741976191,2.3879624221175524,0.5700514303968608,5.171053506283383,2.1498068547261187,0.07231169659644365,73.09248815658823,31.078247196700218,22.4357378060151,23.859763390164304,12.302040582488427,12.20408942153621,11.31173811513748,5.2196133174965595,16.080881699970355,9.43639051491255,5.436619017222673,10.863440395660968,0.0345768265468921,3.8678989785519766,2.1768703979482793,-0.8564572489673403,-1.040768814366676,-0.6829867469392602,-0.09244498742033963,-0.24924522618640235,0.20615892661186092,0.1267452602201931,0.16086779442654928,0.1994189009599153,0.20984993007345568,0.0006829804230120874,38.85649419450971,19.71945972631828,10.139695479858856,8.85483807283323,6.887476319321097,7.429184202950664,8.034828847964542,4.249480432304043,5.832436364852315,4.555144763190748,4.293136696467435,5.586136399045664,0.019457894803012025,-0.2774178142134955,0.07856213878985395,-0.008071657169154041,0.005296260960955657,0.06364937146860296,0.06356241040842958,0.1524015385078993,0.08146227748231064,-0.05359099109260477,0.07833374590558145,-0.0070689466147650926,-0.051284626904639495,-0.0001887825628121694,35.612524138378106,17.396986516670978,10.0337216929382,10.701675145335646,8.146314979322094,9.725674250369439,9.807467454829332,5.1881807580919626,6.061147228882172,5.450698528157092,5.88188084358271,5.15520950432569,0.018815913325850205,eight,/content/speechcommands/eight/caf9fceb_nohash_0.wav,testing,5.0,Kitchen.wav
2074,-276.2055118341572,1.1143495251332813,23.32777287167946,29.335676581985343,11.070908550968323,6.196038488350107,14.416876581161665,10.853198142963468,10.086491646595789,5.9294131114885635,4.449456611795043,5.888108404159575,0.03619387134676799,42.155133677788236,11.883756196328198,5.725757475834394,19.61610556481221,12.744841572080816,13.261542056718243,4.443054723854588,10.927186799603245,12.915974515571586,6.381439444811656,5.152350247440073,5.060536591712782,0.00950037376438456,-0.5085108612540092,0.18652663272195188,0.0012614814827238267,-0.051306219907965855,0.5245209721292255,0.21256043054648646,0.33989425367052994,0.07502422324527735,-0.4087389666230717,0.2407203900837084,-0.010150742590116377,-0.1086592724114375,0.0005335501365123257,18.974448255296316,5.672201854949647,4.693964786580869,9.550794796149784,6.748315318659572,6.676452777560215,3.512608863075263,4.904423156060699,6.7892097303374195,3.900682265981481,3.2704062320288068,2.6023291107932716,0.0048951619832651415,-0.6056125872005206,-0.29097559987673627,0.07047365205188119,0.1103469525951264,-0.07384023488314005,0.11018849951897497,-0.2508563326685555,-0.03459771864502929,0.1868413235338044,0.12048824706891939,0.17468433595829957,0.3090059722937163,6.206085284550984e-05,15.991260296072314,6.6844699368022304,5.724383845816411,8.095140725834776,6.107903370583537,6.506932180269005,4.799365219804848,4.942013480805738,7.483376341060342,4.413801688653826,4.28766847479365,3.259877293596409,0.0038484254675336897,eight,/content/speechcommands/eight/c518d1b1_nohash_0.wav,testing,5.0,Kitchen.wav
2075,-242.56677788380338,29.767111514733568,42.82605746386684,44.28565218705435,22.01951915680643,-7.041102154551519,10.200133969440476,11.670326954828818,-2.274802456914137,-0.6685686607431871,3.7128382824837693,2.9700151500936967,0.06449437892297283,70.60387527020374,35.900411509154985,26.454307049320462,23.26850554451806,6.96851566314153,28.24087199110381,9.08756014473402,6.291344388449899,16.593126170486673,10.822771298659678,8.701641184417662,7.110924562910948,0.042534481840947366,1.0620139661094057,2.430249321304105,1.021765248523903,0.3613743558463027,0.5407744348654734,0.31008624814582725,0.10614746497346382,0.3546958222891633,-0.07964907293915478,-0.5722745024958704,-0.7726806171147045,-0.628806099719129,9.103984602036015e-05,33.821885590337565,21.872665415383402,11.021719288511306,12.532218514296032,4.6586812301323866,9.835885898764024,4.557789443910816,4.22877284552989,7.707416144748442,6.859304272704718,5.203942237992892,4.391673483350725,0.01605625743016303,0.09853840246450053,0.19108475460682126,0.5347814357885408,0.2949829755898737,-0.1122279634306834,-0.0455214190011386,-0.26875063097729956,-0.16547976948428614,0.0591580418726104,0.21339333037402547,0.15933529040708194,-0.1353198152748591,0.0001506314923365911,29.748807175031732,22.592429606702005,11.626465239996005,14.521128897575647,6.737957709826643,9.466186631199033,5.3805070498210394,5.629052839919412,8.561204086489678,7.780334977541501,6.643924586469635,5.714955381206135,0.012100176753995757,eight,/content/speechcommands/eight/b97c9f77_nohash_0.wav,testing,5.0,Kitchen.wav
2076,-263.5945988987164,23.41558365436871,43.31535913306575,17.72734078212957,11.789895905272989,4.62378029663939,11.608008555038003,12.422380108998327,4.646208148802741,7.626411822420886,3.5949906264287583,2.591270232347839,0.03937758813844994,35.148572729746824,10.779097638824961,6.930665145950322,16.884070840783714,7.232411448858866,12.808360893624755,5.354145835261642,2.8820109178185453,10.067690333757268,5.123001569722306,4.4091199171991855,4.1515569788797775,0.011694880265281453,0.28335287134316806,0.07639896077466417,-0.24552430448326204,-0.12586818611708178,0.014484208105265621,-0.07335769129892304,-0.04765853814523891,-0.02866641145348154,0.21376232348422858,-0.13892870879685615,-0.5909409480276193,-0.33362985907633513,0.0006105983329396094,17.75671224675844,7.4209818564286625,5.436736434511049,9.517726466222406,3.9135813817677447,7.040744451232085,4.401478106503135,2.7958011765085815,6.240272817721726,3.7032080426341003,3.73290930610544,3.0233441993470955,0.006802084931780137,-0.15975265136330183,0.01783948977719542,0.18627111564900148,0.12577281578117236,0.01966215282082541,-0.028255463217968627,-0.1822132769424768,1.3979872324298981e-05,-0.01630323176193116,-0.21768922745262023,-0.13188839055687873,0.02230286547545982,-3.884608546892802e-06,17.44166078993852,8.253931898211667,7.7816348826922495,10.76836175125833,4.5291248000602895,7.20721351582977,5.800233363638264,3.5835101510671596,6.82487612352726,4.880281985871901,4.774694763610326,3.951457941284564,0.0050062381679375585,eight,/content/speechcommands/eight/5744b6a7_nohash_2.wav,testing,5.0,Kitchen.wav
2077,-251.09753831130394,-10.273038538304803,45.64585663182512,33.03575012840888,-4.605485862228545,4.555165271551797,10.456606319991572,2.7426764779794595,-5.201042979658532,10.013887236383175,4.891888631969821,8.146656929041164,0.06530234415549785,85.93722204802737,29.087427273787515,13.530073308938732,14.88391213607975,34.983859304682895,19.121657414714942,8.201010162888405,18.82823907476701,18.7537521297788,7.686662495627541,8.966048326927817,6.2163796400588005,0.057251301379554996,0.2502935114445915,-0.06749032762103495,-0.14684561952267194,0.10046843444370752,0.29511909931868113,0.12822076895372664,-0.37971497724038306,-0.4638376158519856,0.07746115977511264,-0.1634126153913377,-0.13909404618363236,-0.012711947981521629,2.9066998151040848e-05,28.60101625129265,11.887971913332978,8.30250135758447,6.060958740009594,13.54319216179971,9.946270199529657,6.696542826204179,8.147484056287182,7.404834063713858,4.388485965488323,4.809736732354413,4.349820218732543,0.0195833773721601,-0.34372393902397486,-0.13678766207933274,0.03348580167468178,-0.0023770623060535455,0.06808157318749271,0.13906955922412637,0.13182937157590438,0.07975315130908361,0.0911355162574767,0.24872492627635176,0.16298463874369246,0.0167742351306441,-0.00014570150524377822,19.38471315867231,11.499079930206394,8.55888305014974,6.131993312123081,11.641063913803423,11.22327756929204,9.902199120801358,9.664555107998135,7.655363226927478,5.275651656149156,4.895391484358099,5.826348235482626,0.011531648165275549,eight,/content/speechcommands/eight/8c7f81df_nohash_1.wav,testing,5.0,Kitchen.wav
2078,-234.072826177146,-0.7442919788646418,20.53922503827648,26.984324069817504,5.741398454947866,-4.933155005788736,12.027734311687897,3.973062882340235,1.1367112042042664,7.805548747652706,4.711342035209542,8.453615563906606,0.0569268818362616,57.14041991770274,29.561978493831678,14.213340921685884,17.43838292068256,16.94451487737673,24.311593263803783,5.3442088053889565,12.187782081547251,12.976941465684085,3.9841797879370118,5.129857376578921,7.230356361448546,0.04854161783287456,-0.06239837296478039,-0.10561857998986367,0.2008998026062287,0.28946335975526544,0.029802043362242993,-0.21729531584161407,-0.31263119200487804,-0.5856023293662571,0.15338133538868054,0.29637506092128335,0.142471600053106,-0.10298199726706307,-0.00011109909222972008,32.25147184576379,18.058394030244422,11.762867691369134,9.283439802494492,9.581255942245638,12.364258394299275,5.7889630923512225,7.646642465593891,7.22860866051689,3.8471297522848866,3.6298461469239633,4.374303234374946,0.023318566305846087,-0.27025719283917815,-0.10311099604881489,0.4581093622149873,0.15347501656320522,0.021816461782021908,0.002677458142024906,0.0656267003723699,0.17896532892961953,0.30286274352876746,0.25714054311887347,0.0881054583556225,0.104735713479563,-0.00022111392269531885,30.77205189394454,20.76385712679044,13.241338400120942,9.876961624921687,9.62878625113841,11.677405862539098,8.362830649437424,8.641397804028454,7.325856815996803,4.578829250547922,4.6040714786269525,5.339509527484652,0.017492799921610364,eight,/content/speechcommands/eight/7257420c_nohash_3.wav,testing,5.0,Kitchen.wav
2079,-297.13359935855334,-1.4557548887990372,33.220995028540045,33.1081967367139,13.202664124471653,3.0545377848763904,13.605493367340882,7.799915526038283,7.542551016380956,6.53858508793015,8.343621689397832,10.580253263150645,0.03426794393453747,39.39777410611113,8.895455804494368,9.143676642583703,21.633939656833597,9.781897140361524,15.615413679321149,4.121862856559938,8.187348308863845,7.682844831747021,7.8902016345497294,3.3819633765062513,3.897941159890787,0.008246054110347475,-0.8154507512931266,0.6237440628024591,-0.023518741961760223,0.16662390223346388,0.10564140021949181,-0.27603524690509007,-0.3050894272000847,0.09152537384004503,0.08113980529241731,0.2693495653195786,0.046802380667012575,0.032234354291334526,-0.0007665604953804324,16.695392414002093,5.671093336087301,5.729791117147748,9.463362093109742,5.582740691776639,6.528963390073043,3.406968228583904,5.268786925258177,3.973645390140259,4.056287614250612,2.8718373034635962,3.658215051521526,0.0033384519631858654,0.1344749362817898,-0.018954308675401953,-0.0228246116951406,0.14494099444559141,0.2421846375414218,0.03569360541182978,0.016911431299112146,-0.02684408492917611,0.08822705052124652,0.11209594860974485,0.2757905209135358,0.14426594634736858,8.729826658964157e-05,12.667403668594579,6.339475965913638,5.560547311370089,7.926117700863308,5.278458903418579,5.790096212639742,4.0298736579568795,5.836986661112844,4.0042994378757415,3.8233912376775736,3.8380600835171714,4.4877109431553315,0.0028867090645661032,eight,/content/speechcommands/eight/2d82a556_nohash_2.wav,testing,5.0,Kitchen.wav
2080,-296.95766156187744,17.387776942362475,22.16682416299728,38.06711539419882,20.908899054168565,-0.10406307391446468,9.604137628827493,7.123222294269453,3.6401476053999433,6.460776465918098,5.28408649253258,8.799321793169884,0.03828218681155704,61.479940413815314,21.501461580655143,16.920701144628556,24.681543088697797,2.7205622842076176,23.02875981173178,5.517004086241416,5.773676925221058,10.638203264937383,7.103930381638165,5.021923969018566,3.037909676261712,0.022108132641575937,-0.27135434586896173,-0.183073810030798,-0.11267537444072948,0.11577321226223485,0.10272804694979609,-0.07184834529631598,-0.2572445266103234,-0.0249532701015944,0.1270436834777845,0.2975612463426578,0.1828470684763849,0.11553255939973023,-4.835826374830738e-05,26.312225828837473,9.837094533085022,9.017120078227313,12.259834353553401,2.8466230383315514,10.581539044732846,4.183252388679509,4.117975312780992,5.056943282044089,4.772579565791624,2.4175313051988754,2.510509184710968,0.008466873313357728,-0.36079251019876135,0.23732591691503363,0.24672316811418132,0.18160753800653176,-0.19251206819193953,-0.014957103656602714,0.1498180573385545,-0.02191478360462155,-0.013426504272580846,0.3036284175513511,0.09815717896344268,0.07729337910897242,-6.314767524600029e-05,23.069172563893,10.128020596378663,7.855006465431526,14.45635783173093,4.091463361615343,11.693489078714144,5.303095547351976,5.354814359013284,5.960185721244499,5.858125611862343,2.7409075738784474,3.2577989479347096,0.0061168941805351896,eight,/content/speechcommands/eight/412c675c_nohash_0.wav,testing,5.0,Kitchen.wav
2081,-323.93926471486395,-21.489441177135784,49.58139800299806,30.429605218845953,24.77440331909397,15.696293858380505,14.922329132405142,10.790903346737473,9.017462314221628,7.385253781616292,3.8065488429234375,6.895931369379107,0.025512272084597498,12.08173743092121,12.019780902652212,9.531902179930054,8.087861021399782,3.271322641349927,5.37290470545669,4.491893371815643,6.879018411329905,8.611993815917867,8.400309125969452,5.420140521073578,5.703657086944358,0.0035558912068135817,0.12834589370260485,0.09536454979242544,0.10781170508691536,-0.09963845307582218,0.09106314180422725,0.2263693786148083,-0.2191569500897869,0.04851672121263198,-0.02104044269082355,-0.3570873274970645,-0.11227239141695892,0.1493810727742238,-0.00020118129830206595,5.746033029767624,6.002491018856765,4.731650537840285,4.558305249931504,3.055192890259942,3.2771831807723104,2.6564232675651955,3.7546934766769753,4.541821398057185,3.966176699811982,3.862860610459091,3.9641455568226287,0.0024206435475431316,-0.38499866824953416,-0.21621135021092003,0.12275533801329033,-0.08042117755445813,-0.041519871027100544,0.213602473001063,0.09181142483447667,0.11957369363478758,0.2235655938069102,0.425160517471367,0.303214544267228,0.3587238566992202,-6.990817685921987e-06,5.156273991897744,5.684913143628606,4.950065721189446,4.9308394421288595,4.611947132468173,3.3705848084252787,3.6560047069276713,4.899724777698327,5.139176994949415,4.475760812777749,4.9825165139999354,5.05596486593134,0.0023706926280724,eight,/content/speechcommands/eight/3c165869_nohash_0.wav,testing,5.0,Kitchen.wav
2082,-305.45494323519125,-29.494590381100604,40.59940509983275,29.168815596681227,25.202246350252384,9.8673030960586,17.534753178876596,10.754850802858238,10.01302611083947,8.105714128007127,6.885343680716954,6.534316632254219,0.030662622364858786,20.896615362859333,18.140141316192167,6.082375061222776,10.796747908174888,5.151086206532724,9.382673501367572,7.787943478316476,4.182200031444792,8.962120695146437,6.270822654276797,4.373268582147808,4.545093853053657,0.006079092784568439,-1.1748801333681411,0.43421174021343084,0.5195214548245716,1.152851109462139,0.4092316996010983,0.3840850061751486,-0.1973582294207462,0.15873021956065594,0.35899217094257635,0.15445732894282435,-0.10332917902068327,0.13381675823129408,-0.0006243492123381845,11.931426653388531,8.930900334522185,3.579197573503619,6.486581888063987,3.2510404086291382,5.929876985492469,4.816878464504766,2.881573822881259,5.428481520761301,3.9611223984195467,3.4513792305371793,3.1491955168182906,0.004132123377221373,-0.5388809474545907,-0.5852772174959863,0.45542415491098837,0.27504824036934117,0.14925192453654354,0.33162871126906246,-0.013239595960829258,-0.15795490895870623,0.09197016167626766,0.08872819817767993,0.09563639145751934,-0.09743604506687453,-1.7230798091207231e-06,14.149916378068877,9.694758744787181,4.10841917319807,6.000489029085478,3.6871283250833766,6.407935978156584,5.337320660358296,4.087743628865952,6.035903059090633,5.178359849940754,3.4911607557118556,3.9925642177818688,0.003987109014516025,eight,/content/speechcommands/eight/3ff840aa_nohash_0.wav,testing,5.0,Kitchen.wav
2083,-142.52134657034148,55.066450354049856,40.120150799819996,29.20119353945338,6.203392929931395,2.6944098712777427,8.319647615724048,7.752466936001881,-1.1509862477050898,-4.345457029436975,4.638302386824157,2.1168011623164507,0.08920881571248174,54.88571926679889,20.83501721338643,21.444203824751924,29.708457726325662,17.471373088486946,12.47020122952202,7.3178763049390465,11.424389590309582,6.538572140219921,5.064589688742252,8.151955657015273,8.304031413117537,0.07253989130729421,-0.5396155769878987,0.3214894838551887,0.049887400452388285,-0.260884872698168,-0.08307662122494232,-0.01066444027887449,0.04689845166001434,-0.2502856123795076,0.5135844789457068,0.5025677037207928,-0.2743970684460512,-0.11604096458306769,-4.3292559923664215e-05,29.050344313435254,12.80975719631434,10.69771108681513,13.55417619630334,9.378360665911583,8.002456989332599,5.422409661985185,5.230266899724906,4.1945667197295595,4.032610115991436,6.309863977190159,5.11592876555327,0.03358651727424802,-0.43191588383542456,-0.1067682539964494,0.05266709734134973,-0.019156607006306874,-0.02317235022012098,-0.01879902304601435,-0.06324553958655003,0.1005103638825784,-0.006290151121062149,0.08519610397586712,0.07553737038642624,0.188083131920995,-0.0002440195530653,23.909362228276414,12.56163666863503,8.70202163980468,13.065571274573484,10.403313751810995,9.192310068542415,6.115627098809954,5.483988619923162,5.26224812801045,5.0097136684857295,7.806402558292495,5.784801884708199,0.027251942521595098,eight,/content/speechcommands/eight/d103dd6e_nohash_0.wav,testing,5.0,Kitchen.wav
2084,-159.30960672291275,63.117308792718646,31.935197600959988,24.474486243005003,9.474128183148256,0.31778348155952674,4.8432218608417354,0.20715539580613518,-2.6527948140211106,-1.212549585338588,-2.816767446412056,2.7607279132049003,0.14155611902242526,112.52609378879643,29.108086324765104,28.253694189892784,21.542819818918097,9.916925721992186,11.289595371543799,12.922084113059434,10.124086621863361,8.040844865835378,8.59261026060115,7.707621150469117,8.058565637206092,0.14742993790062509,1.059583849097093,1.5002707673521363,-0.0569721869001192,-0.5516419878139339,-0.24569937834171604,0.32572637900127727,0.49052822101042537,0.2329330173333767,0.034416728420785365,0.0718351432481502,0.13511170385732166,0.07130668197704858,0.00019118814699111447,51.75655994962783,15.79062646485639,18.491081319702406,15.850261170399918,7.293369929200084,7.514626159961185,7.050094990447234,7.226566470715342,6.216180671020721,5.253231713295283,6.162626178796482,5.186844773810758,0.06067928312092907,-0.8728738884941976,-0.4855331114736823,0.025478572166348457,0.06221648896953512,0.28894998953787443,0.2859692482080437,-0.0005225632534235321,-0.006258143773009928,0.4644590800997677,0.16977075707621522,0.05041547577972064,-0.050877857942683194,-0.0003400725002090136,50.461158752522955,18.117170492718984,25.016429268865974,22.84464904723467,8.91964446458681,11.196554392772814,8.266297839225796,8.991521554925578,8.31474688537132,6.0353966029426545,8.437228970758424,6.687395968632338,0.053779409283386995,eight,/content/speechcommands/eight/e1469561_nohash_2.wav,testing,5.0,Kitchen.wav
2085,-133.27458155096596,63.24111928524913,27.885642020416874,24.881470982317904,17.079050142033218,9.680739555034826,9.248235311087882,0.40707216703261717,-5.507754051482788,5.361140885969473,6.699148428949853,4.445527713446008,0.16643756651319563,108.91791970926951,28.97074979063596,26.99100715567883,17.044277314069586,12.105369834075612,15.333024912357956,11.653225189984646,8.215858341528975,13.495092046312916,10.745692945614726,11.197911715444139,7.2291586884475,0.14397573688750104,2.53004289577096,2.383677851904269,0.4707959437347133,0.48928006148728487,0.5191815267789954,-0.13663583831159437,-0.074084250041868,-0.12351086746415756,0.08213869378990633,0.7086876620474639,0.7720599783129913,-0.06444992507462514,0.0033318578235564692,58.528056888792584,14.448343514768759,17.305542002455425,11.008423281560697,9.717975086331993,7.294482965194065,7.005252847955233,5.254473347372738,7.693701545362304,6.9571581633424175,6.362464445464136,5.948644339610977,0.06140782209744229,0.06048784574216555,0.35689079000507934,0.42234162390838936,0.11152148731145288,0.20268998812391495,0.08257712284396478,0.022717059901606322,-0.19872486810249754,-0.1981917156733102,-0.08209579573528837,0.10602084836377876,0.3702447944872925,-0.000589050476749738,63.74350615987134,18.943783964066405,23.17060406530607,13.583082692067483,11.880042172593624,10.186305428597947,9.81227570978269,7.221199954231618,9.233600994496792,9.18173484420932,7.421073257121796,7.6362673630462234,0.04738258142656948,eight,/content/speechcommands/eight/e1469561_nohash_4.wav,testing,5.0,Kitchen.wav
2086,-286.4926381399184,1.1960323373685915,45.45146914232228,19.21126311218023,11.454402190962433,4.624040171747152,9.67560686664719,5.437717983040408,5.86385172796737,6.3257297289394625,3.7701835700541375,9.39147258679569,0.043141875619767234,51.54106314276467,41.019174747888535,13.408074303181255,13.608290184795704,13.3662681600769,11.713767966509721,11.6492447444136,13.045471797642733,9.515428419476335,7.853904589216036,8.059268848290191,7.0873864396518576,0.022038262227007322,-0.06874515353273446,0.13752362947382327,0.24681330673668953,0.2987163564476621,-0.05064761150096354,0.032686972870446446,0.05760447676871764,0.01040511032667171,0.04381890852908852,-0.007195811024041672,-0.2270378386263183,-0.16507337726153745,-0.0003263282799913037,27.989183024519082,22.27318110654741,7.908964050454479,8.971064198391398,8.134801083896237,7.2963755104851575,6.684191934446816,6.814367986212856,5.400687000330048,4.798451221181582,3.7865255467702768,4.3427875757223084,0.010336028590616528,-0.3051760873657997,-0.3333256532783899,0.09082897669012434,0.28631183436319696,-0.1704467856338976,0.0481319859796742,0.1720684969118917,0.29628336766438007,0.11286435741979443,-0.11847150609269429,-0.09704199042543316,-0.06056881060185306,-0.0001857140411933263,28.817894981897823,24.816104979738704,9.328668813022517,10.438743806142108,8.255516563504932,8.128128450310717,7.497000832360484,7.8029416096955835,5.867583433917041,5.448822608611344,4.358055258176669,5.627755629133017,0.008052573161421194,eight,/content/speechcommands/eight/3efef882_nohash_0.wav,testing,5.0,Kitchen.wav
2087,-288.49182966948933,5.073152974118157,45.942596326504166,42.59735735318532,27.114444539781285,5.467487359232507,12.910280160390764,10.91685212843209,6.0471198197095095,4.279368964998491,1.658348437438976,7.0672706310108016,0.06379253696650267,70.98042664640032,40.697086619970555,12.24324394304586,26.720338205241383,7.670619302233478,18.514975447884975,7.840973984858067,5.096163361563905,7.83232066663958,9.763615266360288,7.715888183894875,4.106870131547157,0.0635844050606197,-0.46992727999229594,-0.72233486858991,-0.47673664881179295,-0.18134323740053923,-0.1713842252139244,-0.16270625557739005,-0.09046532964188095,-0.13445676130911496,-0.17425255058390762,-0.0919047270280972,-0.21762593025490978,-0.25879002839136,-0.000417979133705939,31.251504017863834,17.2983211290309,10.210374174555406,10.748080822515728,4.416682808623011,9.933545346873409,4.704536612755691,3.589552605610251,4.128304151891238,4.875144514404067,5.098230035230811,3.125494598777384,0.022390912328512286,-0.10230839276937141,0.04858793195541414,0.30021465677074843,0.21820955676454545,0.06436993344546557,-0.26909171574088775,0.151051231972026,0.17012259884148143,0.05777834464840247,0.08863866919822,0.007638679495190755,-0.05122423818370129,0.00029144510626792907,28.23133396022747,17.191583581000327,11.39821560198585,10.770696065360552,5.450665225721301,12.178156065574228,5.9174620749396265,3.949283788550369,4.562385853066595,5.38961699104154,5.573629911542366,4.611453368901886,0.01435332988712777,eight,/content/speechcommands/eight/e41a903b_nohash_0.wav,testing,5.0,Kitchen.wav
2088,-277.6200831173311,-11.67301948225221,49.19956483642507,44.49354363112471,12.318409894256495,12.647195368498366,18.182176985304924,5.883151898246937,4.437755334370495,4.845349863151379,2.9924260728538234,5.0363355796959866,0.05152767902472988,38.726076215855784,6.097563884617216,7.949936155443659,26.619176040546904,17.38078339537298,7.506920662624663,7.491482693055811,16.076657518234263,7.680127043919227,5.023830476891327,6.063410853132889,6.622866097303432,0.02202076089768794,-0.2569014806468739,0.07120019271674854,0.22477688381580938,-0.3139268358355966,-0.1638889838197872,0.22276635227084046,0.13711185712660226,0.08617329844135717,0.19532423075129857,0.17195230366736022,-0.14331843861507257,-0.21325208166119483,0.00029725485271023163,17.639272453547278,6.182786686356054,5.928831313845596,10.766953940105715,7.304970566228245,4.701102506735699,3.965274115038817,7.200742735868849,4.9621767639790635,3.6467226360034646,4.500559087691209,3.8854451309214744,0.007259664384164661,-0.43378410958454955,0.003507922960802586,0.2950016153570483,0.03522861869643634,-0.0950234728479361,-0.008211931169628173,0.07292594536366716,-0.10384203266322256,0.036129004073587,0.17008441038298994,0.20490283265749554,-0.03436521157111295,0.00021357362469037373,15.368222965873041,8.118949721360925,6.535214473216447,9.65570827235645,6.210051874204131,5.087497257709966,4.55354464196481,6.786548690961906,5.97694010211785,4.7110665570094,5.336384864183031,5.216263830836036,0.005225849686065429,eight,/content/speechcommands/eight/8494fba8_nohash_0.wav,testing,5.0,Kitchen.wav
2089,-234.1961887336417,24.121221876419256,3.8952364788525005,12.23159398652637,13.090560702239042,11.6324036006114,7.30843072480652,-1.862332124391496,3.322280379672037,17.404823804883268,8.71931182485174,1.850886659663342,0.05964425590354949,62.680732745528346,15.578890073004503,24.555529153818956,16.900723759873173,21.102307796119614,24.430439892354173,5.810396393662496,9.490834072233433,11.344648728829432,6.426171778470086,6.732410351635481,5.4582280244462575,0.05985707210421734,-1.2810810537918174,-1.7764492233184646,1.504986423109106,0.876946322697542,-0.0942088880945272,-0.16413334352591022,0.0053658908094713345,-0.15520602547690054,-0.17754991903979975,-0.17999982546771093,-0.26757590511076357,-0.07159857026609359,-0.0011109491629946616,29.18119718680468,8.78371992208377,13.834285303156465,7.425062253629876,9.55759634791166,11.068293367154295,5.032611649490985,5.116940532988883,4.495336030846756,4.229365950003818,4.4543222885376625,2.9745761066237653,0.025462821118646697,-0.47935128471673494,0.0759049312782901,0.11974978483704249,0.20268226620690133,-0.062481462885171625,-0.46040321117817307,-0.26254082554388813,-0.01708204783997198,0.23590542814825996,-0.2118187514350695,0.16174081890422223,0.09736462070759533,7.402431219816208e-05,30.697093813811144,8.86944772400105,14.66779216050986,8.840994646140537,10.14840960134297,12.200470850591822,6.95587334287857,5.229632509091883,4.331781097218989,5.446181806604022,4.914468013000278,4.018295932955252,0.01857518797195097,eight,/content/speechcommands/eight/798f702a_nohash_0.wav,testing,5.0,Kitchen.wav
2090,-273.7188441681271,8.658125840575634,40.93954239593373,17.432960155173873,5.606090144685124,2.927856652005274,8.614649100618132,3.3840247445065472,4.595292362622709,9.302243838082088,2.692067885639542,7.905801001550535,0.04950464307330549,70.56444249868235,47.23928640222204,11.840878735470309,15.294150972625285,17.813969181852507,12.756694787728483,8.903616370795024,16.737328376755894,12.366161594506666,6.470485996032594,10.584731162967588,6.572533593339911,0.04138682914832169,-3.9864611162386128,-3.096689074725583,-0.5713601249750754,0.45906339351990233,1.0923676674249674,1.1943933379214908,1.0845342194669536,1.195519458068911,0.9665691662373084,0.5876793028121907,0.5196021715250133,0.6817316347348552,-0.0023941163334154315,27.025124626774563,18.31969192016361,8.246425586373006,10.253979113412258,8.838526537165233,5.033014290540717,4.226993879461265,6.304281927763335,4.828483966438154,4.412369805508216,4.266310886569674,3.2609060387865827,0.012083973982843693,-2.509961553733111,-1.3646664302890428,0.5425304778194859,0.36399307917691054,0.3778457530256845,0.5043874816418374,0.44840101769400964,0.535314563846327,0.3562508344528271,0.1593765676479898,0.2755437880776798,0.18521144322649927,-0.0001249392827351888,26.689104920244677,20.454787271511446,7.955067775381993,11.69365165194606,9.418667177197909,5.691573410691764,5.0753549591703715,6.9281322386161825,5.780889030596778,4.722991079995969,4.241845477681256,4.684400690184938,0.009184817197738632,eight,/content/speechcommands/eight/3efef882_nohash_1.wav,testing,5.0,Kitchen.wav
2091,-225.99724351578067,41.68492028304082,52.50148084654329,25.181456001323184,-7.142913960498009,-12.74782290860255,-6.026213830632138,-6.6650553923364155,6.906210613296236,5.074471594842075,1.0900263161244959,5.378899608834076,0.06818489928264171,58.67573977971886,12.959079409554775,22.679874757589808,14.174019460191968,17.496752543945725,6.486801195829582,5.125814831748932,19.96347811991049,6.9356164858838465,7.830747849151081,7.038979060136333,10.31297061175618,0.05696225496245841,1.8220858144166907,-0.6959483552319996,-2.210691593444724,-0.2054891886129435,0.6887616753957693,0.3653216044688055,0.19432026702553323,-0.04248942289672613,-0.23795797062015198,0.11217897062809397,0.6729364063901812,0.8502475376132673,-1.1572193714880175e-05,32.3070962877586,7.824826521941827,15.064961512256192,8.2854202281198,9.481212191519614,6.104143030400345,4.855774995187571,11.905072366484886,6.483157941215892,5.473400717404049,4.293568082780139,7.35073210199234,0.028915820597759778,-0.877901846388714,-0.5423548236415037,0.28555402795694057,0.23526247972002381,0.33551490525648736,0.1921755151483149,0.17805784539818195,0.0342330264158844,-0.09863762663006298,0.04066589439902784,0.32766469002385334,0.3574006149124417,0.0002331104129552841,30.529768741363856,8.964888611889515,16.74323818970823,10.234394968615314,11.023911813683437,8.533484689364194,6.897229477530403,14.679655256363706,9.68742230329971,6.537070935854916,4.8370124929040195,9.595044343935182,0.025992563225563432,eight,/content/speechcommands/eight/3df9a3d4_nohash_0.wav,testing,5.0,Kitchen.wav
2092,-249.46440357543818,33.6226940944217,40.96209414930132,35.53723324917218,13.500161155731385,-5.773922229187612,-2.5693554482887198,-0.24776722510713528,3.606612360159319,4.649113521515121,7.8784090104136375,9.282265603090575,0.051464164338540286,66.47903072757995,29.90601300907199,23.128695815442676,20.04163302641217,9.537397122335133,16.068325646978263,9.666306795771984,6.392724376044188,11.876284398197873,14.430589880220246,7.9066844490688615,5.082135045322618,0.03293552070896726,-1.7440812026061834,-1.9723052690769123,-0.3133945372816936,0.5445420331635018,0.6496267748723715,0.43144809885611385,0.5398246800164503,0.3613829974708731,0.1395350929042662,0.22633526631178363,0.010205248096793624,-0.06607148764694878,0.00025833854752202185,27.60872808730229,12.23185806270835,17.6041556837202,9.860251214131027,6.642631332784018,6.756973149926949,5.68916562930909,3.624060559317024,7.789398081515714,7.737142993834324,5.951994961142924,4.244327702428581,0.00945050433486488,-0.5214598414587897,-0.09177665084141093,0.17661005055939955,0.15358150697270095,0.21870681214228746,0.1857106416526623,0.19544420243082297,-0.021930863852313878,-0.20191435316909423,-0.1874592021625284,-0.23107088477170468,-0.3667771378651573,0.0001730571190516154,27.65841095225746,12.442477397528352,22.860836244616348,9.74230562510356,9.244598275809985,7.763360119508165,7.041387396076775,4.010373745808127,9.176673727405923,7.719613681088043,7.376262303949958,5.763394338627949,0.006007854755683962,eight,/content/speechcommands/eight/c22d3f18_nohash_0.wav,testing,5.0,Kitchen.wav
2093,-323.96704111105123,2.606741187295092,38.67455621726703,32.472191176455084,20.463977898777866,11.333000794452307,15.776127308134193,9.53509717664803,6.050774897181846,9.917229884360946,3.8259922662536305,9.03636887684042,0.030821602093055844,33.057033073586986,17.610161235950198,9.114371470950472,12.102097069041456,3.9136885528485825,10.845829901832502,3.6662006204260997,9.69397872132794,16.810804448094373,4.447873294786505,6.052057293880389,5.133625159412779,0.006484592560868319,1.4226685587332872,1.3312053962816128,0.9754798560967383,0.48891265405949175,-0.04659387558315094,-0.32421188559861014,-0.31588282549108027,-0.6834245562488138,-1.395927632593349,-0.6778048171818521,-0.4820765583255611,-0.5407993558308094,-0.00022313052848462137,13.79785484695387,7.227028942550289,4.723394507603807,6.18810626562027,3.7655530131205857,5.783823555635423,3.305324675062357,4.540285014912947,5.966153104179794,3.7751701671076177,2.8828439200698104,2.509511017260915,0.0037543127565817006,-0.5027782373083369,0.2420395120975615,0.4875781773854141,0.13060003908850437,0.15947969667510917,0.09913210510759243,-0.19507273282005674,-0.08722729180290383,0.11180970942359719,-0.2901758605948801,-0.12186634020489724,-0.06214165896032891,-0.00021921123067537943,12.418070777372748,8.172643819134457,5.934970160193607,6.537243295089008,5.32336023669326,5.774275354182456,5.087399149934895,5.7675730855870295,6.080386132696046,4.675066697053434,4.0539456874351165,3.351021006239133,0.004215639701087506,eight,/content/speechcommands/eight/4f8ef132_nohash_1.wav,testing,5.0,Kitchen.wav
2094,-206.8206642764213,-13.669223311793713,33.81981891665827,23.17925011454049,11.270952885219428,4.030556057151102,11.220778345324304,-3.2488814096771454,6.160091761611365,7.147802254456247,2.2250156774303607,4.197633127926112,0.045956034040837375,75.97924773096568,25.97830407861533,17.44631256354145,29.935522117101293,10.560887156282527,12.601829079840934,12.863136274313682,11.038468420475162,12.784935254070941,5.75861950320928,7.188961419327784,7.074028723277683,0.019545856493059222,-5.934248308624542,-0.2721722951685528,1.1654293407127356,1.5394313315692862,0.4633389225698282,0.2918012347945158,0.9749424611543562,-0.08614783490501662,-0.5776707462218796,0.05468763390992602,-0.023512037708222307,0.4215950206296656,-0.001410522677290898,20.840523273757654,10.273232967211962,6.890157764222107,10.708060254263733,5.347014209356813,7.462015180115584,3.359329616582611,4.9400964895013,5.605597804880764,3.9684435508120597,4.087983164585457,3.8316820024998517,0.009497708142835981,-0.8828086418499936,0.30928433529991267,-0.04227743513255028,0.2249433823998463,-0.13725425266942165,0.06275145666803873,-0.13485136567868644,0.1858909146771036,-0.07188815451406988,0.09179775093273065,0.0065535118370191724,-0.1085943798682753,-0.0009821547195315362,19.21206350288736,9.665458777972146,7.61270485742878,9.916687824422606,6.028619347129117,7.527174298609487,3.7777959456012096,5.483120209898031,5.5770450286076425,4.468359252958644,4.051762630911099,4.370071056182394,0.0069925000272768835,eight,/content/speechcommands/eight/283d7a53_nohash_0.wav,testing,5.0,Kitchen.wav
2095,-220.0264706665106,0.2897489531739217,-2.9804178161967263,3.7713495800024717,6.780935606030386,9.289401924073351,20.73236190614667,13.816465608131864,6.723405742526809,1.043237924603839,12.497569588481095,21.72715430576464,0.039067195903044194,49.17661149629968,12.071961263291882,16.31554742055309,11.53509632659175,8.751850797593788,9.153938087315467,7.683495578646661,6.682893754201392,6.6261434471339,8.299960011925265,4.895658659122812,7.530049679003201,0.007533740020716736,3.534171195347383,0.5063503528244072,-1.9346279869202172,-0.9346625683180598,-0.632463361695707,-0.4537014846677222,0.20565458200587533,0.3532032646630818,-0.13898964757506044,-0.3870831459109196,0.14680090612421454,0.7716121640249763,0.000601937273336995,26.795056547415236,7.691873355795277,8.494363906380352,6.33873134827067,4.956127942752889,6.143937258540666,4.246668184390183,3.593649518535279,4.082623918053201,5.188335336948785,3.2602111722415956,4.001617969724222,0.005287042404121503,-0.5615320694141237,-0.07881165831955471,0.1427180301480093,-0.027858263358504366,-0.007878163588917679,-0.022775520095036583,-0.004824893896115512,-0.06333877851605034,-0.08641503859499687,0.04211164757757633,0.007560322373865643,-0.004928746889308163,-7.348780830701192e-05,25.582638305921922,9.592026296700562,10.1597250804415,8.490126592598944,5.656653948697149,6.501707973204815,4.7315422351251915,4.353342983996597,4.487381522846443,5.880365564270286,4.821110561472497,5.229930195066994,0.00486238400908192,eight,/content/speechcommands/eight/3f2b358d_nohash_0.wav,testing,5.0,Kitchen.wav
2096,-261.17110259143135,2.736586933025051,38.95046042748549,18.704742243889505,16.125588436731963,2.3170116562719016,5.444943120380543,7.043829232176347,5.7576703352103795,6.360455023642244,1.9880430815261745,5.414469954320393,0.04512830579187721,62.36609400879202,41.72953567767117,12.156167227074324,19.13668785892852,5.674124379535156,18.165438262572756,14.030282794236074,8.505800097066537,14.365817494784057,14.32234054021503,7.105909626514669,6.964889459051808,0.03049557673856916,0.49197082209932325,0.10062438026984234,-0.16262349191097403,-0.12689346987338637,0.019304155970694698,0.03206287676628044,0.030195783792198914,0.03863503804130968,0.4212086357767314,0.2447282708482694,-0.0006033688917122831,-0.19942834789523367,6.921120708988559e-05,28.11823061984258,18.427146747185464,9.01683309451214,9.862202626748438,4.614570278271982,8.981031563807248,8.405076737165228,5.7791894559759855,6.8969201649942065,6.737031556292627,4.173532721900035,3.994922537924386,0.012374482918184921,-0.35853837343751704,-0.16566746773290408,-0.03136902392049355,-0.05248657979265623,-0.10521520893916154,-0.0738047369388413,0.023246813102179093,0.054141855259107884,0.19947486719368002,0.07407503141438804,0.06711181764424386,0.1303848695147405,0.00010963839789231618,23.28483885613002,18.525077935011527,11.229882922624999,10.203711970729415,6.631674632099916,9.912015113835192,9.903765322782045,7.900243101600084,7.3493099870966345,6.131896158251462,5.378778785214317,4.305865797346453,0.00923314210091181,eight,/content/speechcommands/eight/adebe223_nohash_1.wav,testing,5.0,Kitchen.wav
2097,-181.31684321696378,7.172909742658636,25.196705224741137,41.839482099528524,6.134141853151745,2.6628241461641564,2.0889469280886956,4.545821212831963,7.964804788318883,4.281985692406274,4.56263453627947,6.414127799760958,0.07642534788465127,87.42171528669367,34.65769607813892,20.854346218125613,36.42376739958461,18.742956903661984,18.62327197322821,16.156958312587424,10.858929714643738,11.93031273160306,21.715459298485325,9.711844530249044,6.306612458348383,0.050762596789036656,-1.75378793199601,3.0826652562496384,-0.360439003722233,0.27919715033028625,1.0872824603152844,-1.7651722846047708,0.8553370304586544,-0.03263351352222363,0.30294353210013153,-0.6850528566085202,0.13513953534459738,0.6628477721174384,-0.00110437624877499,49.22865321409916,17.254690467287503,13.50764057866944,12.660323475104184,10.235140500320092,8.672041504836596,8.571545039616751,5.983617949661289,6.650149833046837,7.712550475719943,6.317225356829498,6.3008252452734395,0.020225287866456807,-0.004950317801186088,-0.5421699500283623,-0.059393498473793,0.4832111630511095,0.0597974717760709,0.44090579580187605,0.2930105692016994,0.08595947074925808,-0.29746188823799435,-0.14282990216481792,-0.05561131612834653,-0.22900698720870458,0.00017950957020123798,55.242657629613625,16.755790800396667,19.899289761811566,13.058250993214372,12.270948545844014,8.626921110347872,8.480852457103685,6.747231597879536,7.858326482263873,6.613119222958101,8.033677192354238,8.154829578851581,0.015016786244676098,eight,/content/speechcommands/eight/c22d3f18_nohash_3.wav,testing,5.0,Kitchen.wav
2098,-236.3583806039248,11.404959700030803,33.75048339912856,22.45794209612731,17.60913940832677,9.942914661300325,11.718551799679418,5.528865164201597,3.8289286468486075,4.74803168968961,5.058845262984789,9.130234906098147,0.039053768618032336,31.732752216141154,18.136772041593925,8.583376536287977,9.039527594985381,7.8512487203708385,6.669240907768551,6.657243502615421,9.990258546960797,9.094669098011407,6.759045970209217,5.619783779901485,5.235131568999803,0.011678376581611312,-0.49553059389088977,-0.37074612508112464,-0.5682543029031762,-0.549867456609807,-0.5919630613172329,-0.21928870329279376,-0.21591584995493424,-0.5621681742095997,-0.5089083184473799,-0.24989367277518434,0.03655223298003657,0.08043517081156772,-0.0016734014235196574,15.950345222869347,10.18393463258146,6.314647229768052,4.642610474192909,4.250912778833942,3.592358741319289,2.9570657350088037,3.056769226209991,3.7297468282751187,4.675342947186046,4.418241556757634,4.091795198169685,0.004454687075848852,-0.5718074848888686,-0.270401868244696,0.09204003526555767,-0.09664554030365882,-0.147701437590556,0.06798166471796709,0.27704429061481706,-0.02512448194005253,-0.13608096268108316,-0.07503339353733246,0.037294591457553615,-0.038628600038735014,-0.00011487553517023723,18.208266688249594,12.284617550780919,7.660609426643561,5.414759974107471,5.789272095240271,4.528992141459468,3.256497025390269,3.916122063398115,4.719145235401987,6.606970359043595,6.159815677980985,5.2022746748970485,0.003871020446547542,eight,/content/speechcommands/eight/bb31b82b_nohash_0.wav,testing,5.0,Kitchen.wav
2099,-234.09149957440985,12.289425580164432,28.66116326786954,37.6599693318213,20.200061936747744,-8.350885645335447,9.887527605835356,13.5271926357326,-0.030399906290325407,4.132256478951012,7.839095898905037,3.1749072064502206,0.07710065855644643,78.85805433946506,46.854528616006526,18.213123140726,21.54637700707585,8.772227045758456,28.378024390001688,7.316098604376351,9.240658108667656,18.627545979497697,9.60441515119848,4.757608370865729,9.6833223347651,0.04675140894688577,5.0260814451996785,3.8685624395887896,-0.36719444295870046,-0.17596521426620604,0.09687865903547153,-0.8756453946513635,-0.20376040242331236,-0.025657672476812204,-0.6098364637800308,-0.44837675734706317,-0.33762517751208926,-0.6078868531068279,0.001214804668580332,29.995665503903655,21.70265208980362,14.156325427960658,11.008161114983409,7.00106739152873,8.51473657100108,4.318256704235043,6.29880372685893,9.936480715210596,5.707124222817714,5.035626243567841,5.472440582333588,0.016757457509035074,0.7084994916460128,1.17489062667514,0.4110992083421474,-0.3149444278384254,0.17301726606261017,0.39921915883423104,-0.09070384099500525,-0.07024907797287826,0.1342766212613366,0.016761666278427255,0.07212939431339459,0.022792603765245723,4.6819821000099183e-05,28.929759358823684,22.87799066280549,17.04620609320354,12.56419078381454,8.70670388488847,8.948772842648813,5.551647923559011,6.097774314611392,12.500020986516109,7.797213932679479,7.7587463544684745,6.83711478706536,0.011227812171258608,eight,/content/speechcommands/eight/b97c9f77_nohash_4.wav,testing,5.0,Kitchen.wav
2100,-319.3870058283437,0.5439344371788903,38.47887753381195,39.50032408361271,24.02737847105491,11.233275884485177,12.332378851544796,6.915003925190332,6.728081415551848,2.1789367313039447,0.4318311780360724,8.540538756737185,0.028287351451581344,28.95219496399811,18.541446959995824,8.564657747921645,18.120575778413084,4.900311346234924,11.030303123820035,6.987459460639256,10.541744499457039,7.198160005913612,9.646389920617889,10.311540144169463,4.570580945249587,0.008610636867499214,0.39270229456567923,0.48582019618080763,0.050588415652943045,-0.05033904592151209,0.05668533855375316,-0.10258386541843134,0.25683522739241893,0.1959737653291417,0.10886165682816469,0.2432920413372938,0.3764923976611114,0.006574304982539848,0.00011897273361682892,13.228247097829252,7.082127716609034,4.651078862595642,8.258013395542086,4.689195874063018,4.963980798945001,3.5292528303662842,4.818596662684563,4.196832100600079,4.450877984677799,4.5471485240613285,2.2913762711158174,0.003545887451306597,-0.05303941932517849,0.07236465749808343,-0.19280956703950464,0.01713105092826209,0.2169492430698932,0.13916652840701674,-0.048748983771332306,-0.10598277106856319,0.09207074220886054,0.01708874940351112,-0.15040036965451187,-0.09760854349599969,7.756048192580541e-05,11.838235478698216,5.267722465987298,5.60182779515795,8.54419835276165,5.753704947097978,4.862891623469606,4.051611083304926,5.776801409698124,5.912925270022302,4.9071054214034,4.856765953814411,3.256577989015788,0.002834566068350988,eight,/content/speechcommands/eight/5c8af87a_nohash_0.wav,testing,5.0,Kitchen.wav
2101,-270.2791382447809,16.26338088509616,41.31560689745611,12.590496305116565,2.6507979972165145,2.1010504217867982,8.0474522138081,2.0257023913804497,3.5383107211124045,7.890849285843059,7.649810879558298,11.051967066857213,0.03746156278066337,37.79315797777378,26.295604864914978,8.055648693315609,5.051212318846251,15.902078640125419,15.424037475019981,11.363982392873972,12.506115915304044,7.1795381713797415,3.951209995726367,5.715570634726423,6.040611944541307,0.011369083144843577,0.781633133410339,0.4652664948436144,0.3338608381060514,0.31741786559188534,0.16013013634800502,0.15268734359979985,0.10302378317525777,-0.2512870155623639,-0.29637169417492615,-0.1570895245751672,-0.34033374851173503,-0.5156491136594086,0.0004860208399834171,19.21558929136253,12.519970900038382,4.613684808161058,3.6653991036757714,7.625386988123584,8.38165610711932,5.826072206576395,5.6739542422605735,3.2432334150683815,3.041445065105764,3.2633108965521584,3.501487422862086,0.005692679094074869,-1.125691056306448,-0.7849895733397294,-0.03979374598523293,0.2547953462116002,0.23492430755435256,0.3912245504900635,0.153431219609328,0.024438557292304826,0.06571023838909223,0.16931816918928744,0.2753538886156349,0.27721161160186963,-0.00012082277486721674,18.312905917528845,12.597968182056617,6.286067099455792,4.612406576839804,7.135790221980981,8.91061659784591,6.563027895658925,6.483957039325873,4.368198296341319,4.084123168383302,3.8928282650159947,3.8116658849328506,0.004502230244646549,eight,/content/speechcommands/eight/aa48c94a_nohash_1.wav,testing,5.0,Kitchen.wav
2102,-248.88849895281652,-3.7721834789583335,34.511594404764175,29.768634459103875,3.8973007326782705,-8.988236834230541,7.82125805634723,10.931630854821965,5.584780691316817,6.542553282527209,4.47110762373084,9.462007837382705,0.05911430445848964,81.77809502672059,31.51532971718803,15.233068605954868,21.063123286799073,24.750343768250854,24.145943582855207,10.197904856845854,11.591811681857779,13.197104435547256,7.446517017892158,4.538030520402154,7.701217772031985,0.04574111949675396,0.5022264443045218,-0.45582216582060575,-0.40873297185965685,0.07307968655466265,0.14002476659996432,-0.335827964519252,-0.405211737118132,-0.30871939576613694,-0.1421661597809824,-0.14358732590008905,-0.13268548476615497,0.39429607105982944,-0.0002927190113452173,35.12977529571704,14.320061860842749,11.773463813003287,9.961068742569417,10.603952122191536,8.923597640302594,5.6559328549515735,5.408470224043206,5.804836965058095,5.034233311580887,3.8076512824102577,4.177444362437144,0.01854242106975957,-0.35448280803980386,-0.30720210556436456,-0.026118378494248518,0.08092513667572791,0.06968324840162841,0.12527712238938182,0.12328377773885055,-0.12124638533267565,-0.1897078227971365,0.1577888993116126,-0.035613794579345846,-0.011247169652038558,-0.00022984618941942851,30.90980124771117,17.21545546897744,13.821884883080525,10.618734506630563,9.430469971387554,9.197430154373066,7.812876981953651,5.7740460090528725,6.125396586296881,6.8279819708767215,5.493255587991065,4.258604132772903,0.014102188725722522,eight,/content/speechcommands/eight/692a88e6_nohash_4.wav,testing,5.0,Kitchen.wav
2103,-250.91764029313356,41.481599001983405,15.507175389352602,16.382357169806575,13.371923052508807,8.109247077862129,10.865309921894895,16.414711933174186,15.560250953219086,13.124593597653549,10.576782563947393,7.067579083465356,0.03888686818461264,19.078868603524935,12.841893352497188,6.845995276782458,4.244271961685901,10.092413121130749,9.937838248715387,5.938492609616696,6.906580041039726,6.246536467001449,5.303298049046961,5.452999185227928,5.170546581283275,0.011040806282022447,0.2642709764371394,0.23326925095683038,-0.198063637985624,-0.15233929073634003,0.10982608762907689,0.1065027799786435,-0.14022684614136796,-0.12240090476772032,0.04193916518189506,0.29633598155894,0.2961142481133449,0.09248837652622752,0.00037137096126874287,11.744636735896735,7.1035550517301855,3.9095440939430746,3.122841389126226,6.721827972363804,6.326746762893299,4.523714580082156,5.754057057175472,3.376735408325028,3.679968294557833,4.168160398361974,4.145538346724783,0.007349818079364146,0.003146261217315488,-0.3333163769773009,0.06668354872126331,-0.008624110150675863,0.1085854757517968,0.15178944676802933,0.3356303307058321,0.03614092920045131,-0.03974640760293842,-0.3119186292528124,-0.3724317676184842,0.10244345173361291,4.699999659225858e-05,13.777139903670767,8.850570612521839,4.464930745164319,3.937534493211998,6.995726633555278,5.942752329806529,5.418416584909367,6.7990897097837735,3.982496785509219,4.274072425985085,5.1349445897971515,4.768723835905042,0.00844388570126635,eight,/content/speechcommands/eight/ad6a46f1_nohash_1.wav,testing,5.0,Kitchen.wav
2104,-247.42888917251426,29.68875415637344,44.35602380219888,24.461375602741295,12.096986665219536,3.1848739980796283,7.641893787199429,8.50612051197811,4.225848215652084,2.9760340412525537,-0.5647184549832882,1.5270982040939343,0.040767737780697644,49.73585307524986,16.823769907486653,14.267492113967974,18.074643516036787,4.8063921076289855,12.1842318156842,8.950694678519218,5.028560877426431,8.722172184070834,8.173794150614865,5.722208241425747,4.961683273768451,0.014333731899244341,-0.7741616028511057,-1.0604078512369115,-0.43222806034785827,-0.17690856175218597,0.19326944695458012,0.57645590154647,0.45107325356441713,0.08075910171439944,0.4363379679991424,0.3955388802944254,0.17065501469172153,-0.09260301323796716,0.0009886843542898855,27.966032203071865,7.634228400223104,7.5098697045045055,9.600937820773986,3.8585203164039252,6.2793331009101285,4.982416538333047,3.764286343985538,5.621954175116099,4.584675684016704,3.904531765141044,4.483985874179039,0.008516102187197805,-0.03630083097163966,0.1983152641885896,0.3784856437078098,-0.021544667749471457,-0.09579704264642845,0.09145219689601441,0.020287237423267258,0.0900109402437464,0.1774544429106663,-0.14703864936363562,-0.18141525574655998,-0.11898659877323461,0.00022427601118882496,25.029627445795796,8.19119097751399,8.260445466971683,9.003638140718271,4.964325044839849,6.525367440144482,5.138138838242903,4.582656450685454,6.871927661002238,5.242344763018057,4.766630930346622,5.573438886290453,0.00692684197873525,eight,/content/speechcommands/eight/5744b6a7_nohash_0.wav,testing,5.0,Kitchen.wav
2105,-236.6333919555688,16.841753874427724,33.448890157564584,19.786242105803353,3.469948861800076,2.850612939200463,5.310961099161599,2.0699656713168832,0.8524928320167586,7.209814608452653,8.902172616648032,11.459023611403659,0.05163268995238468,47.66515417225204,21.26881745467601,18.575672867378817,11.108760220488108,20.256930673875576,9.897313503947851,9.664560146755965,12.634597858651446,10.723672675318378,7.051370682252077,4.639704240224669,5.432418573415584,0.029176942147810664,-0.2621682914763435,0.708869087213305,0.18298542808427862,0.1346569871329265,-0.05558535410616332,-0.28197319225945733,-0.7214021230356572,-0.5978647881322894,-0.3061396144015394,-0.3100456087764398,-0.022854257786793456,0.1886337351115534,-0.0010525615765683114,19.837158614874497,12.262495784391959,9.107888586497937,7.683364333045538,9.593637777279175,4.79934166396038,5.26194209069641,5.249630193470417,5.3694875843594945,4.072375511146777,3.8130547692640686,3.334583789730345,0.011878813947658235,0.02320057209423112,-0.1297175159691174,0.18059027589228654,0.27638479090329443,0.07956555116277328,0.1498449353954195,0.38519142296609066,-0.016502275744584665,0.13631735859287078,-0.1539972401385287,-0.02284982399051983,-0.1647577830214885,-2.7904255936543147e-05,17.38463523734383,13.0079874877617,7.6512469742138896,8.643507539911658,8.49839884954507,5.337529571539543,6.133917544556591,5.533943025730251,6.686768647840499,5.048891710839899,4.841117285555448,4.188582489105624,0.008838073083088396,eight,/content/speechcommands/eight/42beb5eb_nohash_2.wav,testing,5.0,Kitchen.wav
2106,-142.34810036001667,71.04205404979635,18.991108215017576,34.429143447208446,0.019519611755998922,0.738850411081675,8.137720331937501,5.189341287704701,-1.2897807880164591,-1.02189036951713,6.502132646917229,1.209808382879224,0.09517053829040378,57.68539536652188,25.598635518579062,25.63120888471077,30.39799724109242,18.250471264829937,9.042752858038538,6.798705897692044,10.906656321333992,6.691694926302046,7.484541068253587,10.70040407623003,7.10779035932073,0.090625890712848,0.7075980757750276,0.26726521882746435,-0.21270866947203454,-0.09810708348768189,-0.1144167446621391,-0.17570865384272585,0.06802546015841711,0.1047219846031306,0.1819232777095935,0.04029201219616791,-0.2985700409973779,0.10991314111709569,-0.0002244081228010116,30.113242473596138,13.123791690565065,12.701066601991393,11.573027804379073,8.98268976459575,5.259120328919855,5.080765320449534,5.657227001131875,4.83423484227537,4.2326059813537675,6.267604410408013,4.413917775215317,0.03656025127053106,-0.1561190555626458,0.027915605833324263,-0.0417319163840484,-0.10337984827335181,-0.03251265990030531,-0.32996721281440855,-0.16403183784122877,0.040522143003181285,0.19486487431292315,0.11765861442106873,0.03455841963272868,0.15495858374561486,-9.805075824260711e-05,25.484593913493654,11.469141701640336,11.349253466617753,9.234354426706343,9.819304070824064,5.329191733531812,6.1240586061644935,5.6794076194328795,6.719475127981804,4.414732502279961,7.064441486741105,5.244021530436923,0.02436967007708562,eight,/content/speechcommands/eight/d103dd6e_nohash_1.wav,testing,5.0,Kitchen.wav
2107,-203.94797695655265,55.24195633314666,31.871310327938748,1.6665304952072575,10.874160333882136,1.2027251356135105,1.0131638300801766,4.289060612707952,-3.2408060651307062,-3.875164457521075,-4.204589686711286,7.814787901671503,0.048232204156617324,47.52014854389894,24.804768169744595,18.818209138486743,23.63065751533261,13.24986878146639,13.465534788841072,13.740496793129969,7.804130999481842,11.401908970158493,15.075579554666817,7.083698673413255,6.481981981276253,0.03399098027994732,-0.17052583487147277,-0.26889123069276794,1.0375606449161914,1.034547845378085,0.5897100744047176,-0.25510611074287876,0.14948323498753127,0.6992026304231881,-0.5678958172667847,0.30528395677525944,0.6405419968962702,-0.28046475940162463,0.0011842279084797564,30.294280150755526,18.041925791474025,9.082796184547831,11.593248298795826,8.166369932432344,6.469659435551653,7.368946015354533,4.025673524257625,6.134947500263917,7.965963015751271,4.813553352257788,4.837215196292503,0.01611920687320417,-1.01684357256063,-0.11874723755480053,-0.6178238512117362,0.2931683449767229,0.03583692624562814,-0.009418493484871402,0.4076986607685023,0.13750791328013762,0.7024131800004624,-0.05718348717385448,0.09236391312402649,0.09140880674905258,0.00017182728541748865,31.094824984241985,18.782943539274992,9.500128535729017,11.63733825523567,9.10964363467921,7.387912554907313,7.496535448235766,4.93086765979254,6.868089406182727,8.691557566499256,5.719313351418476,5.120517750353364,0.014581866182190059,eight,/content/speechcommands/eight/83957201_nohash_0.wav,testing,5.0,Kitchen.wav
2108,-253.8177366342855,4.579225225150335,42.433692340784965,29.067869582605567,12.999371060857234,1.7071070306095624,6.426993011275233,4.6399493193064885,6.2793843373411065,5.526175731511963,5.417845732533689,7.263536485722241,0.050751838251017034,69.4681415489845,28.61000549298917,15.006474812661756,15.363654509207338,8.710097914726234,11.097580406372245,6.855954037925946,7.197127182080095,7.196102560201534,9.269895467522693,5.282006988947086,7.128971406597394,0.04228553520755464,8.424462945948552,2.4100683606228315,-1.531549344211874,2.158113983420517,-0.1648363764089786,-0.49068171879303824,-0.5711289777667183,-0.5548814212663157,-0.25018621866598406,-0.7359796276255504,0.2270108767323992,-0.33712364309725323,0.0059311284773772765,26.556070573711256,12.81587266618769,10.067780602054773,6.863264695354966,4.282568282919487,5.745487464802404,3.9895981259437843,4.050259958760604,3.826840375339093,4.157957389364113,4.599471001094391,4.392554929462051,0.015222143229365548,0.5844830923692934,-0.21932754619391162,0.001380356688313474,0.2554973356002736,0.024295907388202368,0.22653268028733312,0.2722996778402892,0.06224316435572132,-0.10945912259946525,-0.22148402693968597,-0.22163995393585226,0.07129773886007378,0.00029001093159119286,19.671603787541667,14.894676313097879,12.217023816875953,7.427111728496662,4.601932077081208,6.522434577033539,5.483894881258021,4.521118803695005,5.085969898047725,5.368705819049616,6.096943121154036,4.451260186637964,0.010891754672424352,eight,/content/speechcommands/eight/c22d3f18_nohash_2.wav,testing,5.0,Kitchen.wav
2109,-279.7886013243018,2.683714896650664,45.81083085625963,37.053140039217624,13.311257235454756,5.5633160900399945,10.30649729425109,7.640566370793811,2.7567770308715893,4.83103148388577,7.678623656463716,5.781119604196881,0.038379057426936924,55.152017511983736,27.443949513601186,9.414320016509818,12.659931460906716,11.94894360716,23.85835699395303,12.744381753651991,6.455161961943793,12.015350320094466,9.971924031961592,4.948533104000899,8.480054107450185,0.010800343799728723,0.8477268806609994,0.16355567267310395,-0.5709562167035965,-0.42828517142340417,-0.13337031491964038,-0.05297871042204817,-0.47261719848691747,-0.40677278880007617,-0.26969325164651947,-0.36267226781012135,-0.26185868137393725,-0.3259699160927369,-0.0004257741233994884,24.22377148788971,15.500796532355938,6.4493106294417295,9.21136734885235,5.914890292673294,9.787802213395128,6.12198910184686,4.320807059981168,5.88914529078022,4.791329512988595,3.3513159361979947,6.006655842675268,0.004679622078461026,-0.29008636076928457,-0.20985898238975262,0.07743166416963614,0.10441254619767643,-0.0576254589914942,-0.02188077749142699,0.1316120980509271,0.2584713548394087,0.27529356158617907,0.16152227388533824,0.1058763201783093,0.2977332003314234,-0.00020497882117827734,20.311384223495562,16.30895264276437,7.018521534647811,10.543472786023585,6.723262632344127,8.524416083337059,5.9634486775909155,5.9043323526818,6.2566240131531705,4.840783605473369,4.155327782643313,7.343617926535936,0.0036463057308255393,eight,/content/speechcommands/eight/4845bb10_nohash_0.wav,testing,5.0,Kitchen.wav
2110,-257.70255319625323,-5.065949787559516,35.481441092998885,41.73617563255509,25.21858972203385,0.07127485831103142,2.9991552144162252,8.61408977121326,11.805105564223773,2.333077001226327,0.8562391958960388,9.4497345513097,0.08055952982977033,86.89169742161798,43.40269013808304,22.478149791870777,29.88724631269386,10.554099278099827,29.415892104547495,20.6990387591432,9.476672003866975,8.083882832005363,13.376514667993877,10.833707388633563,7.0780859902594555,0.08154397231979475,-0.9425745324504334,0.12153107506738528,0.48555779742476735,0.5579115053488466,0.45202596881766993,-0.5387615776451667,0.2816570197808976,-0.24184883271091343,0.14926636861877615,0.09818034438829865,-0.17624629478096815,0.39768920753398657,0.0005969759677686999,39.917528287654704,17.55696986195678,13.013097183944527,11.929722928829017,5.486552058521947,12.516449931047982,9.162026396857508,6.275454851789442,5.860354417666352,6.449831273515479,4.798107676259637,4.871898079017938,0.03145311868413122,-0.7643637675743152,-0.5292385968461386,-0.37885410575772693,-0.2547557747848908,0.1223751872047726,0.5073357681691495,0.34070418522134266,0.2414316339510458,0.32966147617506303,0.2435253887758511,0.3883650445869627,0.29449570079343645,-3.702864050865173e-05,35.587619951796185,15.655555277486627,11.45730401522075,10.606501028956709,4.891628282949752,11.794206437783949,10.383566441544245,6.90282718839851,5.866739307292239,5.953700169245802,4.86237355418106,5.347671838611846,0.02655074048491664,eight,/content/speechcommands/eight/e5e54cee_nohash_0.wav,testing,5.0,Kitchen.wav
2111,-254.73665598781804,-11.619668630072571,33.27883328733827,51.07336107102758,4.606409747822105,3.7126717771609883,15.885843872805166,-3.6729657660917185,3.537446347459169,5.264823813470267,4.233524461153791,7.93951110251358,0.07023578783264384,82.0482341870116,20.764820408728763,18.84087576174439,41.0703136914741,23.621512872302674,16.780776692000224,6.703520043407066,20.731724186371448,11.57553648404393,9.34491863869609,8.417065867616525,10.35395272675152,0.057940468005305105,0.75577519237824,0.6292817729333741,-0.22776244012400385,-0.5015963812821133,-0.030758227362098288,0.03304252655960477,0.30586768786530555,0.145156185828565,-0.2989259812597346,-0.2619414401965697,0.16829127487574608,0.24532713810535248,-0.00027491999489645807,31.807985558150015,11.981834950846597,14.621859375859632,19.736543219757618,10.618959556075016,8.670783674830556,4.015743051411323,9.355804296327733,6.009438594353346,5.644813870789706,4.258823412073015,5.502349752654415,0.022176251375890816,0.04445145420252127,0.12415128679010638,-0.008824307036024355,0.10560560021019262,0.14711752552800655,0.1877627949175884,-0.022139903944787834,-0.2067790553200125,0.030065014609841463,0.2009825915592269,0.18703458658830932,0.14749427274288657,-5.129457761843999e-05,29.600153726282784,13.42244594449373,15.328142179422816,24.64420938797125,11.206762095576826,10.019139783134111,4.728154720281285,12.189175942389356,8.681213174974967,7.212773545422724,4.95365225297565,5.737440772643828,0.015658586674983602,eight,/content/speechcommands/eight/cd85758f_nohash_0.wav,testing,5.0,Kitchen.wav
2112,-294.10364832443133,-0.5142596247177675,40.64699404698672,34.90900462100241,20.38590942038893,8.865751832807138,11.862378745568684,13.766834241614564,10.322702258791768,7.659195197212123,5.37789781064613,9.332832706419094,0.04082075122278184,34.37873217847197,18.172651537206228,10.497945790026952,16.704485612831686,7.844724824755295,14.764171658805404,6.388989216640934,3.2230251356117963,6.248579738630669,7.760533215622871,4.774604400421762,4.225444475517199,0.014808069540569811,-0.7930757523560528,-0.7534317896014701,0.30936104343214743,0.5650809962265341,0.42615341618052,0.09393415256726072,0.44925765243371757,0.28364397028794214,0.12591030379582008,0.047259850839949935,-0.00831922590519673,0.10168060512335826,0.0004216653685415945,19.913444361951782,11.690587732085845,6.45631162790658,9.017892342884712,5.027857378633907,8.678617460504423,5.01218487938688,3.2458055232451493,3.4047358381875914,4.525078494371049,3.2930939351604263,3.7969840916174062,0.007955435776693203,-0.3911953507034866,-0.1299696703217766,0.21109453405400772,-0.01791148724272015,-0.1303594339071226,0.06494739549433645,-0.055513192090041366,-0.12459213338454926,0.01129823548053448,0.05082910689146288,0.010029059775343836,-0.04959427034938653,1.4704714218775432e-05,17.6459456489287,12.71775635736892,6.954393898476649,8.628945263440777,6.682808537945361,9.276525734234776,6.112434184058493,4.570520795385259,3.812687497874916,4.7997966991245695,4.048455325863084,4.695162948522488,0.008134491900118791,eight,/content/speechcommands/eight/a591c2ea_nohash_1.wav,testing,5.0,Kitchen.wav
2113,-231.05743026649935,4.192485947800044,18.87448920487827,14.81194757086199,9.224925496249586,3.5876213722861667,9.264846796444063,5.716303296800111,7.279714157484616,6.189475438055673,6.6990834682980145,13.561746889515502,0.045456649793777615,59.68884693950468,21.55918208288477,19.52216901191953,9.928597219225553,12.873499315976472,10.094995191647776,6.956985268725926,7.096610434440705,6.260401758263856,5.480143447139617,4.883540927605291,5.93458915531793,0.0102074222572339,1.4013455311919354,-0.6123653242049547,-1.7198698425236554,-0.7064199898710632,0.28903826187032367,0.7308869407055619,0.4847142110021741,0.015316174711559442,-0.19050127439558762,-0.2340094302211603,-0.2801916792543032,-0.2295645532993883,-0.0007273140213181896,33.28354100088217,8.807905945882982,9.101416881213828,6.030440755682629,6.3833451974783735,6.381273102462687,2.8637074574638977,3.483541268131088,4.649192770169527,4.2595442582264225,3.620435619551984,3.8026430579223383,0.006896237730681626,-2.5164485979434517,-1.1091585897986562,-0.2357541376935091,0.14442458352492485,0.661045649811231,0.6301099584417355,0.017238916893347365,0.29749608997927923,0.1780100860815905,0.07631812963818527,0.12468797081997039,-0.07760553147468373,-0.0005246433118979136,31.64279121937265,9.990838124625087,10.545641210334349,7.195670905640715,7.456875554059316,7.489404888800177,3.04503628328998,4.315670165939364,5.785371816786127,5.453529039568618,4.615453874883666,3.8089977457424067,0.005868714094975503,eight,/content/speechcommands/eight/135c6841_nohash_1.wav,testing,5.0,Kitchen.wav
2114,-303.28068735470174,5.530335478071921,28.09810764495603,33.836521163664784,22.220695977757405,10.06734374863723,13.55678279756852,16.460313952212672,13.274514253978577,9.25482726701067,8.92454872169342,9.850224655559167,0.03449330333387479,44.292241884762866,13.973888626900774,14.9160456758052,12.560207769155928,10.129047951127099,15.208986376551561,9.434375739540576,3.9836165084168136,8.916339631118596,7.424963121078186,3.1529045196346996,7.23490696729931,0.008457600601906756,0.03569432475887512,0.19678907115045946,-0.06045474110910098,0.3104164562758786,-0.04573289535973436,-0.32407883096394663,-0.04952567828564656,-0.11031983363153093,0.018198899290179465,0.015457177181113606,-0.3543227437231004,-0.628514237194888,0.00031186892620978815,25.921525043581457,10.918465913940198,9.319148039385734,8.788642055153229,6.103383523198168,8.153010117634325,6.253264474589494,3.1470119135509584,4.711113100224878,4.61975230476082,3.0404167246177973,5.241328803234254,0.004256683154668747,-0.5467411293845108,-0.27308599260837113,0.012880433709715788,0.3393736918817233,0.1294021566459108,-0.1861788092559624,-0.0630401744575881,0.30227503525520727,-0.01153630400486776,-0.1810063267685986,-0.027904725095729017,0.08476619632978964,0.00012608555456002554,24.317016051381103,12.497622544741402,9.880427642743197,8.993828890867922,6.308952871574126,8.254460034959331,6.042269070856886,4.546124707627286,5.300039991699626,5.22215622965662,4.137177744719889,5.649695791399551,0.0031549245988225375,eight,/content/speechcommands/eight/cfde27ba_nohash_0.wav,testing,5.0,Kitchen.wav
2115,-304.97526006456496,-15.75487481678261,49.15958711360976,35.827390290073836,25.685570485568373,10.498441216152877,9.717967008546271,6.178675726030651,6.907612251410468,6.034949734646842,1.182255238389287,9.18553106435035,0.048333129787351936,31.537364081881872,22.394179702650302,10.185811513909826,16.71247081598991,3.4479959356012353,11.21676036681235,9.622534553418065,11.364392935196712,10.852007094931615,11.04301955671403,7.443136320938673,4.211799453986533,0.010968624137884424,-0.01924665087732951,0.07358567379189891,-0.11890476503351358,-0.13595117986117458,-0.09671742509553027,-8.231645625778767e-05,-0.06702097651154178,-0.02419595442464971,-0.09479997538218253,-0.18466115726083335,0.013127126054439062,0.09913634440890078,0.0003006692615247542,13.84054366926925,9.409053205897644,5.479796696408808,7.173574089908094,3.7467280937939473,5.593857181980787,5.407994959592281,5.078270942845354,5.983658374931397,5.861332937484787,3.8135924786119917,3.1702472443560694,0.006991250085470566,-0.26395827445229353,-0.12389261807178861,0.06469602919200218,0.21686142453682145,0.02333933859461593,0.04726467924433244,0.20041962511673753,0.026372234795704587,-0.022137728506406516,-0.05056589653234068,0.08373099334808884,0.1427482715142321,-1.9774089256922404e-05,11.491561633231454,8.204402560315215,6.820974713837167,6.424789906528937,5.092262929869429,6.2177436226276654,6.102533852786773,5.381350314695841,7.987282337882916,7.264185644391635,4.805886462077199,4.576381552392555,0.005134216622149471,eight,/content/speechcommands/eight/5c8af87a_nohash_1.wav,testing,5.0,Kitchen.wav
2116,-284.2683521628918,0.934354422208584,38.85605618290768,30.399534621478757,10.837085718658159,3.073041727120376,6.9777248410123605,6.377633668075729,6.458190985573955,6.983520836606125,9.101517025087674,7.477186993470182,0.040910397830884904,56.106066484984545,26.92380455485355,10.89643024272976,15.230727890378535,10.068427454166944,15.504388889777585,8.349450669561032,7.082294402087105,10.65914598662315,6.648296117201616,3.53493039849158,4.658594321116174,0.009717572489532785,0.6836772925093991,0.2872336994737545,0.27085161017570136,0.040684242602155,-0.5170277926830485,-0.16259399040508768,-0.15646711166019472,-0.15633305773929448,-0.31276801224962314,-0.2173722252870835,0.019345246929554586,0.18464910758459396,-0.0004062957821353789,20.404259733011823,13.056362225303998,7.648580683524871,7.618731265886974,6.276492684771279,6.0316220877033935,4.0721758940998685,2.858828576326417,4.843596229563601,3.481943352097997,3.257249664213556,2.9106270131854677,0.004486573004525498,-0.14847359286288603,-0.18758599480190524,0.04816430478872865,0.14031836892344304,-0.10771383719623641,-0.03571321948493005,0.01835166793738646,0.006355351863953255,0.09565545762100319,0.10960606920859917,0.01638957265529193,-0.014147910501238432,8.715428411960602e-05,14.826384952822703,12.552376709550884,7.234307788147801,6.662543183963151,6.7363988487445585,4.89179175544504,4.181627248415524,3.5768101798452623,5.324679821663399,3.957467443638288,4.990992910822699,4.01987293247865,0.003416338878985575,eight,/content/speechcommands/eight/5b1db3ee_nohash_0.wav,testing,5.0,Kitchen.wav
2117,-259.41053149378104,-3.736241284370699,37.30008819350151,34.93189003990538,17.21710311109789,1.0057334076399436,2.6307410954396317,6.9209812261833905,1.5663064202063177,-0.4152999369613125,2.44894683975352,5.953948795322532,0.06068552139913663,89.26863603205014,36.38692854235274,19.41130443138566,16.47915470512707,6.613057751188153,19.185139105458706,18.04098146208557,6.690693836017248,10.614962353768947,11.637913396234458,5.612103904822871,4.271359485567157,0.06615082063031913,0.30453529019916914,-0.20420883637692924,-0.25035641643704537,0.1619736763272302,-0.15548807450569832,-0.5159103496848461,-0.5521692554948218,-0.06293641403585455,0.0013456497637490646,-0.059853719785217877,0.2893965023912702,0.31458637203839906,-0.00028014026822582367,42.78932664139435,20.141295349757872,11.631230543586058,8.13648206831018,5.839204874771908,11.302578650693448,10.294910146927874,4.395556501441644,6.056415704574025,5.355490662910556,4.9584744638732765,3.365609800219446,0.027774477724101132,-1.321783087663502,-0.20154932868107245,0.32265413264460513,-0.19080705630325479,0.3694492754029791,0.45628797763100315,0.15447250384595385,-0.18840075110443283,0.28664521790687836,0.016145002703790046,-0.25315528856251907,-0.04101130553088398,2.022503564755122e-05,40.540648256537374,23.964707700923874,11.56820748512132,7.483828513638779,8.121109555466045,14.683959368244807,12.971832361426458,5.9832158357093554,6.691394811232096,5.7123102854341665,6.657872861408218,4.954936579090266,0.02014011850523441,eight,/content/speechcommands/eight/563aa4e6_nohash_1.wav,testing,5.0,Kitchen.wav
2118,-159.52968638702208,74.70589850207887,29.153497976800914,32.50113554588307,6.470062842258516,0.8084097792740379,6.962165660178913,6.9973317246559885,-1.4624915900899498,-1.4604782165647858,3.2394912504856572,-0.4795183141572592,0.07580319314729422,45.87276563008727,23.665818075267627,15.388163462755957,26.948067698982303,19.2656357484505,11.368947270274935,6.455839325601461,10.090730998886764,7.8858928162963355,3.5908129311965977,9.250582161899018,6.924540020517894,0.04845194273878412,-0.27119046341553504,-0.21796081487212332,-0.357677160917324,0.14071274125144748,0.41033391106784867,0.4971489075399338,0.039611013471775536,0.038494726108088725,-0.0477927430786974,0.2982812892688142,-0.1482503664314404,-0.0700283643221152,-0.00026088280062521656,24.09410742531995,12.465423578857262,7.6458971458733656,12.080553421906798,10.07024000026392,7.360608517502487,4.967085927789569,5.68305573302865,5.112904145820161,3.212959937770871,6.657768032394355,3.5938356867308068,0.020048036785068387,-0.6154316318874398,0.322230244087649,0.22527236359068847,0.07357415311724189,0.1255857599375093,0.18763307172560054,0.17274272268254098,-0.6935044182008431,-0.07122908725076504,-0.0473567836018264,0.030067865255302955,-0.31842341671958413,3.200098872184754e-05,21.417177744834245,10.370898524784907,7.3944764033700245,12.353411005567452,11.167837988364663,8.087791200370765,5.227518251040438,5.999137312788615,6.045970819642006,4.415967392079952,7.725943014521789,3.9179872944368683,0.012894796411467421,eight,/content/speechcommands/eight/d103dd6e_nohash_2.wav,testing,5.0,Kitchen.wav
2119,-294.913084123798,-9.581553134192797,40.829050863591654,26.630319528590462,19.78574859551262,8.544003678170217,10.827271956847385,9.596467258141338,10.165804252197836,8.140279423370375,4.207561570603616,6.309663861118299,0.021224456548225135,26.03373691165936,20.422322485234048,12.572737866477684,6.120473170767368,7.291906458613353,11.048083465618886,7.142767738894577,7.3453814427246416,6.848086556499164,4.36845942901726,3.200692136623289,3.296531830228916,0.007529853952716016,0.4627678159945903,0.3162020032409498,-0.08098404619660998,-0.49183166616481827,-0.17556165170056107,0.21842914279262998,0.16576522839749075,-0.1490748076541281,-0.27573489078690594,-0.11512041275799784,-0.016059208477541363,0.020292903705722433,-0.0001374669072608794,17.155843475526346,10.096635663184061,7.376729602964545,4.8231777580766,4.191331935157483,6.5044304873768155,4.938664163174361,5.120725183792255,4.898780121280809,3.1415672097961056,2.4499223585080356,3.142384450965137,0.003911120129730428,-0.39937890513394714,-0.2124421585423613,-0.02426616272781885,0.06221847890828016,0.05297659542575899,-0.012847029608295084,-0.11822970021357629,0.11377271085863991,0.02013983837163383,0.04168071525124383,0.09516436007872826,-0.05385913899519927,-8.032731711864472e-05,19.766648013102117,11.045992824908629,7.792984787901459,6.038145835534121,4.024909186658837,6.641528190612192,6.074124366266596,5.980304338371236,6.0900809503397095,4.366367140947246,3.076772467009735,4.793295114744991,0.003420487558088698,eight,/content/speechcommands/eight/20d3f11f_nohash_0.wav,testing,5.0,Kitchen.wav
2120,-233.98536751700533,13.379717644377608,31.328031517974395,31.057510633996984,-2.6016311450839513,1.582769049506486,6.5874817343234,-1.461158621963557,0.045081268473386116,10.100200378770394,6.096876547743781,5.709097429437557,0.09877956152195111,61.252962923757295,25.39375251028083,12.475099424267823,14.900115192341383,25.394724038658136,13.725765132944199,7.579338342809364,17.254042130947767,18.2162994321478,5.326735226928308,8.685197761194575,10.21213190089562,0.09994786749429019,0.5282458833027691,0.029435341375484276,1.2368249389414452,0.9039678093918408,0.04124024710888463,-0.17613548903656628,0.3363119172186876,0.2568680501062082,-0.0761896583877726,-0.19969868369658264,-0.5041350262962927,-0.301130309465691,-0.0005429655073150512,25.975755864328576,13.309870235039162,9.282271958948403,8.492869164493024,11.613841240593375,7.776614108458414,4.807472362086436,7.701448405832207,7.477676588063574,4.002659272416014,5.107717749947336,5.212939457486168,0.036796372523557906,-0.8484549051849105,-0.0026150525455528612,0.4383571510401781,0.0860736997132084,-0.011869748158677317,0.37026499310350053,0.03873435324703956,-0.26190879131078765,0.008628803285530751,0.3231877957207317,0.23316985474435808,-0.1154980118215993,7.597108681996663e-06,25.233405714938883,15.178489220725194,11.564480379124838,10.119225692344548,11.861913385560573,10.693116446690205,6.101155376436822,8.901620380383868,8.751845133189823,5.287729537335396,6.195485225454204,5.8857175432210775,0.028863643284396744,eight,/content/speechcommands/eight/1b4c9b89_nohash_2.wav,testing,5.0,Kitchen.wav
2121,-259.31086977201073,6.928684907349579,31.296926535722793,35.451536325910254,4.998865746692351,5.426505712661085,4.128642757824494,7.328516623745996,9.162490017885103,-0.022930341203528437,4.789622362259392,5.62027975894029,0.061467650171834975,84.91264968713472,15.612047843434805,11.468743525936976,24.444446620398995,23.97802269754394,10.924866343864222,13.639135303299234,10.722608257082136,9.8629454077621,10.632037005502903,4.387202963145122,10.322047967519776,0.03929790989682543,-2.3922915590774796,-1.0298667551980718,0.26613643637831946,0.3231728484390577,0.5178533008033628,-0.10140324427425053,1.2186805890500616,0.5230079978900266,-0.5379141663951428,0.32430763867285045,0.09758600054140416,-0.09971649249188647,-0.00022441196826196487,39.34126590311932,7.659767051464014,8.44420460363089,11.048275202320406,12.533265733447987,6.749864729611387,7.285648777032789,4.905303863741465,4.270046816705384,5.991433745815021,3.6058825126081255,5.996093923244956,0.01700553789981456,0.6398863279234622,0.32674013293972515,0.148308148836184,-0.04218603127071733,0.07290263416887992,-0.06778607802304712,-0.47587961579922955,-0.18830809503023846,-0.0232289943840688,0.09606059036702387,-7.802219480851728e-05,-0.027760665565405004,-0.0001373705764611562,35.33940909325739,8.8410262153872,9.363455565364301,8.918167957481934,13.989925256531698,6.83946674593402,7.101625380886825,4.729400230531565,4.674342182034798,7.441672832312378,4.852064006733305,7.330927146029511,0.014480336633194372,eight,/content/speechcommands/eight/94de6a6a_nohash_2.wav,testing,5.0,Kitchen.wav
2122,-279.68797836300087,-14.1957471056435,47.17752806560645,37.07940637410625,10.839253934752328,8.103047812806377,14.175716394436014,6.521040346413825,6.893176381843758,9.132455762939104,6.455759524837762,5.6716892904019565,0.04177127840618292,63.91074419346912,26.022613643448274,14.61960753338477,19.260875428058146,24.204695917072442,16.807921339735785,8.29854021010717,16.20908761644636,10.249754610438783,7.426193427904396,6.423860939709398,8.448254612343055,0.017526444306223028,-0.013919247553532983,-0.07891986122978903,-0.13403553086955453,0.07371147875464172,0.09790666236975737,-0.11902528602631392,0.12977293988198707,0.005724201063436545,0.013056108968426629,-0.07514699914296537,-0.3120395407729107,-0.4668502110834582,3.0183907726715353e-05,30.357816631153604,13.812663079821206,9.1146229220705,9.246285359980767,12.357315482787522,10.228554499135846,5.013099343567296,7.385380433702452,5.524638613233883,4.370938737029561,5.402325927283891,4.944184665982794,0.009017356520772872,-0.44585935335149024,0.04549878904160736,0.1596880652306401,-0.13917205508134525,0.2625671616968978,0.2924786433747616,-0.18090883375412428,0.011682778286494428,0.1995613231724486,0.16877587757935292,-0.033169068071392936,0.034347589259147826,-0.0001737566531768867,26.32692138762699,14.592861450173922,8.859727113755689,7.982226126021962,12.072417528057105,13.129060539567933,5.830622690951676,7.198952752569821,6.771985048141023,4.716744553163507,6.395762792352576,5.938344827353181,0.0067617377466251466,eight,/content/speechcommands/eight/fa446c16_nohash_0.wav,testing,5.0,Kitchen.wav
2123,-291.17621852385935,-0.0851797970479069,38.32993820340942,32.723405539734706,20.77928332427369,2.3319650931385105,14.226242847426157,11.633227859860206,4.165607002605881,10.63448330539705,3.268909030658156,5.941825826595949,0.05353235360234976,60.757656654385535,33.09125592244903,12.191750562805627,18.81337846119693,5.750188257796223,22.797943336716106,5.554624099736214,9.007139411272547,16.115160956325642,5.428957198567527,5.593846999925881,6.9165165365464905,0.021825211146584273,0.10479048037527976,0.4449173418847124,0.24533981315829304,-0.08978990905653622,-0.3424745341247616,-0.282591500401354,0.14576764719304278,-0.15826551560719793,-0.3172269491588942,-0.22855430558151152,0.08575495760881187,0.0908531595813568,0.00014664941737728735,28.887941949868356,15.211430009349776,10.31052324978323,8.678668226797889,4.694438105047543,10.672533188215285,4.4273885102474235,4.599004553546803,7.294931160062181,3.7422702417611764,4.221448242927507,4.296003953295543,0.00978500507965203,-0.3646571725098719,-0.27995306643054874,0.09583248625219648,0.05908494906276284,0.15993576984056795,0.16408983831283688,0.20050732730778312,0.25023618743535664,-0.10162264676516385,-0.3255309022878247,-0.1215900639904231,0.1293220543021521,0.0002182049055894216,21.60037174067812,13.816404862466548,11.678254950063785,8.619838403045662,6.104619914415314,9.080046714927095,5.6894925975927295,4.6098906025970345,7.375737187089296,4.482791668073035,4.7127258334044,4.79343111258741,0.008176005966626137,eight,/content/speechcommands/eight/9ba34294_nohash_0.wav,testing,5.0,Kitchen.wav
2124,-239.91753665613606,-4.651257186815139,28.288113079826402,30.250468370708838,10.694836603255652,2.4211580131800754,8.89114379242651,8.16448727111042,4.72366870785359,8.602995626159185,8.117956013638352,8.984752663653813,0.0539887385093607,52.813755453353195,28.999483452953694,9.975340525373209,13.202664062150365,16.979707699654075,19.40221804036104,7.938508318709612,13.39204277476877,11.595912185771777,3.73128540305819,5.365702066547958,5.885734461523897,0.03777416301206486,-0.19931224437218617,-0.05033986322552861,-0.22130659052850482,-0.4564801400091531,-0.04855825647087951,0.11803376304346977,0.09332054954927829,-0.24293364670944423,-0.49573730059563437,-0.28824635937998727,-0.3971999886924771,-0.3655287669565435,-0.00031565105722796533,26.113573072578195,13.074733523291442,7.517611223977055,6.738136900611949,7.888713193455768,9.546804159895599,4.758313144414699,6.477987185472051,6.147188749441526,3.504505741275248,3.8718682933002424,3.6303499702001947,0.017843702410391297,0.054814163119113364,0.2755519408205046,0.2533810267689554,0.13431409362071456,-0.02952394319212779,0.1005313649830186,0.10372292093281743,0.16027713879331681,-0.17967334534828114,0.05397768012573507,0.23012492490489597,0.06933571366695285,-1.544517775376638e-05,26.291620713546234,12.68624604496651,9.84766553116238,9.041081830575637,8.666551090552499,11.744561046172743,6.576735706752753,7.525710060335683,7.394747157465892,4.675779416350571,4.468262986740986,4.188541711969582,0.012524593607117208,eight,/content/speechcommands/eight/b83c1acf_nohash_0.wav,testing,5.0,Kitchen.wav
2125,-220.77140841098847,31.394976124027107,21.622644986173796,18.52695649913594,11.92777977982901,-1.0242805416714664,9.546655730719227,8.443020093251581,1.448471939559045,3.7440180808714563,3.2296967978923528,5.52905912878192,0.039493256639088356,58.835792188563055,22.10772607471969,20.66771823112487,24.18838350956842,6.6737023998450695,20.36391769994254,4.332282847584202,6.458683363670592,10.861403013461246,7.279435623558747,4.103004403858866,6.590174169250177,0.017678083389460045,0.25102950717794104,0.3280028406564027,0.1678513255749345,0.06668531693094124,-0.07979018335307662,-0.06744293102150738,0.10703636037355047,0.1844994021575495,0.12213679984398942,-0.2807274919327734,-0.1421811739932372,-0.024861902550659565,-9.222918500502904e-05,22.6688897661839,10.081005904469901,10.024542358264888,13.10699949160642,3.1540650259418612,9.86477042721581,2.9756023362032447,4.772651989102698,5.556346966497377,4.096088205751904,3.0369434562269118,4.153904607984603,0.008896099940074535,-0.42616292566126035,-0.22923223758897135,-0.11431142572267891,0.019597186575039123,-0.16936605167501437,-0.1413441001527442,0.037236392074966866,-0.049251977759900714,-0.03142130938834861,0.031205497957080126,0.006776579277264072,-0.04952405366482451,-0.00021008106655087964,20.120175408224114,10.125552417200236,9.111894065439088,12.93845803607261,3.9478812233131735,9.377498561549325,3.9824461306725545,6.340093885691201,5.901046297255219,4.18937937083309,3.981944713573984,4.900364201250265,0.007819557948935825,eight,/content/speechcommands/eight/a2473d62_nohash_0.wav,testing,5.0,Kitchen.wav
2126,-196.45135378490784,56.095353815614565,19.653482569743456,24.105477662607854,4.785511598002065,-10.17392744217413,7.238382436553431,5.654384131415925,-1.1360602346701174,4.42493730258786,5.786242160477083,0.5155266122304766,0.08527675196528435,96.89632069384396,26.34230789069566,15.700717763114273,23.41247231166698,10.83787182462068,23.5475534384733,11.72163997170244,10.164893998872243,16.162240888701877,9.014782853745318,7.723532057943263,10.719040735735827,0.04243782819621398,10.076528231406707,1.5763673720796902,-0.4303410380374307,-0.5598659003374652,-1.3512017878729934,-0.7243545044006714,-1.5065921945727263,-0.9940915070339328,-0.952696130436259,-1.5127592519617306,-0.29961931850558293,0.026127113770507766,0.0018985029309988022,38.121531797314034,13.144704311789194,11.131373842973222,13.265029476992407,7.123157138150799,11.172611574545954,7.132654203843115,5.131225761595052,7.184372052313945,4.040718595630848,5.933969264151197,6.113707525937477,0.02102250713008666,-2.456160226490856,-0.9358972067338622,-0.4468531645500086,-0.01610563759800444,0.11598627520338814,0.23907010240403712,-0.008438301616427701,0.3255772063407788,0.03609362537748873,0.05965471653952679,0.12454303938889921,-0.046477616962483766,-0.0014675913945488308,40.552062706035066,14.506594934736935,13.230468546620708,14.328725070826062,10.053894741216048,12.367941210926586,6.717969914192526,7.014075570969521,9.099870510655586,4.7973035602614065,7.537870052141305,7.478333988867799,0.023370942078257847,eight,/content/speechcommands/eight/82b99576_nohash_0.wav,testing,5.0,Kitchen.wav
2127,-267.3870609806379,26.020761460645158,35.1008962405386,40.763757435421226,10.334745934631517,6.272169752976512,7.933098143425745,6.143471271072453,3.2702646872532295,-0.7735478740544349,-4.946869397973824,5.432984884133763,0.06779373006429523,79.72114861430204,30.57792348486784,13.866614307409884,32.876686807188555,19.114182587173563,20.04735573755678,11.802231832219748,17.69125285753136,9.048028984656158,11.991614782963891,11.552628513607598,5.984043848008741,0.0539051343275287,0.7436520839916038,-0.02886236114484684,-0.24530906692393728,-0.16810638709830952,-0.08278492081100791,0.14261443522061776,-0.2864446089534158,-0.002221937633914038,0.08826958054822401,-0.1525460914299395,0.002704653055957985,-0.17596898405709718,0.00031294877971372296,36.81063347227412,12.835718977155036,6.552015470018895,12.895276428596848,9.84255126122616,8.283508954802237,6.948153309942164,6.722651546622625,4.731318009015151,5.0923491404006,5.555381357104889,3.65526670103515,0.019091194549641685,-0.5883751314579097,-0.1750354073828216,0.1775912048932246,0.22650108350891157,-0.09191332463138822,-0.19998417638334748,0.5569649760382208,0.23664316323686616,0.09464299359543484,-0.15528343328558905,-0.13969269096823447,0.21919814753335795,-9.275476137797038e-06,30.851394608815674,12.883367146007657,6.107412897613085,12.388242447042861,8.904266931762251,9.040763875812463,7.28276049006817,6.551906585597119,5.567884845872098,5.613955094379282,6.093171279935788,4.7664415567591325,0.01476058382383299,eight,/content/speechcommands/eight/b49caed3_nohash_1.wav,testing,5.0,Kitchen.wav
2128,-280.4588084610273,-22.993522240001468,24.494170627725925,46.14958763522884,14.703479348810816,1.0471701732879688,15.100614249449123,9.75005348226354,7.288154985861733,8.197552964795111,8.528254672257965,11.586035139611562,0.03811142800259404,71.29244345032636,14.714010111731705,29.228596485961564,26.298281409073663,11.595711550321663,23.01959775042405,7.413588146673429,10.117495951304415,9.444091395435056,5.720783909483623,3.97875658862728,5.257131486837328,0.0351321989553538,-0.4764134668817042,-0.30215562844640204,0.03421052478516308,0.02367746195109303,0.1375217745604627,-0.12648346529492108,0.05218324521357458,-0.1045945027969932,-0.18825815124387726,0.007813096989095434,0.03582780464587001,-0.1403325973292525,-0.00023585425749901803,31.131622591256278,8.467510990945758,13.734615195139567,10.405168507149474,7.051742179727279,10.828323925200804,5.836280132992936,5.488195415934549,4.169409143486684,2.9432862215463347,3.3713408446315802,3.30538028035529,0.014757825385396033,-0.22244260388351714,-0.09076713944822874,0.22194255016068448,0.13361326582485814,0.07883249631871886,-0.029859970415404943,0.03964228960756356,0.045057926622581616,-0.04150998622694348,0.17730002457148555,-0.009213307775022894,-0.06878232863587869,5.100804070631663e-05,24.24275569341239,10.090067956055748,12.801094307068501,9.67032848324774,7.335730130935319,10.430285871852655,7.000330664167929,5.927487673193741,5.2351141384139614,3.285537305490818,4.901744739374518,3.9541707854870785,0.010467332833929593,eight,/content/speechcommands/eight/c0e0f834_nohash_0.wav,testing,5.0,Kitchen.wav
2129,-195.6485814215372,10.428684387129136,5.8395529447761625,10.14546608246004,-0.7306126815548954,8.638716270581414,13.720505595520667,7.1196817260949326,0.8688006495738427,-1.3474597489711164,7.378282672665739,20.172945032374887,0.041218945232685655,39.1023222204567,16.764927405536742,25.23093440077665,19.15427940923059,10.338861474380192,7.913067167161907,8.449206049789359,15.239916119936408,9.212034358271623,11.572382977132674,9.250082473965579,7.516200697940253,0.007879309888986464,-2.5240756225512615,0.06772930849023732,0.4309288148161209,0.6832194689693439,0.825403915001864,0.16668202571212573,0.18217155933209855,-0.1589975421339637,0.1277865038113675,-0.07316200377455659,0.37692079654509064,-0.16268818629967827,0.0002475598406407141,20.17488278094177,9.479434383165117,11.4465825086848,10.321106885359843,7.434311333083925,5.08262444294209,6.598600464326722,8.441634568573916,4.53847756324299,5.715784658145312,5.079430446278425,4.21566907615643,0.004297722769695086,-0.7309054181436258,-0.6356362237895262,0.3690126898637759,0.34794360108591343,0.4240255919270618,0.5159508561109852,0.03116409443207114,-0.16732074034795785,-0.1271209063795425,-0.02828978204011836,-0.24817054818395992,-0.18067086874057015,-0.00016212537884712218,18.43486503834655,8.849332828234807,9.852577962480531,9.229493043406283,8.082742151688675,4.995499249233203,7.402271184522364,7.479009816175649,4.974679502464005,6.752865985463531,4.8002928499926245,4.134591200963227,0.0034172025211606084,eight,/content/speechcommands/eight/aa233654_nohash_0.wav,testing,5.0,Kitchen.wav
2130,-271.9853132386485,12.756471163853961,26.18140414315058,34.008108745561124,11.158154207725042,1.424328720666224,17.01019065420526,5.664940325577574,4.399430736982903,9.77308734898702,1.2023907987902698,6.02419206653158,0.0405052387370513,47.07124703493026,18.25272953064351,7.073199737110915,20.231548366328955,12.778273721398142,15.697391124661129,5.678697228927377,11.274198165377825,11.610320060363243,3.155900878945156,10.276766498412691,7.207148109986601,0.010024099474873087,0.11169859276885973,0.02206154301603938,0.04422609126835482,-0.17899915883240525,-0.2661880441074779,-0.09349376915574595,-0.12471930018218728,-0.23918443495058753,-0.123503813332227,0.36484484027294284,-0.15968759176869715,-0.5659991646958727,-0.00018511444330215454,20.388063581094446,7.712552685660892,5.150122275110555,10.079668434547571,5.18122634248865,6.772729308499545,3.808441199520038,6.631614823090621,6.536060522360285,3.6661181615910716,5.008705397056837,4.2709475431272,0.0037595344799427823,-0.3848585307206065,-0.04957376923658726,0.01591900574817018,-0.13598292512783802,-0.13087230125980565,0.04528855630891796,0.008790666564415739,-0.10291635411846482,0.27178971111594485,0.200262025488363,-0.027768285705681055,0.0011792169967288861,-8.625684616466363e-05,15.780019140270962,6.757215794439712,5.679167972050557,10.015801215866944,4.217649285948057,5.314320348046171,4.84695038840039,7.300924577521363,7.233204074234581,5.39721045379997,4.817536451742206,4.895139494858383,0.0033263316833709823,eight,/content/speechcommands/eight/283d7a53_nohash_1.wav,testing,5.0,Kitchen.wav
2131,-222.7878105062593,45.34917420149053,25.499605842592807,34.61239947275868,14.144062792653184,-0.040285197055696775,11.388372181387492,9.85035634524905,6.009389877431458,-1.7913440514156227,-0.5068351039488734,3.6748262873578,0.07949943345738575,81.62620766971783,38.409465561337136,21.106346527088462,29.365311789766075,11.740166270569537,20.193590601219196,12.476480755959452,13.804446536684013,11.56345929547564,12.868874057303294,3.4664646458195785,4.737242484801457,0.06588417671801117,0.6875661335883392,0.4463736576642642,-0.12283706017529684,-0.6524255923190244,-0.5447664731833405,0.027942216759642476,0.7600743942345879,0.7114583100224393,0.47474111091893195,0.16718329292145998,-0.10384885781638702,-0.24646501293861145,-8.318453065810665e-06,42.98657544217599,23.93558924887427,13.075958148781114,16.90810652261729,7.4616210595014,10.250159707022622,4.665757668412106,6.383666968696352,6.062352503278542,6.084258822161766,3.2098523975400606,3.5662174981666523,0.03409866403680221,-0.4886214406154579,-0.14011298848183493,0.26468693761257583,0.25588305999713395,0.03389336700781668,0.03400255984368214,-0.1263283031012203,-0.26197372794345575,0.07976772769586198,0.09115183056810867,-0.003131532075390024,0.11272730004368074,-9.07648354768753e-05,39.66806572522192,24.61346478254129,15.257525285708406,19.964180065097644,9.334483407624873,12.650803415421793,5.86625337218726,6.517816583897268,7.661425713523281,7.197988759085765,4.393263205041691,4.881680335705243,0.032286455527642276,eight,/content/speechcommands/eight/e1469561_nohash_3.wav,testing,5.0,Kitchen.wav
2132,-322.9145737889627,-26.167686604358305,40.524456240500925,27.03098327843259,20.70284498561879,13.277222068265083,15.599636670908057,14.526937218304393,12.31156800194675,11.15591430353956,6.794931328483731,9.564996707008067,0.02667709646630101,5.119397576552376,4.282495320980716,4.101352388760557,2.6783316398992683,2.5281984892337253,3.4031411514469636,2.518642233306494,3.1274941628552178,3.7615215899322605,3.065646402773262,2.4945385734810293,2.879626566602432,0.006425472666400383,-0.5864130327913277,-0.28274185289895587,-0.20935880451053016,-0.08947313174402068,0.2691501504099933,-0.16750281660363822,0.0754735821076171,0.07877703764082788,0.1817361296833953,0.16200546995487516,0.18688779872945716,-0.04203928873197083,-0.0002953315814656596,3.2864547699648594,2.771456469824359,2.7733208319379026,2.712253544808024,2.6015827066758472,2.892355566360661,2.525423880193293,3.246496771879666,3.2034436890641445,2.5053924742953155,3.0067025866697397,2.9438743963741105,0.0038800239737369806,-0.34180926669462414,-0.029912546108819407,0.13236171366921307,-0.008875785656325519,-0.07988223701949455,0.015686244251759913,-0.15528560075936326,-0.046526147354371085,0.466264944541099,0.30780249915817703,0.024447532008831038,0.13723811807476158,-0.0001803593710064888,4.249064841324372,3.368782189117665,3.6241473552345687,4.012341572543115,3.480873141885996,3.515964105267905,3.5679081156170818,4.966868505207666,3.567811191656826,2.8608861595072916,4.1332576534807,4.715915072761935,0.0030584393128231073,eight,/content/speechcommands/eight/3f2b358d_nohash_3.wav,testing,5.0,Kitchen.wav
2133,-302.76817910301884,-11.644136331307958,43.8427440091308,35.334366559126615,19.346369502183418,14.999738316544567,13.550233889768787,7.080080846154494,7.056625196818354,6.108317367776457,0.8166105901678504,7.771542266052092,0.03601214295485988,26.024462800942906,16.60072568495403,16.272514874131446,15.805285139148374,10.593990647004643,10.431984331031586,9.026802951924077,14.4976046320314,8.161768190361595,5.793764769892235,8.975037856976781,7.054106896663171,0.00920291869490508,-0.5787348858835215,-0.022917112612654316,0.8597891430764686,0.3127321211115869,0.12884520417948947,-0.922255469553775,-0.8917381648368221,0.7349471712268496,0.7753626570729406,0.09524766207579904,-0.31496392752700053,-0.48051739152605516,0.00013194365366812674,15.027843814193153,7.842703615553745,8.38866394108977,7.173482506390539,7.71184949587575,6.407787960489989,5.134582538918858,7.084743948686844,4.712246696681891,3.860891385710813,4.210342250405893,4.65003778556029,0.004466005877774833,-0.10740264375118234,-0.3624706096579525,-0.14013879673470164,-0.14263236492114342,0.2118105418087931,0.5090271903936474,0.32278598119890195,-0.33113615361462434,-0.030240280840788298,-0.07872325688435522,0.00663769377019537,0.2172604761093062,-0.00013428150365749994,15.86340803926691,7.466365591916453,8.96898371503398,6.797908859997495,8.672242664028278,6.798733829826829,5.13834709955394,6.942611276992391,5.963482543745414,4.656129663523941,4.233052680760757,4.871697287099161,0.003196266402737581,eight,/content/speechcommands/eight/aa233654_nohash_1.wav,testing,5.0,Kitchen.wav
2134,-228.5922386390281,14.961021654149366,39.8866045882891,34.39769984914376,-2.0835075310283617,-3.6140250733831034,0.7051460553852719,-7.008342328925363,-4.111890472682365,6.901759709255243,4.353118277764674,5.593187242089497,0.0728990078496281,51.68511063323017,17.58322342411115,8.491873518975417,13.388516126081294,21.217826218554507,10.532686241709628,4.292403505134207,14.08157192073914,10.857486909484955,3.4637374651185366,6.844109563468294,7.48210903729363,0.07231409022748433,-0.10847803766146244,0.469415198867101,-0.413851731641737,-0.22488240863086587,0.02899400399733596,-0.19947178140162902,-0.13007216536124408,0.1567393183808641,-0.008555126655653418,0.1841768644482171,0.26613194115843486,0.0878048286268371,-0.0002043506791514735,18.734767761545523,8.853903564514388,5.220250667182325,7.010884441254786,7.954459945380662,7.0172007309716165,4.162353813905475,7.005189161727509,5.8690301977207895,3.373575529602555,4.73002486192202,3.384688543790427,0.025374428729100375,0.2382882540016008,-0.24533034528534467,0.09549994177451875,0.19553359446606855,-0.02493031581232219,-0.5213093514060736,-0.32025151044052846,-0.2739901744959854,-0.31084981350086327,0.09535380172374748,0.33965676866446515,0.083360012615892,4.8595480620861053e-05,17.56480435570447,10.087640933869618,6.578949821147045,7.785695207931963,7.955677015795439,7.9410493417977435,5.57604795144804,8.395930876656303,6.669870790837052,4.813488568284096,6.954909109291006,4.27651709518223,0.016672506217159863,eight,/content/speechcommands/eight/1b4c9b89_nohash_3.wav,testing,5.0,Kitchen.wav
2135,-170.7690429538261,75.07635262377977,31.208498586638846,21.864198708750255,13.81060359667336,19.099421037512187,16.84777003968003,0.15089350479096675,-2.2450799329099036,7.238404208515458,6.8552217522444465,6.518471885288401,0.10511960578151047,69.34551631274346,28.911411928232294,16.76410420044698,21.40320087084786,17.119988615896606,20.835736151584936,11.263148972551969,16.309733423020628,8.67157486232031,4.180157370485486,7.901116209866406,8.159296527813709,0.08996820726897066,1.95561033720211,-2.632608947911876,-0.5225896103872067,0.9990524786343508,-0.423824367680719,-0.5138255716162078,-0.6110781703220304,0.434788398039963,-0.1617650629589294,-0.184880816322216,-0.4812427132278312,0.27314145333878703,-0.0006227929505609697,31.469107888179273,11.919390499120063,9.968016136857154,11.118574073213022,9.39996654263826,11.1010068015369,6.166696261845242,6.515122641373868,3.314303991441101,2.9098771444142297,5.278253047375954,4.485317539640511,0.03414104575109965,-0.17885183270001193,0.1337222443109996,-0.38329396169064933,0.1556718312361052,0.21347131456226495,0.22180030653430444,0.17236845533928385,0.2932753959052106,0.10273252424797256,-0.058387597845406154,-0.39262787727178833,-0.22321630706258475,0.00027863246699174243,27.53542953286418,10.915541592503397,9.437296996819292,11.76041874774747,9.695847230208024,11.357409182645386,7.1234457319755675,8.028801321246368,4.240083744023064,3.6163330403856606,5.598757676659067,5.555254600578552,0.028044952652415724,eight,/content/speechcommands/eight/9d4bab4f_nohash_1.wav,testing,5.0,Kitchen.wav
2136,-304.6968899056774,-9.17289417056046,48.51312968529402,28.001086769655245,16.75478607372862,3.7661550522949065,9.319165292177914,7.727126064665082,7.143191433374629,7.789549608239542,5.63000629565474,8.903047013228711,0.030019690369954333,40.25001971263662,31.489974873827727,8.07580640293232,8.846799969959857,9.217970680987076,19.57854641607843,10.600413698984251,7.911037017440896,11.816398100001608,6.762578674274975,3.9690973461809858,4.501723923242007,0.01037026552778845,0.9413693650953112,0.24003429750980074,0.35616896752621124,0.5032946784013147,0.08625993670379946,0.08622342315566058,0.13217394086287454,-0.23405137695250836,-0.2617585051691502,-0.22217707241832144,0.15368272613663572,0.009271283072650769,0.0009778099014393746,14.408336213388361,12.513024807577676,5.720131511749902,5.108273640945546,4.846133835630262,8.111428142769356,5.222918337726985,3.489017351794156,4.595457943199246,3.7912873910590377,3.04205245180558,3.40461491217433,0.003165344778134013,-0.9927306597697206,-0.9932481556391056,-0.41886193501549324,-0.6027774760887605,-0.12132845778814746,0.5283151155829534,0.3528710757123366,0.20938155473203668,0.43691230178792695,0.46891784648622653,0.25474600096645683,0.22712196083909741,1.691458746790886e-05,9.855502026217119,9.812718176001763,6.827242146731293,4.968065432667603,5.30540336342361,6.921549150096964,5.386016681449365,4.583122926292463,4.122658164051314,4.351866881077874,3.929126702563454,4.394830949131748,0.003063353792610152,eight,/content/speechcommands/eight/27c30960_nohash_1.wav,testing,5.0,Kitchen.wav
2137,-257.9841227176482,2.3554147842347746,32.349310674198655,24.00331753147327,14.243056897899818,5.994821791857432,8.417331732912853,8.276493668997105,2.436073277192577,9.168438768329937,9.222840938115937,7.845643343663256,0.03289607330225408,20.308434567297095,15.802068268665488,13.05687021750808,13.89159447058982,5.203683261783224,9.61993023903049,4.497974460185177,3.2292117483470753,6.93797165016029,4.658263438037285,3.1522684017429956,4.120579713389936,0.01409783804093642,-2.026452464472001,-2.0274122531180447,0.39250012065600565,0.8015938095564116,0.46876821360342336,0.31686795883158314,-0.28957498805947995,-0.20019232848058474,0.2871045911896505,-0.10670632900346763,-0.3791200352752452,0.08733865836526605,-0.000593501488091769,13.341381292544611,7.459217432951444,6.929711602890415,6.66011650541903,3.626785017006374,4.9990059415375,4.283695696657632,3.498620159458321,4.340539766586978,3.590956162597064,2.93716679931881,3.62736822194027,0.0050601539052295315,0.0351852421220553,0.09688020823187712,-0.2454609628090221,-0.5223897009762928,-0.21840524593410968,-0.08074930371979662,-0.0773932572583803,-0.2039204453586312,0.15275745298916396,0.07770264235246456,-0.23699498244350298,0.05053899541791791,-0.00024177617608354642,15.196295133600168,9.097446700591865,7.3915475727614695,6.630708932491005,5.0059028042584295,4.725910207278854,5.853298924462839,4.896896522228774,5.371538489950676,4.611020449873948,3.7512919530389746,4.652314327801626,0.0038513347268402825,eight,/content/speechcommands/eight/3ff840aa_nohash_1.wav,testing,5.0,Kitchen.wav
2138,-287.1518339763322,-1.298944378445134,42.7283262709564,44.00773866058948,27.0265077010551,6.237451865508833,14.922873151321397,11.470914261263044,7.188315164467587,4.803398352948426,0.2910142786524552,6.584967389077619,0.064101608004421,75.16927707339896,39.813869410957594,12.39499444895295,25.629132642541073,7.259536913462201,19.28689422500855,6.9710857065859875,8.335707037297729,10.522724057454807,9.839826396340264,9.75461648965721,4.484700081568133,0.059017025056504545,0.6026765224628966,0.287671826887896,-0.06839018204356186,-0.20988382341876846,0.03795839999355759,-0.0911945104947479,-0.019767507416700466,0.4331710308552409,-0.013738311258006035,-0.01489511813559159,0.02086977282820572,-0.0400696555653738,-0.00013321626090234326,30.911780734451263,17.184050186149616,10.825691249444086,11.896153031348778,6.029860009306718,8.83198820341909,5.092693109803441,4.5043831603184215,4.950168376073989,4.997970836498951,4.900438730506632,3.098326692129871,0.024550803446177955,-0.0037239674509748967,0.2787308252585188,0.2495389086804586,0.43030206734247767,0.4259699510893745,0.09126804632540507,-0.13480128852342865,-0.019406269058985258,0.032180112373566,-0.05027150225255988,-0.07846296895241801,0.020956184192812487,0.00019509649525086085,23.892011615902057,16.94773348255599,13.25635584140711,12.573124377673768,8.57294859439788,9.092545160978755,7.447510179171772,5.6039061141838715,6.210766152650678,6.380872887884293,5.445448900280673,4.224365790731697,0.01762884767370242,eight,/content/speechcommands/eight/e41a903b_nohash_1.wav,testing,5.0,Kitchen.wav
2139,-309.21227413707635,5.417005559467675,37.76065350054683,28.061035749779027,18.069600343615775,9.9233042500105,12.958868331030622,9.639446639761129,6.443882144167475,7.951001605973879,5.49270512811629,9.660435946441192,0.03949065776842256,29.565295154161827,20.02567829684466,8.89788594606176,8.49721664794096,9.892508268997181,10.18073253463661,7.345318384149295,8.678349414161204,9.091198616341138,6.424436970662583,4.2933762570277105,5.761346143359182,0.00858326720557865,-0.01731221637477726,-0.06939328910758101,-0.00907775694298228,0.12311016241780237,0.03397027716288304,-0.2053882729815332,-0.06674800954183838,-0.07102836277853974,0.17244618505013018,0.1593985237751384,-0.32073320454096466,-0.16374006249291273,-0.0004399718095858892,15.520667294849016,11.753845505517829,4.416923695626237,6.299468207079425,5.915576697892812,5.534524814973694,4.788312164102183,4.8470426068454655,4.964762802879102,3.0818657736689925,3.2600927981442864,4.150521429922573,0.005642974593408236,-0.3663465440193716,-0.0297796068960896,0.17322695503046576,-0.19630424171368885,-0.021726912433614746,-0.05672108223895692,0.2623454263827758,0.4608027136534995,0.24070856849447952,-0.00582800739828494,0.14296900722522415,0.03922341059210358,8.536310031496245e-05,13.903895260424987,12.200162147441501,4.237266871882257,7.118528557453697,6.020975782597432,5.713318827088498,5.749122840138162,5.2527140744638485,5.6010720183560245,3.029796149757012,3.5186069000008504,4.6419555350485995,0.004651405158039147,eight,/content/speechcommands/eight/7add4c5f_nohash_0.wav,testing,5.0,Kitchen.wav
2140,-259.50797641747783,3.0439929218948123,26.489115445029306,28.99422587027488,15.30530642015688,6.106359806647783,12.00734278598278,7.305713860449392,2.2065460960725938,6.73094138598299,-0.2711959590797762,5.698894957329546,0.0355756608187221,29.034698148515663,25.941345014274557,15.750976154909791,12.763550741979602,10.833792470366413,12.518520286756406,6.04325152780445,14.683708529419514,12.748865607091574,7.083761199671662,9.11699411953698,9.174928877344959,0.011741904723964035,-0.39325538924132647,0.4420521473717156,-0.024179580197483806,-0.06883766153651329,0.039979704595589236,-0.30266880308303207,-0.15775815726269998,0.10900652494166968,-0.06024709449839911,-0.175515986967992,-0.22413765565219299,-0.002769879349276606,-0.00024510048810512787,14.180805086180046,9.262088037925814,7.622865236931304,6.57913827046177,5.64828651255149,5.901588917174707,4.853864319493891,6.461710069732774,6.906795563533124,5.681625585649571,4.531896548320292,3.949872715310081,0.004686769074850045,-0.6704562712337501,0.1303881267573228,0.1036497798677359,-0.0005334687864805806,0.014631634546797005,-0.148766212793535,-0.08141861696277146,-0.04124658233458885,0.34593995368815456,-0.02300060807879074,-0.09125013859115166,-0.23721205580934987,6.822745005289714e-05,12.807928782925607,8.6926650104262,8.856085332542746,7.0035561764739604,6.1460474522543045,6.228198792895993,6.077053038239248,5.7588393993609035,6.884028518158548,7.667275972387966,4.866139142977565,4.626545099426627,0.003249636097596635,eight,/content/speechcommands/eight/1f3bece8_nohash_0.wav,testing,5.0,Kitchen.wav
2141,-303.5510682429942,-17.766471015679535,45.213347691137464,32.39476888149542,16.239994572003333,8.056427225600288,15.957743635565564,10.715947485173857,8.585290668338853,6.9281728846265915,4.880718211960856,7.768046224169863,0.03453564364463091,41.13648430106728,25.063940681420757,6.909013313232509,10.051639562558078,9.614186693679171,15.728522123201618,7.375841133749129,8.451126570263527,9.722606325775704,6.741611292507383,4.756079528131405,6.228570427051388,0.008999681394344209,0.6428672672207764,0.24865615192460186,-0.12196326002181113,-0.31163136865715735,-0.3003059632140912,-0.3024866276275127,-0.586658756186659,-0.24208529484080604,-0.1975614429041452,-0.14826063399472572,0.09036423661663152,0.06832555747684765,-0.0001784356371048958,17.49192155962623,13.08559837939187,5.577646763888212,5.509813546920972,4.838963890204383,8.412104501438186,4.035356097005803,4.534129022161688,4.930793571362073,4.278415867668286,4.1124297680348505,3.99051020098893,0.004946825421081489,-1.0740876147203096,-0.974571248150583,-0.37295804855148923,-0.22064134265214505,0.09946323149975597,0.18435111445166938,0.13060253072660993,0.0920797162467329,0.3043043168397324,0.4941650218964826,0.519939316641436,0.098869643785901,-0.0005157852545380592,12.998914472810245,13.754870969335249,7.375043983612163,4.438175072840061,4.703603364333092,8.392906692530728,5.578089374201798,6.359704813092424,5.7908692888900255,4.7594143377195195,4.796078687735895,5.159806649440312,0.00343779007894809,eight,/content/speechcommands/eight/62ff07ef_nohash_1.wav,testing,5.0,Kitchen.wav
2142,-210.97089930778344,25.125128334310126,41.08507663626841,18.702173672614713,-12.439005577656317,-4.2854852788833355,0.13294484650279714,3.382855716452009,-2.9381177847765567,4.873145920152179,9.075006555483215,4.03974505027357,0.08923659785068594,84.78277233992127,26.341895139001153,7.72838703440106,19.101717061804397,20.485014601317502,24.03679093610399,11.760953825191962,9.8736119095354,17.2256986342512,7.436367995702192,5.456443327598985,7.627464087145424,0.1163216437214299,-5.463172212772043,-2.4853390866475342,0.24614483860736597,-0.8730311706168034,1.2911308042916814,1.9570579314775303,0.4509319903848369,0.02846564312850751,1.1171826154191051,0.529125099014881,-0.4570740276571191,0.38351777035986245,-0.007204195814988305,21.729483535383885,9.863050485766097,5.0028872148498,8.222051938314088,6.2144656289742874,4.818291408892334,4.7518554365743455,4.838374678253858,3.8731523696373444,4.455388653728438,3.2534017800269406,5.052076277857214,0.03247902714905621,-1.1914753757280485,0.23231409347033932,0.18151747976214166,0.04384048254799643,0.23062051630646785,-0.0029043627528034873,0.11678526982303768,0.026530717054571572,0.01668965151236114,0.19229499245136872,0.03934204646135117,0.02785581517089343,-0.002371766573439042,22.04071871906873,10.03551545501267,6.228059017066664,8.483255491658152,7.187276822242325,4.119448181146323,5.244187630917896,4.189608041410907,4.738224336646892,5.556291894907332,3.811772181498813,5.662182469500173,0.020242641972764746,eight,/content/speechcommands/eight/80c45ed6_nohash_1.wav,testing,5.0,Kitchen.wav
2143,-193.89062382564322,25.080470857837135,-1.202549510102001,6.809926418841373,10.579467721422386,9.728339850411887,6.76486563191375,-0.09718022901259016,-5.481393685965582,14.011382953784494,6.4202428817956925,4.028440773924065,0.07203679421218112,63.62365554376175,33.94177196268883,23.676667407776247,21.466936547899074,20.492864227658654,24.237205394592987,7.657038398700263,13.441430450381167,11.173851193874297,5.996838602592629,9.787384720398867,8.944415629346233,0.05129166045260213,-1.9010101161491597,-2.874480979067521,0.008443484849825707,0.6214734274890572,0.9035178341996748,0.5344432738287949,0.38655239932686236,0.7308080647760725,-0.702929042483642,-0.07107045981560844,0.4617854463954592,-0.10306891191145157,0.0006408347718177303,27.1904993931402,11.978963754312192,11.188792675942883,9.48039811736839,10.363066215749317,9.708205119499544,7.0879039008440765,8.702137517548326,4.941429468552204,4.887015618012324,6.7842444518996174,4.668713536867309,0.019676846381494077,0.05291839050239844,0.20689003876337939,-0.15710288977843276,0.15549345999554778,-0.15186197446562158,-0.19412090480674687,0.4911574969790614,0.13475994000480335,-0.11370715665754277,0.05101012468308941,0.7599093803943056,0.08589290911153911,0.00020296288033326467,24.673808103653727,12.372341744715387,9.288102721090741,9.440876477360506,10.689304460025337,8.744742630422769,7.78318255022306,9.124148957097647,6.3142313282491545,6.351665846965801,7.447750217254589,5.9840754579655355,0.012473093613032277,eight,/content/speechcommands/eight/798f702a_nohash_1.wav,testing,5.0,Kitchen.wav
2144,-309.3745031805646,-19.552495151657,49.34999009727083,36.56794730032654,19.28130085016398,11.07009830342082,10.342371494875431,4.365086892326099,3.9359482467246836,6.618685095159762,3.1479793592832297,6.5234817070977265,0.035293857858050615,24.611944755588357,19.691664086085726,17.28468471109519,16.86013712178914,6.33737268255696,10.015891325092076,9.688377642202136,13.479159224071854,12.851746072669126,6.075701499661909,9.110732674339946,7.412613840923618,0.013594137353521867,-0.03382077676388184,0.01419236757905559,0.6123375600975212,0.6243781084415623,0.1140012146705326,-0.1099641240000132,-0.12316072558565914,0.22610321624897364,0.40815137842083954,0.13657993660866663,-0.18991183561095,0.05619621413746884,0.001933170061918997,10.16592912879297,8.13039833222137,6.605037098961482,7.173526339368803,3.951669944133102,5.882881320881483,4.997705715376419,5.9746467959374705,6.067683355418277,3.494161343292837,4.129245555725763,3.800140657199427,0.005543705979103442,-0.007238951531741122,0.27764496413325557,0.4445228591499156,0.43375930790580275,0.36162200019189594,0.42495230824622043,0.2595916415076742,0.06653558473790391,-0.15074733574726504,-0.017309656358579388,0.11137988922564407,0.1600632699171386,7.775407284498215e-05,8.86186826018706,7.290759044665429,6.1654532765092265,6.864412603188162,4.231161718939936,6.247250015261003,5.48445555672875,6.330763246980938,5.817954480115273,3.9201363496654307,4.145734425580076,4.354118340569453,0.004791780295306847,eight,/content/speechcommands/eight/7e1054e7_nohash_0.wav,testing,5.0,Kitchen.wav
2145,-305.7016676146974,-22.77442475021042,48.33433274557068,33.5559635674863,20.985136998933488,10.480171942520506,14.568442795778921,11.359900237042215,8.27328038898128,6.7346902558141535,6.866393820451533,10.249106550793353,0.027188864376010567,18.515119411114032,13.245415176021071,7.955130632142362,13.224402852758784,4.159786448907557,6.860857465732927,5.649577709763471,5.693280251211316,9.44245583344157,7.20743990888687,3.822094907514203,4.09959104031455,0.0068930562670052814,0.8290910064054344,0.2495672009195773,0.1345800448518233,0.09971268638003927,-0.25889594430336527,-0.09101271959643831,-0.24361156881743024,-0.0001304688655716646,0.44342854325491443,0.35626934997707105,0.0617647040822714,0.11866603151487373,0.00023983771513615335,11.901049941386606,7.286733992406987,5.896793959347692,7.489815515198095,2.973146168323867,5.133500466730538,4.395809731758812,3.772103140055542,6.125147967775402,4.801382667564116,3.1476191929128596,2.937947772883576,0.002678678522181162,-0.2876442127753783,0.1534061937465724,0.13000832149781924,0.16550938850852293,-0.09091375291749725,-0.0633472115634265,-0.03990423253136543,0.0011581716468620083,0.11917739739675669,0.001567004362593099,0.07146678910727282,0.11678229208668572,7.909736423580735e-05,11.870938077296604,6.85858287209486,7.020548050753589,6.514514029851277,4.311328959533249,5.494959882641291,5.143662144943863,3.9241672947029884,6.150147221080517,5.878459536755783,3.9992718905898625,3.6131903956915696,0.0024296591419085203,eight,/content/speechcommands/eight/d91a159e_nohash_1.wav,testing,5.0,Kitchen.wav
2146,-265.6566257022136,19.96574076802368,44.425336200930914,23.521441913198743,7.681214776963618,-11.205316355959631,3.494934358989607,13.613518696689148,11.76366341767655,11.744534242844725,8.906748423519943,2.8429797660317213,0.0643697659834288,66.15773696481234,44.33373554589278,19.893256679770506,12.715324189202763,20.616934069621138,30.467549163551716,12.980017018379082,10.73253958357309,9.501223247169023,6.473012247035898,6.2427632185470845,9.266398190693256,0.04865485936168289,-1.4391750231199525,-0.6420482351344481,0.5971213320657982,0.3182676258749689,-0.203463168047356,-0.33424982861107866,0.14253129403488712,0.3011024592171264,0.3878798022470724,-0.1610528828829611,-0.27915268557289674,0.5705081864993561,5.378826491294369e-05,27.35364843821998,19.20701328832084,11.605026117237676,8.307900089567172,11.314819626349475,13.627248906407587,6.094076618660337,6.730267142060707,6.851627529100387,5.839066151508936,4.0005605684409336,4.640891655222371,0.018219216275618497,0.11323537114766206,0.08882854758276947,-0.19313801437997757,-0.011969125480941638,0.1297739393515783,-0.16136938520514404,-0.05526522460818484,-0.023396799727172575,-0.007101034576634173,0.13181033181602075,0.2995084275321362,0.0036439146720126086,5.417441328366598e-05,22.30295970355461,18.487462581990087,10.53775983313623,9.588249024644712,13.50136737682724,13.01116256881989,6.385437790802135,6.709883842588152,9.520023188013035,8.586979168898049,4.717236886327884,5.16718560553301,0.012647278946430467,eight,/content/speechcommands/eight/5e3dde6b_nohash_3.wav,testing,5.0,Kitchen.wav
2147,-208.39826898245533,-9.929502862876362,11.501983131241436,46.400753670999755,9.132159828946307,-3.361749880379807,-1.8899370326027007,19.6268140500613,8.35418698849924,-10.071104577000675,0.39249937578470884,6.23145615644061,0.060041821270715445,68.19566214882853,31.116331796785225,28.432889325908917,30.46446141383389,28.72462762206903,11.068985682664483,10.620748145970335,22.636097274485437,20.390887614875282,11.689666365193464,10.060496281769693,7.223428554418849,0.054639928609002096,1.340897247472591,0.519487161305322,-0.27855033324220135,-1.0933123663403024,-1.1816099224588716,0.20192756696434036,-1.0527248651872945,-1.3024356119957874,-0.2272757711828857,0.10921630718711868,0.7135210134296804,-0.10478956770446518,-0.0004424321795663526,39.81690726201025,11.649024786060432,13.280449194650542,13.224173602822345,13.76752077889125,7.466102230164228,7.193542252386588,7.927439865321164,7.605273199126942,6.782972985058718,5.9367367499660055,4.929915592565139,0.021444810691366323,-0.7723951300516262,-0.2227698828734043,0.15819843069625888,0.11716233925707525,0.28010761992839656,0.4288800237767736,0.48285994395590637,-0.22413342535347155,-0.0830513539092736,-0.26194554752774035,-0.48362359072562283,-0.246714670215636,-3.039495398600896e-05,40.06892864722921,13.604765974509855,14.688947285940275,14.5121926665935,14.601276928012963,10.090147568459395,9.108077843803478,11.743565284714968,7.795099027040476,7.2870050967759115,6.214136171931599,6.769439650492118,0.01564219663552745,eight,/content/speechcommands/eight/94de6a6a_nohash_3.wav,testing,5.0,Kitchen.wav
2148,-193.74668512168336,36.858964413953494,28.327175195352908,26.271670585584566,16.04525705553837,-0.7003849990111072,0.7377778360687761,1.090371427323293,-2.7027627862171824,-4.9141387392674805,6.172015553291606,9.475927967868111,0.1415320748637896,107.71234866282289,46.34493621729792,26.637763564513673,17.146689060030937,7.823088588182433,11.312388900949905,10.93890963896776,14.06739445237913,11.964555992048432,10.036133075686969,8.428919094265535,7.765415983783625,0.16515122743419447,1.242735063773457,0.8085068387771182,-0.17185964269452755,-0.16877553699175205,0.07352379188185054,-0.2761720960658613,-0.21280194113123732,-0.22746923126182553,-0.23635837969018844,-0.7050025711142427,-0.5354729635733876,0.03783369422978956,-0.0010285180422567551,49.69940948329988,22.963164698455923,17.002092092031447,9.395083205609874,5.905371866420819,10.298252140623353,9.096564755361182,7.377451562974468,6.570226634636812,6.103839823553088,6.144195767965181,5.1889330959333995,0.05443493533557621,0.1665147782231955,0.35410958078266425,-0.008944435377723181,-0.0019471795812897597,0.05429632214673272,0.006027965606853518,-0.17843355766396768,-0.0348903261358006,0.07496116654820982,-0.27701355930123056,-0.22411296144106288,-0.17096175322672616,-1.0924941549698513e-05,47.86840354977625,24.397039478379376,19.243033072913445,10.643278785392429,7.368495572158675,12.77417150210926,11.50422828871747,9.940824724330621,9.20938497945649,7.679556268484506,6.747678024461326,5.633538933631452,0.03914637017377159,eight,/content/speechcommands/eight/964e8cfd_nohash_1.wav,testing,5.0,Kitchen.wav
2149,-323.7348143446046,8.458134028970202,32.692334256857166,28.180905901431853,20.647343063355976,11.001227390923132,11.979859146149906,8.09640878955976,5.567137253927001,7.128248017158601,7.458381554408612,9.076091329266466,0.03259943600278348,17.577287151045518,14.369998063193801,8.349752809146102,10.10508904591342,3.142072432882664,9.086596337008352,5.30120644274333,6.033035367637132,9.886422472118234,7.062038822110126,5.241670422062828,5.866143105313522,0.00898990682118769,-1.184709650788224,0.3156443046597676,0.20296838131523456,-0.19837068605023428,0.16986844113219812,-0.03817395432747949,-0.2824256578549632,-0.33589841684231364,-0.14299405627834336,-0.15493074407522942,-0.25452516989063595,-0.011448746327311259,-0.000642818128389697,10.04556431988778,7.750703851968022,4.843874931299153,5.633970404704146,3.5627402028953257,5.508296644215641,4.033748648140764,4.370087890753306,5.192389635064404,4.480174169134365,4.235837993330297,3.9252897898424632,0.0050293572618185884,-0.20976022348255394,-0.21595808113529785,0.04141570259085713,0.31609893988700044,0.33305633736739504,0.0016044277073014256,0.10881976795577823,-0.09553910164751273,-0.1693441075354838,0.10323913040441669,0.07312014811400687,0.032481050059106134,-0.0002314964309334755,9.839431698137464,8.522586838033108,6.0583891827994725,5.650444224214181,4.887148876847268,6.276243557050818,5.51995477749041,5.407116160920408,5.708008346427655,5.964104040398446,5.273271970685431,4.80286676845956,0.003719289897943812,eight,/content/speechcommands/eight/1528225c_nohash_0.wav,testing,5.0,Kitchen.wav
2150,-310.25414135494333,-7.988204800359165,37.42241174101571,42.07935223405464,12.89995954195127,8.75622902222739,15.963928874508223,7.39746395524798,7.395149698492726,7.5065055208964475,2.5869862349297597,8.519956831310257,0.044855223037302494,46.8859658094002,11.07263664361741,8.368542473387368,22.433017903031125,20.16639382180727,13.31167458277568,4.25881117949083,18.39341998462544,10.214771157166952,6.756723318341235,10.634226424064924,4.107726104404728,0.013084403871861874,-0.044269364443671806,0.04640310461372933,-0.0564167073253064,-0.30350962197585113,-0.017406915705132246,0.08622794597151826,-0.21583545015047964,-0.02539036743436288,0.016826832155428958,-0.04896237981200678,-0.10548215285103266,-0.14420350249782574,-0.0007155244388887959,22.58747479456713,9.152140319151869,5.533840722085161,10.574108825870827,10.31195985208389,9.505942201318604,3.357415594082184,8.572089144061172,5.30081365085933,4.051746924718926,5.1890861318793835,3.3275442414744756,0.006183032310032324,-3.157845737678732,-1.1226145484616101,0.06946152693942882,-1.3064745274933733,1.5677969621157897,1.518142144103173,0.06153452240562671,1.0881071533537812,0.715022934047242,-0.10150064420397839,0.20895437400083902,0.2084590919326339,-0.00031161985049645106,12.947112087589598,10.2274024389116,5.79687777004505,8.513956584118763,6.651859372341613,9.169853547033965,4.539362681532587,8.265405355790987,4.917818085771847,4.575248167789979,5.252466703858755,3.891298394289088,0.004425762949435453,eight,/content/speechcommands/eight/67961766_nohash_0.wav,testing,5.0,Kitchen.wav
2151,-170.8286531686275,15.30615167466671,4.388345023031781,17.666561170811164,-0.1595402520778233,6.801374466666288,12.209014106497612,7.438437506547832,-0.08965591219182056,-4.165451809563743,7.240949486998356,17.07266683791464,0.07763290917500854,61.262470287920294,34.33222141590695,23.215417043128923,17.68726730026899,13.295281958232835,11.08729185282,13.273528011306519,13.886662494132217,9.34874883999961,9.839225897566836,10.295925323468762,13.10971603779086,0.057942813308938954,4.7351671696927875,1.5171121626589263,-1.61384215715546,-1.0701312278491346,-0.2684344366264118,-0.22174023192615253,-0.32322869978434604,-0.21270584821053934,-0.09721025668980564,-0.34151627191071,0.14418877086268173,0.9425404753422167,-3.6525750352490333e-05,43.51885115684096,18.57173037398742,14.400148308298977,11.663371719722067,10.389730967884233,8.189505949765907,9.396006304021801,7.101842351871936,6.649382280762116,6.329719936477067,6.142988365577881,6.010152754907206,0.025500724253054257,0.7551667042193334,-0.24911154285869502,0.3681777874728188,0.5019611791107734,-0.11776870485200727,0.14853145493884687,-0.1635493142070826,-0.5775998991979011,0.31431336592104125,0.21401159898666233,0.3649391600622032,-0.10058127255174108,0.0001034842183192571,45.3816258256918,20.95040986088661,17.515784247185405,12.96952865728816,12.994144626532682,10.28255512399589,10.072032481030115,7.864680017711183,8.450034974682792,7.568255606116125,7.275736893800125,5.8816340164362035,0.020748055180873977,eight,/content/speechcommands/eight/97f4c236_nohash_2.wav,testing,5.0,Kitchen.wav
2152,-226.61590255797717,29.3529426166454,15.390459664176397,21.894236865979554,13.828003831946994,7.14252414559477,10.384940531348118,8.334827640489774,3.480569107955194,5.545945947101722,4.689032659070186,4.608989586216975,0.056738806946668774,114.27731329209308,47.76536869077324,27.553609516647814,10.765541949465845,12.526346642117923,11.131875950625677,7.375177377613059,5.9964238703026655,9.888713332559385,8.262790956752378,6.174296071542896,8.501314114272676,0.037870857692393595,7.329115129193711,2.432621992642836,-1.9101615653288233,-1.0905540531294267,-1.1181666080498414,-0.43238424049094276,-0.3627517728178694,-0.15407305321199105,-0.3672979108202367,-0.27970690424985944,-0.38457487901572457,-0.6138120779517596,0.00037624530734554413,40.10471746615872,19.64705127195178,13.449167012736632,6.364210697745462,6.128641379930934,5.657635981015287,2.943223836305464,4.477575080037447,4.618439184367599,4.401610086164474,3.9948832324351837,3.4730168299326194,0.012973951230613137,-0.7019289306212888,-0.0266798899666045,0.12899202832358772,0.12038937734121316,0.15413411997175214,0.10022286362089702,-0.29101692259949546,-0.25546359833371096,-0.044576419319368434,-0.006152260273117882,-0.02482377327226682,0.07106977126243055,-6.118789315223694e-06,46.90207504629891,24.881771171654446,18.26988510664984,8.606447147588081,6.2932995526590805,7.568494343596212,3.4048668079373035,6.273579553745196,6.059636074448218,5.8342816642056095,4.639973750790361,4.785064680294067,0.008700855575095217,eight,/content/speechcommands/eight/964e8cfd_nohash_2.wav,testing,5.0,Kitchen.wav
2153,-228.36132254596708,20.263336612924007,23.558076423686757,12.488023379443963,9.015453687487534,7.227146542237882,10.27831216584195,13.416078052140803,16.07292892394552,14.303580517901407,8.005908722896473,10.022409362557223,0.03723060799529776,36.47236291608314,11.19552926868587,8.133261096921368,8.337867090987292,20.806024274428598,10.927880432230127,5.128847484254815,6.644174809886506,4.79362330892174,3.7231877492682663,3.0762187952547198,3.6109513353512472,0.013693650797290506,0.7368792576170271,0.568321691688253,0.8523183898775425,0.6822131792021593,0.3734540829805387,-0.14444128538359735,-0.6142311211525119,-0.5302970527839849,-0.10252402094813826,0.05620153924653446,-0.3076990829421794,-0.3884384081612325,0.0013360405160534766,18.231994073924113,7.920047977310688,4.710479195001541,4.1364877226238645,11.628802676199495,7.177432844035362,3.1405610152022865,3.8715449845292382,3.1055255651547498,3.2672711649231925,2.702654385066581,3.067554363604053,0.004263513913499632,-0.3044719544719413,-0.1332221074660346,0.21874989793075497,0.21971483262107175,0.2087282087931642,0.31527585028850924,0.29377331299189485,0.06493615472364804,0.08493132384121417,-0.05252936657910716,-0.1879533313960553,-0.012108448058335908,-0.00014963404585917792,16.584211690633392,10.594155336352674,5.4319746892404615,5.2388183755918645,10.545316678430106,9.029083457899699,4.182806396599002,5.254922414656572,4.0100447365144145,4.228417451201477,3.3679047979251147,4.081423093807836,0.004577826074987449,eight,/content/speechcommands/eight/ad6a46f1_nohash_0.wav,testing,5.0,Kitchen.wav
2154,-192.85541100206385,10.456538703156316,34.24804914017551,24.9502008314212,8.191959943753652,-5.484961378966102,1.2328070028137517,1.062619689512615,3.178292936257929,4.799368119102027,5.351923946667884,7.824890737559281,0.09284092322923243,61.35690090867157,44.13048292552766,15.826721710729009,10.249665118293874,8.724539067623796,15.252521184055588,11.063101747679244,9.853729106917761,8.232988908766453,7.368575961383657,6.644638407695395,6.1584889037836446,0.09576820617264893,0.8085980092143497,0.7973978231958665,-0.04664383647944107,-0.2630964027509862,-0.3574676343647677,-0.07990931797088321,-0.261420259069602,-0.061228303383822104,-0.03953794076290524,-0.12504727326717385,-0.19139598229716454,0.1170578465255544,-0.0001962188511125503,23.41275954054826,14.50650930564423,9.111412764687072,6.003565535692037,5.052950433635946,6.940503933473647,5.939340628242133,3.5107689364197454,4.228474812474824,4.407341812385851,5.186222883715534,4.751707915367273,0.03794596796559889,-0.7896210642924205,-0.5881503622668658,0.18412366387939716,0.2813416268323615,0.11897056425365739,0.150021881663686,0.3878129450582648,0.0015081274021548907,-0.24584811616439786,-0.01449643629184969,0.23152121967040457,0.5140223983628799,0.00013482098778088886,19.83909132246609,11.689944623563063,9.428709762068603,6.524619510508915,6.771581141689435,7.0658441749434555,6.500432697938622,3.5038667887508796,5.0162313412092745,5.350666398637807,6.708300949266288,5.955469399547039,0.02509004486315156,eight,/content/speechcommands/eight/d0faf7e4_nohash_3.wav,testing,5.0,Kitchen.wav
2155,-300.20914493003113,-24.35321506817977,47.59441626184759,30.845386571287968,20.202959104746515,9.49734208534771,11.835793646300976,7.1361094047611,6.7721247007668754,10.232937057854905,5.613437230441075,9.065840785661427,0.03126218664491999,23.48928467023998,17.903726597581645,11.363081282487157,12.80139653606913,4.08641458913322,8.169077214883291,5.795616134747581,8.333194339044903,10.162019272209081,4.95770283221396,5.935948088846863,5.619967162947424,0.008706139788384996,-0.2738246608293175,0.06116522777183724,-0.12994356428667458,-0.24459166831844215,0.029017746871100085,0.3759952504193527,0.12405973118326852,0.08890635545530115,-0.07538027340674547,-0.2002052232913624,0.04618130432636759,-0.11231876608434861,0.00042992783710360527,11.313783682200729,9.172119863757448,5.661320697753467,5.664525274337509,3.539223659309695,4.630174077379556,3.359103206233762,4.343084369137221,5.773288498306857,4.315749809878003,2.9345110347026777,3.661828758122289,0.004281384523322207,-0.2948805370685111,0.115490454033846,0.30460210822024386,0.338962078502232,0.4265313553145042,0.38810791414696366,0.17587040466664305,-0.16712752380353424,-0.13372718057492772,-0.0895006624912635,0.013556649769520016,0.43340682010350545,4.254419494558263e-06,9.777081578494807,8.929555412423575,5.830185922852855,5.238020473994414,3.7625573629972227,5.063431737788437,4.143283470171989,4.427426395222857,5.473711502275911,6.2159183091350485,3.7234671807135005,4.496002569450638,0.00437385196421587,eight,/content/speechcommands/eight/4f8ef132_nohash_0.wav,testing,5.0,Kitchen.wav
2156,-295.30180178042383,-18.305300042184715,42.8821893907206,24.76019792912929,21.93324761348793,16.86869928273981,16.03179641761372,9.902656265451492,8.720052453999708,7.032368310896289,3.9827157042972083,4.6277160718096715,0.03854234260506928,9.035402885759911,7.580672389049699,5.973825685767834,5.951267696871671,5.494540746799198,4.178905619316954,4.4095863954611065,5.79227923995237,6.42801042373321,5.535956917641617,7.881096517382306,8.13871841658914,0.010186724867205676,0.30805148628614404,0.3283680935684329,0.0617339470470762,0.08160177424216458,0.024682630258633785,-0.10913935125495117,0.18516176111976212,0.11448432653780881,-0.03029858859828293,-0.2679147802045708,-0.2297365316972969,-0.19494116555511087,0.0009789314241178573,5.452474773905849,4.174833678734653,3.1885047191023554,3.273542763132804,3.4479225299896723,3.7321235456369823,3.9204527627436403,4.079678710025553,3.3199642092095485,2.62613526417507,3.4688204638431146,3.646132877901741,0.004951292972884556,-0.2198299587209192,-0.05340089478991299,-0.007529316755852733,-0.07048031311880958,-0.04860091007071657,-0.13852016634033268,-0.0035265441193477187,-0.05983644473541207,-0.24717033568861327,-0.1375269043550574,-0.09223294558737022,0.0842125861719061,1.741821567217509e-05,6.3359038216319075,4.812745295609589,4.048838162839616,3.8877674684915227,4.401764352551902,5.0309338953146385,5.1852967212056305,5.230010034855741,3.857273296995929,3.6081018925737505,3.9085475775596157,4.484728649453039,0.004276656260740263,eight,/content/speechcommands/eight/3f2b358d_nohash_1.wav,testing,5.0,Kitchen.wav
2157,-269.71617507606413,-8.543965847231519,47.97046563121705,36.95701119202721,11.754122848201227,1.7183686004066032,13.439907403211262,8.896733195542074,6.901231312730983,6.62723805086002,3.7190892936564084,5.926810860166908,0.05248600890627131,53.02549119434501,26.690433337990168,16.912596841072347,13.326136881036557,16.312664602555444,12.10710237009351,5.6959185782055615,11.11465891761965,9.767867804456086,7.244776276578791,6.497891058079,7.097153070361646,0.02320400251869636,0.05267389094820652,-0.020217302722579756,-0.06313312165710135,-0.00845228594042696,0.5314729664079494,0.10394189017075602,0.15776812019706318,0.08355873488850046,0.14632616616722113,0.12923791832107343,0.034984746224333146,-0.1354935629255964,0.00038685829889389777,33.38707316407845,15.82980448182764,12.409341552726914,11.697638941847705,8.32449816261181,9.255780601917898,5.620008322706131,5.573656482848544,5.216357834264877,3.8735705540132135,5.208191821504305,4.707853615062883,0.008119819853205984,-0.20069955072379267,-0.3391560643438163,0.04058703608854515,0.2530538932107048,0.15225584749310492,-0.008107329839630613,0.09649142434104477,-0.1329267927856312,-0.0671518731350454,0.1426341991992478,0.18518089601884302,0.120361592583063,0.00021332701047261556,33.33248353419219,16.51585412564862,14.587287943581087,15.661456282247933,7.777740013777508,12.11408511374384,8.589240928967042,6.724576856696184,6.262700172926495,4.965420739952981,7.906317672093045,6.651916578562387,0.005907664855149737,eight,/content/speechcommands/eight/97f4c236_nohash_0.wav,testing,5.0,Kitchen.wav
2158,-294.66335168717944,2.3851036349433987,19.24885505437904,15.712761870770052,15.410085479920452,11.800588662452846,16.216851587349048,13.299066031884674,12.036324841900585,9.097560292320551,4.065591384357737,8.837884235275494,0.0349928849900607,13.144613250027898,9.550254162148333,7.807133991512687,9.997555597708072,6.282071853869601,7.697025770753643,6.597160221544979,2.905123501675964,4.3108146314408495,3.1005204363409065,3.9853016935488665,4.4491887134440224,0.01330460160541384,-1.1850646951901538,-0.6134695668605937,0.8215187203370891,0.8830963936237985,0.2513345579660136,-0.30269128123270184,-0.5865834384205114,-0.03400122902418915,0.4737959506686209,0.3948599686662842,-0.2068498915421341,-0.47355524750769923,-0.0006065685001592483,8.089699848120263,5.716188535824947,3.8223995433344204,4.865104897345271,4.52641202483056,3.6797511326433794,3.5770626478265246,3.3227966874678967,3.099757262233033,3.0028927777424688,3.4825913143507052,3.3587631940720213,0.006343920400529459,-0.4694810499188274,-0.10003064265394943,0.20754617459001853,0.15881841209252923,-0.12326039650306922,0.1337021238860423,-0.21152079193874115,-0.1996388880752241,0.06647308242388318,-0.007266687187956045,0.21653922040142534,0.23168773445996074,-3.7511531263589856e-05,8.982431975996342,6.965725811116006,4.564740743733783,6.045673284062074,5.61411996066925,4.1258385443687775,4.490735307575678,4.631809655677516,4.263811948242158,4.387618947337485,4.776814305785493,4.632608111934692,0.003868428404231628,eight,/content/speechcommands/eight/3f2b358d_nohash_2.wav,testing,5.0,Kitchen.wav
2159,-253.5327425244954,-1.3439645083271055,34.19527360266216,41.05422440410475,18.89170771450066,-5.129054401756963,6.540028239362117,8.445374457663132,2.2782294115451336,4.651405701515484,9.407471879463735,6.754381168390049,0.07556135370396078,81.55664707664423,32.63777226301722,19.98870925221102,19.434313395001073,8.984244769558789,23.99598870983495,12.624230601124719,5.5683831585085315,12.817240997530572,10.582301353698881,4.146627793033978,6.7660838579993,0.058432175494383,0.2113229392013009,0.0014581505719406672,-0.39067082746551973,-0.2572245295138976,0.00968483377380495,-0.16245553853153727,-0.28382626190456345,0.12833543246687473,0.2320060050559267,0.3244402330104308,0.3491970240062848,0.14356451607321385,-4.7657278276258896e-05,40.87271125636342,16.775864920927297,11.835849946032962,10.826772447832587,5.562711935791634,15.251176527288377,8.769704570600927,3.5559378583326806,6.537486466259258,6.004126702152829,3.065501997340277,4.2948366468879176,0.025879840108387932,-0.5849256292239436,-0.027069325944689856,0.06798453732384763,0.2645021861412983,0.19993590544473636,0.04976559102970116,-0.04367850192026399,0.10294360732557374,-0.014321224723928605,-0.10395977273949342,-0.025982983419879997,0.03951412698917629,0.0002635195851325989,40.54343273016289,18.972806258297595,11.08166277300747,12.285219524666806,6.302952894765954,19.95621250071667,11.284066299959548,4.950218692207636,8.368109317394458,8.05357827587934,3.9998663042462534,5.141921715647375,0.020758942225046977,eight,/content/speechcommands/eight/563aa4e6_nohash_4.wav,testing,5.0,Kitchen.wav
2160,-273.4667919028327,7.003058455240021,42.42189165560772,15.498502802587609,6.859231816171956,-1.8935148134399986,7.223187512650094,10.711387127145134,10.021865636069975,11.587264541253917,8.084718915683876,8.361226587370258,0.029913349077105522,49.881419172757475,30.26110255873963,8.541689530775312,25.55559449320954,11.016206494111959,14.854536320512734,8.205231734671056,6.251475024270272,13.506554367227944,8.029460175821237,3.6910497097613284,3.772467753763708,0.013424316259080745,5.106472698668823,2.145020938193758,-0.19392882299467096,2.8662129011241424,0.9515033648334824,-1.217907335692387,-0.29562244190750614,-0.9816134870865868,-1.8164157227561168,-0.7624218487103752,0.2204094525980673,-0.02479850581929426,0.0018111148909215004,23.579921628886396,14.086607732868162,6.080671686450709,8.718855536172047,4.463111885818709,8.65147502615837,5.266579776355844,3.5765671776126378,7.138647137157918,4.953583188113194,3.850057669840097,2.9137342706504965,0.007093114801667625,1.4446053394394094,0.5276882755811556,-0.6660976587779236,0.028332474336340733,-0.3074415656510197,-0.23238179467313871,-0.14297366281722965,-0.051845072444454195,0.15613659843737804,-0.13253824951088203,-0.004678938835470111,0.0812743232785694,0.00012547423442204792,16.560725444029718,10.47992840899804,7.086780321820843,7.961026737862676,4.886395199570955,9.444258946604231,6.010225718997288,4.214332265704186,8.823853103700197,6.719480415279032,5.891063118531231,3.9643131163558416,0.006759059036718049,eight,/content/speechcommands/eight/b97c9f77_nohash_2.wav,testing,5.0,Kitchen.wav
2161,-179.1032523967316,37.89840908339376,12.520606790584175,35.049549101034984,17.7642999164046,0.3661432353861436,-1.0682929643324395,0.9451679810029714,3.2867974614332987,-3.7266032607839845,4.97527075735342,8.249680825845342,0.14812128245830536,101.9783387403875,46.5275230338648,22.469121121412325,14.916364149279875,9.097759191298298,12.506265861110025,14.30923470699138,14.74527031021165,17.83947679317802,12.553287394108578,6.4415331319968185,8.050176652243957,0.1644899553121608,-3.4712691703256864,-0.7277018603742657,0.6251776816390682,0.04013484499833493,0.5709746340614653,0.4391308870042114,-0.17815399248439243,-0.2024178646563663,0.540660545385751,0.19893879774466466,-0.28113904786137545,0.0303332433902152,-0.00034482488709111365,56.28147458809837,24.571484307289865,19.514341782206667,8.314923294897522,6.811423877177886,8.966011967920148,8.054301835105141,6.55000410307366,7.9679205957984,6.932403554743398,5.323193088699765,5.766068358207621,0.057094887744742466,-0.05007034948339235,-0.6993975424630979,-0.40428771736653296,0.06081492786772523,0.04134165105823193,0.318408248448288,0.2858739900851108,-0.012695136726439316,-0.16048745573665948,0.1420719419664159,0.20571663660305586,-0.14762820372272134,6.490138669808705e-05,56.06444836096561,27.211389599410946,21.52170560360733,8.751859151266304,8.467792353145553,10.815948434433691,10.05204000592936,7.708504117328821,7.644850382266195,7.543745539108601,7.05570390287208,6.089789669908326,0.04512526538086382,eight,/content/speechcommands/eight/964e8cfd_nohash_0.wav,testing,5.0,Kitchen.wav
2162,-216.16262173936275,-19.32214409135844,24.807432511840066,34.631971829628995,13.05822415125952,-0.8243865137583681,12.249921212084697,2.529056606229638,3.4180737500400338,9.82776269390593,2.884313508303709,5.131231577648412,0.051851917582098395,42.445709456692676,18.202916117102163,6.920354207273513,23.289760209133178,7.586320681858306,16.25658068836866,6.791536505771659,12.187338373497571,11.374556452027617,4.609045307600239,4.685468669519446,6.82826677246212,0.018108981985808275,-0.6808497388690175,-0.4064934928057757,0.266209389089654,0.4524714496035262,0.3398101620668057,0.0529252557544028,0.01571498569868672,0.4846172105010194,0.19576368195976765,-0.423711479613928,-0.5492439807783507,-0.34083503819571465,-0.0006962823531320018,19.098009651263812,7.963500435804384,5.414628058535928,8.295497313080594,4.363979772158835,6.70665444633895,3.881016104145672,5.377855636682786,5.583826882184066,3.7811518851326276,2.52789787957134,4.095120924123001,0.011081740642666975,-0.20074225819166333,0.08514608662172764,-0.12574133494461393,-0.062022372382661214,0.16833802424069214,0.2701488883499735,0.33147161579339757,0.2158025108795778,0.057792176352737056,0.10472920772741347,0.05383779458294231,-0.06201216182919579,-0.00014143213629722596,16.617424373299613,8.40493353937529,6.650433869787625,6.577091917949286,4.547440126644385,6.251371353995764,3.826733983779732,5.341809342047638,6.495298081305905,5.39699271687075,3.6056334966420347,4.015975094037607,0.010649755925529358,eight,/content/speechcommands/eight/84d1e469_nohash_0.wav,testing,5.0,Kitchen.wav
2163,-129.55570846994462,71.59445584383849,20.5914232219005,26.714684407161258,6.633976971675088,-2.6512730704115803,10.732564765991494,5.960022508851442,-2.014452372696774,-1.0488995608015057,3.5539748074500865,-0.21098159789138832,0.08275470742955804,62.28975267496464,12.404212362941472,19.503432714864704,23.801532942123977,17.924094367277203,10.664376719925015,7.768726181854096,9.278574692620227,6.8790514184084435,5.074452247611193,11.551331684871295,4.266269795566737,0.042477934615399275,0.005425736731080721,0.7566919585253625,-0.024179660094848173,-0.5250469187328048,0.012280509469365904,0.015151328716614345,0.20853130570400438,-0.13532365062623852,-0.20623867623671388,0.038579657275291473,-0.2485622255412592,-0.3427904200933642,-0.0005335330722793456,35.13501581709636,9.935324732904808,12.844625556959501,12.293392375038842,8.954739724482552,7.116808224524601,5.379030965540959,5.020932894220429,3.6199697183577544,2.966692855161504,7.3081846724880855,2.83933363651842,0.020151600383789135,-0.7147249343072812,-0.19562429664672532,0.28758862943343727,-0.016270879825499723,0.10701357855934948,0.3921165359865166,-0.06445296244834259,-0.4221517384004659,0.04375886996400033,-0.0297099424971995,-0.11280268510841175,0.21641829914247016,1.196327308813731e-05,34.138257429021536,12.740793708545944,14.882420085783334,14.068076074264663,10.68093828073878,7.508700301201353,5.706853901926275,5.773945366053518,3.5740006046101334,3.961329497240464,7.870046408097031,3.697439887456848,0.016292036899316055,eight,/content/speechcommands/eight/d103dd6e_nohash_3.wav,testing,5.0,Kitchen.wav
2164,-275.2595403792279,-4.932726674530031,39.15756304521541,35.280925694174854,16.023648978807753,-2.5543825262342947,12.794007498885243,10.500590955144368,3.00987636089917,6.668374386670017,2.677836383639716,6.848396489256821,0.03598633094225079,54.68985508717807,18.20646288535233,14.671017566277461,23.720927583903244,6.01451715679669,23.519930762703456,4.1773869951485985,3.9526985285954366,11.071847787196191,5.332779356526592,5.615750547770842,6.78275507363185,0.01867258974779911,-0.27202824429711964,-0.3433880398920857,-0.021271157912700976,0.446980191842243,0.18558477045603275,-0.16312701538131852,0.012145925375489218,0.2758093686449212,0.2472367361671756,-0.13525468064663823,-0.21226871700534639,0.007089809428657427,-7.604459120381263e-06,22.75184981392797,9.155424136666607,7.3651237077357985,10.995931247303927,4.635083161209485,9.537500129821652,3.3578815413520586,2.6136980608003686,4.593543816599307,2.4468610704596854,3.8925488518619002,3.7080587315943587,0.008498687851709857,-1.2980501869851346,-0.45773084531247515,0.2841869555228189,0.027641517268771666,0.0920982363426169,0.3496731743890459,0.16759346878740775,-0.0073447101923120135,0.1024164312766135,-0.014816175567046945,-0.35086182058856996,-0.302174351361752,-0.0004517861952384313,20.22957640490953,10.25774234626275,6.6464987567675475,9.765771252019121,5.977697010743087,8.072746520238393,3.609864990829203,3.3771470132661436,4.66352222745294,3.3613973090281677,5.139015391535899,3.8456736459117136,0.005550329035048401,eight,/content/speechcommands/eight/8ec6dab6_nohash_0.wav,testing,5.0,Kitchen.wav
2165,-241.39138816582957,10.777292561909457,40.97595220925734,34.35831373120816,-4.8602068263072145,-3.634655932801775,2.998011970451549,-5.006121085264807,-0.35714475410496593,3.988509082503702,0.33661809325854125,3.964381613679376,0.07421411623363383,78.57178623043066,29.405030801388474,13.333575704090267,10.673553690679812,30.562937057863078,15.1587234337507,9.640554191734363,18.21984766630561,14.675298507465516,7.143076186614301,6.345366161996072,11.040980396681954,0.06459210584706299,0.6077830045775643,1.099348130581166,0.5921593757362468,-0.07857208337861377,-0.21721108837294173,-0.6665801799014924,-0.8865334061028691,-0.5645014681207196,-0.2231348442400388,0.030678797735253092,0.3453272508619844,0.16344995551279687,-0.0008630066389037717,35.487962997981306,13.931326238745608,10.996258930386864,5.612313703574465,14.442074396192963,10.299591794474248,5.6529301656439666,7.664608968276327,6.012799399083257,6.220883553212255,4.406403442111764,5.733226844700098,0.020447142286198722,-1.4199907257451116,-0.15106962585481967,0.9288438493266213,-0.2600841629712891,0.21861934715273493,0.5036351000210478,0.058809499614357344,-0.7018990570357857,-0.06977132496277176,0.5806645281554151,0.016537187289748533,-0.07523043744684639,-0.00015619999418656032,33.51591264665209,12.903783043394405,11.72819158745632,6.992923107555693,16.555125785503915,13.898853595867509,7.950477126629529,8.37335833947066,6.063786117566301,7.303280243728427,5.479313414783361,6.554883290335599,0.010455761573102752,eight,/content/speechcommands/eight/1b4c9b89_nohash_0.wav,testing,5.0,Kitchen.wav
2166,-296.5190312605587,-16.729901373863846,35.74607619735542,36.38054920712066,17.099425524620273,6.3687123931853575,14.351850136870052,7.517869999047341,6.082345642504322,8.776978190088284,5.3124503599413435,9.49829112674065,0.031223327503539622,49.33836017577286,18.463455808904797,11.515231755900416,21.766335746555853,7.392773727865068,17.447654656807934,5.698334849544213,10.586971993440889,13.214857894797019,7.027841641575582,6.0692211046837246,5.5944455461197276,0.01083917751725916,0.20680574564083495,0.008316190574530348,-0.263191001810831,-0.12372895275357709,0.1874219972050881,0.20823106051513013,0.2901353292443066,0.108538877232791,0.1872813713177263,0.13542391810675328,0.2996796599626503,0.13980245838149918,8.806285838926993e-05,24.07975745502126,9.557121945003509,8.447620928087163,9.347008854530426,5.1617713524754505,8.956826587667543,4.428674253898424,5.219723183351903,5.494054898973561,3.848883650735364,3.1568041077161473,3.9924095353318925,0.006319271356468341,-0.12218292396463919,0.009458717727150361,0.018646797261884986,-0.11438191997230038,-0.08332530760785506,0.007153750043325561,0.12387128378719327,0.23026799958503125,0.07802383860357315,0.14534257124545097,0.041510639891841096,-0.23927635515225507,3.215111792087555e-05,18.049816830378308,10.028333875814933,8.606343445117796,7.314207179077488,5.558818953470748,8.976036318294632,5.429999710719372,5.190981196017086,6.065194292283574,4.899467696782021,3.371653591970872,4.804425290906774,0.005896352834555626,eight,/content/speechcommands/eight/6b889021_nohash_2.wav,testing,5.0,Kitchen.wav
2167,-296.17175782510606,21.568963615717124,41.664535120273015,30.260304851828927,23.66635866217217,12.401073706187713,11.644875917199212,10.945614351200273,6.8702874369994404,8.459522823770033,6.490249995155377,7.239247452445207,0.03450960910413414,19.375986690484034,7.420601475243205,5.969891614223879,13.716502582177927,3.8297057571793354,8.474975152991766,6.215192627372304,3.933482996111453,6.96818165661357,6.217156590004112,3.588156509626589,5.233053181099307,0.008902327849206663,0.35812336261499095,-0.7729530466045823,-0.33892090272230424,-0.02899363052317586,0.1553702644873128,0.11908374617162026,-0.23238631157579132,0.4884783635721248,0.05191633450606355,0.30097687146462315,-0.01042933178669379,-0.1374748656007424,0.00012001383208459424,11.328762049547544,4.822944092138456,4.370660460159236,6.704355382196947,3.8253122021219417,4.94069846709252,4.575308140124085,2.900791896864344,3.953951294583407,3.135972547395149,3.302539973576574,3.7894643442347005,0.004375236761250977,0.0830129083091606,-0.5365675132655741,0.5616151930465991,0.24392484162361186,-0.1564711750838728,0.40089046225745534,-0.3066938333887884,-0.04126124888203352,-0.18252338972420773,0.08658386347592781,0.20073021856245,0.20267363927932086,5.377071599165599e-05,10.906817996851483,5.701878310281711,4.172192732222358,6.549499778493582,5.56636175235333,5.349860178420058,4.457364271320922,3.7373809291945164,4.899791892571489,3.8281920704306858,4.252709806348388,4.650978315714699,0.0036491494663463465,eight,/content/speechcommands/eight/a8e25ebb_nohash_0.wav,testing,5.0,Kitchen.wav
2168,-288.82351623591916,9.664827197888957,24.200271717113075,24.693850675672962,13.529488432924179,7.56565259405923,9.936275314502566,6.257497595247839,8.609249058549443,9.835438340374628,5.37471492682349,6.717268405685375,0.03541606315411627,28.359245599230984,15.98791159653246,12.881138217410465,14.22557699160567,6.4949624041498195,7.974500482640931,6.295681225550704,12.096579565598377,11.249879660476783,5.4510014358826595,7.825640490491029,6.583773818185568,0.005888539272968041,0.4143503820743512,-0.21092140313453203,0.04205098136915418,0.07894531741269765,0.09167076306190836,-0.26935620294841994,-0.20494324619319076,0.11328592592528831,0.3517142860948168,0.11928804032580587,-0.15618387238776735,-0.021758595734350017,-8.602212032964153e-05,12.672596200429938,6.27995450494819,5.801812354041944,5.886750774676013,3.269441025759634,4.330450344164169,3.699927644264113,6.033042283913547,5.721474190993522,3.0005563881111,4.139577145527766,3.2890951181647248,0.0031470046660888387,0.3945292755285455,0.086970551548414,-0.11747721206122926,-0.09044548815960768,0.04924372776064736,0.236889057017762,-0.14783316642995808,-0.4220075829824862,0.03765491849714344,0.17792381431353324,-0.032039719091540804,-0.16902618605061148,9.410387525955836e-05,12.220446809365754,6.91637076868043,5.319848267668416,4.93727146202153,4.3435202450944805,4.972070715437091,4.8019956694305,6.502992186585966,6.258566994643417,3.5408370865191796,4.408984279764113,3.9188314694297355,0.003084771257368448,eight,/content/speechcommands/eight/7e1054e7_nohash_2.wav,testing,5.0,Kitchen.wav
2169,-225.8489246013412,32.078151045502054,42.70556438619409,17.273961009898958,7.326547713782937,-1.13351451148537,5.684527099798098,6.381696977179638,4.211108634683278,5.835464748879678,7.4358264994727055,9.540422615640416,0.07263000711100176,86.8139851562554,30.6788586776668,9.272388725351735,10.524049221675806,8.669893512808725,16.22226705939953,12.465432891127959,11.269805576248356,12.610431231506245,9.624900703104958,7.472791739795186,6.190777635436826,0.06870426376985926,0.40669415014146276,0.18028318809182106,-0.6630671596199582,-0.3085148644335658,0.07358024987658765,-0.07471236869051422,-0.16793378269821116,-0.14029029140572877,-0.07523776538211535,-0.13662140224383143,0.01982820281215348,-0.01997020379990314,-0.001000202531295438,31.168365302343,15.95114521773795,8.36920402302119,6.822140766528012,5.110308667547934,8.914962425163033,6.499857529499404,4.794930075675978,4.469928571467903,4.160938954115804,4.844624249725766,3.8404084839378028,0.027261163711431412,-0.5453426975393711,-0.19793120087170274,0.23746356331512336,-0.12323229770675556,0.12387036064596343,-0.0732014749822732,-0.3487707862340413,-0.2521666232638912,0.15453383260204678,0.1705498655350932,0.06226497849516175,0.09088002268728808,-0.00034654755145311353,23.37438628238084,18.35072094636165,12.219274664338963,7.716877065985932,5.890805763424515,10.560769860638393,7.958348970821923,5.373796253549662,4.378842639649556,4.347042488566943,6.819444635621727,4.836514513640252,0.019096828064220844,eight,/content/speechcommands/eight/d0faf7e4_nohash_1.wav,testing,5.0,Kitchen.wav
2170,-289.99208993715183,31.34812922844488,34.507233821983384,33.58421234275996,10.181539276575862,0.9208643521197079,10.517321941952053,1.333018647461804,3.238916261589653,4.396788891783294,-1.1819199816198764,10.854210994071991,0.046266612984860934,39.489361391747344,24.734800182128826,14.306237032134378,18.615347506259813,11.800583189104957,13.279837438374283,7.639242913250976,15.992966999880291,9.362380298461316,5.730460430135837,11.24715441848977,6.782837150409233,0.016518614770221474,0.03763993124955604,0.4318286135573582,-0.05054348232339525,0.05204869004985206,-0.0033576475836599004,0.06545139654224293,-0.050805904528138116,0.07211009177995109,0.07308311749116994,-0.06520541333517235,-0.22666526154250818,-0.008225207237179942,-0.0001399517059326172,22.417319962383534,15.102543908161888,9.239242619958132,8.483767840671453,7.776911675782728,9.559489560438584,7.231900062996185,7.977329185747738,6.548244835702856,4.020332659410194,5.334325036367085,4.0910598935903435,0.008195747631292886,-0.9426394610518994,-0.12163192156891224,0.5331722800028789,-0.051600164299736045,0.43072860374889144,0.7186981283919442,0.2631626000862199,0.03018840048899595,0.13106492805490622,0.33746458580841227,0.3377740031434549,0.01664794787166667,-0.00020240958441387522,22.642692853041954,18.332384402948794,9.87522720961634,7.89789164393208,8.524362363053346,10.890786010906826,9.637320797423728,9.217953900196326,8.576694031242207,5.166793865148168,5.774013504309387,4.452169676854315,0.0057820378772945645,eight,/content/speechcommands/eight/f292725f_nohash_0.wav,testing,5.0,Kitchen.wav
2171,-249.6156072049577,-0.9134116878595486,41.85676180861666,34.81264736569209,9.692371111001652,2.1995327085166894,6.634167838917806,6.093419447779416,7.651696877581249,0.23626055225525455,-2.3087050115885184,6.749194135243724,0.06199381302576512,79.38148009432479,36.94155096265501,14.942985666866509,24.851368944385023,15.767458940332645,22.144006394172653,10.529033032854874,15.037266672222522,7.494891719900557,10.514345813448687,8.072462838897652,5.380688618738919,0.05845536198105105,0.2666425278553033,-0.030170851702971062,-0.06081730286520532,0.3923650382655321,0.3205457896280863,0.028884651052774907,-0.3864720726800496,-0.2767060661788904,-0.13641351614010008,0.10186723648943703,0.01636296272403172,0.09631595523301348,-7.984931430509013e-05,36.071704439426426,15.320214149633719,9.274061709264311,8.854943318905502,8.860258726511486,9.755455086698854,6.592840168648179,5.206641431131653,4.868609476679588,5.029681235882329,3.7584225840631467,3.439232398809734,0.023534704585681177,-0.37530829625202194,0.04664926683786454,0.09719153880980234,0.15911971014693962,0.03529800763208388,0.04444035710993367,0.0999676146319997,-0.07660231824138077,0.018758081113337315,0.2836061105611509,0.2910481633459659,0.01845304511881398,9.348578751087189e-05,30.63326273573237,15.343805632964001,10.078991662147306,7.253961784956948,7.9664057348847415,10.099917322117266,7.951506598315066,4.65759194889744,5.856348300726074,6.036452858834661,4.308768200868597,4.217099486850997,0.01954324078447693,eight,/content/speechcommands/eight/b49caed3_nohash_3.wav,testing,5.0,Kitchen.wav
2172,-254.51629209718038,17.58213534478847,15.56489402723882,36.054379914297506,15.488648067266276,4.052356723872039,14.227151832699445,10.794390109291964,7.537599108524375,3.731815217225015,2.427571825391113,8.202409528007017,0.04464686880237423,64.89136750813628,19.07279915495552,15.031286079166593,37.33373862192805,7.792470729321166,15.857825124834674,6.798691879415144,6.919376907715451,6.985567379402176,10.766877069800582,10.44803134131224,6.338112720480662,0.02939989696444441,-0.3023630782249399,0.33573823419914783,-0.04594681318313358,0.015020769779529293,0.11553542555989879,-0.339139299722012,0.08837657321829073,0.2877940507737118,0.26769349238439283,-0.09532425530638704,-0.20434488055610994,-0.11605725245669048,-0.0009952787790567645,29.649374966654307,11.659825268799752,8.9718345497346,16.62615751069072,4.181739760904362,7.312069296099252,6.0229757041218175,5.538670810004458,5.797141798825497,5.943944619465657,5.157550406495134,3.415422842222853,0.011924173182074905,-0.475139327775374,0.02959341773664056,-0.009296604307090147,-0.2186235484823029,0.08785068767048723,0.2124348994305954,0.03435603719658197,-0.07639848910405841,-0.1431134155520433,-0.005851034727744064,0.07395777686442855,0.29917850412449776,5.905516445636749e-05,30.949721272915376,12.641190950702127,10.380057168432696,18.395501793737882,5.933176955030178,7.255324344880806,7.204335380823194,6.266061916322623,7.043767438566025,6.770792984528038,5.494764524128221,4.331545898020201,0.00948707282391897,eight,/content/speechcommands/eight/37dca74f_nohash_3.wav,testing,5.0,Kitchen.wav
2173,-321.4535097807593,-4.8258370008935385,37.606270291449256,34.37858841110017,24.160852629991123,13.544529540174882,16.45844251021236,13.94903460334038,8.580865996289083,6.3872358089233225,3.9708660113163683,7.923186910065573,0.03734304007763664,25.160714588177495,11.624369312085824,6.286492024944611,14.98330069754843,5.432831144003508,9.387281153638998,6.657057939826227,7.7002172557473925,9.586573655722807,8.911276394232212,5.705764698679277,3.958573056567857,0.0153346320932866,0.16512952288491667,-0.40737942105823616,-0.5906553910390924,-0.5078609452542001,-0.3272163663289628,-0.33101159080268333,-0.687344352284632,-0.5271264439626564,-0.36533572184090507,-0.31507695832219146,-0.2543175531806676,0.05448337562290336,-0.0025183014122062714,17.738767272534403,7.364181470371853,4.895263848606306,7.896468790961456,5.209565619236255,6.29512227592135,4.967878482163154,4.436007107280211,4.984571079998492,5.4953649817731405,4.076617228393937,3.7916166789489827,0.005945781495575347,-0.24431872713353592,-0.029392389083927828,0.12254895354501041,-0.054427557450119145,0.42456152516663714,0.2397464626967593,-0.1158661471877865,0.07022095399353225,0.10987694991738994,-0.09696442303436796,-0.25879170225545256,-0.10151438277624525,0.00011032443892742907,20.71767566826883,8.44567021729338,6.055966241061581,6.437389826921904,6.564335634921317,6.675049386443414,5.84503993225473,5.035708344891029,5.428806932690087,6.466188187701075,5.265235484971689,5.398194622521958,0.004529256888484058,eight,/content/speechcommands/eight/d91a159e_nohash_0.wav,testing,5.0,Kitchen.wav
2174,-228.15089435772825,38.85043023080708,42.746656655603424,17.005026923989178,9.79416057115472,3.845503530426636,13.295741749273624,17.234039709045966,11.682108424887133,14.122339376029792,3.1897163471556986,-1.1692768155010353,0.04686325724469498,43.246877191419436,14.198887116002027,13.106163056163274,24.113525023457985,7.481641216796495,13.2708080957892,10.924052835026776,7.092902446782696,9.170218697056715,8.644206764551765,7.411354204561798,5.934645925060594,0.017397711485236552,0.15307556564132593,0.016113433718156867,-0.4763789337262862,-0.48387172737802686,-0.054071946505109124,0.15237805608228125,0.16703577491103586,-0.05923587953200841,-0.0996577917563454,0.055466214890925514,0.16529561815504298,0.34695302530423955,9.740949157745607e-05,24.447506350514846,8.5479045779667,8.597544828999611,9.567736607076219,4.346687918145824,7.191488989883953,6.126163217169928,4.348828805682164,5.942210308670777,4.958236190669816,4.56813825406989,4.45127976101368,0.008528689513785073,-2.870926865176062,-0.7430174453094723,0.8238428351355268,-1.104818585596611,-0.5077989607746519,0.8772513667112548,0.49231870003577843,-0.07842160056080918,0.6745006802846831,0.3221771724052483,-0.5820535985524737,-0.22218409743343012,-0.000986192375421524,17.816165688865656,8.11253005951387,6.745777041781419,7.059641090855283,5.258116916313214,6.4034016113353545,5.425913088619983,4.653874539591226,5.948236864848805,5.627136774843996,5.1680512253157325,5.098223588223793,0.0075770396268007535,eight,/content/speechcommands/eight/adebe223_nohash_2.wav,testing,5.0,Kitchen.wav
2175,-264.28479634863777,-4.123777792912546,33.136300910411975,28.458297293978706,6.948788521404728,-4.158360841427323,13.996501961597632,5.314088562175143,4.908113782424608,12.43891885630921,3.4420350035280407,7.017433162588214,0.05211738598882221,67.40184098470213,32.01970276371253,18.071639371509583,13.901030452315783,19.149204553231876,27.042815711061383,6.172713533741715,13.213859902510368,10.551310487130502,5.193508366868699,5.63344940961466,7.3884222107557775,0.0417200808430462,0.026156164669725143,0.007091296981062352,0.19163132671250155,0.2190212954768522,0.1613623592707736,0.0009905176398756193,-0.05788950748243662,-0.06579699296305079,-0.07278394220197992,-0.10097812652937878,0.017879639327080466,-0.09424219600442697,-4.776426020168489e-05,35.66105252858488,20.68863894846171,12.11825088836752,7.645514495636614,10.860673488457769,14.835537675261326,5.78532496680932,6.370168853859882,6.520753791229351,4.972166638562799,4.055348873396029,4.7291189521475685,0.019302692489007393,-0.12355818303936607,0.2826064599401935,0.5067433489984645,0.16897293628349389,0.07439563395847013,0.002522537785342453,0.09419214260764679,0.07844873793250748,-0.0011670385941213426,-0.1762781156781956,-0.14101961724861903,-0.05395761378485086,-0.0003127413180967172,32.29353136918804,24.967051056446458,12.177622344532365,9.005836945943567,11.866819888421784,15.594560039778628,7.703274410628579,6.061253540955295,7.789852237647281,6.341754810303495,5.3413865913183125,6.282518775040395,0.015557171195925453,eight,/content/speechcommands/eight/7257420c_nohash_2.wav,testing,5.0,Kitchen.wav
2176,-255.31883034760722,45.58293751609796,43.75945056311087,15.964266283453044,-5.529694995427854,-21.178312682474797,-6.419454024306047,12.882547333150189,14.687730855538538,14.119488948431062,7.685813479952928,4.027979121541493,0.08976643701316789,71.73447605327269,43.06619452601194,20.175023263129358,17.24530846934701,14.58875635355939,24.485170790237984,14.06665652449031,12.214694605422036,14.290303705788677,10.724997864457888,6.033414721478448,10.177977480988163,0.09482064699998058,-1.0615663084817584,-1.1256086499999851,-0.3450425915996298,0.7851259300285246,1.1381337600093517,0.5761780491208925,-0.038665297135675895,-0.2488512971313663,-0.13198392017061608,-0.10491936960983747,-0.06373059435465145,-0.01138764808000097,-0.0003135299850856104,32.26423298342816,20.91640055160225,11.623265026034295,9.365181330771476,8.681648586661643,12.693644090620806,6.827044337655145,6.6214588543949455,6.837084252813737,5.491953467971513,3.8916199556601536,5.361581339609873,0.04057883908803037,-1.5695128626924675,-0.6579367380303137,0.08536049283802818,0.1083018166608363,0.249413061380747,0.37410830661388783,0.5437126551024722,-0.15920651122681945,-0.025345085141280362,-0.18503817527072067,-0.3181774496486373,-0.0082290512866012,-0.00014026835560798645,28.264799794468345,23.819686181874665,11.81650973110642,8.75922418225208,9.254323764607431,13.685510544128642,7.348489315748257,6.334039552633912,8.898756906717868,7.017814710342936,5.0995960071380075,5.488076465843536,0.044971925381299634,eight,/content/speechcommands/eight/5e3dde6b_nohash_0.wav,testing,5.0,Kitchen.wav
2177,-172.0294333652709,48.93501266705923,15.23768720979373,31.653954717735104,6.8193806376451445,-7.582849472826102,3.5994897980655334,11.349942435256523,-4.362876491507009,3.5159725056677993,2.116755534951883,-3.276094498610121,0.12457217584596947,114.53190506429965,23.461862682585295,18.78567833731689,29.940570215021722,7.210336355873731,14.774384842891692,11.748812343433002,5.545861393634286,14.017846222319667,8.82043418463006,7.920696057966339,16.06440551977779,0.1407906317682595,5.698367392389081,0.6661225079533147,-1.7710106694334982,0.03970409929056597,-0.5951130641126932,-0.6631917381179199,0.21487560647203544,0.27020224909288854,-0.17109693953694832,-0.3101503497258253,-0.3819651990351625,0.30237497479663306,0.0006869598742454282,33.68928950728067,13.904312165377467,8.655654051941802,16.086230619715714,6.667813870856947,8.29888141937747,5.555455657406342,4.578032315190059,6.507211452053329,5.222405094270072,5.493118784650185,6.56136447155739,0.044453501380354,1.0679693088969855,0.052783897055559234,-0.5249486840244478,0.41824006170318556,0.2965452797379685,-0.26466641710922956,0.14067363798977273,0.24482681828866698,0.3427541546963727,0.3718845855541269,0.05412967316385823,-0.048106339345527854,-0.00014481333394845327,31.590622109440087,13.625652596618508,12.409084911034945,18.8695638960345,9.22197793371245,11.53015653870983,5.4798530197440805,7.093129215370193,7.96869135369296,6.6572828721055215,7.075626064958354,7.5355998755476,0.028011813634488188,eight,/content/speechcommands/eight/b97c9f77_nohash_3.wav,testing,5.0,Kitchen.wav
2178,-232.94980082337716,-19.844699264796752,27.722481170810198,25.544074604696156,15.866225485450597,1.3870816361942495,5.548105344478298,6.044121655277739,4.973662783261762,6.340990291891363,4.355101349738572,5.130636894022589,0.0373293143347837,32.66591365036183,27.40260657537793,10.01340954718823,9.898307811911844,3.662557573898472,15.441606812308152,9.897581589093527,6.720809873616198,11.69203860603452,8.677076510216077,4.28866682568988,5.213429085876389,0.010445652719824103,0.4135943636676067,0.0533790894712426,-0.09580963101731617,-0.24500036658318597,-0.39135989114050856,-0.13758767976851102,0.15652981523912443,-0.01955428055311951,0.0019049854903558426,-0.11966386946560528,-0.12092554703985535,0.1737338662889074,9.019156136820393e-05,14.984644584889509,12.169877931777512,5.45234996226233,5.214420896623996,3.3106070601858018,8.252133738693962,4.990210502625597,3.856992169597974,5.631032082077726,4.977029558861348,3.1261231784966417,3.3665964561045625,0.004568120500276772,-0.35789035278023484,0.043099017862029736,0.2046665424562826,0.5050990142422944,0.10339068928354014,0.30756033634321056,0.0513711820543318,-0.09237258500096569,-0.15264188267460038,0.09833899332794041,-0.07101681876482466,-0.027865660702909432,-7.29808583855629e-05,10.678660435506638,9.85342578753539,6.3102032475996594,4.8159768905253735,5.0499082047920885,7.247454527482187,4.78740130623023,4.5148013024774265,5.634169789501685,5.923345227248101,3.6297777718223085,4.6466567108627554,0.0039054136276275705,eight,/content/speechcommands/eight/fe1916ba_nohash_0.wav,testing,5.0,Kitchen.wav
2179,-251.12964666328824,19.831398178917247,34.48305841219925,41.15699617885261,8.33410129914931,5.906447651603306,5.166675082493741,4.247561821235763,2.8045084992047293,4.4620728219336705,2.6656427998945365,4.214397793240586,0.07386456546373665,75.01574378992997,26.460417296543525,16.474916563299203,15.992210144295921,25.869170218312625,13.213427632064807,9.984373113756929,10.313561896448906,8.341547226039099,10.684800599304362,10.867432538816042,9.557466689053227,0.05917194629335177,1.0055383180028636,-0.10840789316597033,-0.7471739157916736,-0.19353676819122692,0.49956147263699857,0.11235575058323985,-0.24397863606556833,0.13466764499339448,0.48652667575590985,0.5105497070574019,0.0029821277884661502,-0.2410210728949328,0.0005647178378797346,43.9870563480667,12.518569520880646,9.325961279799124,8.950837793399824,12.2143391480628,8.261500599767508,6.647566347541972,6.5497640298811595,6.685566262765465,8.53218645472484,8.132734707409716,6.577756089870284,0.02309816702190098,-0.007292229892919977,-0.07723568887098944,0.2892423039947099,0.10457354957543868,0.012283160807354202,0.14485393334476543,0.003056022339670002,-0.009707051142033378,0.15582697150559677,0.3385493176108999,0.06122474191989677,-0.2540353483707837,0.0002589645485083262,42.25594022123622,15.817253559252563,14.077373194307837,9.672673217664917,13.48463626398771,11.537509627879924,8.934710417400384,8.767462208440957,8.340131898342914,10.17076530778029,9.651389266036649,7.426519872574373,0.017038902633259127,eight,/content/speechcommands/eight/97f4c236_nohash_1.wav,testing,5.0,Kitchen.wav
2180,-221.68997345587815,55.55599281778304,27.216648029656845,49.489975338329096,13.359623753403522,-11.269707487281398,-2.018929474152477,-0.5459283762390523,-0.9366951065927842,-7.59082140841465,4.8373400952447145,7.165997531004493,0.07700990460580215,82.59831355493492,25.98081537152308,32.13545143877681,29.930203080446987,10.02553875263067,18.189697456306238,5.812511282894944,7.734968428208037,9.010603589590957,13.926273150216552,6.708391422581721,8.149737210426323,0.07047782637489151,2.0167192111090144,-1.559743496577359,-0.22285132638459282,0.220394458880374,-0.24967822819283342,0.17279451169491092,-0.06933651816078491,-0.017506821178057172,0.10404785906863892,0.5355611627585657,0.3541626879996472,0.296651831746335,8.581560705938647e-05,28.57318325713376,11.690999978274958,12.883103084612125,12.93396874185245,7.299874661094948,6.817923213460027,4.61231557255755,4.757262646058731,6.490785289783542,6.451784873598817,4.702726323308469,5.221305015049748,0.025520794144270217,-0.5295169754208283,-0.3393421927705364,0.10635696840360467,-0.08338104306771707,-0.1635313778105124,-0.2580213047758928,0.050473802923004886,0.05189808621607121,0.07190096178244622,0.17710427795521516,0.16967224576426249,0.4410003006115236,-0.00013729892671108246,22.99556998236937,11.410008529647396,11.945370451393325,12.544626636638993,8.420414507369806,7.411034233159137,6.157627232556976,5.782208510930619,7.275338519304305,6.932202884314188,5.987693090524705,6.260189890735553,0.019278718932153542,eight,/content/speechcommands/eight/c22d3f18_nohash_1.wav,testing,5.0,Kitchen.wav
2181,-252.0869459894788,2.027464806255302,45.73205508100631,44.122609893648004,14.928016576512615,0.09843524607067078,8.736158023006716,2.9525046763690694,4.556459144663435,3.9449029433544096,0.7660084736038366,5.277165685868279,0.08379589149262756,76.94540702083471,32.23909815416237,16.816981851785098,26.695002439602064,16.325208233294553,21.6247484310345,8.170887384436151,12.76270098947649,9.934377129953882,14.39752712923809,11.820437149932417,6.165645069495296,0.06668738712876282,3.177404490216639,-0.059969623631790425,0.21386917523110144,-0.1319721624198061,-0.38786096107225776,-0.14377028623154348,-0.9511517983933275,-0.028253120609193477,-0.9634736198122902,-0.247489036881861,-0.13369786728359018,-0.5279860277153068,0.00029758436064566333,33.223862364716446,14.887949336435739,9.573028156495635,8.916591752630064,7.052664783645925,8.8505881769173,4.987576731618132,4.6387807769212595,4.052355297481624,6.404017596900751,4.4386381295560575,3.393120844839556,0.027543397182644824,-0.09486092783401906,-0.15772582139685115,0.194177794342834,0.017208628074175416,-0.36588172242980693,-0.051621342629410275,-0.1494101906682631,0.18405823436738217,0.09458702593666243,-0.1318923301078773,-0.02131640716981654,0.0389834769992468,0.00016268864274024964,27.443831722986612,13.74628105156005,9.386347660934105,6.628464898038824,5.151412957172107,8.329116374923139,6.8209795161907705,4.215841387812309,5.724566492455184,7.799058249427412,4.996072794276184,4.590486776711129,0.02153971903324586,eight,/content/speechcommands/eight/b49caed3_nohash_4.wav,testing,5.0,Kitchen.wav
2182,-262.27711880430434,-2.6000049672099683,37.89715287189321,30.094778825795878,8.037703754864909,5.555739746769323,8.84957474044462,9.653894746585024,11.421921542873218,8.580544896266808,9.29729514765475,7.523987651616731,0.06077472562901676,68.13035901952603,32.60322247399506,16.766506655209827,15.696864561947192,19.799511958388855,13.112852579092616,9.209926253514432,12.693712057770405,11.830294381258623,11.145107568419512,7.669779840474763,6.835328365695588,0.046893655144387286,0.13651181645278052,0.09366561423166488,-0.7664289049431295,0.03942476676045149,0.7118251202095949,0.6073722687568053,-0.20936037140904762,-0.11875888525563234,0.14932701432712953,0.45014537241647556,0.1903546126325136,-0.20445211501960772,-0.00011972572293973738,47.29835510954063,18.17656554953818,12.40283555562074,10.966095375312419,14.612113185991422,9.370504394484174,6.086889162342249,6.907238220905722,5.952470984346792,8.832231247434908,6.561507581098274,5.639192385976647,0.019648703493036285,-4.336003166131036,-0.7989966067938001,0.49501115601274864,-0.8831524621295687,1.5485571077564215,0.5942737511584781,-0.14642959650855975,-0.6020342720195581,-0.5378521038149586,0.9273198212853642,-0.2802174480906036,-0.41238444087850384,-0.0006369087224205335,50.586295387897636,21.52945130081133,16.120861707515164,13.799761205704852,15.216227308868438,12.154799941743512,7.775975375525315,8.037137205213114,6.691223464426329,10.861591322306964,9.034742082640207,7.145739001167394,0.016756187558643682,eight,/content/speechcommands/eight/97f4c236_nohash_4.wav,testing,5.0,Kitchen.wav
2183,-307.75764479175507,-13.380026876661258,38.729844456533925,31.01852211250239,17.431789127084954,3.530820923451822,9.607768910721802,11.159405513464895,6.376301643548098,9.077326558627654,6.731166499485365,9.910849414194342,0.03191906993743032,27.564896749427273,18.416407483338048,6.399318788773119,11.792550847048627,4.57900724359287,22.502846668256215,8.69148574368627,5.976715188946649,10.669457443051943,2.6025639988661786,4.079429230332062,4.090822307017132,0.013067184853462113,-2.8183415118305453,-1.2955574494583302,0.7140508931253636,-0.6687821500931818,0.4610943276299247,2.3195774806324603,1.192905559457932,0.593468992099232,0.9799102943752468,0.14789859300285416,-0.17145302902383444,0.05891795509977053,-0.00021184878724236642,5.963306625509728,4.484861673535792,5.21047544919378,4.652595007731292,3.2487400571201315,6.557103240255774,3.4891809034676946,3.638944574553939,3.102039228683302,2.6277687177483577,2.846363837959963,2.919974452717939,0.004557163931097596,-0.2522348879449121,0.0882169540812613,0.12196269263619554,-0.21888658184222992,0.12225654782545312,0.22073648738731652,0.07847034925235938,-0.005949530581470341,-0.23959807741179945,-0.28345885636775775,-0.0431949956889112,0.04950938048955846,-0.00027127601206302645,5.986386372645048,5.244468111963293,6.360578045184603,4.6514703228183,4.411424129121887,5.877386099264227,3.9854685587736407,4.445548016325709,3.709171182599482,3.7412488898545453,4.019927253839932,3.8907072050660876,0.0029013979630260274,eight,/content/speechcommands/eight/b11a05d2_nohash_0.wav,testing,5.0,Kitchen.wav
2184,-178.77365036404416,23.38425665636163,53.91050230430723,34.514452497582035,21.721772325591118,11.245279612706668,9.607380475389508,6.723478956876656,7.561063922759569,11.664730390447179,0.8531957307543245,1.846645256375345,0.086775241070427,37.82120796004863,26.72423094450336,14.964650846668215,13.990129704807753,10.236583590272536,12.369689766067482,10.378443226090281,13.210531787169113,7.587971965664362,6.776403083952938,9.373859764678254,11.636021871924548,0.04246997879806511,0.7072418554239384,0.030099135151133972,-0.2860255391167673,-0.37793220987299697,0.005831058125054431,-0.14380397174278173,-0.235366871522116,0.23624896833290968,0.11875199105402655,-0.008166046211789638,-0.04795481705058136,0.38832140805300336,0.0008509203551277037,20.907261699368153,11.584851183556442,9.513485524964507,9.534122281098526,4.9233697721537855,4.858514441564972,5.089736496685567,6.7319691032701385,5.058883293491123,5.476085258120027,3.6264651227550084,5.982931294151524,0.017227602180413127,-0.49985890191661897,0.7576677071475274,-0.39661609705141837,0.3486576191134065,-0.1681604957914061,0.032713213739922156,0.36976664955109684,-0.42689228825902364,0.36028968479879225,-0.37453026215237484,0.0771605696044528,-0.35612436798567354,-0.0013543133934338888,20.950336779551535,8.620393138217727,11.435398185241477,10.896203583364942,5.506675990397596,4.603393405042798,5.59712012331963,6.538179103540697,6.341122999659791,6.795611509403389,3.4591965003320184,6.411675362763496,0.014281909528800726,eight,/content/speechcommands/eight/6021f08b_nohash_0.wav,testing,5.0,Kitchen.wav
2185,-242.06080840347,6.689107841283886,43.12295800018234,30.153408599383116,-2.1363088786599933,5.873988671582674,9.89194825333674,1.6247875851554632,-1.966587895199593,11.922516060416765,2.189825918926183,8.776376338585301,0.06421315629268065,74.59043080675885,28.164394639515695,16.223636115518953,14.904428029146308,33.15987866115543,18.25959334825762,7.445422229912698,20.28223035379365,17.693339589753137,9.048048963538967,9.217168921770064,4.525870336819611,0.04602926103780584,-0.0031369603663803547,-0.40301268501211174,0.16989757544961862,0.24043974774098248,0.3868375152624733,0.01911884731402603,-0.009178744368905678,-0.1090936967402621,0.310229872727915,0.26901736390083936,0.05330698247383443,0.17162186749589162,0.0009608018782831007,32.23862603459965,14.325360202784342,10.19302634323478,6.822321248244017,13.91662442576631,10.773998809700544,5.198710878578129,8.994638497676009,7.478630866759462,5.5191024924591625,3.8622849323620256,4.234049580304238,0.017771162181052347,-0.7600599320103091,-0.35918975225750777,0.19947585400927537,0.1345923172474168,0.09291132048976329,0.1250244327359787,0.3530062491267759,0.349273272871311,0.13414048402123774,0.027286706049996626,0.08198552875229419,0.3694564011610588,0.00023770518600940704,25.43246424882602,14.894419089398506,9.765611543043734,6.774579092296497,13.874530775270884,14.88670330997215,6.42445856106735,10.309445326600159,6.774627619843964,6.767054147469704,4.787782964612525,6.03976120081035,0.012133885960926846,eight,/content/speechcommands/eight/8c7f81df_nohash_0.wav,testing,5.0,Kitchen.wav
2186,-239.57846338883513,24.33132321203545,28.43655296780684,16.514133332867857,8.31668578492458,0.006655896633268377,10.427722928039703,5.910377331143485,-0.3821147581442865,6.220324697615652,2.505881632954405,5.612454487232069,0.030680748110171407,36.2793786922951,18.02213977395927,8.02292409490803,21.218588951285163,7.148487073164575,14.71028895879916,5.185807402890791,5.6917740247577004,12.489166041497219,6.538300045939813,4.495208230451813,5.4544390738542,0.010102335739900456,-2.463383989940776,-0.8808784026572092,0.4067669096557721,0.7559517748440404,0.3659267932758919,0.10200533910005362,-0.0005872821339557326,0.19753020637618315,0.10307686094371249,0.0916381154696569,0.057230894475020805,-0.16660640166080604,4.0794632607890716e-05,10.670173921979616,5.327790756347675,4.443456371598001,11.106833341469208,3.4587812606674113,6.855226357256305,4.047030108038455,3.2276085205296736,6.076986784768123,2.4952659819238985,3.3647079739672945,4.423999034121289,0.005481126391164758,-0.0270316030213858,-0.017966690201693027,-0.08561559618408919,-0.28593852915308654,0.017879682319127472,0.04104206141958334,0.05792321973809429,0.006988104094871487,0.12332843909853519,0.004369521622755368,0.03549959150497841,-0.0009831733621516717,4.561742146809896e-05,11.048489686837746,5.763639022102698,5.129587117780373,10.140121371076807,4.218967715281563,6.6745521561723935,4.627384518515189,3.9898796192368193,5.857424935067941,2.7700225282463142,4.079066783697225,4.964952513193915,0.004215143717476587,eight,/content/speechcommands/eight/2fa39636_nohash_0.wav,testing,5.0,Kitchen.wav
2187,-313.59018512259695,-6.256690616459451,47.62994548850203,27.001858634369125,11.337003626195017,8.086595707326039,12.311713204617819,9.308972229180572,9.582445172660007,9.095573867293322,7.562356434811317,8.885664743797157,0.03445161069976166,27.134394936401993,18.06895981545795,6.6583851988247025,6.350080000062274,13.360821393546315,14.76826719524509,6.911234300749993,10.06532260562101,8.272193592948337,3.912122404662224,3.721030936385463,4.431943093852327,0.0052163102787047486,-0.3790990924273736,-0.3306697480928413,0.3241270777963254,0.18864217030153957,-0.021328120625382658,0.2131738625501113,0.14107011629903016,-0.13292171444103207,-0.04811781533829722,0.08832202495790217,0.06186116323099413,-0.161648742408352,-0.0001326316907521217,16.603994388152444,9.484326032766235,4.1570569897348175,5.253642972472208,8.511939557484153,7.228609506999843,4.514091820341295,5.707438442518789,4.098933366260825,2.7538463757420373,2.794101007760274,3.2272503171918676,0.0025091807783383926,-0.9725753194236954,-0.59339165629614,0.06683846376655325,0.4502887625421412,0.4312945893638473,0.35380331489039535,0.07794197864745331,0.10358616277468281,0.2131623013829646,0.211729593749566,0.1844811646469782,0.12948393321857984,2.230859051148097e-05,16.03661383099944,9.532723870743975,5.261703625120124,5.556644555994839,8.937128160512696,6.953498857855155,5.5854056346534495,6.524522863057554,4.417829330319492,3.7149238413799237,3.3937975205446342,3.5766285616854403,0.002155216449114687,eight,/content/speechcommands/eight/20d3f11f_nohash_1.wav,testing,5.0,Kitchen.wav
2188,-216.47902793597973,-18.530601627460694,26.21520172271582,36.96728004902934,21.54434704263835,2.527590880782558,9.569813248163479,7.858467512999967,5.681331708020848,3.3678473853956343,0.6149798154559867,8.025030062578566,0.052996481710579246,47.617497115175105,25.345444082327745,11.2781084157016,27.58968209461596,7.4340660200116595,13.917651293957872,7.141072900994458,5.606935076955216,5.8855549889449845,7.353496265063338,9.355159095467773,5.089902943611219,0.022355123145769824,0.15605690992096988,0.37372246811852866,0.41500478116731027,0.09855777120684149,-0.26052435916338434,-0.5744380716229083,-0.5195866063363466,-0.13050555035962694,0.13995527098548063,-0.09381050795942918,-0.2440675076239541,-0.24862892388068877,-0.0005499375683646049,22.664943956470747,13.541976039672472,8.028331245322528,11.744611541503286,4.887864722484606,8.102678899533352,5.695333108327415,4.765298493376926,4.38175310780712,4.35844301967961,5.28311077091767,3.8095262941329717,0.00971091084018714,-0.2745821944041713,-0.17863530645195685,0.06843503961452851,0.2931835467429027,0.22177267123535963,-0.2709730320394577,-0.1725146021807852,0.25035642804257535,0.08741262454530734,0.012722954653383075,-0.25026335289944296,-0.08207628268090485,-0.00015420752267042797,23.77911511697163,14.553202479375306,8.8630804248962,10.71218864222234,6.924003323257945,7.547965695242736,6.694728980882737,6.0347619777952595,5.9834179705647506,5.750722715931799,5.781102850434776,5.000735325844336,0.009552674546032975,eight,/content/speechcommands/eight/37dca74f_nohash_0.wav,testing,5.0,Kitchen.wav
2189,-230.7076621681075,27.937863408451037,46.66110187448078,41.04019821221793,23.22447999471951,3.1151406170999785,7.205130343089586,5.611334045943066,3.9102963650264417,7.1817769704933285,3.25738233706432,5.98146265595048,0.08305441017728299,68.03954132001886,36.50145804246358,19.738257186126575,30.736897157821822,11.834143018620232,18.163293614857626,7.141920571101061,6.163491531861576,8.818538204519026,11.16965336667852,9.74636709953593,5.643108221651294,0.06572567069332182,0.7784028367077049,0.8667076925592846,0.025179140450220877,-0.19169062268331657,-0.0886247118424081,-0.018828387179495157,-0.13622625400452612,-0.21750348676506853,-0.10561518542452314,0.05713707047227944,-0.10134647673302992,-0.3107533444121544,-5.375714071335331e-05,40.103196471446374,23.455588242193443,13.361978729215547,14.254488198897425,9.468963629131007,9.152392766811701,5.857488731758455,3.6931653970337357,3.576984819017884,4.0521719621982335,4.364269983859515,3.635421252131414,0.026646572643343944,-0.500863712302484,-0.2200452455623839,0.149293026865037,0.3880782439122255,0.055786343164938516,-0.10492966393916763,-0.11689665880483092,0.07576813323272497,-0.1659194648809314,-0.07050422464949263,0.09901972308845448,-0.08334791295117933,5.426878730456034e-06,39.96993482473184,23.586399878145652,14.014268923241964,15.67594779221448,12.605754478072845,11.523532778383908,7.246238430069235,4.764511572563033,4.422869704917161,4.367016619512416,4.749714304334261,4.002476161675497,0.02039145996006519,eight,/content/speechcommands/eight/e41a903b_nohash_4.wav,testing,5.0,Kitchen.wav
2190,-261.8241062160281,1.2994814329812714,36.27513134212217,25.728018082250813,9.978100281815577,3.970866526032552,12.99841297243782,8.874488736090598,8.73702184684955,8.499264091234075,8.868733881803784,10.543150220785602,0.048548542661592364,50.35623046573253,21.234221641233738,11.991524453047491,18.09998224749647,11.533847729809276,16.57244994554878,5.823116766996401,6.337968602961506,4.265531598663627,7.117617679810639,3.4111330034041236,4.633536604584725,0.01072590064334322,4.619350768635212,2.7849028150378707,-0.7708114075670984,0.051601781274535206,-0.2315130762995421,-0.5136483633329002,-0.6854902342020518,-0.40530021735631433,0.10271427668569116,0.506474753250192,-0.020678356113966727,-0.5434809120185838,-0.00012979055604627057,25.0798857965177,12.151625222714536,7.001243160452537,9.128128984562535,5.653282508923582,7.427277283843181,5.120442291829251,3.9374233131730403,2.7937977249646355,3.919738765451981,2.9841094583714347,3.0605275146467634,0.006320236982540947,0.9428659755948691,0.5095245814786559,-0.2526359502906433,0.0948141043124417,-0.026225160260579965,0.05137131418421763,0.09559574405744092,0.09700478052236813,0.07862941117174399,0.11710711150678191,0.012458894161524903,0.001671497191760037,9.504730502764384e-05,21.308032386401646,12.616908553903412,6.624983869771794,7.854646531750977,5.036097294204404,6.9385016215790065,5.908707653473192,4.403019351561157,4.082508953334741,5.391932655802167,4.061057181315967,3.7751631123763842,0.004483968122220618,eight,/content/speechcommands/eight/2d82a556_nohash_3.wav,testing,5.0,Kitchen.wav
2191,-227.03407636883975,28.81477499559142,19.907953813349195,31.65393345024539,24.40573696030796,2.5168234397694818,8.938404460212439,8.028385007573338,9.163055165680978,6.275603152498248,3.0801149872397255,7.363460469596801,0.048182967642787844,88.00037951352449,46.04343411014689,21.314126915148876,28.54502004894588,11.216956482659668,14.39206075407987,5.642118521260546,6.791303367479064,7.222447339464992,6.159275621489476,6.946015725283261,4.630648750822956,0.029442532234764774,-8.995259025395844,-4.199654621077446,2.1119316636477112,0.2330638193604345,0.7814260199179234,0.6999327045925581,0.511370246016803,0.2650030036922808,0.18230718856303788,0.2755002536786551,0.20449225166999038,0.12888922291182983,-0.0036512174072765536,24.36017292621923,9.890471187647105,11.728842372868566,13.31765011721133,9.324206577519801,6.3264242736850305,4.293834195488097,6.0200499310212905,5.3927096659458575,3.697649661182706,3.532282645632837,3.4241383333451654,0.010002647151915853,0.10575598618563523,-0.26157154333228205,-0.08670940701689353,0.09365794695418514,0.08744930631182311,-0.09529722932732429,-0.18093686302990192,-0.012279400946156826,-0.07698890763953704,-0.11635286407755162,0.028943995216936448,0.15789158431433983,0.0001866677775979042,25.296532972447434,10.199669841924747,12.08162469359635,11.668495178234032,12.437356769732034,6.416243278269691,6.10330041071266,8.265940269343035,6.864621164982539,5.520248698267122,4.545398618077474,4.475361006623429,0.008939503277423036,eight,/content/speechcommands/eight/37dca74f_nohash_1.wav,testing,5.0,Kitchen.wav
2192,-303.46607586996157,1.7968663006514545,31.22556606166335,36.02135182844671,20.21928624100626,13.610287074727687,12.288243191475694,10.683848724819875,4.524989513779973,6.326013987346691,4.729137951940658,7.542928983440126,0.04372539202449843,45.225444803756055,12.043503394205496,11.534439908419019,19.19800105343587,8.639609220586955,4.8533707324185205,8.273469674961024,7.252672851130488,9.611754411644664,5.365492061434574,4.719296406062801,7.3998360497246285,0.010733178813852695,1.5768741321913464,0.3883979068332182,-0.06538672560252051,-0.25500570198210715,-0.5002264228965401,-0.3290541170971971,-0.0663839959052667,-0.36002338786352434,-0.32042609532607186,-0.07418291700063291,0.2718698033908275,-0.01029202057687718,-0.000742297379239913,26.159270071584665,7.453193842926591,6.839734710879144,9.940335602668158,6.86394762505152,4.166468936087868,5.175725664909505,4.601420646468938,7.211478149551121,3.8457346867137208,3.0467063706983164,4.584969117598217,0.0062884359660161674,-0.4365446851683316,-0.29396344986039313,-0.14153046429356272,-0.06271950431501463,0.21011122776221142,0.185183987470628,-0.0755360864916978,-0.20975395465645513,0.058447929115918625,0.20864639546908575,0.0888162191542427,0.19949472946733363,0.0001894527425368627,27.614533870981436,7.835754723647059,6.500047173025893,9.23652120076593,7.906766339955056,5.209868012062202,5.412527438352821,5.063733863474402,8.540588749748041,5.017480004250497,4.115382270346355,4.910461055720528,0.006264687391077307,eight,/content/speechcommands/eight/fce96bac_nohash_1.wav,testing,5.0,Kitchen.wav
2193,-280.7607439571131,-18.865393359031863,32.31265888243123,42.017520781898575,11.10116577709388,6.539507293767534,11.089952761277285,7.276703481462842,7.183299686046359,4.979965713335895,8.785962664163264,6.224808372017101,0.05068620448582806,91.60660968514121,22.12975458296031,18.43562391654106,32.914064417097244,21.21108534284364,22.189837644436047,10.052973717018228,13.331926597613856,8.320529264428973,8.674146118538658,4.401598982475443,8.245320850761656,0.05390193928420962,6.697293122750049,2.1438866211542633,-0.7145619147189153,2.8914134926358392,-0.9648817964609528,-0.9006211928744807,0.13712086279002142,-1.0932807066302983,-0.94634696819244,-0.8562742655938409,0.2691266176996787,-0.5910460314210685,0.004528828626198154,25.9207721267848,6.690533181767857,9.862710457914176,12.097399695648575,8.521352652034539,9.681663737145678,5.209755448591678,5.061667443142344,5.315274843009626,3.7780383600878924,2.7956838274772045,3.3352682871408663,0.013050195053598774,-0.3016846666061776,0.057345216703618244,0.16860344301400362,-0.22546491268130378,0.2718185151198662,0.3568514390380635,0.3849653713748547,0.03943080056225613,0.17730418679062007,0.024517091735764454,0.2487654413907979,0.20920816439615178,-0.00029751273492972054,19.89242990040692,7.599810311968098,9.996962448601582,14.72198298668784,8.26339550787336,10.629351345954941,5.2581404493576995,6.466173128295393,8.298966240146736,4.6331636710180675,3.975110390965746,3.8340861649578715,0.009990233677919215,eight,/content/speechcommands/eight/cd85758f_nohash_4.wav,testing,5.0,Kitchen.wav
2194,-242.39216343534997,35.23920764810465,52.6025058287939,20.113920732184727,7.651311122700706,-12.305142566472245,1.1671853368992906,12.574345206952907,13.374101886786963,12.305439587886411,6.020527435859453,2.8119938881615,0.0836408605100587,60.232277764386545,41.271775440738686,22.876895656751145,12.84829390343996,19.913058946574704,28.91131109049742,14.945416153264398,8.898275831346224,9.361173391397845,7.766399463696132,5.381450386460258,5.547203162828539,0.07977143218302206,-0.8095281318711779,0.5288609882501123,1.4492164011464825,0.785188273683019,0.34705990672396403,-0.09795213724206552,-0.7758070412022753,-0.509924824481462,0.1092735533257122,0.7077580456577849,0.22810997058946786,-0.30553069246295445,0.0006744549159080752,29.255999481968292,19.893914901108474,13.038728846148533,7.584928050570069,11.970834938200891,13.351422414111163,7.991381900758479,5.901579112797865,6.805081539277895,6.105687763171017,3.9222626748812273,3.805490028330142,0.04045007581591507,0.3934269434777074,-0.09304542166448894,-0.14920285936754638,0.16397019620465372,0.15636381602012264,0.00815453964919269,0.28681392810265105,0.11420062428098211,0.054668352568865805,-0.003543324214450768,0.16781495167136942,-0.1897663324128052,4.88931934038798e-06,25.37481853903181,17.257364004040262,13.322895213315167,9.252350263280025,14.096073976493805,13.157435309554277,8.270830910489765,7.637684017156072,8.750021919693237,9.343596432933479,5.556023520875626,5.123977960035045,0.036986520047056416,eight,/content/speechcommands/eight/5e3dde6b_nohash_4.wav,testing,5.0,Kitchen.wav
2195,-291.9025572419252,22.78559308756575,34.78119071899783,33.43989390311199,9.208122625566643,8.180426558685545,10.143305652275119,10.16812410831837,10.43897675065989,7.5089580379048355,6.466705617159958,5.568403794381934,0.03860362962586805,45.83894322772318,21.58011834054962,14.121388713679718,6.609388681387986,19.204291822299883,14.411775583268545,5.102291122104011,10.252579957055831,4.749610379563033,4.745165490875855,6.277972065285552,6.029810537413106,0.007168616313981488,0.21241156352415153,0.020320516635710106,0.3536094003243596,0.12528908501947159,-0.025431162847285596,-0.08174500127691081,0.23695624378644678,0.11384351046987717,-0.10040517753319003,0.19178294189784312,-0.0075932051880299115,0.004016666141460263,0.0002117585991659472,23.26937557003902,8.907056387843122,9.82548878146245,4.17534233233139,8.058498176209698,7.528554639946155,2.4883342490436258,5.165559362079993,4.54480273418278,4.2537915052040844,4.531527385228557,3.704855147859118,0.006962211469477371,-0.1433419056128173,0.017160015491138953,0.23506030579828305,-0.015526232115343675,0.050872914883625955,0.1895969965171058,0.18005554031138704,0.007786446885005619,-0.24419373064779468,-0.14278511616229264,0.10083629033980492,0.004586891618471197,-0.00015668484071890514,22.17447552803023,8.810101986170752,10.88288402410862,5.338972955463493,7.660036277477379,9.168389222372538,3.009989294550238,6.249253075889063,6.047708224258443,6.25067975525306,5.12555016899561,5.353649892227871,0.010130997581670756,eight,/content/speechcommands/eight/bed06fac_nohash_0.wav,testing,5.0,Kitchen.wav
2196,-265.8356134791359,5.854097421230394,32.91293149932031,22.87919849035943,8.078181425639889,2.389374832525614,9.218835213847347,4.42252609150942,6.382452905350007,8.284123046408244,6.330430281803143,5.90312881466774,0.034105217491742224,43.88239968308785,18.39249294546742,10.09717181337973,21.6351159863714,12.075281921138574,12.557538307940355,5.268455922423537,12.394420198089634,12.210780640386915,6.9784407506241175,6.416281936709214,6.400247192977695,0.010835874713199535,-0.6837624520824137,-0.07702121080128681,0.2996426893707114,-0.24041913839598802,-0.5028687822411467,-0.0723564022276207,-0.4696759511983085,0.03316374392500592,0.31658322643285614,0.0032009683371520743,0.06707288276135775,0.23603552701040634,-0.0005613210340661387,24.514926047663874,10.6320652438076,8.107446660132984,9.47457994022032,7.376406453084906,7.0151430666329775,4.050359551321504,6.106641007029716,5.883052871192248,3.8990692851196203,4.164534969310999,4.394037168850084,0.006142431604267391,-0.1922275247809182,-0.181250639329003,-0.07157242823639401,0.018019908729706498,0.08742792682786812,-0.04789357672359816,-0.026386239443090827,-0.05523056448541919,-0.08961862208239602,-0.18214066541178037,0.02556554310219159,0.03238400337200969,-7.613847653071086e-05,25.286603909124175,11.40920319711503,10.809534561655076,9.38959551958741,8.007238509647964,7.783505380307162,5.608654898271539,6.727962135221918,6.462091946954446,4.74708199140764,5.103083651830885,6.019568236735692,0.005018840661376228,eight,/content/speechcommands/eight/d7467392_nohash_0.wav,testing,5.0,Kitchen.wav
2197,-274.74980246527133,-2.581146770795857,35.92435349735442,28.172731899297624,11.079978127984571,-3.3898934538422822,12.074342245430692,6.7404298425089335,2.380307512732954,10.534787987331306,6.236510007522939,8.283231524635786,0.0493033078382723,58.827237582477146,31.420876688139664,14.354011760739564,12.996538099242164,12.635016563810922,21.98628771657427,6.707601207502256,10.980442825612394,13.029650030618136,3.199413296446637,4.922354618969403,6.975784913420893,0.028728404878593843,0.002394720992923787,-0.3878613440175106,-0.18278160379690137,-0.24007916557534062,-0.09853589621117179,0.05578742493294972,-0.31915438759060255,-0.1628525020808712,-0.07585099124617554,0.02996938108406734,-0.027151248945162302,-0.17734072843884338,-0.00022718033963634122,33.45434640833815,18.54615225600673,11.332447554071232,6.655259640104229,7.6626714594972825,12.45270534593167,5.99688200834743,5.722469855850352,6.83121733341169,3.0565993969334433,3.221580048529921,4.61276035751839,0.012818528538078786,-0.3027680489459707,0.10510072973736087,-0.09109521568394711,0.06607619394782063,-0.07116778734107948,0.20490359102084638,0.29763277755931267,0.02573880393680348,-0.09394286505554934,0.034571291343586275,-0.03531048408153745,0.20606374112815903,7.375503579775493e-05,33.236332257566296,20.491525042760095,13.621226667353346,7.8119847913343365,8.508048037186587,13.390585422733778,7.886289652408701,6.205495056445369,7.964817533098133,4.520665836180834,4.055284408503494,6.130040775534446,0.009038033202991675,eight,/content/speechcommands/eight/7257420c_nohash_0.wav,testing,5.0,Kitchen.wav
2198,-248.67362309596388,-10.873170966162176,36.697116481618906,42.396957788203025,7.399504943159645,9.008032382548192,18.000343064296167,2.9647935061412345,3.060689562740726,10.766257295188371,4.167468073301028,4.459304985675422,0.09947246266528964,107.13564385012948,20.269487366604064,18.765142632260005,24.83789991709285,23.119069918459004,11.26810926274665,6.62244707027973,17.036792170177204,16.726582696348885,7.238343482737045,11.65192319968328,11.758174121442355,0.10901355233450696,-1.1051616488007918,-1.055274205831344,-0.4135578880743523,-0.32563333875206385,0.31595696324738776,0.48858589993132717,0.2309546222206349,0.5292479368261421,0.36224285271535545,0.010294193346352745,-0.017503718652432505,0.32438160736159577,-0.0019432992464111698,45.82401065582156,8.522139405853022,11.996241122478954,10.583861338547303,10.302530797873697,4.704557167888468,4.722411303572993,7.494427022068206,7.566394522159624,4.735611862730498,5.794994625876529,5.337682872890724,0.04068923132480395,-6.85536383139114,-0.9988261599103904,1.7608890499185368,-0.9897300195040193,1.4619081737348112,0.5571858756157124,0.3732510477173459,0.9004039530714393,1.214275906869816,0.40491817752324266,0.12813658550708815,0.4781268982141464,-0.00491215077539285,30.23775059415634,10.660500622290582,9.820211131274288,11.941759582637347,9.119415682698273,5.692831477682986,5.56793109258788,8.482445392257821,7.546739814214541,5.636915293971557,5.645933043585217,5.315709593061308,0.026975736671598128,eight,/content/speechcommands/eight/2796ac50_nohash_1.wav,testing,5.0,Kitchen.wav
2199,-282.6495114153371,-6.66285189646428,23.701208643402925,30.03399192455812,18.56976190890885,4.64909115903956,11.545728349209863,7.64772075308993,6.581037394875459,8.416293582345764,7.360706674628156,7.981055164302141,0.03298764192732051,27.713584813152988,15.966784650640468,6.061548480646257,13.205297253822327,4.813461188770631,16.58429235812284,3.7428775350372336,8.061008732328036,12.494184681379648,3.499145888163636,4.247697781848802,6.126703565130424,0.009616102265628047,-0.014117692911626026,-0.023256902700734463,0.16612951063859954,-0.10568296608891313,-0.07441838379444511,-0.040169649301359335,0.14951117769880665,0.15862754099690501,-0.05678538191482038,-0.12846848537074687,-0.20863119488837387,-0.1835264266387525,-0.00022335182274541547,12.575333767800783,7.0628133207197585,4.776611491861863,6.309602347430266,3.4343890928536847,8.450117672075455,3.3883948224708997,4.6032383521302105,5.732219938393756,3.3782153115183675,3.8294637332772044,3.9283419927322103,0.0039013684623666954,-0.24472232129876376,0.05476064711071492,0.31311862558856446,0.4399201890763106,0.37327633758412815,0.2807938036053938,0.07489327978188737,-0.03515774496394381,-0.17591480871554985,-0.2662259469443022,-0.03679718550962511,0.1218727620843388,-1.3815425336360932e-05,11.692325826594859,6.4732275333985925,6.004214055437049,5.555677635993754,4.068296102359359,8.717363257610083,4.5917594919414055,5.256410376308042,6.000474268636796,4.570146785254079,5.370529362778947,4.490446646749044,0.0031529801355129057,eight,/content/speechcommands/eight/b11a05d2_nohash_1.wav,testing,5.0,Kitchen.wav
2200,-278.20535175095466,7.418279852973734,21.496650419149567,50.33938801675575,8.54607840372818,0.8447536058985885,16.18191631402402,-0.03727240298280354,1.8409746001824832,8.986932079852359,2.6163699669891614,9.623268412812385,0.04241576683125459,77.99090289474907,14.04930603300005,12.199832061998396,34.47534334931596,14.999873675698137,18.588384320850444,6.618269135975082,18.445077464280963,11.552992922035092,3.6691190804351037,5.037192191486366,6.6989283763734555,0.03774503672915824,-0.1766556691822016,0.15215120137359803,0.11939235273353696,0.07627716766952913,0.15104808052282412,-0.15406136724828712,-0.3480531327401638,-0.1463916366506753,-0.15766507041432917,-0.051526294347076396,-0.24491825404174786,-0.24405955281248834,-0.0008060177187285115,30.727928931999493,7.332877436488867,8.06193015909491,12.745465206477226,6.34274962799958,7.700881844283299,5.285528000811599,7.510246817482768,5.258862794246669,3.3367369296009395,2.7461045020858723,4.478885717090588,0.015661320331834885,-0.022552166007273892,0.18627268348296605,0.3285313056523966,0.048466261748665335,0.13470064273706744,-0.1596146522351519,-0.06841075268040621,0.340111454728255,0.00859002793079681,-0.160431506207702,0.0500972183136214,0.12188547868652541,0.00017670942470431327,25.22819524574796,8.493544386970067,8.182788269754779,12.708992100373884,7.055879905343357,8.05275958103519,6.24968783188125,8.2627074381163,6.424124373097715,4.1349166152859755,3.414059350011198,4.878082805023234,0.011672083170974514,eight,/content/speechcommands/eight/84d1e469_nohash_1.wav,testing,5.0,Kitchen.wav
2201,-291.0783967877185,4.741833455642526,24.15456968494238,20.039051458887478,18.651988533147147,12.12108903290495,14.890705507687889,11.643316510272573,8.756002392762793,5.916348560741272,1.8094248221490137,6.360358639927342,0.030895124305970967,16.901743003601045,16.023179776628048,13.440930552937989,12.192764165865759,5.005300539826567,7.600914859986355,8.00522300368398,5.6041555034878865,6.107033085536628,5.42094337588742,3.873884192131489,5.136307423999044,0.005984839030250623,0.7338454630803389,0.2848091114540622,-0.5218323926238848,-0.3297657316022941,-0.1912869206778263,-0.33933680021336515,-0.11347326492219523,-0.01191780745698483,-0.020097629932656298,-0.3251781973862108,-0.23953558306587863,0.13490862590136413,-0.0002227223087703028,10.575232379903726,8.897922290949039,6.156430072603084,5.726025273480016,3.1990507222623954,5.5117914911214925,4.604761046043078,3.699561618456078,4.223394983787202,3.376076287812206,3.0718257143876113,3.5173584917394085,0.002944820532448181,-0.22275570782289075,0.04471027966134654,0.15364658956435714,0.20667398966590725,0.10852903837714555,-0.010407541314290529,-0.0216130351664687,0.0706217464892766,0.20106444016515193,0.4516839035825907,0.31957805754381524,0.08781564086328503,9.62888201077779e-06,10.942316652743544,8.43844335189105,5.859381490428358,6.266426241051333,4.165472088442308,7.019149014546533,4.697709319899257,4.483480782560968,4.736181863890678,3.5563291656525395,4.181256648980409,4.561992629614428,0.002370458690291774,eight,/content/speechcommands/eight/1528225c_nohash_1.wav,testing,5.0,Kitchen.wav
2202,-185.45467924599004,57.740096517971715,18.293026102504758,-5.10088381628504,-0.40849648032080693,0.7620662072841505,4.81673020234231,4.5694542835415675,2.377700753633947,2.252176910390633,-3.57463098354085,4.910887546802557,0.03862815411188281,52.728157309272376,27.673536109375476,12.746957312204716,18.705394541324264,7.480159658267627,7.853049120357541,5.929394310384643,7.904483814579238,9.166165455148006,9.111697390711816,5.8868407109143215,4.489705215502544,0.018643741639441054,0.5458163231076036,0.392547598490801,0.09003805680322138,-0.36472056982649353,-0.18456819938495472,0.027112040467383237,-0.07830068260046272,-0.320088829615366,-0.6052919802368373,-0.7508214811125888,-0.5864963918963739,-0.22643395517213374,-0.00030689198523759843,29.492346154158355,15.34187771054243,7.295629374793704,10.374846286969198,5.107934925809432,5.643054110225916,4.743276248673385,5.51789026182391,4.885019006867791,5.190538528013435,4.59528301694965,3.675544218533478,0.009929593595711703,-0.6729836616107926,-0.8434933617111303,-0.3486647852349467,-0.01591422057590049,-0.05072363086664766,0.04175323882427325,-0.033632946769120174,0.2522457401501879,0.12704854164625048,-0.2594785023080008,-0.09956588817467953,-0.16783622683747623,-0.00018906806750843921,28.589262825377784,14.597742183024037,7.866029065830236,10.465669077736374,6.632528870058923,6.4775554387365375,7.008558632847494,6.294343413211741,5.359392874351842,5.492058759003679,5.924535918536228,4.921756186073533,0.01181052157584285,eight,/content/speechcommands/eight/b737ee80_nohash_1.wav,testing,5.0,Kitchen.wav
2203,-162.9261025289317,68.83554384588578,-1.7185306654487076,-22.77451779775227,4.556658668702204,13.069519231032494,8.154034999385704,-0.21709288806133809,-0.8717454693100795,4.952326860075138,0.4893271726697109,3.3382433293665486,0.054804140236228704,38.89494675125318,14.922230946029902,8.146378654399742,15.85005971846476,16.69526789701857,13.27787834947468,6.244567604693645,13.99451158907926,10.00097540460423,3.0545989123173722,4.752608265124584,4.841690750098729,0.04258329695386276,-0.06114313841169543,-0.18588992424115844,-0.06447928382652952,-0.3014944516065014,0.004126861896019024,0.4278474643896869,0.19683511659378847,0.1426058366386326,-0.10335096802752165,-0.19955585756846703,-0.19506501401006768,0.01771213761758198,-0.0004853071464646247,18.857890862312964,6.665801348025041,5.495754090638697,6.914270944184231,8.840289435858377,7.841473787174682,5.249092173244024,7.081545253761572,5.104449634568073,2.917372485638019,3.639019013369488,3.69150390987465,0.018541377256519716,-0.1396059973764854,-0.11908623151391992,0.5231705879891263,0.13549689901354872,-0.15777442933699468,-0.2236580809948786,-0.22859227358662385,-0.19797252782638575,-0.02914994106171302,0.036327191738401675,0.11384678918947075,-0.1611820855629129,3.4446207185586296e-05,19.02930203433218,8.519642070097387,6.064715217312223,7.06606526109351,9.653638242697959,9.310912309208007,7.0840081285665955,8.350924421148191,5.972544727985413,4.2680720270671975,5.222201142296895,4.3490771146676686,0.01436967798949991,eight,/content/speechcommands/eight/0c40e715_nohash_0.wav,testing,5.0,Kitchen.wav
2204,-242.74812453525328,6.473304462558094,29.249362830793963,25.63253861383044,4.177984173233197,10.86041576267929,4.27503271166623,3.2979462043387544,7.250340713734437,5.13264630875374,3.972937156783452,10.497685648975871,0.06430884508881718,87.73426709816631,23.129578246502778,26.353028177743145,12.187132524067202,30.763029596080877,9.833783836173422,12.686411431396012,11.74172683303708,6.529348769722671,6.884844609513547,10.037200515595439,6.095170314907195,0.05983047480795537,-8.292231467385033,-1.0582706963200423,2.5192993324466344,-0.7426556027956936,2.7046529156940324,1.0323020759854018,0.7447751697575765,0.8612131446054953,-0.22839018740136274,0.2469268162711843,0.35873209077923557,0.6282459799052631,-0.006057805111331325,24.68635028761394,10.143793508176042,11.58897604829936,7.2491429832286745,7.878948869726954,5.971712895800783,5.128882315373869,4.670617943605682,4.203084063672188,3.8988570827506415,5.188980510391711,4.264361597986253,0.01362934540482589,-0.8771373420178875,0.0423232224163771,0.3086592731046863,-0.23724810291104373,0.05289544781139301,-0.05038601487956396,0.06195465857544068,0.012317091385827409,0.22288999894467584,-0.07975800473112009,-0.062205205517839764,-0.016828958181004102,0.0005567587912082672,22.628033649131893,11.020661440507242,9.988907997888106,8.71478291642376,9.235821081192734,7.607265566456863,5.590695692820365,5.6101596535107285,5.109560773985731,4.973299085228391,5.538294699964941,5.486055545605948,0.009560081543477336,eight,/content/speechcommands/eight/42beb5eb_nohash_1.wav,testing,5.0,Kitchen.wav
2205,-256.66762861886514,-5.080978275253935,48.067057027298794,52.37600154994048,6.877763623307215,-8.072127261858753,7.847344555971453,0.0663576543246715,3.2355097555081818,5.734216040186869,0.33446993531047553,10.734449655750536,0.0549365776241757,72.06433710456831,24.418003720798517,7.639915598203815,38.02404396573333,16.224126189928196,28.995831368901662,12.26873727866258,20.919760031916322,11.014720876356867,3.7794017770763624,8.755155153749579,8.072404678003702,0.04991535414511643,-1.1519541039665364,0.6429577340070313,-0.7038246595339659,-0.02668924986200949,0.1395968300865689,-0.19871928505324915,0.12564060157994147,-0.3068743944428642,0.024093848176047546,0.0048228540694300855,-0.27705609872904075,-0.34349527811534153,-0.00015064809591539444,31.88847944460251,13.49517787611964,6.242014209528532,13.278534250474175,8.031828740701972,12.183277438415766,7.88765112361109,8.894890012892198,5.18365548041882,4.120942397661708,4.811312472261803,6.438812631533312,0.020746278559892414,-0.019658274008301647,-0.4228046833917714,0.1963967208120837,0.0007004651278043876,0.020060158633205472,0.08407610321836571,0.12744093102326057,0.2240713650382879,0.23454970372314227,0.19787333499610452,-0.09969135230368245,-0.17150738698621903,-5.1766013105710345e-06,26.63244359112299,12.027132376935716,8.357840896833983,12.00376929578539,7.866768913811663,10.606664226724003,7.739235163588648,9.391338204956481,6.7725520703977,6.1731056645364415,5.400452765645572,7.436731414631182,0.015048320232278744,eight,/content/speechcommands/eight/1093c8e7_nohash_0.wav,testing,5.0,Kitchen.wav
2206,-257.3745474209701,24.94954100253355,45.38460590280205,20.955251023471796,2.4547348012389762,-13.868007565014167,-1.534851333632374,10.322121973300414,10.995894415655885,9.724082738398277,8.94626081036284,8.992636764028727,0.07045245636254549,69.36425847873512,46.67733872275689,18.66988595927861,13.739185462774184,12.53732972239448,23.4026955036342,9.66371556663261,9.334290835469428,10.471273469202222,7.271302176179431,5.97588186215102,8.89692403951915,0.07507024332583608,-0.23125567152188312,-0.6656256290796696,-0.12796891647742928,0.14900218794658124,0.3173274024142638,0.03198456504370742,0.1280165621751931,0.17029834932951038,0.020474305323600426,0.07392177416724163,-0.021587252031788202,0.04005825302465377,0.0007042710278784075,23.950879982492978,16.561016598206294,10.43013215651634,7.279404023632824,6.717178415450665,9.490965931839602,4.993326528195519,6.426403010475302,5.308426601510558,4.6980197605964475,4.748160986221288,4.2815610711374985,0.03298511330306576,-0.4083933333128679,-0.17175618436166065,-0.07710641898917399,-0.07517844581444617,0.07414168827800652,0.18254478008845873,-0.012041376704806695,-0.1340839919582012,0.11399003517010348,0.20308946009563583,0.0114872703147749,0.20667721808560327,-9.533620129028955e-05,17.060216370020637,14.413390907253055,9.63360019128464,6.957027664641693,6.993746290041497,7.977717756902983,5.859131941703957,7.026026988098908,6.263503082831077,6.467299551804474,5.5138448046177775,4.76250090825838,0.033480469625499526,eight,/content/speechcommands/eight/5e3dde6b_nohash_2.wav,testing,5.0,Kitchen.wav
2207,-316.945360378332,10.281849655945104,34.52701278493077,42.845840072054145,22.120036689861887,7.707030540553013,18.104606841577954,7.773291583270105,2.9281327676986617,6.9988585999567725,4.684181621078264,7.968846774599491,0.035632901097415015,42.91032413213863,18.53386555656092,7.9610950603015365,24.780560751224247,4.5760588472970705,18.05846538349339,4.1988410726017005,9.070038033885112,14.051121854707677,6.156740091494359,6.297221185466665,8.624404472852413,0.011817709626307791,0.0350321837772075,-0.3043799868959701,-0.018554625807351132,0.39384713332406973,0.08307074343413123,0.05434312733459044,0.01094163917314476,0.08843573436172684,0.3102140440494983,-0.20180433560451633,-0.29412756720487626,0.008753001084442782,0.0005469009160034118,19.254965355323304,7.369885863209467,6.478233578032466,8.77949771334041,3.603619174478111,7.793204181039002,3.771890699918951,3.98585808790768,6.048162661079513,3.3303055317115775,2.933381695302158,4.373432872667194,0.004536938950502149,-1.4118769411133523,-0.02527223699887659,0.1691279384817425,-0.24400505395976982,0.07462173290662868,0.030872465455181578,0.1977798702235201,-0.05584145224874355,0.2765947594697277,0.04273235429937801,-0.16147304071374377,0.038257636788493435,-0.0003239410929381847,14.81780578491173,6.147406053192294,6.517924239024747,7.654144812197892,4.790729958291013,6.163382353232849,4.9495864013454,4.0265125919157025,6.405754811161875,4.6500759890248995,3.8391538312826343,4.1420027386544,0.003787594318812135,eight,/content/speechcommands/eight/85834399_nohash_0.wav,testing,5.0,Kitchen.wav
2208,-283.8128373995387,5.051887463242453,50.7287455476807,28.20697963484234,19.996092749072524,13.351050704255577,13.986387883620813,11.41115698770595,6.336051220694252,7.988460539161167,7.089780295931015,7.694776929904519,0.03992693166946992,13.018305863485107,8.599675257217282,5.2718966821793,10.767276010910601,4.288394969129223,5.505803317408123,4.457743048047994,3.998832639883947,8.51481621713152,7.948382797445801,4.8967727104499215,5.076040223479919,0.011514385712224576,-0.41803919161477293,-0.5448112555955377,-0.3414036832929897,0.1906137227355647,0.02672416488038121,0.19314555707426523,-0.18615569576647167,0.17613842871305704,0.4091224103291713,0.09278969080535215,-0.4639081122756845,-0.1164014354571882,-0.0005034447437332522,6.935394804076276,3.9571454410819227,3.9122495032053384,5.916081723726896,3.457572531307243,3.9639868420175572,3.1264475441651056,3.3702662412629447,4.294032211932009,3.8195227886686687,3.082449225699608,2.8473136437025124,0.0066793943139869865,0.09896994887796495,0.09009585291457883,-0.06964393821184227,-0.20994782321653685,-0.009960705791712657,0.056065414462559936,0.0544101411014123,-0.00489142262331151,-0.1382023832145925,0.09710275484450476,-0.0346229140278996,-0.23345711310547124,1.8166999022165935e-06,6.363023861220309,4.404866654602612,4.668488149275061,5.37203623909662,4.491003248677814,4.132745800061325,3.6980952800566644,4.96428248258451,4.523970830647734,4.099570192013365,4.29589840927358,3.741213971828423,0.005759223393568342,eight,/content/speechcommands/eight/a8e25ebb_nohash_1.wav,testing,5.0,Kitchen.wav
2209,-234.7459650597897,31.97410151315221,38.76708101671057,11.399725749423846,5.951291307095146,13.195484484925768,9.341294791058262,1.9028194229201225,-2.514661255450257,2.2021599350979173,1.843855068437309,8.812088715360462,0.04567321892827749,45.14353841496863,20.39290012349751,8.308752486091498,12.221687096274524,15.174824146220445,5.810998883505369,8.156761245009152,11.971921291619104,4.512676602084575,6.116042957067866,6.078659874601889,4.149917182868311,0.014120439006975809,4.015809888785058,2.9445631560535785,0.058406124563682264,-0.6335403034989552,-0.614394330838918,-0.6427140122674928,-0.5799965094469045,-0.5119512744515183,-0.067137294452276,-0.35777492191430643,-0.45899233325075467,-0.023688564026734093,0.0008159400574092207,27.95186920097282,11.901484619740605,6.082865950820939,7.062308009498457,8.497610873752544,4.429109036631836,5.142945268471855,5.538357451701881,3.615872836764498,5.140564398974757,4.443037697210575,2.917112375160315,0.006578204180249996,0.9113253537726139,0.2620621106551716,-0.10745862992992247,-0.004455661113369321,-0.26803394757230886,-0.313409392202595,-0.15001749725505245,0.05194189575708191,-0.08292834296356667,-0.0999646165167827,-0.032493014423626745,-0.07359036831605827,8.077786437102727e-05,27.27383894756326,13.477421630474312,6.991229628755211,8.012059276252035,8.832547645117252,5.52573712745566,6.34284286765169,5.35153938005603,4.589288748318676,6.149835833913799,4.712877576485419,3.6013816867290966,0.005562534498914745,eight,/content/speechcommands/eight/8a325749_nohash_1.wav,testing,5.0,Kitchen.wav
2210,-250.16769396945546,-0.30899152451145717,45.03763996484095,28.68138542455963,-2.8801178210278433,2.9492675137807156,7.260218648740064,10.957746220568264,2.6453881056517954,1.856306215668831,5.521437942378276,1.5888936289571904,0.03312963683856651,60.611949101406715,19.124191325489722,21.440291533413497,22.950133277643594,24.487718478140657,13.04236106639187,12.45815988198301,10.095393329429374,11.6407007108253,8.95594136245254,8.750904087178968,14.683111837983416,0.010867187860409664,0.45799705296337284,0.769498769018478,0.13777855865755564,-0.4096036865627242,-0.1989516962259596,-0.1746819034603087,0.3718538732270961,0.33833974315529836,0.09542724983096121,0.06561627945282905,0.052034917940806835,0.07431168356948153,-1.4593464232260181e-05,33.62941601422453,13.722463208299242,12.441995410754743,9.649545391887381,13.05019920369391,7.513043274781341,7.265714857993431,6.679628446296623,6.236617399710035,6.177942246716861,5.994967436246781,6.1913057512297085,0.004541763898807251,-0.5209080185782625,-0.18921605405774736,0.2581502835986977,0.20339909524413702,0.19655641317421269,0.21892013378515132,0.1828813799011855,0.0960679313168527,-0.10508164051129072,-0.11188131794473995,-0.028173799219561927,-0.1258263996192306,2.6884178320566814e-05,34.13939156037054,19.43007191124078,12.820739118866266,9.445664148017244,13.301971227807401,9.110843039234826,9.085700667291762,8.775298423875826,8.620141822850057,8.211384220831837,8.208666194340633,7.377636741176797,0.004579069941957458,eight,/content/speechcommands/eight/94de6a6a_nohash_1.wav,testing,5.0,Kitchen.wav
2211,-186.81685714479073,21.344021794164398,3.1975090497676684,10.232700367939527,4.349834536591615,7.434540799337902,5.465982390560545,1.6198550140523473,-5.342622415977637,11.645226074034742,3.7918539846052814,2.9593182036808323,0.06723964819684625,53.015541441958476,32.87738174051376,19.681224354149442,22.85879232997169,21.706957408263822,24.657266432664407,8.00446199775254,16.11703295270598,14.169865283542457,8.219310370451238,6.966717080959365,9.012652842275692,0.055742234622930334,-0.8213948216055518,-1.7880989423222071,0.14411408094942313,0.1160998159545578,0.3074680185171947,0.16133371527967935,-0.4519711139289622,0.9708737605454542,0.03749776431527432,-0.44149467644199647,-0.17937421902239203,0.04052909017856426,-0.0006331105626398517,27.038849893470832,16.86813298247447,10.518306499044902,8.859787843618408,11.77506820070287,12.847695942874003,7.889869622213498,9.121003293003533,6.057270782937523,5.796289857668093,4.321272431924677,6.210692863076138,0.020365020616716592,0.2409667809406282,0.2953076985003796,-0.4377027652907302,0.2349094644711881,0.3257542179284958,-0.16952426801659398,-0.24118473686175387,0.017193131733356872,0.13828327433088058,-0.4719359286945799,0.03252027209056515,0.032654050855748344,-7.546270887056986e-05,29.919518240848067,20.961372347547766,10.467515347299273,9.071890261976021,13.58499018501969,13.82993817062452,11.165607847263027,9.816047197906741,6.038981001247305,8.090549205667207,5.220084755994141,7.913436234543206,0.019061761742525163,eight,/content/speechcommands/eight/798f702a_nohash_2.wav,testing,5.0,Kitchen.wav
2212,-274.08937992388917,-5.937788026151404,36.83712478984567,19.712522186627236,0.1596723771240418,3.7773994711466488,10.261862284901909,6.825756762693329,7.8426179098741375,9.464362214986611,9.102626808919798,8.931184247402523,0.04125560974352993,58.351838817719745,23.472482546063855,17.465544445175674,9.196923187988801,24.958593609595113,11.636927828995745,9.744647368221576,12.719234054189515,6.9381786746691425,5.692471791916125,6.075319378319616,6.290452150392941,0.026621714845951393,-0.3655142509797007,-0.6311530224383624,-0.06853520051216279,0.40920085769048103,-0.00043080550331173103,0.14401488234963075,-0.08121076085224686,-0.39491904395974575,-0.14208321095716575,-0.021558004362685297,0.05102403138261536,0.28442097722509874,-0.0003192522713253575,27.21567531931171,12.394188304902935,11.55707741990568,7.247605085405876,11.386962065417341,7.120065787575451,5.176245397561798,5.980743775144545,4.397237136820088,3.938862654567933,4.228005684456233,3.2776486376068594,0.009250269765565079,-0.37576062434285595,0.008020921399568958,0.10173572322323234,0.06616637479427924,-0.11628890648951822,0.05047521562142355,0.14643360788236162,0.1879357342539088,0.028836303582982805,0.05956530906154122,0.02330226770437256,-0.09510321231025914,-4.937251408894857e-05,25.56670750232055,12.902533881223553,12.056984913378962,9.268264221231739,10.244635149387953,7.53797584784629,5.620975535727664,6.491341124049981,5.99317855250301,5.670063639072821,4.770617137527317,4.250734796766251,0.006621807646132527,eight,/content/speechcommands/eight/42beb5eb_nohash_0.wav,testing,5.0,Kitchen.wav
2213,-276.85624770745443,-17.626277733806866,39.477886406419,31.926434079938034,15.255495564930243,3.071390800802247,10.816007518668725,5.835924244487897,6.364633014047154,8.550517073074344,4.499366422034735,9.618851335431257,0.03744199260836467,43.96115002474577,20.742875131524237,11.151749207761625,19.510497537988748,7.088862055815662,17.503154033891004,5.990700366655,10.02621523997577,12.800917184472885,7.6616855708551075,6.487251259139322,6.473788807248077,0.0068101916089077525,-0.2793147108267304,-0.6508463819933505,-0.24775998391891232,0.3465653368053498,0.22954708603432822,0.3065144940818261,-0.11148270985571179,-0.08995627136200705,0.04215805632535179,0.4193586845143426,0.19959046898768903,-0.002151812357096258,2.1694288138420353e-05,20.83278049848964,10.505609741235451,7.841636004705809,7.697085601771256,5.118698029253217,7.6431404653190365,4.360272337752033,4.916959872968713,5.161596320927173,3.7644138104325124,4.0886484749861465,4.577663200763583,0.0034435404829391424,-0.2785107974359031,-0.06354516023777937,0.2241627002951347,0.5454023700120713,0.513254443666385,0.13093942635041358,0.1116102209005935,-0.06405171499670577,0.012599553475331622,-0.06660639791266638,-0.027681258262493784,0.007730611274931605,0.000104352335135142,18.22659092350397,12.129717036961512,8.010954426110128,6.290778956083414,5.123961219621316,6.659447602748317,5.221483035194011,6.118183679173977,5.316609732637971,4.496309811024993,5.391549382224252,5.378679132210758,0.0031432300737265196,eight,/content/speechcommands/eight/6b889021_nohash_1.wav,testing,5.0,Kitchen.wav
2214,-265.9886248469818,1.0645381666527056,41.790929067857476,32.887110171302254,19.86142108495494,1.9965330075685401,4.457188586650272,8.340847769865942,3.369407500632557,2.0275882577044517,3.9862223235949257,6.065162463130223,0.06838450522627681,92.36109229511626,37.23323416098866,23.116865134412034,15.323177035388264,8.11699863986028,19.05300867277124,20.381836668068907,8.909209937816742,11.951439120715763,11.469902609815668,5.900473488780965,5.71855195976697,0.06267707844173118,1.534814366191718,0.8209307400830949,-0.4871419113923398,-0.4276326317376112,-0.38276600050281034,-0.24825245261802886,0.08183294489370886,0.3481424319834543,0.13647927536901094,0.25867457479068784,0.5672120790729004,0.20708818453196334,-0.00018264353275299072,38.7357103734327,17.35786004644019,11.723547655414404,8.16412106807153,6.021893839928077,8.730090669792554,9.346169798594808,5.640928567182094,5.3635257987191265,5.402249868728768,3.3684243391470057,4.781420039583005,0.027097210622732466,-0.40954682869646175,0.0005946701372521328,0.0571231542335821,0.0685877273947097,0.4323255091420765,0.3616364569250374,0.31476684115048453,0.1800699216894476,0.21028429952204833,0.3489532307839239,-0.025870841761796874,-0.06121116935415545,6.119795143604279e-05,32.87042533918385,17.115794951073056,11.512676480941678,9.88267455168644,6.738912790878835,10.35269246392755,9.98014619864281,6.906229187433072,5.802663414057318,5.53531600691883,4.164517017282432,6.715718342901922,0.018598870315914038,eight,/content/speechcommands/eight/563aa4e6_nohash_2.wav,testing,5.0,Kitchen.wav
2215,-270.82278381463874,11.038367490925603,50.232695649770136,33.83654395526242,13.866768335892216,-0.3029641307087787,6.554553769721174,7.116610354644152,2.0113747556086485,6.007782722752976,2.9215843925091782,1.9694210014510611,0.03421883221017197,34.69581265407515,16.301864489572974,7.83937058622696,16.682998502782503,8.325932707427759,18.94222570202742,7.281891687482873,5.606604207328441,13.665611408517204,3.263135286509903,2.4020604941233765,8.29430230574816,0.011375815115144449,0.26506376504722545,-0.0606353890401046,0.02071992880062299,0.016220167363592455,0.08121309042742267,0.048285538484381586,0.027281556043453278,-0.1508490446286,0.02453798222319971,0.07137952382106424,0.051253648661822054,-0.08846628908016038,0.0007394233177746496,16.970947486107704,9.776853687108085,6.342492538265585,7.096679146037962,5.374649035731667,8.756941675802013,4.811888196908309,3.4283307567764334,5.288090527826706,2.6377605617577147,2.3402815241509205,3.822892846817826,0.0055289594557384495,-0.13057064587850392,-0.05478669099821305,0.03683998763575715,0.02569086496436223,0.12605559434114397,-0.13294747452329675,-0.06516294987005805,-0.06448040157277338,-0.09738043442096588,-0.07756961427865233,0.08892981121106708,0.020506074541791274,0.00024099933604399364,14.798045110921569,11.472481215178075,6.83766562869703,5.399450298468763,5.886390460179314,7.939352948196068,5.620615387000738,4.40464312505847,4.978157566233316,3.6244241454489514,3.2908401260999787,4.429657872050295,0.004523846962662372,eight,/content/speechcommands/eight/b11a05d2_nohash_2.wav,testing,5.0,Kitchen.wav
2216,-242.26635931966467,12.072204439850957,37.42461843136486,28.2609264173677,-9.923133257883684,4.918744827288924,3.204897746561331,2.110417426027155,-0.9193671977955348,14.86964416712364,1.773145241702704,7.881044585645708,0.09116843750234693,98.61632050347147,36.54979038525254,26.68941105623588,19.720581447177786,40.44217783275249,14.18995257723577,18.470236588874567,26.483415126452805,14.970585186775285,6.300655407819478,14.214513120274349,12.394718717434651,0.0889681807648805,0.09012811335103268,0.12262390306262333,-0.047045634394015955,-0.39050250053270474,-0.2843275712274867,0.2879586647394274,-0.07920196730926332,-0.04770534764213963,0.6627218537810053,0.33219639534985884,-0.12384698970673666,-0.5279748556950183,-0.00043539084013431305,45.37200043437168,18.81915566347853,15.602437121377125,10.647369752948325,18.001901903732264,10.511754671770811,10.653430240030017,11.478900051777288,7.817193070173577,5.7678315668637845,7.043694687977463,6.520975309716791,0.03639247277434457,-0.4384284575653609,-0.004474656550802998,0.377779184379163,0.17801290286500707,0.013835973182087062,-0.0282521065441325,-0.05860834315988672,-0.05111065430186853,-0.20554264338299238,-0.09837569331094471,0.011349953799009545,0.23822769469419153,-0.00012379661202430726,44.21559338321446,21.98973930478328,14.300602936092552,13.263334811523258,20.033146524288938,14.487461773358902,10.551370013989413,13.285497163660546,8.257797146265572,8.780002883600893,5.617012613221168,7.116570671874323,0.0311019789597585,eight,/content/speechcommands/eight/44715c1c_nohash_0.wav,testing,5.0,Kitchen.wav
2217,-240.04872490127812,13.793587620957126,32.57912779172585,21.24661717328343,18.319258360436173,7.906393557296458,12.24565392645693,11.54283952912555,7.585233750146664,7.838792857351934,7.714947631176706,9.863413125824788,0.07483439351762494,95.51070836574476,58.3080978417956,23.88715071131082,16.313314703875786,5.088251172941021,10.89120405063584,4.377681166440594,5.520141967652717,5.70859180649198,5.602163532317424,3.6401008843872433,6.457433498699815,0.05848266710641431,-0.24300184521933185,0.2539342778296066,0.11147164038272497,0.03826727494087816,0.17434135938728648,-0.21256562526420478,-0.15138805018990997,0.07000644135835572,-0.04933398617021035,-0.16641130121038655,-0.08562116941919416,-0.15794556451380337,-0.0001772228628396988,40.81684133712102,22.596360537034975,12.163194884093512,8.888755554035042,2.894855325809502,7.105713346254203,3.6187655097120612,5.417116234460689,3.38660927047461,4.81892137518544,3.416530778613998,4.520002525221665,0.029006437258803648,-4.380423103174138,-2.643299756494988,1.5419913514926034,1.3430937929580078,0.3654544198847699,0.5259268727496799,-0.08343673764779275,-0.7810985278290561,0.02158628892619045,0.3931657710231809,-0.15092779606389242,0.08902938167738937,-0.0039147974859023915,25.59720844535258,13.043356044130539,8.776054795987376,10.716423393163456,3.9982463932259997,6.633380433506696,4.789985912478391,6.806169190881418,4.200764350674495,5.745540597586231,4.837278427984682,5.277616905214081,0.018468261527264922,eight,/content/speechcommands/eight/3ff840aa_nohash_2.wav,testing,5.0,Kitchen.wav
2218,-261.567214021032,5.940836925816533,37.40406474025218,38.85551453711818,22.05753456281276,-2.3547319032038536,3.054830356010994,5.65095068570422,4.262328933465298,1.3220080414036537,5.280611910965946,9.202035115514704,0.04736477875849232,60.56656348952846,27.741828037760907,15.4998790847659,22.54696478042964,8.540220389785507,17.424889903986973,8.99214929686639,5.794290990220713,9.264358574268833,10.28920880177956,6.072005563668401,5.250032146673496,0.01665060846317851,-0.46728112871702737,0.30177666373655193,0.2257770702347889,-0.21914230830840667,-0.25729645088153674,0.28447571049418596,0.08507171356274401,0.02820396294939087,0.2726333818413817,0.11222844062910005,-0.06978713378994987,0.05372173746533918,0.0008319206535816193,26.850864746974366,15.733320920181985,8.722888030913701,11.754853982444118,6.400553476487355,8.936603869847522,5.539795146173649,4.347346879339423,5.273905211169165,6.1300889382800525,5.052395099437847,5.641443836200576,0.006234202168552067,-1.252252409796686,-1.1308351004789368,-0.29540777708730415,0.1267350081995501,-0.01523717886385659,0.14177058162097822,0.37087585799707296,0.45029567757971234,0.17682827448235702,-0.28063360961975065,-0.04195932171753268,0.30217199766509445,-0.0002165460338195165,25.076174258375147,16.427444110955477,10.716028107004172,11.444041917562496,7.484610440981733,9.626838135152079,5.553618779146658,5.1267664767167584,5.783007598198409,7.592687886258395,6.764537957006405,6.941691311028017,0.004813757139525615,eight,/content/speechcommands/eight/c22d3f18_nohash_4.wav,testing,5.0,Kitchen.wav
2219,-306.51900879862524,-33.131527232691155,38.802931339485156,23.630350042702865,21.88670057357883,13.152031642714952,16.823141507071085,13.449500246199545,11.043001126939885,9.656441104415304,6.030186632688783,10.037521227164387,0.029869503166992217,5.784672185090947,4.637121786311226,5.188751809648249,3.992546477922375,3.7455732409381195,2.9946388636471197,2.904233654575537,2.852742533118098,2.847021544503977,2.822571473258706,4.206220771091927,3.3262622438959406,0.006265053074600568,0.013087099668204642,0.11955909798381015,0.13216812280128737,-0.11705293624271645,-0.3344387191788558,-0.09332701518081744,-0.1309508253223296,-0.1168358004320462,-0.13017274816297744,-0.06147705189130058,0.039624484860954164,-0.302816467152613,-0.0004734793497670081,3.640926654429355,2.5362787066120185,3.149417977048775,2.4562672813140467,2.662355145293317,2.6090295644041968,3.0294445062236597,2.387347821099823,2.5092414124842364,2.1302403205199005,3.187857595936252,3.318591218160136,0.002727579977315176,-0.17641035503333077,-0.026065358936705845,0.29139220288810347,0.2415163294993718,0.12484454483979945,0.26040205067629124,0.45494800311083367,-0.017484596965307287,-0.20820333568893776,0.07830563084832678,0.00938648040282167,-0.28905939059452523,3.0206888914108278e-05,4.740680344636256,3.231926255834861,3.6987668247576306,2.9296919704049325,3.3148521543633276,3.4017197006086906,3.958499293335831,3.0175394899428265,3.2997684239025573,2.6918639430429714,4.136439573597938,4.490828934005178,0.002765534266585989,eight,/content/speechcommands/eight/91223b83_nohash_0.wav,testing,5.0,Kitchen.wav
2220,-208.9886684348249,-13.589668246942287,19.97503427292583,6.155212019986385,10.456717119474565,8.753794530610222,4.866168495929151,1.7981587752807462,4.871268963280055,7.062224423445802,8.36719138102542,5.672342620931926,0.05458699417067692,122.34686114982215,23.941372388171548,24.8846185581224,18.281184064433663,11.18455263104515,6.605373954740278,10.654232974659966,12.304615175542144,7.709892800837178,8.008874559215846,4.924265816229046,5.895031076943305,0.049441732258918576,0.18714548760889219,-0.09617799964683955,-0.08908401721705737,-0.2778312583651024,-0.6252261386194247,-0.2797955686977177,-0.18202632214659917,-0.16114956835446273,-0.03931802919312494,-0.0518668683975841,0.05957697698280952,-0.034063036615022975,0.0005232401853126864,36.634007323957206,13.060144482202888,12.318012379950849,8.789902995644573,5.386269663419995,4.531408725540949,5.618595848467008,5.775681702230325,4.129169814046882,4.195549326451097,4.403254953778472,2.970386394041532,0.01766814178292836,-0.26768098248686367,-0.18328860973994143,0.0012156070849048462,0.2269157442400179,0.1416387072005368,-0.03382591341773888,-0.04435469168703919,0.02729221103014119,-0.14135600500357054,0.13602923359730237,0.08520727145954397,0.12773625383252776,-0.00021674248079458873,30.195276495730543,14.394032234247808,13.05658185005897,10.488324690588911,6.4184191597322915,6.034023726918752,6.7415671258466325,6.938058932617667,5.229376489141663,5.711151089875036,6.355076648784963,3.3557104287801254,0.013538656925156782,eight,/content/speechcommands/eight/6b889021_nohash_0.wav,testing,5.0,Kitchen.wav
2221,-261.2545615053492,-5.603881403193572,50.420220828829066,47.366207903312855,14.926735929827657,0.7222986063565231,-2.6717183503006083,2.064623912147594,4.229951961260084,-0.1465138165750718,-1.8996778233415361,9.447889579944857,0.07142106781248003,65.93301732027616,44.50618235256721,24.703763925205905,26.659058134753145,12.435764935222087,28.719173775042126,19.95084049791354,12.503305681258697,14.890378524017818,11.844433392248364,9.760473884305982,6.797563868956075,0.05689433916190714,-0.02353930416912377,0.09927049621979914,-0.030766049202296565,-0.034958354773810506,-0.17118238799533003,-0.11273383767854636,-0.002601961707930335,0.07061631681814405,-0.19889224133758165,-0.35884660025956644,-0.11780200330048077,-0.4199717232956257,-0.0006590989688711782,33.17459631756571,18.027813190803073,15.65744744185812,12.61127126985684,8.772985474904376,12.97602167746543,12.188977043170576,8.000266964061312,7.036824915228854,5.101852801089816,6.534449531938679,4.696991185197145,0.02538075041682867,-0.2036525092887492,-0.34702924398319024,-0.05068175883324291,-0.17024697260738672,-0.13621643850302073,0.06497038092447624,-0.05896669794497005,-0.018448755827882066,-0.09160639696235044,0.1704164838899917,0.09273966977250904,0.10735480305759276,0.00012440464148918788,30.07942356093754,15.90741690181154,17.105928044093524,12.935848439991327,9.356630781068501,13.702453615988508,14.610474804096954,9.801666461717204,8.229008927878859,6.574260181923326,7.914739493237552,6.35615395895645,0.02266205757379141,eight,/content/speechcommands/eight/5f814c23_nohash_0.wav,testing,5.0,Kitchen.wav
2222,-127.96556227700637,57.783912522973296,24.89718621440948,22.025454981957516,-1.4829785175412704,-4.794949139365404,-0.06669018359133172,3.5780819890536173,1.6108369588596994,-0.24278313331754137,0.9598589699060572,0.1796374829003271,0.12316189310513437,72.07835257059911,27.85626362218122,16.333433497837095,26.720666288167532,15.95066952981425,18.995955346375215,11.78153312330982,12.395653448681426,11.586953330094607,9.368856208601363,7.387328449992264,6.089865772319967,0.1061290240894197,-4.626509752117703,-2.8568661341231176,1.9855154273904916,-0.5624531240580313,-0.5149136326473006,0.7950070732545726,-0.3181403151570841,-0.19172532654698465,0.6791562909678702,0.3539544333678198,0.7549085022196602,0.5315740616020018,-0.0030234251772203753,43.58708490630941,16.9264882630876,15.534657392330157,13.136957816335213,9.685072892907641,8.565680622111742,6.584110008816113,5.73895833016067,5.283125997578498,5.497018770312679,5.254197384237581,5.038648323098105,0.04340991819996267,1.0457732104837916,-0.42369444154979863,-0.40006899582380817,-0.08035438482896969,-0.372728475879272,0.10707173593125674,-0.2972741713522883,-0.10935444196406756,0.11326190876500615,0.001817290720618899,-0.1819307784804289,-0.0864035568525902,5.9339155753453573e-05,47.43883274157467,17.93152520179558,22.017491627952733,14.01175330723409,11.223514582445969,7.798456015475859,7.115106798774359,5.896283132024614,5.339622960075714,7.272789692977812,6.794207170107664,6.5814041603220215,0.032276128307345026,eight,/content/speechcommands/eight/80c45ed6_nohash_0.wav,testing,5.0,Kitchen.wav
2223,-238.25299667139768,25.72799316408303,22.475198177761055,33.31216550929007,12.877687670245843,4.381075423060014,-0.2975237520685128,11.06252221679862,4.50104264860162,8.299869408905156,4.19220566992334,3.3049220452398314,0.06864763214252889,113.35507595488757,29.400104813898515,27.854533500158425,17.061724297285053,13.34530008143404,15.640963201919421,21.2531560570349,3.7328453310652687,12.941403295422349,8.150253614208376,4.304174232264624,9.823914379934033,0.057379401709811685,0.10491346249910388,0.23359559105064986,0.2933226743646322,-0.06515836840700233,-0.06971294034120078,-0.31609328760689553,-0.19068324492769653,-0.18560832913050482,0.12595067938935797,-0.19295701719510933,0.16241856122388873,0.5148849712760172,0.00035923010399264673,44.616713543904055,13.215735744263121,13.067802276373415,9.108491081298109,8.923672945715921,6.596767187851357,8.493391923220658,3.7287337410126025,5.438195885282699,4.359898768813086,4.412284686468249,5.710405776588277,0.022243827236324187,-0.516413426323701,-0.15683144442241367,-0.09267968320266604,0.07890301218356263,0.0697941424686763,0.25439817932558384,-0.00045780811099890666,-0.09249536920385963,-0.03586867006630078,0.18982946558588706,-0.34367916675867,-0.13097421198642514,9.428684910138448e-05,35.041151294117036,12.883646075088327,11.693908100332894,8.942334375147325,10.51445681160115,6.4982212006080395,8.01166177174263,5.093326811140521,5.476574856566925,5.3332858833965835,6.155139716660002,6.1236698971319,0.013214580974192484,eight,/content/speechcommands/eight/d5ca80c6_nohash_1.wav,testing,5.0,Kitchen.wav
2224,-321.29921022382905,23.58233804610413,49.865397479489616,36.333468945709605,27.259043340798392,15.678777009745902,12.859226794487146,9.278226514861984,7.713282365301017,7.9915844856659195,4.535470261185338,4.561085431348245,0.0350694865337573,15.498890892421695,16.609745140073628,12.917520758463777,11.042990509947304,4.883236007256236,4.133663253202495,4.5070183655406435,6.733149399655207,6.103475874869586,4.938689331508613,6.463636995292816,5.024772343368145,0.010240927406529095,0.6886345083609333,0.7832844143746631,0.7059269673620043,0.9334702567098466,0.48018195139560643,0.08875873952435985,-0.24322395244215567,-0.6287746975154234,-0.46342198249038014,-0.25106672085306564,-0.5354090934647744,-0.3554478093408263,-0.00020845552846308676,8.6401052099657,5.89353516943173,4.957275573830615,3.8808999341040513,2.3567213033900107,3.871359649593908,2.6597438410335137,3.0327466801793337,2.8428071750076964,2.891834203849505,2.9499354949487824,2.7854173340956736,0.005538469716471328,-0.39313764560182374,-0.37213604800661587,-0.19383602359981394,-0.08459572630606355,0.14241561448627493,0.4546456285228108,0.21723668203057842,0.03230207769330858,-0.09325220907974469,-0.15884733233023512,0.021684257365047383,-0.0008324349788287814,-8.465008189280827e-05,9.433323798752491,5.495441879941046,5.871421127669625,4.225022951952862,2.9075970206040926,4.612511084823304,3.4036858385818514,3.8357890943427244,3.870064955884981,3.4898585532201496,3.8923910291464954,3.8925579277388627,0.004142681218589944,eight,/content/speechcommands/eight/6e916de8_nohash_0.wav,testing,5.0,Kitchen.wav
2225,-260.4919158880134,-9.116464174434155,41.67406015801957,31.771739656747435,12.090451860200261,-0.11313418842526202,12.486330025196203,8.374561547833157,2.8289073700067506,11.994491681928917,7.559489082610947,9.168221858348598,0.04447694483678788,59.41900233869974,32.01011657660576,13.104470869824388,13.49660708182194,16.81244823031175,22.113878195787887,7.335643469416724,17.041455688313487,13.210939240383082,5.781270029470534,7.389159434938897,7.33690862401704,0.029791474410110663,0.0018930730547264917,-0.18192133269001917,-0.030122407972049056,0.19698886451567557,0.29525507393675376,-0.05345078204516182,-0.05819002929227493,0.06433004672778019,0.06771080559327478,-0.13468114137934514,-0.2992834733071479,-0.3981960123058768,0.00012898871735219034,28.95954805577186,13.321020168974567,9.898113625102003,7.8431730260341945,10.875923222752984,13.248212342144145,6.24665007411554,8.07370547837942,7.415287068793452,4.208933437044148,4.702340494486759,4.159281411839188,0.012497859513124075,-0.22794119540640548,-0.028800985977503402,0.3519978674606301,0.1675346130028263,-0.1490210666535587,-0.12152306680920605,0.045004635852718584,0.3623700804672482,0.2886276939244933,0.15136527190306234,0.044757366910741204,0.028569240825783115,0.0001008388896783193,29.547015008472343,12.928248015258342,11.091676497235577,9.882279059920087,13.856420201427843,17.09455398033863,8.871060926910806,8.887437664897899,8.428229549856832,5.728056546480852,5.43675501096799,4.937417462756958,0.008584658143266706,eight,/content/speechcommands/eight/b83c1acf_nohash_2.wav,testing,5.0,Kitchen.wav
2226,-193.52787086461854,-1.4491652099701202,35.45627564384024,18.92070580949252,0.11163959840272675,-1.1389091861332363,3.784955845696034,4.349399828055173,4.545021678424257,4.522072276471512,0.5211130337611072,6.081965655733011,0.07499596511479467,43.96917389991639,29.56776585726839,16.5004182038167,13.631324170902356,16.72762218550501,11.434317302151038,10.77208785830871,11.427592296789896,12.6361909377556,7.750910432874936,9.511378886663284,9.426020241499007,0.054739511994076305,-1.0521334461728773,-0.770495932008425,-0.0928526499628397,0.3525734455739507,0.5651759099116133,0.6584430417319502,0.4367058725523417,0.5048369103206134,0.3990488274521186,0.25061338232165914,0.22611077617498146,-0.052633309524858195,-0.00042261195278936816,26.23291423858911,16.048869037712578,8.943300355218964,6.972620071579398,10.847258074173352,7.920627935918194,8.091881524419534,5.766500713161232,6.093988071890424,4.456366100294041,4.849485708116612,3.9554625654009885,0.02520469647471803,-0.43881419130800814,-0.4012382266474487,0.11580391328227885,0.6521972128196204,0.5268967046070006,0.32478917712490835,-0.07654639050436704,-0.004642310263360579,-0.37785738994518814,-0.2833197870581561,-0.2832876693407645,0.06135596292365311,-0.00010296379526456198,25.250971371509422,17.519360069975384,11.629750396654718,7.472553213061586,9.83319910372103,8.245145806630157,9.5365099958858,6.017035285860587,6.67908592228354,4.921678970199049,5.969327672472252,3.56374771130774,0.01907141100941503,eight,/content/speechcommands/eight/ffb86d3c_nohash_0.wav,testing,5.0,Kitchen.wav
2227,-197.37964238804378,55.19851264887771,11.224807286276057,9.813426303713882,6.456078542673433,3.7847770620926937,12.437858376584343,9.399554771521466,4.043881079353698,8.540337425149263,6.161182200428818,4.300881903607176,0.04932394053321332,61.79295712441336,21.070648927108675,21.710143790575753,20.24969363179731,6.170552362383806,12.8310989973997,6.777540953295864,5.0173394628553005,8.552054937633576,7.877470269817318,4.559818796926688,6.141538269574174,0.012806850428319319,-5.827272938989051,-0.16013460695571685,1.4761009762117496,0.04803150993641194,0.06685355191307037,0.3964489749517136,0.5673656466249111,0.01375826124631916,0.618799114111392,0.6424973859648373,0.4756657622854719,0.6290876553711074,-0.00038045308282298425,23.361526260114026,10.361978327227137,8.105726046655445,9.450050937662478,4.091499447330535,6.304985055259312,4.327095446143622,3.6390910856115255,4.891999330576929,3.9818762732280564,3.847149885393582,3.7417978605754554,0.006467522777382707,0.20584201001926677,-0.13712476159929068,0.16329076228716227,0.12586323776950759,0.11590393974071951,0.061179769031754816,0.23749270240855794,0.1131902199614513,-0.1335364601235529,-0.18842687417681894,0.0821832034573829,0.25770968823611073,1.1513506372769673e-05,20.429852579939972,9.96282179101042,8.296929634876514,8.392159869322418,4.721210676019558,6.636524161951496,5.738092008087081,4.454586442229995,5.287217059017353,4.218348197781071,5.409890511768397,4.211146686945947,0.005338093121728797,eight,/content/speechcommands/eight/0ea0e2f4_nohash_1.wav,testing,5.0,Kitchen.wav
2228,-267.6901619484124,17.953776977300585,45.124199286587455,24.996123678210694,16.39874116793171,5.527900667439715,8.95521873468081,5.689499484001578,0.15688088626907903,2.330587051944002,2.318469843546487,5.768780397195607,0.0448797726421617,50.04914267151473,35.60865356519457,7.599803120718391,14.937199279387169,6.584127227134446,14.366131823466905,7.049162614595034,6.717159387669612,9.12234135369776,4.81967100240907,3.3144780876739306,5.1297780666587185,0.015970856890646867,5.153860971754166,3.718849144313275,-0.035134190268138125,-0.7667247572745881,-0.5968376215055451,-0.6190630206486888,-0.6299142381500092,-0.6461903575506901,-0.637111342667126,-0.2469267413074446,-0.2253311483112637,-0.3879831832764552,0.001300480817594836,25.760231869499606,19.778732785635988,5.835271213119737,7.5903639590433585,4.337073834367731,6.57049755833693,4.356115208037008,2.9417208458914015,4.0287133877890025,3.815444942463491,3.364192777906432,3.1985495055430264,0.008254195371319033,-0.8133843601213736,-0.3512539258067581,0.4114364304967753,0.09141983808787749,0.07689199901186307,0.008725589960066197,0.28639476036589806,0.09988765368630044,0.10625734088504192,0.13357447607882894,-0.09808219329236338,0.08607802886544998,0.0002896487091978391,30.421767632663652,24.382626355718543,7.013062386109425,8.556652747516253,5.5760631434368255,6.587071577867948,4.24684090939818,3.4688400371717982,4.728094647465276,5.201051202860295,5.0408962684162315,3.9744107177332584,0.005779086911263087,eight,/content/speechcommands/eight/37fc5d97_nohash_0.wav,testing,5.0,Kitchen.wav
2229,-241.91534497707036,11.252839226272531,21.373372929279846,21.02726778015388,5.831058929464738,0.24677558328045995,8.349481053614115,5.89842447561627,-1.9935124259453583,4.026993653213043,6.661672923398711,8.781346101146747,0.03490115515887737,50.652367457216535,20.450005803487574,10.060813858329423,15.91276379783954,7.908420054026008,14.055471498871901,9.60235507475071,8.006747584027945,11.397142520399935,9.192202428688018,5.495878056378013,4.543811186780363,0.016252427172088274,3.1691833003050793,0.7097152520604798,-0.18677676456196265,0.544073058679424,0.036821110954895174,-0.11168549121683718,-0.23643719942364919,-0.6018606599342942,-0.2765733638472599,-0.009777247760833347,-0.40419267254783803,-0.691964108327502,0.0005568462610244751,21.594015582134876,10.640276752795069,7.495523049952235,6.955130916667028,5.233701111749571,7.384517784767308,6.417732890710676,4.384126743037851,6.055944297356595,5.633737782873637,3.9432748227510235,3.5519951682027533,0.0065267015134866475,-0.8311737389425874,-0.4755108645555289,0.06364382485360472,0.5843521683681391,0.1532506731998294,0.306169596234153,0.3029050730038081,0.1982637842374669,0.13373512214126496,0.2858004687898927,-0.11652977348467375,-0.025417098343370432,4.358085182805856e-05,18.181028498028667,9.964693361514557,7.746831193900839,7.237903445414066,6.514296399012067,7.800000333268385,7.194947720621716,5.416794171782907,6.2970664523565585,6.598230415827925,4.336729836202968,4.7575745138874295,0.003913197260960037,eight,/content/speechcommands/eight/9dc1889e_nohash_1.wav,testing,5.0,Kitchen.wav
2230,-281.3327750650075,19.111463878228253,28.06276983858458,33.824563544666844,5.987827561314994,-3.0811753430444204,4.370954393625868,6.974694628743002,3.9558777221934385,4.712861945760192,3.091433060145256,7.384155801430158,0.04378007398918271,68.60193695207509,23.188954069393674,11.63205113280461,23.73198616994167,25.30709774042709,20.946973450102014,10.257266874499928,11.077501337497955,11.005596640635487,7.931680618794243,8.012569522300286,12.467057642418553,0.043901086255522005,-1.6418449223709162,0.6408783692881872,0.33710789955200926,0.6453374315638205,-0.02326456540355884,0.03097089080776126,0.2906868488022935,0.015616825163852691,0.23069476985453616,-0.098626594223206,0.3765512693084048,0.1883638873017213,0.0005549298779618355,34.56899569453753,12.466605433707908,8.549668238600574,9.59839966396071,11.356889151571368,12.056052577856919,7.0448333096413345,5.528739683736987,5.118593793917953,5.315900097385031,5.477097544445603,6.879019129271044,0.016899917259103392,0.38923291891946027,-0.250462754502945,0.03426858725581449,-0.030889192896551048,0.22748662473596953,0.2669343919400676,-0.051555442970277456,0.26906659561014323,0.1616454965836932,0.40848835096050223,0.14632010763326614,0.041991245005785535,7.491735741496086e-05,34.040108441269574,15.03287996855077,9.136393030578784,8.398532079954796,10.993856862158593,13.530338353946293,8.295637213250114,7.1821477415748385,5.629329517171685,6.636045333776932,6.854411882054598,7.848006127909421,0.01194658733526919,eight,/content/speechcommands/eight/692a88e6_nohash_3.wav,testing,5.0,Kitchen.wav
2231,-238.70815177976868,18.32858230846528,43.771353382010915,37.58573479625517,5.4595486292723026,2.620459141136111,3.222089099740435,5.063378147022994,1.9916971657981901,-1.6126872787753281,-7.065966510227746,7.372103610891891,0.09350176679436117,97.45985077193869,41.37771873944114,24.209212805987477,36.123048209103295,24.587315002999894,18.82387980112361,11.387693017572412,19.771571344978025,7.208893741362095,17.239215909329438,12.079333107089225,6.006255395510424,0.09123604948976725,0.5410919357708251,0.11228813969089207,-0.8441982235418017,-0.16697572360039162,-0.5079274266079453,-0.09888027157971796,0.0750697631293986,-0.38381869578536393,0.27334442180672497,-0.2652057908192643,0.7042269242685754,-0.1667651738828699,-0.0006927492157105476,49.07477528717046,20.085847857431926,13.642648837033802,14.432878405695327,12.218371485124495,9.73815596431488,7.098176446429983,8.417529242505022,4.42000046224601,6.004720029297868,4.57560389244964,4.462287819415984,0.034703404084618354,-0.30169953096378016,-0.004381795464355894,0.43475010415089627,0.29955393096446453,0.2971043259451175,0.21670199853714395,-0.1520832364474373,0.04488347877557762,0.043757834342788314,0.1656016840648265,0.1671424617798399,0.1468645266484881,0.00017857830971479416,43.78603143372196,21.240530812716667,14.70905541482608,14.574134666163214,11.86064048130779,12.762641639160499,8.606265486419325,8.860472671187251,5.796407529764874,6.402713630690804,5.745474421712482,5.671703415329763,0.022971907671763613,eight,/content/speechcommands/eight/b49caed3_nohash_0.wav,testing,5.0,Kitchen.wav
2232,-224.6278192603983,42.715585219752676,19.415097412221712,31.27880787991183,10.155871456823863,-1.8847552480194212,6.45049753930778,5.058382984141209,5.37751433004255,1.5033161946552278,2.8008369889846545,6.4776934431446325,0.056773876305669546,82.31893215677512,31.330455393670857,12.75795777289253,43.17828561968322,18.334354885262446,17.933674447701417,13.759096913133517,9.720741076371116,9.059669565536469,12.046236890805794,6.6997549139629475,5.259172819383053,0.01620109683475564,4.877941726471109,2.5164804079998766,-0.25801347157442855,-0.9887535194049455,-1.3039558506304638,-1.253868116565423,-1.2054628795827063,-0.5941156012621014,-0.44782867162865814,-0.15227922381411918,-0.09489115460007692,-0.18560060006662832,0.00048431934368225836,41.326911601849055,16.388511835512794,8.096507413478125,14.110875242802793,7.822917477547355,9.51923774295737,8.209816806410888,5.821920416904513,6.385423950510337,6.285444397331169,3.5790038493804466,4.066656202065311,0.008029386893086403,-1.8587359549164773,-0.06698854079820175,0.33939177303729146,0.12834234692598542,-0.08356782409807775,0.11329208811900214,0.29944153669559725,0.5942739262670975,0.7333232245058948,0.33972020945695647,0.040714546102613124,-0.15655834085585876,-0.0003110326826572418,43.3613777136829,18.311812098272977,9.003397031649966,13.034568015546979,11.081036176987174,10.719916846429687,9.099784242881189,7.2792859725079015,7.538969650697313,6.037764605831244,3.8810889576898977,5.72351494977909,0.008680779948291598,eight,/content/speechcommands/eight/37dca74f_nohash_4.wav,testing,5.0,Kitchen.wav
2233,-292.5306431460881,4.086324746065281,32.25354568705722,43.51535677463403,14.571631328239032,2.94707754162524,8.899722629231132,8.901325716145177,3.6099167614812404,3.4608818562743227,4.303059943544551,5.803882941875335,0.035130856034811586,64.29010698050762,29.295895032987772,14.234104784822785,23.566648158058157,10.190435223510978,21.83400233366553,10.472131277527078,7.344686538918324,13.955058236906492,10.24795969714856,4.190708599119169,7.978982213445137,0.02694798155666759,-0.10899925789395719,-0.37151971989996163,-0.14004191112300485,0.07005637673824718,0.26203193030832794,0.39001136700352035,0.12514617650666152,0.09337027304520491,-0.19009532861952985,0.0006152726999546999,-0.3804210623627768,-0.2312069013355062,-0.0005407016724348068,28.479313009889946,13.081268523171449,11.382609443341167,9.598332840451455,7.990328089146933,12.108393777813848,7.627576958677905,4.320454195117931,6.0488982012450165,5.214457084355759,3.07442439396902,4.982665738836702,0.010464743536013945,-0.14787956050423834,0.15949129422805178,0.09471522295486565,0.14342494310970721,0.063569232128683,-0.1503012898947885,-0.06451261276093247,0.07908425308182826,-0.019988965732733573,-0.16319420979018273,-0.16439612477313836,-0.06564922485902258,-0.00019668166836102804,26.386852002158065,12.516785858003539,12.388505834650784,9.067842703651776,9.198595299031052,14.724190590943119,8.766140961098204,4.5861934228605294,6.208017167225262,5.859916075792447,4.187801116132901,5.330507552608199,0.0071604728024809725,eight,/content/speechcommands/eight/d9e9f554_nohash_0.wav,testing,5.0,Kitchen.wav
2234,-250.24365870296677,21.98940904536118,42.28977528008517,23.843060506911947,5.856121891634811,-2.4545599300854115,9.779023176907266,5.393078435679566,5.7642847088185,6.196759594193727,6.031960445885746,8.139082935722534,0.07217995572136715,68.14460533094083,39.43622540600061,16.25069881815921,16.410172822536488,8.399033936698762,19.915795495751798,13.167300041748451,14.91427003913011,11.993489785292912,9.449934772621585,6.804073750200188,5.51618102018594,0.06956992207413405,0.17971351342739508,-0.5840423979817889,-0.5414053786439368,-0.41528258605608354,-0.39502999883972134,-0.3870209264327046,-0.2818708631541862,0.029286485312165517,0.06562869796159265,-0.4222629655686796,-0.3217983361397515,-0.2017909749805134,-0.0010886757724708127,27.412966880901607,15.213748921025786,9.598177526886722,7.664453933836714,5.182189307949993,7.18282692789194,5.77353561017505,4.884066647862223,4.096888794435136,5.08274908406028,4.292779291078461,3.836686663413372,0.030580078416636413,0.007368126550219737,-0.19380443183018822,0.14065670205089495,-0.1948579864050726,-0.22091330508023369,-0.1160174258429105,-0.1748767852204602,-0.16565794161919184,-0.11338777798486319,0.06655111008156606,-0.03723625375631047,-0.12560300606864805,0.00010082814842462539,23.910315747155217,14.27467888528148,10.41781247241405,7.386024743663726,5.36475910667301,5.5677126946921955,5.873194024824973,5.03695648619497,3.9793109417740946,5.685936525339164,4.836132275978206,5.226343579788136,0.02141586345222976,eight,/content/speechcommands/eight/d0faf7e4_nohash_4.wav,testing,5.0,Kitchen.wav
2235,-267.6581030456672,17.53907512153913,27.71048848239618,25.4837360818673,16.03874536354877,5.708507657851511,13.783312229463085,16.595639482969272,6.5647312958660535,4.746268939480953,5.415284077637038,3.020415862140093,0.036272015917347744,39.54003693191425,21.860908401767716,5.975598610682544,17.208889134068173,7.336591957464059,13.415026334296504,5.176773109357899,6.892927449067275,14.473918786393225,6.015768825083534,4.3049168695478865,7.315847678142094,0.01510433702610391,1.340297603795039,1.0976787246050348,0.525929015774137,0.0504126772473668,-0.24192817983107165,-0.3881385929078112,0.19336574358280628,0.31042484696254896,0.24785665327796408,0.03046398349469119,-0.12554138814651158,0.05193706552678323,0.0006966871780253225,21.773907694114552,11.632362525506945,5.424000853797745,8.846978015022781,5.233521562749118,7.0927222805033265,4.265053952596631,4.565099098233899,7.505207576247499,3.6554679469244853,4.130354496916273,4.307518670298072,0.006113801712630669,-1.331043761959959,-0.5057996788315003,-0.25648876205130205,-0.3204991836668088,0.019425661587428422,0.043944532229771245,0.2456272863521856,0.07203455229427931,0.44427528650927,0.0973769404443254,-0.268830892536825,0.07302255714839624,0.00011769722526272138,26.221462325988654,14.386374749702409,7.507477427302551,9.727394232294628,6.362612294369973,6.98992496635221,5.041776447454241,5.643010472114454,8.104441195979444,4.4671317360859035,4.840143088770838,4.994087714179699,0.004364009218488432,eight,/content/speechcommands/eight/5ff3f9a1_nohash_0.wav,testing,5.0,Kitchen.wav
2236,-239.81002567778285,34.5772006860273,44.09573842430671,24.363912139825423,3.849056399993619,-6.387740459765341,5.21364006585089,3.0887580711507234,6.250462745373878,7.662279691922854,5.6792497816484175,9.779590235993174,0.08557689801091328,77.44614921818132,43.22994820339514,20.328543522589158,15.06813558091483,7.004333419002816,18.684506255038627,12.257038581485672,14.077464578331483,9.131354105613777,8.84905997734732,5.984899726225772,5.2221616337229655,0.09327408147414368,-0.5661376507960012,-0.5219389693286628,-0.6337338636349021,-0.21620528031349448,-0.03733286478204291,0.031898339737679374,-0.04141906519036413,-0.02368797033652367,0.10238835993206746,0.2603909815806041,0.23561016487346811,0.3162450638891343,-0.0006038569394619235,28.63756770577412,15.736923095142075,11.196596434394673,7.124760479609687,4.52496176915232,7.486082327940148,7.008504869775049,5.415338166542906,3.6989985269611814,5.09339896871135,4.288211959038414,2.8879514074896786,0.03792808417721477,-0.17287381682363806,-0.10338920341339278,-0.03145551157919187,-0.14075521208262315,0.03576585816168123,0.34417148603976566,0.3697757524192388,0.05709526400077755,0.09303788427741858,0.0943499959081222,-0.08132814179997284,-0.19364218522241172,-1.487918198108673e-05,22.871911306821726,14.01195336927222,11.183669047178057,6.981209637860695,5.682892882538022,8.059206219030477,9.298434017574753,6.3425086301644376,4.430465773353647,5.402905736593296,5.373495882241236,3.450486198903417,0.025735214088488466,eight,/content/speechcommands/eight/d0faf7e4_nohash_0.wav,testing,5.0,Kitchen.wav
2237,-217.36129667020214,28.824467726347258,22.87003344143803,45.67374636951259,-2.5536994392903627,1.8341592886834377,7.0314871536005565,-11.40456772238593,-11.784935036871875,-7.77332061518883,-0.03799353071059963,3.0627563007869547,0.06378606852376834,57.898453423224275,22.561325410932994,20.482445074150306,35.88125429748576,24.357221180692164,17.72911618947938,6.574728398102264,10.203289673050634,13.025111896753401,11.103421674107748,12.356374564716159,10.667311000548878,0.03666571405529866,0.8435363804147847,-0.79612415721985,-1.184433098660264,-0.616999554446313,-0.6122912591292511,0.34666483576947665,0.4466785358044797,0.5709725918207286,1.0261565192703535,0.6700480706486736,1.1147328511449686,0.5032136382990049,0.00013155730501297983,30.85195453899863,10.877303714946073,13.59219711678167,18.681092091416215,12.235616116275903,10.883799003690653,7.472643723788858,7.989652464935089,6.78508138497843,7.706552559611535,6.237555868127418,6.841126696808651,0.015598470362339837,-1.8085163618222508,0.2798281567858906,0.4596083379133645,-0.4516507924200063,0.768697627694282,-0.031408898988051465,0.059651020915053664,0.5297286512310035,0.20646998569514446,0.7117687918881733,-0.03059310177930872,-0.5668293372500639,2.48869260152181e-05,31.47742473736102,12.403935546074761,15.590594022907444,20.49553572851275,12.141770809238372,10.77746759219326,11.48692584285454,9.938014712619722,7.731842260839358,9.327223041388077,6.638686353832506,6.669135298264241,0.01377783702668374,eight,/content/speechcommands/eight/cd85758f_nohash_1.wav,testing,5.0,Kitchen.wav
2238,-229.05639157400879,-28.053797631633152,29.507919097848447,23.539386931876354,17.95003866205955,7.632284731177842,9.382035769366915,6.283517229635637,4.560782482053189,4.563002255381042,1.7376984643175626,5.929263543038441,0.038559017041998524,14.098782426938957,15.364748660046105,10.772921768196259,9.064270503228945,5.617817173702725,5.037925119637424,6.450629540009372,6.572802651784947,6.34783720429367,4.943601667332526,5.418453285180646,4.712592047597214,0.012535334502178338,1.2477023833988359,1.1235345543854602,-0.07234918758698043,-0.9537348270161995,-0.8033473924779756,-0.33659826488437783,0.08118383160587746,-0.2754633222163,-0.16764707850917748,-0.024093678168559406,0.1365826529229424,0.2852141201982859,-0.00038082885245482124,6.736246009147142,7.975096340891049,5.967977798281848,4.257803661805176,4.151999444898871,3.1970599207470114,3.92518808868365,4.155596126352672,4.154671946421178,3.761954942445208,3.6863431713845025,2.927100737386699,0.00432695496426849,0.019646668591174775,0.0031843141255595707,0.24617556728152187,0.17768885368993784,-0.39439935529587883,-0.12812818796821276,-0.016250797242943583,-0.10188261131705453,0.20029770694338705,0.37973291824454963,0.11131741478146137,-0.03971762184063519,-0.00018546627513293563,6.277570173047402,7.942054043745899,6.351618027426566,4.149072921939577,4.594378093617406,3.796978779309807,4.62088733625635,4.805014520575134,5.050510115609492,4.580889516113967,5.070089667980839,4.039361311133634,0.003312027826881922,eight,/content/speechcommands/eight/f5496439_nohash_0.wav,testing,5.0,Kitchen.wav
2239,-246.0319284660151,34.50799113951904,33.95334152138527,26.935507971539412,8.023177469631875,-3.2117191605844155,5.6739162584819764,4.970221865007126,5.984655180099291,6.672988739356867,8.03537428696921,8.979249868623821,0.055256293271668255,55.05177183782794,36.341007292108266,13.351063982570315,15.451626061026671,7.359690497628133,15.175192929524009,10.57066114310637,10.737645511471749,10.522313917805654,8.675477743119178,7.913130920954,5.814807725699047,0.043692362037829516,-0.7240442839839459,0.36206442398516686,0.35817752341558945,0.15520029021906162,0.22354816708524364,-0.13486348512857765,-0.20159673093516522,-0.2916992153166766,-0.10162357526447928,-0.18944718280284076,0.06333896883477041,0.3126791834085065,-9.966906039945541e-05,20.85483456191975,15.629576790709558,7.013092121503413,5.770606734183189,4.776525562348048,7.006175660614635,6.5170133852031125,4.936067449519589,4.103008386243494,4.692801168608978,5.343804549109567,3.7374947068368183,0.015656001270886545,0.043934221634206475,0.11796612937483929,0.1721347166211122,-0.04615940409607481,-0.07798637772327564,0.07584701092186903,0.15497769866488825,0.15424597624159522,-0.20724017673890807,-0.37252790792145735,-0.0912153538227455,0.07108220384633922,4.889306922753652e-05,19.679038989290355,16.948657343772894,7.579415082861849,4.960833554546759,5.702975404557646,8.212415806927483,8.419640038998972,6.0750579710703985,4.170724886745705,5.353139677408589,7.139655909687849,4.702702726981119,0.009697638044705614,eight,/content/speechcommands/eight/d0faf7e4_nohash_2.wav,testing,5.0,Kitchen.wav
2240,-198.42574495352457,-16.24162977321134,25.865381818890697,37.988509195511384,8.364233419696001,2.610474927060179,11.435637360777633,2.819619521401695,2.9462937318691527,7.778277989823158,4.550720871420259,5.5552842739812105,0.0970965240849182,72.62518458661788,21.02757583543953,12.273932339894012,19.792428830535265,20.743108940981628,14.235158898884002,5.57072992699351,12.567777742743269,13.232584965969837,7.41186259349859,5.313829263484913,9.065838890802878,0.08617969455037258,0.07059228356967465,0.05486106773346887,-0.29150505911087016,-0.16702274547601872,-0.2639468701759358,-0.3235649578162868,-0.2640824819821594,-0.3534903976182101,-0.42804860412365303,-0.30354718459179414,-0.05577628030102125,0.09798362236397519,-0.0008370333140896212,32.38046507370624,13.069880364574916,9.463326435594281,9.172717376774305,10.346042854755128,8.07650876107699,4.976305854304155,5.6710758932342245,7.214892257654989,4.288725118083101,3.940456101690497,4.628141204585244,0.03540594276886344,0.04122468752836331,0.30567874490554914,-0.034719206901520396,0.06555717257905513,0.15500495972078826,0.20957954699174658,0.06521022241587503,-0.18704218779493445,-0.31141055510871557,-0.008167058568759256,0.07443144093656183,-0.1084761039381504,-0.00014874997238318127,29.318538134732083,15.594109876980559,12.570185275673001,10.786371910136953,11.334119897011925,9.681707450156189,6.337058148069283,5.9279932551036,8.718617305042153,5.039435266521809,5.2307127756308365,5.295893133990945,0.02396549667430477,eight,/content/speechcommands/eight/2796ac50_nohash_0.wav,testing,5.0,Kitchen.wav
2241,-256.7313890788404,56.5361763832153,34.13120227375592,50.34345920926755,22.193537239561927,-10.144546436273153,8.072899827445937,10.589684163938529,-1.418627275175138,-0.022369964572965695,6.863982112789264,4.7498479760038235,0.06897703441791236,75.34977531159382,30.74619838542312,28.928919556465566,26.932967129209416,11.003710350195863,28.25047622525267,5.5641315129669575,5.111476987371508,15.54059076504813,10.254975256001627,6.855207551191973,7.746881861679162,0.042529287981113904,1.0130488957010342,1.3120619719074436,1.1672694657480698,0.5083259495310176,0.546997240316871,0.8686457726555271,0.3726829645548343,-0.0002361157212513445,-0.30946689946103556,-0.09568826206477452,-0.4991279249095786,-0.48012638670763724,-0.00047063430951487634,31.496097789313815,17.79095974336961,11.357019030714032,14.413657850801277,6.831721162718604,10.819766738796968,4.0541894488331245,3.9517966912926994,8.436253509306349,6.785137406959395,5.6642444818824975,4.469500330728758,0.016251091409732805,-0.12000946253962942,0.10284441185619121,0.04053566239213732,-0.20439873436242723,-0.2096652031177681,-0.07242847061282903,0.14628656772238594,-0.2854669657690097,-0.016620156311331336,0.12614577192024765,0.043436222741039615,0.23197642129855237,1.8671154975891113e-06,28.69425642017843,18.954363492409335,11.854540934000097,15.408699810712053,8.104130637275365,11.03222673379694,5.011009606476855,5.573015767274106,10.201392260716545,8.485571770307093,7.860856514418244,5.715477253816478,0.010404529068316501,eight,/content/speechcommands/eight/b97c9f77_nohash_1.wav,testing,5.0,Kitchen.wav
2242,-245.8027502798607,17.53106642531264,32.563375631656626,25.662040967682522,10.35620653438431,8.699208757201706,8.538968629934814,0.07088517061669242,3.4942836286590957,1.3143336849568177,-3.007485542725355,1.367510166928939,0.05473836726741865,88.17861997500188,24.60390988346551,26.699563482844976,16.238454174864675,17.25675202920199,10.965493227184426,10.231660643986055,16.507780462891713,7.962169970748854,6.768346428957448,7.68941945539578,5.711324495855518,0.032197648086503626,9.237087251753714,1.0329305778676163,-2.6430480344495764,-1.2557042047463929,-0.9120267974575564,-0.6461718353681043,-0.546993179584605,-1.063089290387494,-0.5853570097051256,0.19195283146140932,0.39802540141116727,0.25159628187022837,0.002762725336417075,46.41664249924275,14.672642795756232,15.102519094341124,8.548323197882745,11.083301142958708,8.002135781078866,6.958756912277512,9.79578702282581,6.507103468929973,4.96545830306515,4.499691923312513,4.131537152157567,0.013283732414145101,-0.3294462364863444,-0.03398783883271281,0.10100453887616444,0.11146734382579246,0.12851356117742985,0.08735265267779914,0.21482437707848587,0.21448863846647667,0.059408628380901975,-0.23924307076028323,-0.1468729008835262,0.02005464358635812,0.0003924019013841947,50.56045239554694,18.542869897979006,19.89922472584055,11.136756760045788,14.324740872721662,10.744319596292538,9.273130003680878,12.706210883314753,8.268170983890988,6.5867418979809225,5.8357336923464675,5.704141430369119,0.010580040479427583,eight,/content/speechcommands/eight/d056d4d8_nohash_0.wav,testing,5.0,Kitchen.wav
2243,-220.5104485668919,66.74506702407751,39.546070981194816,10.831663931117546,10.244985129703775,0.6362149432554123,-4.458148785502243,-3.708124563997359,-0.5535686097406027,1.0008414932020562,0.4317144412750951,5.873568339108393,0.038596267986577004,39.23082297528658,23.61321770982799,13.322107441224919,15.205775296169513,7.368898216620937,9.268738038280679,7.339674584083098,3.295688531416708,5.0664475846021375,5.081827117361609,4.418080601506686,5.71392494921534,0.011965919336765584,-1.3606683435340228,-0.729608052873817,0.46958712063238145,0.4759742898303739,0.43336484280952975,0.03135048154277033,-0.35460087992052514,-0.1740750025071243,0.1572652154295742,0.12333539269800195,-0.11146320986772813,0.09354551100445202,0.00017508119344711304,11.594290532751126,8.969725102673664,6.193774301530277,6.911835908527149,4.504411355526971,7.127117160970621,5.338445882573088,3.2132623521181225,4.476355023448057,4.375808642042266,3.5946903273810342,4.277185902616117,0.0051167332061368585,-0.595733443956585,-0.7418146015516506,-0.02640574602447477,-0.03876658916329691,0.3429226829314015,0.137498045828287,-0.35821662019090517,-0.2205204810012091,0.21411526010717524,0.003061616519634421,0.07816161838295264,0.2869436951818827,-0.00018994323909282684,10.101773848485527,9.575131041008698,6.25605219833991,6.898223744284491,6.033657903612209,8.877303599980037,6.005785002303557,4.64704064384338,6.451235286780874,5.529061641968236,4.395351932410288,5.091247959195357,0.003640022061424343,eight,/content/speechcommands/eight/e1469561_nohash_0.wav,testing,5.0,Kitchen.wav
2244,-296.3561579110279,-6.57849229140858,42.52287791371744,22.273426149427372,12.916670343824215,7.283311226154365,10.70141081116858,4.084575596505038,6.566441126283594,9.362870125442992,6.115201125370067,12.200599784890853,0.0430774035921786,24.77935312827084,20.77160237582558,16.082576128237005,13.146758831767654,11.671956016993924,12.33179567490145,6.912888105631961,12.569961363608048,9.69862339816676,5.136460850693348,7.377633255941557,5.2658767535935915,0.019517598813905215,0.586448750026072,0.5843950225065209,0.02465955034267173,-0.29240483725556765,-0.5061739820619671,-0.04671903998483233,0.03856580122221223,-0.272420885948547,0.15558379014247495,0.43286818936191357,0.03440628993986845,-0.20896040049013895,0.00011119606994813489,11.619792392289098,9.722284199579395,7.930642017806705,6.139036237753618,6.202146085840707,6.8963802626880515,5.624811536028441,5.810746749273477,4.272436947552248,4.037218808425548,4.152508263569353,3.560575019398666,0.00890429978629538,-0.15055467574207834,-0.048484758839727485,0.22675347767117138,0.03955461197531633,-0.1320075207437757,0.18076333811410764,-0.12442091814321801,-0.0863424429683247,0.1125712806894903,0.4105948544713324,0.47569113316909506,0.3266421089296531,0.00023109850784142812,11.75935949215043,11.04242458604745,8.573619207587782,5.673519939485444,6.333082722776942,7.481522667045408,7.000698129528205,5.9458770353687065,4.887446358958047,4.769535049413923,4.0710374498481325,4.048574871303337,0.006943833502988846,eight,/content/speechcommands/eight/81dc4a94_nohash_0.wav,testing,5.0,Kitchen.wav
2245,-227.61826105482237,-0.0355785457882043,23.03667499164609,28.333139869260663,14.29677342655655,4.43372698957298,-3.827429530627643,5.249155680618625,8.38111537175849,3.6667083431792546,2.707651400997991,4.968451686405105,0.037199519720161334,59.0922997963321,26.203098226296948,20.46668144827478,11.954569483508974,7.883530360256207,16.579723713718327,14.802011818691712,12.287377890229564,8.015055656907055,12.693020784697215,9.999593489257144,3.481221021642704,0.014773226236788879,-0.20208932688862638,-0.39860950740111273,-0.18161881918016862,0.5302869529267616,-0.033638211871196554,-0.2607182872481396,-0.04066061677480017,-0.27959379073604185,-0.06019030461656819,0.5708774098460224,0.11359400615262823,0.1292088909709862,-0.00021308372097630655,27.517684728288312,12.083048481680438,11.756563416637004,5.751164360662326,6.208463458108763,6.429222394668355,7.209213046856338,6.0316054237798475,4.960718671196427,4.705948126456387,4.6571183142972465,2.4902106527315,0.007526286428946326,-0.6309911325663601,-0.17873487945794012,0.06592786635423463,0.006586520562028516,0.07233365248634034,-0.1496637997647949,-0.06420419685456509,0.138573469535982,0.1538085870437279,-0.009212347370227528,-0.19548881804543955,0.08030835787994037,3.325330714384715e-05,24.889356585415374,11.36627383787033,12.123696964197796,5.6348248965226055,6.958893637323993,6.851656923052783,8.272576825040638,5.656768927508881,6.342715102920021,4.179097841363465,4.806042992813066,3.320191045940075,0.0065255302557400965,eight,/content/speechcommands/eight/a4e8a997_nohash_1.wav,testing,5.0,Kitchen.wav
2246,-224.4206554516001,14.805436817551714,33.862387060278934,22.227211513331454,15.25927943621071,7.750856608625347,11.828431731609976,6.8120422205860445,-0.9489354640152731,6.006919759162762,1.1496271138257486,3.4518674678918484,0.043796345676210796,68.2813637068354,19.186635193182177,9.879300577187871,17.17524018506095,7.425413185037921,13.708534884798928,6.90664944468371,7.290828729210765,12.853142445356202,6.867695996011277,6.358453355319229,7.691359070506519,0.01826982722450263,-2.747487262054791,-2.023063419674802,0.2458590367549481,-0.07045494170776442,0.2903145273143344,0.5478270674473013,0.8793254860867786,0.14568236059458814,0.4254306197030636,0.7720067727138882,0.3200405189323251,0.19909511067765934,-0.0009765358907835824,28.36293136522959,8.644229099982839,6.0700613749032675,11.705449446650508,5.436949199912711,8.399810786047764,5.776648607061174,4.6222360264269815,6.119905474185635,5.208940401921445,4.280950546942099,4.323312990197171,0.0068117575614760825,0.6930133880126746,0.48611606537512186,0.01066651755615151,-0.41794991901412465,-0.18070205770430245,0.204349968511508,0.09365044020013417,0.09817957615044781,0.14956535523696068,0.09019543613277481,-0.012478580883607381,-0.10964351044563721,-2.4739373475313187e-05,29.802742507943176,9.621459013169915,7.435775522657485,10.777256932124105,7.058071730680716,8.194525839937736,6.65739274116359,6.102230451532826,6.256251736954322,6.692497670666005,5.37503577930703,4.252095363345778,0.005202138178752207,eight,/content/speechcommands/eight/9dc1889e_nohash_0.wav,testing,5.0,Kitchen.wav
2247,-187.94971075727477,25.376005752363522,24.841648304624933,10.61095519951267,1.2267236916436344,2.138805359176042,5.582594390836599,7.304962944362934,8.40824592990402,14.645083505060288,6.566775885659929,2.5390427587514477,0.06985522276954725,97.77541278280911,34.171680731376675,25.731877101917352,19.182461474645375,17.234091500142025,14.039692847779172,8.21325115065487,9.479266301959923,9.119801231161292,5.301066363228852,5.849773500680712,5.762251910917984,0.03839948960117319,0.7811243271992206,0.7696568314506755,0.361426969638433,0.06888117054436263,-0.17330922725498518,0.10126340404425349,-0.14484581879877192,-0.3745995291691685,-0.19773792213140842,-0.2978216572655833,0.08056362000659253,0.23144832635278792,-0.0008754689366586747,41.05862394049625,11.486349555069415,12.338975418208497,8.431239562167029,7.187353544029197,7.110319364408933,5.423105512702356,5.4227215624505,4.953532658103864,5.484690838081867,4.15940889018899,2.8168323019059276,0.018054846123352113,-0.3856996199124334,-0.28912521645757894,0.08508328464376784,0.15001875247727625,0.07843383368077597,0.3086725627335113,0.2992179712351584,0.21314401825831694,0.20856968027787157,0.13753184990648565,0.1323099394253273,0.11948619430120774,4.398214320341746e-05,36.99916848333878,12.654380477199105,13.439555264645799,10.262724225277996,7.364759485328827,8.74144417819358,6.554893113370819,6.634624723387004,6.620266424437221,8.237960256579914,5.819975292319981,3.901281275378109,0.016884500817928284,eight,/content/speechcommands/eight/4620dc14_nohash_2.wav,testing,5.0,Kitchen.wav
2248,-259.28366515743244,-6.266472908307032,29.047587593837427,40.3203185072543,-0.362435344079173,6.897154794567031,-5.488428750912286,11.848435083257899,6.100750030083722,11.785272025173295,12.450987344740398,2.2751620242169324,0.06682662630919367,106.77511255795164,16.886426102773544,22.747918746331568,26.02918192572343,32.54662806562943,24.454427546565793,25.71553061845175,11.981504962568417,10.273496807831043,6.74995701652499,9.287225312964098,9.512953107016331,0.06620492593339296,0.14797786299515353,0.5495755493416761,0.2709188783000366,-0.12262714297324007,-0.10210851906291148,0.16511032436215048,-0.03267828935176367,-0.15029316286011762,-0.2411517036005062,-0.044994853492130026,-0.23444990394368764,-0.045500112777396705,-0.0007007332038014165,41.6099082090848,11.759055028806381,11.529090235779217,10.09638671979412,16.162731054550058,12.567408858350001,11.265963398447298,7.0201389099202105,4.971427289980957,4.993005868316899,6.038764188799156,5.165054316707182,0.02226824968612983,-0.2195020934139542,0.03281616593530531,0.031573256449991524,0.01289305970796614,-0.09385997814676479,-0.20729731425608364,0.005108097270014748,0.073495541831746,-0.1905934827782452,-0.01998629352199733,0.157283109013287,-0.0005773711556881592,3.637426222364108e-05,37.966649020093215,11.68442694217629,10.771595265429378,8.861057422066645,19.092949076906294,16.005041910186883,12.700319819646902,6.584991566038325,6.171128734643127,6.228232197385641,8.887369009922066,5.656440006819287,0.015789760020904448,eight,/content/speechcommands/eight/9a69672b_nohash_1.wav,testing,5.0,Kitchen.wav
2249,-242.85101820533367,29.476590261591532,30.115687395791454,18.017774775149903,5.921357700766832,10.26377863249318,8.656524493934556,3.1723094058369226,0.9498290339567834,3.2573346991602365,2.6574290273089494,9.129662308176956,0.03277377493213862,35.94488654990011,5.59158806228344,7.790299136418435,14.097217593671706,17.48173929397493,4.754252149350976,7.460818723263451,13.161916420281653,4.5285936607487525,4.766397713134267,6.67184003293492,4.405422108373104,0.01381722462882884,-0.039929097168086874,-0.12000409816984049,0.013906632200749917,-0.09235615459481332,0.027696753007014484,0.21404619644426665,0.17435212371704326,0.033119342399164024,-0.29609312748427985,-0.24115773504573867,-0.18223619910530534,-0.06040159058125142,-2.18347676338688e-05,18.885200911214227,4.221015578335083,6.074412667805036,7.1864860989309305,8.429974911981441,4.382541291285384,5.4669728840564495,6.109853341122954,3.3173758846708528,3.6199561328804983,4.747616810034213,2.845601679354636,0.005904456598211596,-0.3076790553904213,-0.1924103393551314,-0.14348152681492224,0.1788324213998686,-0.0770585803074893,-0.2777960073782328,-0.08316895409837409,0.08334201878959734,0.1979372314844627,0.23544358046740985,0.0610693917268424,0.1741789883580929,-1.7580576241016388e-05,17.730061159717177,4.9534982588218215,7.0210401992415585,7.834736733677801,8.326356960124146,5.235329308852336,6.894674944871472,6.705448373192228,4.701591778617784,3.63254958913331,5.6854495012881445,3.547344212203051,0.004497898266870591,eight,/content/speechcommands/eight/8a325749_nohash_0.wav,testing,5.0,Kitchen.wav
2250,-201.03472947765286,22.18723258707807,23.78236495058081,12.67636605386511,10.223524838827217,3.3145082805418893,1.910455158776716,1.7759023708693946,-0.9977577450971398,0.6670510733247057,7.517869211479741,5.688981917972509,0.037742811982752755,55.36475826425761,15.738327333199521,20.669403191142344,30.64259320257898,5.283230916575703,14.44817978290557,7.62181026764286,6.732302589207136,10.314816046975558,5.49079366581424,9.151502544275667,7.03081251311492,0.017432886829322106,-3.1090876168146657,-0.036443559958026034,0.578619511483648,0.25194786705551814,0.08875130986756417,-0.30261097449997687,0.5282871948365345,0.10629636626324367,0.1891169692973386,-0.06272155521593575,-0.2944192864571207,-0.0768246086512022,-0.000588058223647456,38.44738848387379,12.010519419749443,9.88065609910067,15.343793082553914,4.6015120340486435,8.5919667536773,5.067134580554376,4.421857747975704,6.815034388763611,5.49938099199483,4.177020004871727,4.382295616669766,0.008831509842755202,-2.01987234012079,0.09163096349504159,0.3082554965037128,-0.030775547314840425,-0.0399922308612869,0.2671516002506738,0.25458048305570014,0.46188819805271725,0.3951757512068907,0.029336387980222735,-0.08905523711997185,0.10924936102047642,-6.640565892060598e-05,37.66578089848588,14.381590085923147,10.079744726222378,15.588760656590237,5.479027212787732,9.73189980632775,5.721206829121964,5.15144679212392,8.487131573463826,8.266874239499172,4.847942449656713,5.144196023271217,0.007558669227047994,eight,/content/speechcommands/eight/5744b6a7_nohash_1.wav,testing,5.0,Kitchen.wav
2251,-303.94168339618227,-34.79701989017704,33.778961705492776,38.87595880580821,19.927491670638855,8.298481236148424,14.93705307891529,11.017042497808099,8.070876192006644,9.07762240347772,3.415262365005208,8.922773524439316,0.03868471138412133,28.9775226577461,12.943500829183643,12.610273621820404,16.519720528769344,5.417918705026995,9.177552053771223,6.7178168830994895,11.379950061925372,9.307403066560886,4.850055816470159,9.115833942205706,5.137316771124744,0.01475382042699628,0.34559254678648693,0.08819784901864446,0.007734895287331282,0.15232127531845066,0.15655903531958898,-0.08716674928007313,0.7210905089331311,0.37748670150899616,0.09869573843267154,0.1898178074083172,-0.15773051758851914,-0.23811867120170122,0.0014045093689234026,16.781938184244993,8.783898620804765,6.5523430783090255,8.975497445968937,3.631019000095234,5.87273858801952,4.945586235420369,5.341422350111796,4.886383546325564,4.388690819119411,4.661888180095524,3.8370661769109313,0.005129256997605183,-0.38277137744075274,-0.21748084562915912,0.34090449338721907,0.39787431622273434,0.06355879385482327,0.1684148862100006,-0.00703209347143936,0.04250048852608715,0.1335173895251486,0.32950180400841644,0.37422290827272675,0.0504459137639091,-0.00025908338526884717,15.296416505458932,9.691288271488345,6.099524556919479,8.305914689595582,4.921342592152409,6.053732063678298,6.6023546824902555,5.72296064659612,4.756235459617266,5.9022633328860366,4.208091949520284,5.227319359201844,0.004287528969746943,eight,/content/speechcommands/eight/24ad3ebe_nohash_1.wav,testing,5.0,Kitchen.wav
2252,-309.83180090098057,-15.598205859554978,53.81898335081411,34.5306688240602,18.63538493477263,11.615915122201084,12.730672466082082,3.0175074846682897,3.9432799021335714,7.31279189563159,3.9109540233397255,8.51977661930132,0.04004680260550231,23.772243238944995,21.687924114307847,15.818174602429211,13.549377949965763,10.301624089925605,13.893160962051246,9.80347124110045,13.844192097359867,11.116959142619367,5.4171951905767495,9.12231663534121,6.325420780342097,0.01259946553957798,-0.5479164408791807,-0.1866044970134689,0.4326998907011141,0.24771653245509864,-0.2740382687097546,-0.2996830314956548,-0.0780773939455923,0.20966479094662252,0.01736334269399668,-0.15223617778756157,-0.11352373816105651,-0.16054013011855855,-0.000633225265529848,9.549979957142433,8.733739322198783,6.837653449105013,5.980104616567334,5.5001240170606165,5.6247241882763515,4.801811188067684,6.058054774859672,4.891602326356767,3.342366442163913,4.302570005708665,3.614951444875148,0.005020761328224207,-0.35300847787992967,-0.003948376181448765,0.20694438343844865,0.2658043360972562,0.20551197533054336,0.12316735805416694,0.22488369129873967,0.18553280734348004,0.028412156587633883,0.08996748640157026,0.06549501904657565,-0.15642947937624252,-4.2323209345340726e-05,7.601177545070368,8.266710902636992,7.03614582114284,6.275785227525453,5.529999820164144,4.716833465671023,5.08687966199612,5.835598647703055,5.519067854808872,4.900914163726598,4.5069688448099,4.214811757296887,0.003723169889559156,eight,/content/speechcommands/eight/7e1054e7_nohash_1.wav,testing,5.0,Kitchen.wav
2253,-272.9128318677766,-0.965697975696171,45.138732745648426,32.22528268148544,11.910746551642957,-0.05572942432012784,9.164588963276122,4.294411608268572,5.644568233857308,7.535986626982916,0.8106738619805403,6.879042603934421,0.041360021103173494,48.816785296954194,32.756903138961796,14.523350396975017,15.15234599382272,15.217168199083027,17.25678215567503,5.458192532164642,13.7025628824083,9.9388956808833,5.505156560636314,11.49789954674697,4.766989054455779,0.024476400406917315,0.17985616561575243,0.07474067750807031,0.1044082961223116,-0.03089087107598083,-0.3192345463146135,0.11521697483424817,-0.003058837402477767,0.07616509122854999,0.03485136146952327,-0.11393639206663002,-0.05184163513227776,0.07096633876055723,0.0006645643302509861,25.005331746832614,13.732660164614252,10.745869461452545,9.224980058754548,7.8997860636922095,8.325363950631083,4.858591237633607,5.788859488356936,5.124743260774205,3.490109438414817,5.866404051715496,3.4305342371870298,0.010505480857687044,-0.7400621654516972,-0.18110644128841358,0.4782354653557178,0.4873141974933339,0.4118459274731761,0.5488729263227374,0.33817381883772063,0.07531721778569267,-0.059093209578520094,0.013904382411342849,0.10861633656281425,-0.054865069832524385,5.547615389029185e-05,24.82669792201652,14.33800027141105,12.820229782007985,10.41009793623723,8.689442641328997,7.388439135839791,6.736189385458656,6.035867245117892,7.268986635763122,4.522705750803587,5.610017234270841,4.3323141532466485,0.007311689680061516,eight,/content/speechcommands/eight/f292725f_nohash_1.wav,testing,5.0,Kitchen.wav
2254,-272.82880877402135,-7.531177813948897,40.64303920172752,38.06535269503797,23.932905632618187,5.881887670960459,11.600523119541705,9.099005685233845,6.059189337721755,4.095603926274192,1.9282000208948562,6.135205323706945,0.06385338288964704,76.92838308947772,44.185287353713356,12.034104354672998,24.605534738581646,7.268702102218081,18.322307822019102,7.902514503751028,5.72778035942752,9.934545565141049,10.27355644643066,7.384448578284723,5.683843068823491,0.06884942673868301,0.07448623429660155,0.2566037256934135,-0.08569956731881875,-0.35303847962727597,0.10076349134339989,-0.07976405185576628,0.27408441849728343,0.15653476740231578,-0.04767167602484515,0.37080228655726905,0.2574669797516874,0.011028707014251583,0.0001793890710799925,32.54301307726324,18.34783380026736,10.906977339909917,10.127795506401078,5.7971195377426605,8.058710970733431,5.031045069437223,2.940823245244877,4.075374516336051,5.401334858135246,3.1828448380847316,4.012178255451754,0.026500056037302912,-0.17295467506102302,0.24253190609784536,0.30523106276094863,0.26375599471104894,0.13456171255455102,-0.13359165742991141,0.0706921871832634,0.10266808686735533,-0.035664315830148986,0.14891380388645079,-0.05741710600723226,0.11520775971281202,0.00010734579215447108,27.025561090505793,16.173907246979372,14.120794568621168,9.052442179438374,7.3950459834932785,7.847685760669924,6.487945392455353,3.968251526958817,4.359674164810178,6.401793985165856,3.697935349126795,5.351181997889943,0.019046653800350078,eight,/content/speechcommands/eight/e41a903b_nohash_3.wav,testing,5.0,Kitchen.wav
2255,-172.58436612785187,61.13808976597361,19.73072648472718,21.904319411881467,5.4599532257449,15.002572415883964,11.205683036167391,6.459029417584745,1.8927090788144973,9.057999624738105,9.05159127759926,8.553382793375551,0.12824130395893008,84.36818072751018,28.118002396310263,20.10281278403234,24.9527927334301,19.66508681370003,15.634992267325105,18.020756482704876,13.210856597876838,9.649790031534812,7.336121175839287,10.10338925053676,4.647270113981762,0.10481008057098493,0.015238416585049208,-0.3699985700893667,-0.5291451703172666,-0.3330127411702396,-0.08128273757669686,0.2499918183883749,-0.19413612252347046,-0.27281583757477207,-0.3684160209679779,-0.04076332343801786,0.3276745020422076,0.23163032811992718,-0.0006384233072880775,41.18612111724201,12.949276943698129,12.045440140654373,8.820382014580318,9.954527550429125,7.8246965078090565,8.917538830244435,7.686833998297286,5.617183606010383,3.8231898845032664,6.398243913438857,3.924778983924403,0.0314358019377183,-0.5603260723951858,-0.21436005613591694,0.06426950891311979,0.06312718664026035,-0.1466550349296659,-0.253693777640262,-0.2538048960304432,0.12382591481577751,0.17526521442116996,0.1481069687956871,-0.028809119671867892,0.20829767741769173,-0.0004057552665472031,34.113191516074565,10.731304676412115,11.094646381248563,9.101258254643838,9.912734620106269,9.526281892202853,9.799509801849018,9.33686584909114,5.336925565766268,3.911686153459893,8.286425990455784,5.523061324421487,0.024501887317696872,eight,/content/speechcommands/eight/9d4bab4f_nohash_0.wav,testing,5.0,Kitchen.wav
2256,-239.46650692759536,3.9329489411012806,26.0920458534885,23.201336871712996,11.750758539644284,6.130454905789959,8.955714588859411,2.851143251407761,2.9183327723767634,6.9344359064887975,4.598220834218532,7.703537053091166,0.03730573848588392,51.94370807196278,20.11808256833616,9.428239779169967,13.805851126451891,14.496641576251236,10.012666774824933,3.164068890927548,9.42140248548905,8.27445383467194,4.8763889716541655,5.7032327496016775,4.574759531064433,0.009513269449208573,-0.3534073747735625,0.20880069212769947,0.20080711551647681,-0.0002400807640768565,0.4001361022258466,0.049530059185268926,-0.10682465701401947,0.008877482909602509,0.13271606530082794,-0.01151161083302411,-0.03746165142012877,0.0797205444668449,0.0006648782160012952,28.815323806372646,9.978671595551955,5.857538381189443,5.523745377866693,7.7049218444658845,5.607343852234056,2.4053063184701853,4.54182154568289,4.969315692883373,3.6377366749441804,3.835850862161424,3.2513137913188666,0.004880439482207681,-0.46188567155257754,-0.20167234871031064,-0.12434448688480147,-0.25032095364303436,0.23218108536091228,0.3385864754968438,-0.09793067770157708,-0.03889299900427634,-0.02255820283839712,0.06545936401961777,0.18874067040645442,0.25765702463674267,8.581516643365225e-06,25.84482487973398,8.214594806092975,6.745979098458882,5.72725447373334,8.015981661940828,5.888222444196233,3.233413069873821,4.56078293695043,5.980758189986035,5.106287440561255,4.140947132999663,4.3630437798784945,0.004210744767244516,eight,/content/speechcommands/eight/553f1a79_nohash_0.wav,testing,5.0,Kitchen.wav
2257,-235.0894036119178,-0.014612328974470623,34.03637129212878,24.112454959292656,4.999931732480991,5.880232513043594,1.6907976553746973,8.483093171783253,5.583806634484831,11.56932253085849,8.7726395344387,4.946511790210527,0.06692142295651138,108.05359472173183,26.00300178804181,21.281184067169338,14.495972420095448,25.776284582600994,20.410827620102175,19.08638279414503,10.051928783592796,11.537538300720588,10.274315987067576,9.710760392181252,7.563966927282449,0.04542207094931593,0.04101851356726581,0.06819491443925851,0.3058357533038401,0.34840946623279967,0.41323953117460765,0.06456830914018039,-0.22824677161890153,-0.01049404180923142,0.19991710478642916,-0.1726679977313736,-0.07478103017700982,0.14713924069392337,0.0011811124220971138,40.90172885068708,13.121962213783926,10.932723306136268,8.550376901315133,11.2481531344595,11.971505897889658,10.480402807456409,5.780417040863433,6.893853728181233,6.1395854884959675,7.424498908869441,4.053472692799344,0.01980208806021081,-0.4406744602010046,-0.12342813747891691,0.34492250753982245,0.14417831354898764,0.16836734035946985,0.4330650222087267,0.25504642139840883,0.09196214934989572,-0.0007476692319680585,0.08956053176465577,0.21354652099420784,0.10322180355814294,0.00011087867120901743,36.95595350262685,14.097978100020937,11.161011302995108,8.65877998419577,11.280119139990381,15.897528303057125,12.977999508921021,5.633961124956505,8.688438636830794,6.0735326632963575,10.057107952813062,5.182419826661194,0.01904998686653137,eight,/content/speechcommands/eight/9a69672b_nohash_0.wav,testing,5.0,Kitchen.wav
2258,-203.58804622121838,-5.68410314929824,5.663899828569365,37.951254924890044,5.3744245600417875,-8.113592390906955,14.758877193988884,11.39277430364705,-1.5360029586296715,9.671161647899929,8.047255966553351,3.434547932754346,0.12150822003604844,107.28372508215699,17.83148577150935,21.102829024627905,19.7529679267335,17.399119387860488,17.85419994026922,6.108822939924276,12.316092062572517,17.14640677601886,3.833688825726418,4.4641366404539635,7.958996739469839,0.14187254034060043,0.5552366951942944,-0.7127315255763488,-0.7947229671407823,1.0282081794716063,-0.5040021747959663,-0.48856419043131344,-0.22121364312349115,-0.002448066445361699,-0.26740785274103857,-0.24397551726213934,0.05645470925135673,-0.13975807790868927,9.309945087279044e-05,39.33181332392652,14.460077940424958,10.613061308885621,7.219458475211351,7.794227013102776,9.675794356972302,4.675168781960508,5.6466513438154715,7.073610489503496,2.9039092625829874,2.7959608969092278,4.813252788741578,0.04945838785219293,-0.3839589784452784,0.42252329521737264,-0.2199384133210439,-0.04481575782999106,0.6520313225271246,0.3745094744194331,0.07854568894773127,-0.396540375707272,0.0761103687090079,0.27396319723736556,0.16463095760932162,0.08622828775693808,-2.9635305205980938e-05,33.64020352214248,16.37873164373535,10.704150853464952,6.701979615918892,8.835879410000919,13.091606565048101,6.275786812795881,5.473042565983695,7.858772362220482,4.205422260871363,3.762668674393943,6.367846991238218,0.031208781181557222,eight,/content/speechcommands/eight/8625475c_nohash_0.wav,testing,5.0,Kitchen.wav
2259,-258.70788230307346,29.507757232024062,37.360871010411685,28.562045591356984,20.668491740999038,7.750962058324858,13.684451376169083,9.61161528388628,8.278461407374719,8.912244673490648,3.895689110927501,6.673478113000041,0.07725108659360558,107.5473148735015,52.094057969792104,23.5781237131304,18.629267311408555,5.47499144350165,13.613717222882368,5.707818845769779,5.74405737190385,8.039347430397765,7.2014961813514375,9.108440891615055,4.137071987474973,0.06782734122453726,-0.7963124888287316,-0.6001669375982623,0.1913690522348754,0.3064394824203162,0.1926908904215585,0.019690031662103497,0.10830187258933774,0.08054515253641505,-0.36681833300371025,-0.23406624818468574,0.19159003678504397,0.28308208410337354,0.00040012970566749573,36.517239038282284,16.902477608858344,12.886011385306148,11.991028698947868,5.054345466018475,8.465885195195428,5.371610165282212,4.33749023258845,4.260466073435537,3.641773700214251,4.850165720114306,3.082526133355735,0.024561087709533733,0.22379927586084564,0.3505327800181925,0.1562552236094736,-0.005100544472921816,0.02589877603874271,0.038312708530904814,0.16081444101479647,0.17437690451495821,0.05036363422128541,0.1303010468619861,0.15561390369655148,-0.17314163889785913,4.5306111375490823e-05,30.015706926129027,14.598054944295646,13.030890307580178,13.222501470700841,6.737383045703201,10.487352090096671,7.038675248173326,6.052631745078083,5.1195364916851265,4.237135497533534,5.1693875320866045,4.021801069743863,0.01575761816619298,eight,/content/speechcommands/eight/e41a903b_nohash_2.wav,testing,5.0,Kitchen.wav
2260,-193.52303446883298,13.480921295150782,25.406345636932976,10.73444456735723,3.579792837614302,-0.18413514856307311,1.5502781354698483,2.3432833891124574,5.49876862736712,8.86348336827172,3.916607721361811,2.3075904157078853,0.046821393916616216,110.98406332027595,21.351295316711624,11.045533589335445,19.892414497016635,13.387324667960085,9.072522851210714,11.104983391902095,9.973352505583067,5.87587818076701,4.6819172803117555,7.246333148434208,5.878602304641402,0.024333497685589164,5.45519355773389,1.5104078217529744,-0.6651570303391944,-0.8455301029189338,-0.7770366210230616,-0.5634105003789303,-0.495699054107577,-0.515332236309453,-0.5762878813099808,-0.19031802548137225,0.28475910705313373,-0.2139186434132443,0.0009721334603044295,40.00886841759163,7.413107730965428,5.666304621041611,7.520728478143432,5.480100252918812,4.589204910786048,5.433210156855182,4.504332569690185,3.5214809843602684,4.248904787418287,3.915892679655715,2.8878475127024212,0.010531384698357103,-1.2639706769536099,-0.018066930556718812,0.22658446003490648,0.1879499067854569,0.22570608170580447,0.10782238710539781,0.06159724192561684,-0.04211790035428356,0.028857862096002527,-0.05528220804867442,0.11660447556478871,0.012066797864866353,-0.00036750097448627156,39.796581269982994,9.037321107057352,6.837315962945989,8.26839148400405,6.072812861441363,5.80479189174817,6.615708966505733,5.565685155345181,5.24703887057393,6.444089871524552,5.023748244673897,3.6574610751085412,0.010430218331910802,eight,/content/speechcommands/eight/daf230ac_nohash_0.wav,testing,5.0,Kitchen.wav
2261,-258.4659470436096,35.235349842652994,29.802725902638986,31.83658669140968,4.625631297482487,-9.382699268760398,2.6184550350215234,3.9247489153928212,3.719420585573843,9.543651749804447,2.9181755881645906,1.6621451501522269,0.0734672388061881,72.70875886854834,29.648774802893442,15.349197559738899,11.90367080233619,23.35158194562533,31.520571586764014,11.275798801875636,10.372954976752414,10.976558591490587,4.875377027247102,6.744188008463993,8.366879171832279,0.06245037094617426,0.14986326085183296,-0.18318609942111333,-0.2268256625367811,-0.24359811123568112,-0.30631571096915766,-0.01788684682186727,-0.06176012710436236,-0.012476341300446088,-0.08320912324724693,0.054282162648499145,0.3039534858358103,0.239177184939885,8.262657830792088e-05,31.134728970024533,14.292546447689961,8.723981046842736,5.151982459615303,11.4591066831708,15.079413491432177,7.808113147895527,5.3274966413161895,4.2984457887228995,3.823554979235611,5.256231049201049,4.2911291745312035,0.024305059551346934,-0.5712344404234746,-0.08298256734197504,0.08842731940063545,-0.20066011155122385,-0.18257418444478754,0.08703970255095281,0.1863763252527594,0.2774593903754167,0.17567673960915833,-0.058978418785630635,-0.2827364207138437,-0.16635228995052254,0.0001936405897140503,28.78490646705838,15.099744565750088,7.666870471151625,5.9934028086168265,13.366361701224477,17.57147212230821,9.944492103477312,6.7310221509911345,4.0832182799434795,5.442305655962666,6.505757814990935,5.595769008209196,0.021122310220715746,eight,/content/speechcommands/eight/4620dc14_nohash_1.wav,testing,5.0,Kitchen.wav
2262,-252.2730018748171,8.181199299485755,34.552004715700996,32.58909032038023,1.9420952182514641,3.962897164313807,10.16316298306984,2.4167178718946603,5.787275802887157,6.340957183131602,6.2926917616390545,5.384323717108185,0.053638756275177,69.18748969997827,23.889439235523373,18.316519114805036,10.475504378922071,23.63269278456865,13.174514926614831,7.069240975852968,10.59064964037788,5.677150298214848,4.328590814269141,5.689581742211093,6.049798712196863,0.008665001326144353,1.3150717482121794,0.4101272786573549,0.5763670957213094,0.539488409970997,0.37773943886007394,-0.2126564458406865,-0.3775775832787237,-0.27143252672527585,-0.381244410006621,0.03879800392335723,-0.2010605205454496,-1.0104532840085465,0.0002617186142338647,35.60384966058429,12.327935364209676,12.037334388634518,5.666447465468386,12.51471525537639,8.488431942989086,6.15190997315774,5.373754288293703,3.216184892284723,3.904179108618073,5.077455643852465,2.424965830204093,0.005433527808230192,-0.2491782342452278,0.1834523709032227,0.38908969317492975,0.41997176756736443,0.6806174004108351,0.4387659130302545,0.6441371612227811,0.05274420437994407,0.022983628305419224,0.1731646880573323,0.06762345811966952,0.020040006958332204,0.00017003013807184557,32.22061508626331,14.944367470260522,11.196003500303732,7.831818896126069,11.73967048072992,11.2806275036106,7.750730597459089,5.731187447561876,3.8992848628009313,5.307102303508028,6.836162751248767,3.297659829029257,0.005088169314066718,eight,/content/speechcommands/eight/5eb5fc74_nohash_0.wav,testing,5.0,Kitchen.wav
2263,-295.4147504076551,-15.128416408044535,46.642388114966494,36.91787299123729,18.499471719933638,12.170220412105348,12.364667303876564,8.8508489370635,7.022559112686803,7.7708653573076045,5.293233494108516,8.255901896660525,0.032199972425587475,34.931027421492395,9.099683109753645,8.648213584049673,17.861550506064685,6.181968063683573,5.471511208351093,7.638538011505004,7.186723124833935,7.33595988223447,4.4576194816136,4.456526166191171,8.628401283491758,0.007803853481506987,-0.24121217557456937,0.34649650275683375,0.07415819561323461,0.0007420815618686557,0.02746250958300019,-0.30420410364889616,-0.27753299293755146,-0.3290273139848144,-0.10177068332582262,-0.08275622726464553,-0.183693192274974,-0.24051347053005714,-0.00015984896209932144,24.540748707619937,6.327149805536211,5.655624433335876,10.98119405216873,4.911126338309786,4.290398193483754,5.191563412008536,5.176948762339139,5.582385619921961,2.997111993040459,3.76295302349313,4.714762651775773,0.003796907553689756,-0.1339686830194599,-0.06477821436037126,0.2169250310539785,0.3412925580389745,-0.06155669017265257,0.1365733778191211,0.07212992476014524,-0.09755164515626416,-0.045504483864627215,-0.04528816837260609,0.043673983984404224,0.01997886806027882,9.113426009813945e-05,25.26027629247238,8.32956831372588,6.587641181307282,10.349025933477385,5.409083697255062,5.000827671465906,4.931223998808991,5.707539010756004,6.636955276134949,3.9473902321019163,5.260524238765245,5.91944195279336,0.00314499256438876,eight,/content/speechcommands/eight/fce96bac_nohash_0.wav,testing,5.0,Kitchen.wav
2264,-215.1130856833184,-26.286170196541363,21.457799061144534,38.296955344128435,8.375208688265403,0.39212444190169493,8.758229976698344,3.391445412776739,6.684854124204901,4.8355061248744,5.028438883544652,3.494849572619741,0.05292111309245229,56.86983753529232,16.165687585623168,10.171603491632727,27.315167195613526,15.426234412779776,16.711657967240043,8.414349096816567,11.607125880337207,6.885173656243616,6.259653172355986,5.204657057801754,7.368128285679219,0.035002836549469285,0.17499391064342537,-0.28989759685685496,-0.1458858877373758,0.20159217066849433,-0.08946592714776994,0.012751503765339256,-0.02648079016685882,-0.037535783480498235,0.05131383382718721,-0.1161561455986024,0.00022300036919843354,-0.02937972139567269,0.00010928000894285017,24.732117098358746,8.74641156548374,9.489171117634179,11.277575234019807,7.311394553317304,9.149151501063663,5.781063352068056,4.658617752819277,4.7074545648181,4.440457542059469,3.893956601493623,3.6669772056892933,0.015451060650909666,-0.20647171876294312,-0.10634536184658559,0.09327584938535681,0.09017234291872889,0.14687569294911787,0.17247661642157527,0.04249572975674561,0.00014043444434435058,-0.08772965897195174,-0.17636091492072628,-0.01714338465266767,0.003079585503723396,4.0067794422308604e-05,20.403726594873536,9.62654034642553,10.62486563276693,11.212684671679478,6.464140024032169,10.032588086274005,6.746595062755551,4.707116880524479,6.724413714006118,5.827485889879684,4.411655065174473,4.160786223490276,0.010970423606251872,eight,/content/speechcommands/eight/cd85758f_nohash_3.wav,testing,5.0,Kitchen.wav
2265,-231.00793762287094,38.34566696341993,25.420556595053952,42.208147661926645,14.360360811960796,-4.296722593933385,6.735791093901659,3.594791387271398,3.251569410799436,-0.0020215492150889025,1.415394161460297,4.958919413622706,0.07465903152478859,83.74993498832634,31.521480892873257,20.87000213520769,29.522085974735443,11.46198104967356,18.374795389575233,4.557373096343497,8.35552422950104,12.080627655182859,15.575510788367774,6.209426432622236,3.2390345751102703,0.06457417648041523,0.614690617798988,0.9095709775150566,0.4419276086804059,-0.29020890851404707,-0.005273340865759766,0.7741114847335728,0.5938434686269963,-0.0827277990339536,0.1745080614003907,0.13169223805543273,-0.21408948617520118,-0.37376055150706405,-0.00012592058027944257,42.879561521904805,18.628466247932007,13.032789827061213,13.731346371891142,7.1440619503521505,9.465831833579367,3.68883229163575,5.049990192091598,5.842070410654465,6.64892879479485,4.2037300254224705,3.265852647755338,0.029137593337675544,-1.918649378476433,-1.591772670989675,-0.1377372840581117,-0.01104921167097134,0.09485156350236253,-0.08440176512798221,-0.009218741780426113,0.1673806049574555,0.25349808393252377,0.26939514139255183,0.26114058251609695,0.13148480329874038,-0.00022174728413422903,41.09161908317161,18.982474013285994,15.038347825331138,15.608616028284102,8.4485736268803,10.94287593590375,4.926062205811862,6.719367498648612,7.01300255834412,6.15599272775552,5.230705961223236,4.595214866879531,0.022447926720307182,eight,/content/speechcommands/eight/e1469561_nohash_1.wav,testing,5.0,Kitchen.wav
2266,-233.192912879047,47.30034546875358,25.05657381304068,11.583229951766914,-4.002565834875487,-4.223453380638209,1.7656960007966367,-0.914973355943658,3.9151937464675393,7.207409189540201,1.5355571434322621,6.938402439397233,0.04627278511179611,79.01336861204541,31.486950352275645,11.567179647398468,17.026595632591647,19.219970885748328,12.099234784439258,11.918403115409934,11.586895430584425,7.607974665163266,4.763351890461089,7.756532885436178,7.379929955412109,0.01873031959827838,0.5598167770822805,-0.1480537316775147,-0.8029324599982722,-0.6367616132505921,-0.31420703587394866,-0.0693358452547959,0.10972049069869791,0.19530933194421876,0.3075222880610819,-0.10190643852122713,-0.3138321768057986,0.121286912815061,-0.0008339900523424149,29.430508767765083,10.02145307972783,6.7505808746088345,7.781839387775411,5.898561814918565,4.637895167735241,5.983808085949179,4.890526994011218,4.8798212786314625,3.6732836815310828,4.274706782198274,5.017167719566989,0.007589266936463044,-1.1221541199735696,0.11769799083014286,0.5032848374366227,-0.3297251535255114,0.4746896727793867,0.2616109214850268,-0.01242625319426498,0.3541162571041859,0.4336554409449196,0.2814670139671474,-0.03950152940405198,-0.343455509131232,0.00021947510540485383,32.43676872913133,9.05779882251773,8.088722735270153,8.687598556261378,5.467345774982618,5.311207346373297,6.647788231374149,5.309585508818353,5.7120114274694185,4.336888915206747,5.440776441677467,6.962523046114459,0.006675109854671873,eight,/content/speechcommands/eight/1b4c9b89_nohash_4.wav,testing,5.0,Kitchen.wav
2267,-256.90471298878725,36.60089987067687,36.38908624152146,29.042825544492523,19.733430203971622,10.592506316232669,14.947543581955,10.581661045622237,4.535082221906632,1.182201699422279,0.7585765926302099,4.63898832625766,0.04086958209518343,24.75442106463194,12.971595808973095,7.808370126938993,14.973876932307261,3.036151423675653,11.39902547929748,8.145229630257388,4.748477980781663,9.474131194144942,9.440725805050372,3.192165673642148,5.038871220177508,0.01704299289841693,0.6106210015571033,0.5137896900936719,0.05659185675286464,-0.29280770429139974,-0.10766678510736663,-0.01591053128320225,-0.11940609049977355,-0.43121863037882696,0.10036326209445892,0.21227004286437184,-0.10623828031200272,-0.0008959492516582496,0.0003276686634748213,12.688530944585064,5.3957307331233695,4.958139436926366,6.6035050809232665,2.3787721048499635,5.687293242711298,5.769348401146615,3.6921164690226407,4.796399188258652,4.110325175303571,2.7389529353121707,3.622649708718955,0.00647790727782067,-0.015669204574847603,0.21895974907290222,0.04278695984997114,-0.04395750551658484,0.06416978310719153,0.048116566605919196,-0.09403181073011317,-0.049280491127082784,0.10482876121244894,-0.014328520247291542,0.13621938668897995,0.020374781310217336,-5.171801894903183e-05,12.879953092595658,5.2052695398474835,5.882689883678878,6.455589328521068,3.5086270178669796,5.781832154275282,5.477056894154314,4.638793101130966,6.072174186765918,4.18740384373774,3.6932776979684836,4.638550496926253,0.0044751732790308425,eight,/content/speechcommands/eight/f6af2457_nohash_0.wav,testing,5.0,Kitchen.wav
2268,-254.41077052126695,-12.621520295012989,60.037200249479525,45.00952502961954,5.902658206949214,-3.827365053589383,5.311961491179678,-2.343471106585342,2.9607282007096924,6.185199662843138,-0.04822352303039179,10.056965331568897,0.055154543195385486,58.07907660318371,22.910775595017142,18.22769409118589,26.537559749617376,21.688643435798433,21.89020161679652,14.825659176915675,18.118444854392553,9.87862454312355,5.993782499369123,9.861670658364025,9.627517320284328,0.026538641358687342,0.43955640661112644,1.2448601193949775,-0.2895409738823169,-0.4744324114394541,-0.4271737120882426,-1.0219168423536877,-1.05663550689315,-0.209728006591494,0.08101510330142137,0.4228813709304981,0.6398461184223033,0.6110407723244713,-0.00017495128896928604,29.327951009746663,11.05172635041876,9.06984066533258,12.707509739215803,11.666435226712707,9.856002203204485,8.67591339171253,9.290590543679235,4.906037006475728,4.117469662078276,4.311584558369405,6.009486169712924,0.012835715254393377,-1.1468862351268845,0.48326687242176264,-0.06980265604818,-0.024231023605377426,0.2777712846671492,0.40449138738898033,0.3955674494247353,-0.4034334534358767,-0.04663698710405877,0.08244467766534831,0.34497658519347174,-0.3496145990986953,-0.00047594271600246427,28.67744771339992,8.802668327427469,9.816644669405003,14.201193655521896,12.281776898626623,9.635244140774043,9.874221187586858,10.10082279196357,6.013400179884885,5.095115298219482,3.3892656197591045,6.2550582014067935,0.012704953132779003,eight,/content/speechcommands/eight/1093c8e7_nohash_1.wav,testing,5.0,Kitchen.wav
2269,-292.62654499679013,26.271840398784605,33.000310149964804,33.43681161638118,10.614772085966004,5.322192799332051,9.59848074699229,7.652907688775601,6.604876886497477,11.489059742245317,8.43268928350855,7.858388295130438,0.04837177321314812,68.86188241947168,27.290692191111738,13.309295605322077,18.061913219806495,18.954514008986212,15.807698957003256,8.528707520923026,15.715651252357201,10.389883546868559,4.3096390985515,6.744346797546826,8.946073223710423,0.02909178424727042,0.2567282118776144,0.15013381937104828,0.26869539826151473,0.20984082509452504,0.11717360887571739,-0.13587153784198489,-0.3525135490309404,-0.5655810305621016,-0.3297947686943425,-0.08231024872731614,-0.3270659765435043,-0.09802938249594381,0.00022873691012782434,37.22004922585583,13.95922604013325,8.83495088822822,8.285297806691517,10.994989794201388,8.040862894879787,5.773880744435753,6.793164746036066,5.784967570655113,3.9382833581627663,5.25718817703676,4.399162622994051,0.015297602488038489,-0.08375682910605443,-0.04682359325767536,-0.24789437189258987,0.07449106592040558,0.11058559369110756,-0.004077420921610357,-0.2633718804260786,-0.4862797863683967,-0.1965356254408471,-0.08605036949942804,-0.14774914786302779,-0.3050673072743101,-0.00024315168460210164,36.03924169181236,16.22325916083775,8.363196043695057,8.70360893671872,11.512124350158608,8.591514175347312,6.509928049360444,5.827434915714289,6.998388475407644,5.889856844540767,6.819888339086185,4.328182504088643,0.01048461225994515,eight,/content/speechcommands/eight/b83c1acf_nohash_3.wav,testing,5.0,Kitchen.wav
2270,-261.3552962219988,-5.048683631760857,31.32013853451888,39.746075214256635,23.31374842543329,1.257917953931929,6.054681908208366,13.449778485115665,2.971381743302749,5.353223018215707,7.92801544784505,7.436767308290463,0.07852254231693223,87.9016144592084,35.505253715861365,21.314554300506334,21.247470035786197,7.892318053772418,20.85412200606183,18.212455310820758,7.044563084804667,13.904110864399248,12.276269365691718,6.256537241131404,5.1548150204089795,0.07153732777022946,-0.1468842847947555,-0.30445353096978833,-0.20245145785354754,-0.0883334983442427,0.01541301691591365,0.180723545780597,0.05321296245319267,0.08562519327092116,0.34624133975860877,0.4569369080366493,0.16557302786877862,-0.21055896094002582,-0.00010302590747033395,38.108522170713904,16.661784514896752,13.091663058202238,9.988649889900643,5.870090399543851,11.681630806880236,10.358005214946576,4.401593179708716,5.978927648682802,5.295016576472277,4.553393977646817,4.109720447197493,0.03129322465086201,-0.16993234670983337,-0.18393435475654366,0.05693820951067785,0.016243678987592956,0.1767870975383822,0.23923470009444311,0.010312069271550447,-0.04147683540019269,-0.013651208157677648,0.236218998702125,0.13152871825675364,0.013245230495260784,-0.00018968445559342702,34.78959014717431,17.581817839340815,13.470681022667065,10.395249506212627,6.549804666982247,16.443357178117626,13.715872497031905,5.870068073577992,6.821769223284039,6.0242981830910205,5.305648807738014,5.908830200310442,0.022555168441602717,eight,/content/speechcommands/eight/563aa4e6_nohash_0.wav,testing,5.0,Kitchen.wav
2271,-254.536124126198,10.097745630480834,31.209654135120957,28.480127113880275,12.804290197684589,3.8791832458542794,14.147348585369398,7.715739114813452,5.335033865372807,5.7013334359731385,6.1029863192045415,7.834024783422778,0.03687272174283862,58.96000168728258,11.111048551489061,10.829839175178611,24.60580681597946,8.851178898756759,17.87199636861984,3.5839450416116585,8.444688800096545,10.89422411617453,5.871506823027388,3.4958398156470514,5.820125270398238,0.010416181928981035,-4.387808759984288,-0.46296055244454615,0.20917683000919712,0.48642329313668853,0.17079888487474673,-0.08532397814264928,0.5851789165492428,0.4534033947949703,0.42387746981871455,0.10575185121175404,0.17380130757396695,0.3394531929978482,0.0004939155713204414,15.697410815300366,4.521659320726193,6.383199089121939,11.936159731363468,4.5750146550444555,8.190959140271817,2.8366035224706776,4.309256793996027,5.366613617562514,3.0304990493380815,3.1017171862450166,4.642661942222777,0.005045592059809759,0.42334020222795343,-0.2162860092428514,0.19920233286623676,0.21781088388293277,-0.0781611201563735,-0.048072142361776926,0.0873471372772723,-0.0337063745364012,-0.07380758914325079,-0.18031411572518177,-0.0826152967731541,0.25784512398906745,9.793005883693696e-05,11.947998938841204,5.303282015675295,6.3389659233616795,10.914857487868012,4.610501117013936,6.485465897655451,4.07374037228297,5.164925415445267,5.882699433155239,3.287883285273609,4.650936848538671,5.643635754094559,0.00454997515190709,eight,/content/speechcommands/eight/2d82a556_nohash_0.wav,testing,5.0,Kitchen.wav
2272,-227.76216737734455,15.205068313512523,37.905198938487246,36.067479804359635,5.254587758009901,-0.5830847482269871,5.942405742940861,7.588335837576217,3.715203374985819,-2.121112916107474,3.83512272958487,3.8971518478052483,0.0601499528856948,68.02627776084226,39.12358411518651,29.84307306589738,19.647244321622026,21.169838117068604,15.56049926631208,6.132904759667553,9.664025003937368,12.651538376295859,12.825409865985648,7.289026820278647,12.626283624923111,0.053566589276312575,-4.02530609684415,1.4485066205883708,3.2917961845733195,-1.5159557373923778,-0.3336991088588433,0.4043325188264947,0.5911958385308145,-0.46685481719166194,-0.16859061592923905,0.48090881138985503,-0.3142032545740594,0.024178552771974577,-0.00047095558576045496,45.90593756267054,21.629950440065773,15.256643329577065,13.69944327339225,11.787761171453372,10.781013786291691,5.141172517999648,6.205980776526947,6.733195925788767,9.043929969098016,5.626858414369619,8.04648880077392,0.02402197741208403,0.23023076981073606,-1.335353340700855,-1.0198720216282338,0.28925215816295624,-0.043662500842372394,0.15259953862573591,-0.06669547091369837,0.252415082776633,0.3125817520567012,0.006626662026825366,0.31591807541447886,-0.04648715788814351,-0.00012570060789585114,47.67178530472776,23.560975995579533,15.091895948693482,15.857303354269186,12.54160421392731,14.463100343942996,7.163424880245962,8.187172864926458,7.976030271377604,10.969281071758031,7.294492983585892,9.44091761531692,0.01893390002496386,eight,/content/speechcommands/eight/97f4c236_nohash_3.wav,testing,5.0,Kitchen.wav
2273,-260.8117873487941,13.7674868471505,18.175208856761813,34.90031489420201,18.604709309573927,3.789452110198247,15.89772640023304,16.641028791790685,16.302850399725337,7.610403233995877,-0.5799386362369405,4.678555021461969,0.04613513720687479,57.852900269431764,22.869211281404567,12.600533964322588,33.09982946633012,11.036283091414273,16.358372891126848,5.788230284933035,9.512482050612364,10.950069411644394,6.774708243319362,10.202985255446217,4.111167203143799,0.017093330442726026,0.24361236213623133,0.3155946793382097,0.1767156990124441,-0.11274316400785318,0.20904577472291147,-0.026428540581858218,-0.5935136484695389,-0.6949219598129922,-0.22670621830911314,0.10958163173950965,0.14874696282118302,-0.04809581790167923,-0.00040660077525723364,31.985102535731745,14.49721087312128,8.066254560298068,14.817326487381662,7.425917903302422,8.77086932536333,4.640586263160023,5.355871880756134,6.681054489564184,4.183926599377294,5.481360677424277,3.299736086215603,0.009330509963530359,-0.060077927095200795,0.30899548571395674,0.29759823173772426,0.17963893313226648,0.17800215218304594,0.03939418137057468,0.11468555411352988,0.22692731169874283,0.13239201860866753,0.12989449710601916,0.038280676291842335,0.020473291992285144,0.00021825854976971945,37.01491029926713,15.94663372565896,9.239876960823198,15.203997448587396,9.541828509830712,8.606653780740068,6.663031979949393,6.435829178840951,7.507231335663736,5.095971422803774,6.577857613175821,4.938180724323474,0.010522253561857948,eight,/content/speechcommands/eight/37dca74f_nohash_2.wav,testing,5.0,Kitchen.wav
2274,-240.79519722323312,-7.870964383492319,42.76911329194131,21.295678693427874,14.131847730916753,5.8260946077825535,8.88358316753534,1.8533381817105625,7.201272177759324,9.816355499209482,7.376228200109108,8.483545540185174,0.0485451384447515,77.12843431541998,40.18062672536669,17.02842119042665,16.293960779129375,16.37630848523972,15.634145794985233,14.29159941748298,15.892275844497759,12.259306433382767,6.907719543161281,5.598780775439199,6.353104422663663,0.028548064429350935,-7.966228469899773,0.003924918390258919,0.8469062031691053,1.4155009309553928,0.5857253813263584,0.06882607704352788,0.8191954056175951,1.1729056530665178,0.25037381867098835,0.219181874891694,0.17837612504548792,0.06888134281611777,-0.0014456267799100569,19.652607497189326,14.283154067412175,7.269200938003851,9.333887243168471,6.755334623228615,7.469814236918767,4.12090578991888,4.731456927725523,5.1528630711584125,4.554177742641081,3.8790931166141838,4.046865749337768,0.013421357529366258,-0.2610763043404319,-0.1766535474325996,0.27657676252845226,0.41138600519032115,0.15211056228982803,0.007754887487099005,0.09431272798759155,0.08292000809576265,0.12356077589747994,-0.0020373688705297432,-0.009628009472502945,-0.18722542086585275,0.00021013158063093822,22.05841734009334,13.711502365416731,7.730251180146506,10.691682758633709,8.020906819956911,8.731467343715504,4.832761158089816,5.666067102169679,6.537670586986529,5.777657926120936,3.6839645305966164,4.306109842274612,0.017171894801322436,eight,/content/speechcommands/eight/b83c1acf_nohash_1.wav,testing,5.0,Kitchen.wav
2275,-264.55334083763853,-5.372483139858289,37.98515175863994,32.48935040842543,6.025955830313173,-1.3015251793838878,7.9850797515259195,8.213266182536746,5.8249963751858935,8.80579065877971,6.247494092650758,4.383433640012168,0.03941778090666048,59.098186833474806,19.372703350391106,10.99354060166714,18.36209835310289,19.177651477315234,15.981987621182057,5.501169542731741,8.958489102070093,12.151919338060605,4.308368857900039,6.2131290288293775,11.746992141271752,0.01751492670790803,0.008886488156833601,-0.026112258185867394,-0.02344709772455209,-0.08268616463383478,-0.10781597699249451,-0.1150343065936256,0.06700411372879538,-0.18109432233567585,0.06953942302445841,0.13524073471836148,-0.007061583718884273,-0.5139049693688197,-0.0003538176177009459,27.782879556604755,14.580377602112497,7.036268281039174,6.596733595290837,8.871268679289797,8.589836364841043,4.359411522900621,3.986611457839367,6.139278862619768,3.855420613441193,3.9641540923063774,4.922896133843778,0.0051936111446091865,-0.9437837077177449,-0.5698229372442692,-0.03365999081383914,-0.05750775272149564,-0.11891475198853882,0.112476688051965,-0.05077524396636404,-0.09743344480369238,-0.2609967406706211,0.11959361064698548,-0.14696738139057972,-0.10720245093054469,7.639328638712565e-07,23.36687315966979,15.170782354324247,7.109383571825854,5.958257865992829,8.72892135705398,9.551661653605558,5.841774787139592,4.37733014530237,5.9987122478228505,5.600646724094814,4.6079872568687845,5.194907427463433,0.0028421408200372048,eight,/content/speechcommands/eight/dc75148d_nohash_0.wav,testing,5.0,Kitchen.wav
2276,-273.97363440928893,-11.795745783080466,38.149370423803695,45.040597929916956,9.811414238253757,-0.7979439522429145,17.628043784578942,2.6179236825684,4.21732015576095,10.136070365487694,6.4031170599030505,10.214556485815901,0.04843746678670868,67.08976978255318,17.708928127656687,12.407618336051906,30.557439428266594,14.216111761637626,17.367862260633803,8.13659243748574,18.154309875589618,10.426391245735429,4.005312789484129,4.093955654779781,6.090937099665455,0.024077843162032344,-0.1554572990594425,0.013334690304535369,-0.37094741823132027,-0.32362067500649744,-0.14513147561307269,-0.0795610462072478,-0.47121959861976587,-0.41074678013399574,0.05311585627296527,-0.16641102148541873,-0.18353874303159218,0.025906606137474447,-0.0005703347344552317,28.52904854293539,8.069635125771029,7.403293092774266,12.385934527784466,6.762926183842809,9.252985933329384,5.031022525531795,7.081766364161114,5.158250951466445,3.24654604831923,3.4630639933522764,4.339899009771589,0.00875637818924358,-0.0769901526184905,0.07991921413320723,0.12537156796997426,0.06133931261081678,0.10554006364759232,0.019216715496591815,0.13424032047123227,-0.32842230640508174,-0.2088773362501308,0.13805963470143764,0.20505042250682318,0.20532671599734081,9.705995519955953e-05,25.64374336066639,9.024887096900265,6.727106552034724,12.67891939221766,8.087174590703867,11.541891010361052,5.767491703452169,6.801809787086007,6.040245760741344,4.010305948636871,4.890786111476897,5.302359580391168,0.00658605556979509,eight,/content/speechcommands/eight/84d1e469_nohash_2.wav,testing,5.0,Kitchen.wav
2277,-274.8481287830307,4.942642779742526,43.74300487953887,22.462740969101134,5.715970830088516,1.7935849327561275,13.736284216304767,6.272841450500675,7.423328954726317,5.27150456227049,-4.049914757577419,0.671944190718772,0.04014862986514345,40.759530370183406,21.84872804697069,10.901924689009293,11.083579138592762,12.757416104117501,14.273151208079952,4.0289775405973876,13.420131053657014,7.976916802964679,4.718710990248818,9.218169549817688,4.30492745640644,0.019630459657520666,-3.459580716319576,-1.7806644661164872,-0.1391122079880755,-0.8894386640040179,1.4492498407489587,1.7430604772568,0.4455568354590848,0.6059827270378438,0.31919034330317825,0.19972263519159064,-0.08803555245816443,-0.3477412908385238,-0.0017607494467689144,9.608786141579444,7.488658662549347,7.434326495313885,3.93457075263907,4.226105865472284,3.7885234475221785,2.7469884069212562,4.728597335744289,3.559256618569741,3.7600953043161134,4.568540141138088,3.473195884626551,0.005593299840831431,-1.0283669719774138,-0.07835216234336885,0.8445684010785167,-0.03572818482155924,0.10604925958248082,0.054910821052630315,0.08296147285139165,0.5122619656893982,0.18234205711689008,-0.23566820088012752,0.10680304885057995,-0.03797084131642541,2.4538983901341756e-05,8.589999978898494,7.802107110584456,7.351465880152633,5.7296501730675375,5.303993557889323,4.294893197046421,4.228012866637868,4.422241379593277,3.893600387829512,4.26827227854416,4.012825290125102,4.476261484121255,0.004979917087557233,eight,/content/speechcommands/eight/aa48c94a_nohash_0.wav,testing,5.0,Kitchen.wav
2278,-278.44240095588054,0.0020842532991430835,58.74559137285722,42.583511140652824,7.83192907314356,5.259591565100622,5.492844601984014,-1.5595689051734154,7.020061375884033,7.71984751775969,1.955630554552067,7.764852410850247,0.04550385633828463,47.18399063750822,29.517628660440433,17.867912863659352,16.63330632375667,20.958951208369495,14.134172539485288,12.54307464749861,18.616856213271866,8.118160548638192,6.4660267640865605,6.118328485207008,3.4928232394632657,0.01199077607824791,0.5981720525238118,0.4722376643717127,0.17877667242108658,-0.09720920484893944,-0.08589626346225561,0.18424085306472465,0.42015442845671613,0.17448176513295827,0.009340429671274464,0.17358744302358067,0.36943826377252503,0.2733800807015884,0.0007566909950513106,21.643455091267466,13.938621535194397,8.04394587863387,8.253039078936235,9.990537498311992,7.196474238226002,5.418969301044211,7.724649881690803,4.919165237138264,2.7167705604833894,3.2119937810436054,3.201617533178943,0.004865289874766689,-0.14770923276814985,-0.1940969794022169,0.07910512447434201,0.0495588082844624,0.21736915287454295,0.04637459780462592,-0.1476731522945873,0.19249795641009143,0.00215649933910683,0.13246858672297498,-0.09964370828142385,0.19624739666058255,-2.3341923952102663e-06,22.88838959395986,15.023719564225155,8.149521810830972,9.279206066392685,10.547010976334708,7.918197111659889,5.9368415041297204,7.951943536754396,5.552299639394981,3.121918150180527,3.891173344360391,4.607684890833118,0.0034284196858391583,eight,/content/speechcommands/eight/1f653d27_nohash_0.wav,testing,5.0,Kitchen.wav
2279,-303.1566715959841,-16.880699155006646,48.801212071023656,38.91318738577861,23.496677377630476,7.908950025137036,9.402486319339937,8.493676608196665,7.478348943337814,5.034488848068756,2.010836299446822,9.887522820225161,0.04166557514690794,31.60487539279646,21.0330067456655,11.482139302489768,19.72190608222094,3.7622989994453024,11.921980257643172,9.158934221751066,10.404417398366904,7.8976765960187745,9.228004396240422,9.194613619487741,4.4898759626515305,0.015673328129195342,-0.07938780425717316,0.05199821057152599,-0.1762033620887507,-0.3058880541675722,-0.1189119685897683,-0.2644068891373,-0.22128287486640785,-0.13463016685692758,-0.17993845870649644,-0.15216353717076928,0.19576706477840963,-0.038158222485134424,-0.0006171578781739358,12.199443321211659,8.380295379464405,6.457411271143958,7.450945828469114,3.0555038375659502,6.086556642636695,3.848105708982598,4.940551437729982,3.9238479330189278,3.998956374601257,5.052618959906596,3.9545285926295817,0.0069513485589234895,-0.043335321489816656,-0.030243985343706647,-0.02175465341898004,0.010570523044651262,0.2717629532618101,0.27193816550768385,-0.040453570097825985,-0.1698344743013756,-0.07547755677102748,-0.187823072891963,-0.10613382539445265,-0.029812706064751105,-0.0001964417907098929,9.368729050040457,7.994206748997801,8.054636571417568,5.954925032155278,4.102571781770553,6.826231060949886,3.985717008226203,5.083734822288196,4.76218301081805,3.934343866216037,5.493113610416819,5.300577647322578,0.00519580961689829,eight,/content/speechcommands/eight/5c8af87a_nohash_3.wav,testing,5.0,Kitchen.wav
2280,-311.85973065801807,19.3881866886755,36.48591835088823,41.58981030749594,17.458917718971428,4.4205321008745395,16.117585776741414,8.047135681560444,4.235364937731395,9.007026809910272,3.7541917358087833,7.080547828210847,0.038792138308053836,48.95798527497445,17.76906056293011,7.671246638335596,22.227333595453022,9.82682537443713,17.295460490857852,7.012705448444066,10.885207416062533,11.782690675381048,5.031300025716156,7.718315883221847,8.250837497144193,0.014189234054454138,0.349975640205956,0.37342184833683506,0.08893925397020412,-0.12605069334860308,-0.030937388696507067,-0.1522770718915506,-0.356044093083969,-0.2045252923734743,0.19778210872613955,0.1849937187695428,-0.6209717134613272,-0.47201400752835626,-0.0002447647012529835,21.076528004762046,9.504332994982208,6.985925233451228,9.863735151856552,4.929662415648685,7.767358871582573,4.793112908529152,5.127244672055891,5.5902568819085925,3.9712775414982042,4.0888052602501475,4.806173188500476,0.006375363148444673,-0.3449823388581933,0.1187669223500888,0.0883722868119861,-0.035475671292173536,0.0003722728721215892,-0.10557654025002747,-0.11940200515596257,0.13971196929636306,0.39060760773403996,0.16173020277793707,-0.18884972895467553,0.23978299187878688,-0.0003755868412554264,16.801276640534738,9.67492026871081,8.28528586380195,9.621771111347893,5.214937603347154,7.56686226978175,6.091917922305861,5.579924509228762,5.192283842541385,4.828123090695797,4.564174225370722,5.360690104549547,0.004302693232334146,eight,/content/speechcommands/eight/370844f7_nohash_0.wav,testing,5.0,Kitchen.wav
2281,-297.4810251346414,6.8125222927358955,32.4339628429259,31.547172629788648,13.316869560212478,2.744500231196998,12.759698128973007,10.142348311829332,8.72589928756021,9.797522999031017,6.223984414385826,8.801789170922792,0.03868890132893015,52.34602238837046,13.044099169146447,7.009613451081515,17.602774470076263,9.473358398328996,16.651893633477187,6.168625098048074,8.49051788874042,12.403278206202986,7.055831028847265,6.3856223173348905,6.353105394116107,0.007497593481454382,-0.5534042275100541,0.1447614315131822,-0.021387991059781005,-0.388556018179976,0.25987884619126633,0.25077450978455257,0.4559539283871603,0.22994037401039644,-0.1997399995660906,0.2293706530459415,-0.4070686869992504,-0.1294353105614986,0.0006736435999090855,24.780092147254248,7.756528091972856,6.71774322210943,7.3804891747704175,5.923574958536643,8.657448712839521,3.459221248118002,3.9723577435612505,4.937249533446654,3.7948951600228478,3.9808899460491785,4.494765314932789,0.005237398009986864,-0.4507008161091426,-0.2205442152755704,0.16548157502288732,0.20739498145391097,-0.11190557078631894,0.07840507084927274,0.11277224007499279,-0.028350300512518915,0.23224740883829753,0.16352251521169633,0.3537831515651698,0.41233910950238195,0.0001696864515542984,19.256885337624343,8.816674511496327,8.014095351802673,5.01843888547956,6.292430059713195,8.474059035821282,3.820324494489823,4.026009659780913,4.183319855719192,4.485161230752543,4.693525898011206,4.2403612444825995,0.004740525936705625,eight,/content/speechcommands/eight/c518d1b1_nohash_1.wav,testing,5.0,Kitchen.wav
2282,-223.42447277369362,17.584391839870854,33.62770847960223,32.86690833122425,-0.5144749565445985,-1.8057342072788718,-4.5049025714174284,17.5387092193843,3.954979467049421,-6.040912475349016,1.648175912246383,4.4629953274186045,0.08566010452341288,101.68988943972037,22.508355270484902,19.686849887592984,29.196343176896853,21.889372206946547,14.440912314642327,17.41108292313393,12.131063398056634,17.626098439762316,11.339850059769917,6.953805160926273,13.260565788164177,0.07587688673862034,2.5072220163615513,-0.4815544775264324,0.013435296671009643,-0.3288128457630301,-0.05786825689689739,-0.6995035337014935,-1.0307240079210576,0.7761983001915417,0.05475548225396264,0.17809766867867247,0.10285632374981085,0.3900425003148238,-0.0001335572451353073,48.448987003101635,11.300661355863815,12.091186154337544,10.552428660481914,12.027221578006067,7.722116583160542,10.88851672544545,4.612213967631655,6.342504172200403,6.253294606682285,4.300677942388297,4.637410691112149,0.026740237148876297,0.4031443711437381,-0.501797413185302,0.12306959170743687,0.12383602092973298,0.15939658512207516,0.1925942086853804,-0.0140515323809411,0.01253504721159698,0.02090823724096751,0.27014632002584615,0.10861400078884177,-0.03199784727142827,-0.00021107786645491918,45.32302844404923,13.384357759707543,13.329422026672102,9.710232174817262,14.465296812631719,9.580001115392985,13.57286994313254,5.718168833839564,7.012225093424837,7.090538356944766,5.884128098779339,4.359593469262374,0.015215356576978985,eight,/content/speechcommands/eight/94de6a6a_nohash_4.wav,testing,5.0,Kitchen.wav
2283,-238.43753655352367,8.184380653195422,2.7227213779206254,46.075631011338956,12.17467426382031,9.46239528428777,6.535940093771175,-1.2225940686490209,6.437392534714567,0.6977078453265044,10.67362012940442,6.898735964588073,0.05718256440013647,75.8940644169575,14.792035769188605,30.412851783608435,41.86863909707273,32.15843695562159,23.397503210333422,6.019612759376666,17.479703885143888,10.423693131561373,9.152148756964557,7.18044394885423,9.12120650181944,0.04405545022682541,-2.5104991766825107,-0.7477000850052827,2.0143170907934986,0.7005222579652441,-1.1489339909341234,-1.6651578078050975,0.48362069064707536,0.39071796028217337,0.18106588535563461,0.5521262238468686,-0.25173938511476934,0.021015194791069294,-0.0005625991691504755,31.245003332202185,9.463501786993476,13.013540327164792,15.108671513848513,11.331287559005524,7.599532469668639,4.563756552331935,7.6350512828340795,4.457893708494361,4.753347743827939,4.945870090517544,6.170347910620551,0.01621437039779857,-2.1206171151902233,-0.003328491410086561,0.8435407689625133,-0.4145212988650749,0.6494508290790215,0.3170535169270184,-0.306841810050587,-0.6808879055057356,-0.059062462708679556,0.3661610456859744,-0.2110950879668986,-0.19581324381244075,-0.00027585731198390324,24.839795637242258,11.178995570438694,10.947856339849602,16.5600697851129,10.77389246040378,8.127954975176328,5.696572700396975,7.160723021082618,4.9678692106092655,5.006318331007135,5.266571021116763,6.882067088984356,0.00874517138081594,eight,/content/speechcommands/eight/cd85758f_nohash_2.wav,testing,5.0,Kitchen.wav
2284,-254.49485612911917,-11.431262648440772,34.47266311242845,41.358991628970514,18.543266319856343,-4.667647160166144,5.30104303116536,10.447551040619766,2.1648600595586482,1.5157041734903112,5.8144820738303835,8.04621594380176,0.07564642815850675,84.27393702741954,37.382036969729164,18.928153479387205,19.209630045604854,5.525314150338168,20.319960587843518,19.134658338337992,7.378590116660942,13.33704316993866,13.341649073005396,6.35964692159227,6.156705255752675,0.06836402570073981,0.2677201211497742,0.3543924512184158,0.19949924155994928,-0.08898322373599891,-0.12144266546258257,0.0036986243289092386,0.1991936513146965,0.1188388714316344,0.01455097554235355,-0.1883726467801974,-0.2402818088823974,0.0593541681875475,0.00036546762191480206,40.63879884920193,20.0641911035224,12.289375984771606,10.154731661897646,4.86971260475431,11.081094978243293,10.93296104816462,4.761539169032408,5.345397969566962,5.896787082249224,5.295610029819312,4.575458377198856,0.028059559954409237,-0.5082146898471118,-0.3593242824072467,-0.07921641323099067,0.127052103317189,0.10552285287682418,0.09292546695591763,0.0857501264073079,0.032300650237185854,-0.018554684590467236,0.008024693711479122,0.1952569249186302,0.2808642849360768,-0.0003329855700333913,41.31309357651022,23.192505789076982,11.758461471389671,12.33005937834349,6.053957938327779,15.024843714619077,13.21661243863779,5.503641883761742,5.968953024166939,6.387326194985269,6.409201964337719,5.707814238022954,0.024069855148247294,eight,/content/speechcommands/eight/563aa4e6_nohash_3.wav,testing,5.0,Kitchen.wav
2285,-259.0778656978758,24.48049656164592,23.9233889487635,32.42485375842668,7.625848105872384,-1.0384106084926703,4.94745046486819,10.10736659377633,1.6169647665309175,10.41261954116203,7.051344466431272,4.132360006254813,0.055419267213437706,83.1656587169034,35.05509226226184,18.64332265784441,20.646945818046966,20.035619605224635,20.332893017513165,9.400505037831229,19.099801227215004,13.820148220185171,3.6601065517064035,7.711531318644628,9.829756478409719,0.04382683676866061,-0.055633876726952004,0.4213644626233718,0.5518533373755644,0.41498548492247467,-0.15845237461926792,-0.08191659950860976,-0.3948426882369567,-0.13883691234761988,-0.04324458189882964,0.2218090217400794,-0.028511565356533958,-0.24511746316650393,-0.00039083288321571966,41.18936027732834,16.789557820869412,10.415004544644981,10.68176498851353,11.904391292749356,11.654132581864658,5.9391112600764675,8.061539903517323,7.733231711338105,3.514853712445083,5.9186548115701765,4.491130452889344,0.01639323395399592,-0.35267514681404843,-0.28327087003616314,0.1765978573855764,0.31859522718192385,0.2710429511066145,0.1672995641524148,0.10644936047689531,0.23097068528434964,0.08972894721200711,0.042018229254490794,0.08256276107837938,0.09080283766226233,-7.53302127122879e-05,39.628023376252095,16.482274240041416,9.229463406881433,13.11482813927916,14.664934421446493,16.256384585416825,9.13148377695418,9.128417385261743,8.923140478726339,5.012285058685011,7.0848285546132965,4.486096070154899,0.011550087557340365,eight,/content/speechcommands/eight/b83c1acf_nohash_4.wav,testing,5.0,Kitchen.wav
2286,-241.3054120565187,31.597567672788113,57.72097969601752,24.652829202085723,2.3615056058401844,-3.961899056987681,0.887817008759245,-7.616319698573951,-5.622845723282715,-3.3059267817018463,-2.80394933540885,4.425885083614104,0.07588324538664892,54.094416566086345,24.877715797721955,12.196137256057444,7.318788993068608,14.073955686573425,11.153685689338362,5.489568321880312,13.03632474272266,11.45055746846555,11.343296707092295,8.357860189626976,4.497438578552044,0.057698689663664045,0.26648527670160926,0.30072408443575394,0.4995111494637308,0.4353790269859028,0.27240507840004274,0.02542752468987423,0.17112861276414046,-0.06548130096488325,0.09029581805093086,0.23513247085641703,0.07811803726364534,-0.20494068754404152,0.0007933091011739546,21.65832207872143,10.132746590229441,8.146735844706482,4.107927943883416,6.530807785437393,5.0378248503600656,3.0322381411771615,5.674063163253327,4.3872456677561615,5.498158174011653,3.51325848649104,2.7480916194456486,0.0215000299783729,-0.35095941813830034,-0.008791792379279665,0.17651209898511552,0.06862826453132355,0.1235769297373506,0.030228057579815608,-0.06393519051088263,-0.021088528853097917,0.21048878621061778,0.3925462698131408,0.22901909239998228,0.09776790457030637,0.00022821625073750815,20.35330206879753,11.890367717037291,8.597807599798335,5.021542130090299,6.959469611863307,6.051720656776809,3.9667138287031514,5.306241910226211,4.824909476499863,6.048485673043606,4.089298767284438,3.548534182938575,0.013555345116544559,eight,/content/speechcommands/eight/7bae88ed_nohash_0.wav,testing,5.0,Kitchen.wav
2287,-249.72804002441868,0.040883738835951755,36.25360720800994,32.41940806871533,2.799710959181609,-6.597161243740994,5.372281964244852,5.346729968808381,1.7708110408443258,3.482700063740401,2.4569120048873643,8.441129428723666,0.07324682717444375,73.4893674576488,26.765681085002697,13.784880196710652,23.197283329749183,19.77487397983738,21.150254508290995,8.784184367210168,16.027749599510763,13.923895646338229,7.610957846806452,5.4072715799570785,9.196495200810244,0.055668505106251376,-0.07586774320244392,-0.13669587113536716,-0.12371331938924383,0.03729006459766941,0.01186776291013455,0.03279226561911027,-0.09515010719820031,0.060682765336811,0.042827048963270005,0.026037322549177462,0.034721300853428304,0.08646758073509528,0.00016177902298588907,34.576475781115526,12.684235489752183,10.618763476069306,9.510183196193438,9.78566417367992,10.133594181296587,5.756549932607576,7.459179395023877,6.251059414044075,4.5623789407200865,4.17148902788936,4.892047491326805,0.02324807024329254,-0.48140114741674483,0.0964265679390279,0.0029581681531283266,0.18140771767571723,0.00929902914104422,-0.006782759355506111,0.0721789852623707,0.05495864734752812,0.06896119033525275,-0.020863806760919108,-0.08275856667765505,-0.05783528154673657,0.0003267270823319753,33.144849588783565,15.026934057905953,11.282862265180304,9.613695900831713,11.484340243648065,11.195240295955983,7.7485845635223445,7.868965217855449,7.022644060132126,5.869566255942453,5.92532057518977,5.239417096039202,0.0171626098031561,eight,/content/speechcommands/eight/692a88e6_nohash_0.wav,testing,5.0,Kitchen.wav
2288,-299.53074156235215,-13.185804908557598,47.965745377381865,21.224669078304505,9.021126084157352,6.632531029710867,9.077806923806836,6.792261660931927,10.253226160124742,8.694189140458628,6.542406313137679,14.539302946616369,0.032491381163708866,28.116065104302635,23.098488914266934,10.56867089181607,10.06816696930074,14.070011231497128,9.629824032728566,6.860428761803343,9.484781096208174,5.125435691097301,5.236942344495121,4.327593000489205,4.678610678552464,0.009338152065287895,-1.8551472001726996,-1.8758165478250741,-0.6440917115730049,0.3286257014458352,1.0616752922616657,0.9887601994790001,0.672333690485064,0.2957198018201172,-0.13204392629392384,-0.07302726267487238,-0.24795838360409936,-0.5155906833860195,-0.00032154386562685815,12.380672305786721,10.090054415999488,4.566500093897497,5.690676405135315,6.378449171527329,4.889908464335546,4.19177878120312,5.389199299109795,3.7303522178151587,3.3917706942010977,2.7912760845584956,3.1690650302726313,0.0036613527566193528,-1.2427010463835766,-0.8821893606702129,-0.10111134572207092,0.02661389021598962,0.6283971128322965,0.39478026438896474,0.2119564289623785,0.5215137163964851,0.08317260808672086,0.09542638798441126,0.08045530945825945,0.019517259974629237,4.509426653385162e-05,12.534522517422218,12.333313887283097,5.847996469374487,6.020077916898558,7.176155837104405,5.642362907780431,5.311541987602119,5.927262267941977,4.490976828516127,3.897704899960824,3.2500820121186815,3.9882841363395007,0.002858624218502715,eight,/content/speechcommands/eight/135c6841_nohash_0.wav,testing,5.0,Kitchen.wav
2289,-255.51679198001608,8.170906574795088,35.98350299579478,20.43141393746436,5.700352903104095,-5.165602585961707,7.325399224730814,5.464041228769629,9.314679516814895,17.20934882805325,10.042709045877526,5.852718726110602,0.032598441233858466,40.79683294812949,12.29307049167326,8.165321070160742,19.429225420747855,10.90994124783804,21.457772990857944,5.3709553084974875,7.574129262747948,10.985892072009042,2.707824240307765,4.091520517561937,10.118090228758726,0.00970595687047503,0.11394370073465383,0.0794443578377551,0.05862714799767152,0.21968221987507186,0.17330673188694434,0.07507911412595653,0.10652651160658161,0.09440223172916887,0.5259626139517514,0.11091049044732358,-0.2728233288181995,-0.189530075419465,5.018146288010382e-05,18.49243205064107,6.576545613076027,5.557836329461519,8.022317428922124,5.92279941755984,11.217181373872515,4.098699370698806,3.376292020252825,4.802102666289429,2.7018911553112415,3.130004261009678,6.706784651549907,0.005033554332956486,-0.378227728217117,-0.2333541186820522,-0.03865624854787839,-0.039851076019087966,0.05485621334210634,0.02723904611655176,-0.13081352119419984,-0.043774345546702724,0.04709046330088166,0.15799954638870245,0.24509368955836439,0.12079744308582636,-0.0003625296677152316,15.623084272631678,7.819990523197351,5.863576869479353,7.192164364107412,5.051832615628858,10.78366264811781,4.616212653791162,3.7151125005013506,5.067897280063497,4.030399710622488,4.270407356161805,7.957885131819803,0.003845171650314588,eight,/content/speechcommands/eight/5828dfa2_nohash_0.wav,testing,5.0,Kitchen.wav
2290,-203.39614959622077,46.07739553607202,5.517472939437255,19.449283567673866,27.295711484334372,3.8135868095998227,-8.874921047296375,5.044440738506255,4.220968896761649,1.2281281501273587,1.1232242900920333,5.530967079877433,0.14815539098344743,115.16498213463939,38.41330608107205,32.199918382723844,19.13716036273196,14.349863442225649,11.918870943915893,9.583622485473086,10.101687179259422,22.64084780354823,12.789729074480183,8.377965768960802,6.704411087302592,0.19956614619744364,3.9660254115679634,2.7693706494865062,-0.34944442255172564,1.3037903162224875,-0.8568022030496308,-0.26403801790343734,0.6133389618724551,-0.7371296127655264,-1.4057437337843823,-1.3223423206388971,-0.5010331181172454,-0.6685013844920731,0.014727899023602086,32.86615709324545,14.272487855729446,13.454044265492326,8.470644033728053,6.262827878183098,6.416117993105906,4.3794587271845495,4.645235666626469,6.1113208516616595,6.016386428185383,4.533595000176256,4.276558805893636,0.04401024435790463,-0.40800023415767633,0.5106274240710356,0.5765267864316193,0.09160585366556599,0.06532967958979548,0.18363810638045688,-0.052686312810956794,0.21878784582171587,0.2410761270814362,0.11041197559622909,-0.06932770387872816,0.023873409599478486,-0.0006026938557624817,24.121285458018487,13.375227021621338,13.024462294186334,9.017559413833554,7.072340974853878,7.156155752444839,4.342315592786585,5.535129148452606,6.755560065543269,7.569513822105638,5.761883386730439,6.182745922692261,0.02817734895865237,eight,/content/speechcommands/eight/964e8cfd_nohash_4.wav,testing,5.0,Kitchen.wav
2291,-252.15100309426305,29.601536959029733,44.69930548183093,13.629630169243546,-2.540904255039002,-21.36804506933168,-1.3479261520988501,15.402409701776358,16.26525408422551,14.513411304721108,10.006037548583631,6.435484964088765,0.08806624502176419,72.63755291707668,45.311249468532125,16.693285824971678,15.489914322175286,15.216567986093395,25.082655682455968,13.470066212962841,11.662063770747137,15.117425097636481,10.510128661971553,7.901104428100545,9.746852682261135,0.095445937053803,-0.22535301078455275,-0.04478996750502454,0.02708850479512301,0.051854591806890685,-0.09374177440469784,0.020907768914356074,-0.13593929163348134,0.010317023505248159,-0.2277088511930173,-0.36820645522106005,-0.32197091970088354,-0.333872280560424,-0.0007680893665359866,27.36831260961856,16.605117988851614,10.148676421230538,8.909928462105126,8.032662505878315,11.724264189482072,7.211271185473357,5.917779085048279,5.835773232967313,4.411813841977178,4.272008945620807,5.612664269769164,0.04056617067379343,-0.253873470588898,0.0684975799075661,-0.009803283180425618,-0.11361398499937815,0.09678450337523131,0.20454950215338638,0.1661583081458646,-0.0821473824138911,-0.14070714931085918,-0.08147305643617316,-0.08602080601701022,0.1768019619212278,-9.070336818695068e-05,22.710753566212517,15.538280575080355,10.022939046570123,8.452807651024385,9.507410359882087,10.801015125226936,7.168007746721832,6.25638210228057,5.41390274630638,4.935739250682196,5.162112107501965,6.323113995658345,0.03731177612973495,eight,/content/speechcommands/eight/5e3dde6b_nohash_1.wav,testing,5.0,Kitchen.wav
2292,-207.49385284163444,-9.05442369617055,32.99211145267564,27.862669666319817,18.40541333550059,7.633585612791091,13.052888318634029,12.363675026333429,9.870543935903498,7.476357908608017,4.902930710133552,8.512698772954858,0.049519349879119545,29.6515377579329,18.971491896519016,9.096340129207583,11.213197196784877,8.5226916093922,13.318249331192629,7.098859304965341,4.585374270337713,7.767408249681653,7.729952591668379,4.7828634216985515,4.979666604423732,0.013821925878462201,-1.104679610217942,-0.9681796932467229,-0.22360925607470847,-0.9384623475663432,-0.35460599997017644,0.95156107813813,0.5097601652207183,-0.38933915304142447,-0.05194352941067269,0.412375843280343,0.44365668797359803,0.24754606405414062,-0.00017377962508509235,13.655038250958672,8.60976316887499,5.881695061072186,7.355375579610103,4.338049293619269,5.484369801061658,3.708573273610124,3.111738886066643,4.477596006695033,4.0450593224415465,3.503821623561872,3.8218214556044523,0.00629106732145874,-1.458917194742211,-0.8585634586313323,0.268291145143643,-0.5571576149113305,-0.04730406600141244,0.7029933888532873,0.045469562870087424,-0.16289892421586735,0.2265922569707384,0.16701319008491614,0.06622466402798745,0.10446547115531626,0.0003085112820068995,11.637879565501141,8.171758649040633,6.503495120769454,7.4462475969601645,4.769497484464637,5.216374050029508,4.80179762856562,3.809763573126563,4.368127086038069,4.037652289447192,3.7926189115774207,4.778645012898087,0.004988145179856456,eight,/content/speechcommands/eight/a591c2ea_nohash_0.wav,testing,5.0,Kitchen.wav
2293,-303.1962777443332,-12.005032577372234,36.08026156882133,19.326712974123286,20.638428074286672,11.499597674830238,12.156054045591995,9.202819384494601,14.142885938798734,14.99877585007987,4.072805301435553,5.564931933501985,0.029203853840308804,37.83263242589295,21.61789764392243,15.812392986873105,13.542892754923901,4.756489238442191,5.051155393217051,8.069244412384018,6.509841607064398,4.303137840601503,8.185534600671907,2.8039007711114072,6.757394711650957,0.00911813221942267,-0.005516521691996938,0.027640155856797577,-0.24650295236867545,-0.13545688873506675,0.1401283687607267,0.19663820536648471,0.07124742934153355,0.22577699228885545,0.0417054142491691,-0.06835609547758827,0.01947300370906818,0.2767147006816287,-2.4822664757569633e-05,13.052963767897912,7.3137009784899725,8.009375929384982,6.001590768752599,2.7064349487171993,3.4030146293069405,5.890968107612621,3.7274966411142163,3.0374497848950224,3.732033059115156,2.4659696775481215,3.6276985339492223,0.0036202120466749203,-0.21563805412333475,0.10301752313238359,0.20930007122136876,0.09561752771075724,0.06568071748769615,0.11922212053003918,0.29927366944579137,0.039187157165626464,0.009837146344561301,-0.13085539968172125,-0.2558868411036201,0.008777887306657494,-3.2474897031126353e-06,10.074149759691272,6.376787308999206,6.977551879500306,4.660161051259974,3.185464559147248,3.7559151931537333,6.550953972218774,4.481881819670335,3.7595395418603257,3.9726337958168783,3.0764344260951737,3.994920582827353,0.0026222592885803042,nine,/content/speechcommands/nine/782c1305_nohash_0.wav,testing,5.0,Kitchen.wav
2294,-201.04438821433826,40.105186940465956,35.8362710073216,17.813676900683873,5.324095226600761,2.3649754236076532,7.034061630211738,-2.8701005737914076,6.461675880467226,3.0868963012364214,-5.788415791809377,-2.751540364640865,0.09953772148583084,90.27285574815735,50.97244356269627,28.12441927887959,23.916336854410122,24.345874134126724,9.780778705307585,10.917505010320056,11.813575776765015,9.579641624813297,7.825299686115137,8.109137811990905,6.9998728565257835,0.060908119163417214,0.39497237472266256,0.2981202190316618,0.17557581348179563,-0.034499399404404885,-0.004673089642451712,-0.006670580635749391,-0.17753115120189017,-0.3064693063217567,-0.39815998578189504,-0.36086393037929915,-0.10704056098106401,-0.13589332587216343,-0.0003462396562099457,21.91879809891393,14.60399851224429,11.945573261876921,9.056297465893042,7.934355462160702,4.7085726005246755,5.808981597891861,5.319682298037643,5.357864466695007,4.6798102170745395,4.969536679606968,3.9424552076577184,0.017194032554184953,-0.4093559409662305,-0.30082416935943473,-0.2367756092751276,-0.2346963642522935,-0.04007999980926572,0.23658177409032277,-0.0027570674613941765,0.18508094998009933,0.2448572290797091,0.3301419222821531,0.4796217498550896,0.17097841468119046,-2.2934998075167338e-05,14.515191776722878,12.394865634050102,11.92558232433567,8.56340430922112,6.760719700007722,5.213341698477791,5.674420631603851,6.6503317843704135,4.986797536410621,5.064897318958303,6.094277449473601,4.475933741214847,0.008968332185238046,nine,/content/speechcommands/nine/b49caed3_nohash_2.wav,testing,5.0,Kitchen.wav
2295,-244.12091251353857,0.06817518136319212,32.6533297153876,31.408117470436128,13.137438493034637,-0.7488325422755626,6.529155457377719,11.872688163440822,12.899259218410325,-0.6913978258514842,-2.4296417822628658,5.575116004711475,0.08294260466936976,79.18704190084513,34.51100412087713,25.075562625242338,9.80170176233156,14.836315721858908,13.676125121701487,11.240888812006236,5.640298217346302,8.451629086205639,11.33199598771795,8.825562850138583,4.969769109489779,0.04707390166557068,0.7517401124592384,0.31648257440577854,0.27627822677394515,0.1753348942379701,0.1495918456476886,0.090894393810207,0.152082828972302,0.12281952341635721,-0.18463456544011062,-0.391894898231532,0.009420023787035279,0.10298414200790787,0.0005635355989779196,24.631711285052436,15.304267200379556,11.650473174629738,5.348430266768031,7.7654835085836735,5.561763593286386,7.0656293521111575,4.579119750497915,5.098473115241665,5.032723991252507,4.088506765800001,4.477009777115464,0.01268397023072767,0.010629846413725849,0.23002698968124152,0.42029693331581774,0.1719113829269979,0.05782377796040497,0.12980479798743041,0.07851843473504715,0.186976657672679,0.10641549019640278,-0.15193153797173126,-0.06967426163386009,-0.13676499381028703,-0.00024775837858517964,18.89110969392399,15.016052129465084,11.377140205790202,7.4642244488822795,9.078553008188274,5.683025239234513,8.142553833438305,5.704214669767931,5.243227248388234,5.414848916944766,4.109550789853721,6.732179343518443,0.00799043835561072,nine,/content/speechcommands/nine/692a88e6_nohash_1.wav,testing,5.0,Kitchen.wav
2296,-170.86277575923896,30.338145401400944,28.562538320028793,20.90000681721535,5.836970411094953,1.4719653801932775,8.453689304537349,-1.3969686115504447,1.079465500897176,5.150637271799136,6.088468398656886,9.09543234377693,0.07564336736686528,66.38233643630785,36.72708067274259,24.024520814307014,14.757959868935018,15.596541854326363,9.613594774685321,6.6739981372402335,9.518296913574858,7.849767984615714,8.675909863574198,6.519214728859101,6.391794075860947,0.03583687767781843,-0.13554860997763515,-0.14000759393721,-0.3583452139007334,-0.6128193534511529,-0.08462767867559799,-0.05093298199774785,-0.07541809380773407,-0.1346310417880934,0.11028528812150387,0.17304887835076013,-0.06627558121911771,0.05078240821256147,-0.0003458131705560992,24.88132302812588,16.14269256176766,11.764692526448895,9.253880948523896,8.169795846674317,5.934145067535992,6.224874895601084,5.6933521393785025,4.296676042488674,5.1059643078798445,4.2305463502709735,3.9723053209355172,0.010311428181907755,-0.8458203978292279,-0.5253696279097031,-0.04780083072238834,0.17622609318262478,0.12650048995245278,0.05827027948277757,-0.04178621964178468,-0.10796047551535531,-0.06300329930188932,0.03642882999477172,0.06569218480137992,0.36757606005889276,-2.6034687956174214e-05,25.478543997999445,19.088177946091886,10.319780878843167,10.990512174999235,8.205063949344998,7.13269053118528,7.381869119132446,6.683969399321937,5.478385198427502,5.190998876396999,5.366420978609878,4.145496308516884,0.006390053150132021,nine,/content/speechcommands/nine/0fa1e7a9_nohash_0.wav,testing,5.0,Kitchen.wav
2297,-287.9058384944249,3.466322042839888,38.87437182946395,22.335919172096325,20.232479218936945,8.097262295218739,9.644114387988601,5.1072371284806195,7.35675700202674,8.912292594149129,5.170840169073785,5.945225727277342,0.033192970091477036,62.82668967629733,40.65710269183278,14.541114764970724,10.923469701578876,7.3603044346390165,8.369564366071671,9.889687764214159,13.247490096325121,7.605008238519683,6.207624827944724,3.6809567689250886,6.116132090388297,0.007887775188795854,-0.7584005918162432,-0.5372595027986298,-0.26754844406898914,-0.1499043083207188,-0.2324565950254389,0.24861826557757288,0.3052987726131256,0.4926487848989127,0.261266327475021,-0.03828113750359322,-7.274948155258374e-06,-0.06716682545205271,-0.0008412432526388476,20.759546285372124,14.503282825710238,9.495707763517105,7.166291042324973,5.18127588959473,4.863897162211005,6.079221501972456,6.724230922300481,4.4390459491734795,4.726976249877941,3.5946602805130516,3.622119196443389,0.004232972247486794,-0.12166971522040247,0.18066104860021912,0.04126167079080266,-0.131325144862047,-0.11121271369927772,-0.14021576897306348,-0.09893545172384031,-0.2078719259732764,-0.0854619558817483,0.04971589492636583,0.026603698686031556,0.09323437626075884,-0.00012449882924556733,14.54790140670869,11.692651650839872,11.323421550180162,9.129651262629514,6.158501477058978,5.405910051317148,7.466715514775701,7.268508291243593,5.373963908317112,6.7015675679924955,5.60781597853504,4.68964790549569,0.0031668149540911216,nine,/content/speechcommands/nine/5c8af87a_nohash_4.wav,testing,5.0,Kitchen.wav
2298,-202.11114979639535,44.840526752920354,30.75504208690031,18.79657655820442,13.468869145809586,-7.026994703905448,1.1564998271485314,6.429670966373472,7.149539334463663,7.603354296997396,0.5101522082778047,-0.13610162118637703,0.09776699100621045,89.56231418878012,50.65287175210785,39.617292463997174,19.078457080735724,7.605743299116335,19.927593875713345,12.629160365206273,8.254733430050278,10.159983680859549,9.762435876373786,8.100452877875318,8.332526592164978,0.06304792524548858,-0.48811516865223464,-0.9184337830919242,-1.107492856176334,-0.5258981727741066,-0.3489656487199766,-0.2706749006396849,-0.055154802185250394,0.345506672574427,0.07472835041965373,0.18877389294819388,0.4657401493845535,0.4355007502019519,-0.0008669427686160611,24.14892094261192,13.833915602984371,15.705348536946769,9.847384238429584,4.1743086046542786,7.674395504434609,6.63625247410313,4.067270738678758,6.25335570366292,5.642972048812755,4.4348651181140575,3.616366598851062,0.01491042325634508,-1.1080288708444963,-1.0148187131855557,-0.25693988740664164,-0.341681457999025,-0.23042905062796995,-0.04479335005048662,0.2528772618189219,0.130140601828235,0.07284814268454914,0.28662567290341145,0.4441919813187205,0.26457377156557377,-0.0007473618413011233,15.216515260023993,9.346171527857239,11.487831592596482,9.127147585125364,4.940380501157895,6.962208360422546,6.53580152245215,4.676979308757384,6.435067229648662,5.2987602864488235,4.7258653539940045,4.2499537110773655,0.006274208405996165,nine,/content/speechcommands/nine/aef8dcf5_nohash_0.wav,testing,5.0,Kitchen.wav
2299,-235.28573240337676,40.38849315515307,20.88646105690831,24.78364486988174,1.9285287625748453,10.652831173986092,0.47871463971650247,8.58638129385269,10.919070156721105,2.5772420418093334,1.2343073619081206,0.27174712874024265,0.049951085704378784,81.19397891315035,25.297585150337486,27.150300281807088,12.228998256219722,21.420448121148944,15.040065589103866,15.462158460340932,6.8668464308351105,8.817010929911257,7.423926893906207,6.713385392719331,7.893870352411627,0.02046316475996867,-0.43173832380014227,0.22276018286313268,0.6486501423592999,0.15483072627390693,0.04434394978790066,-0.27133271580118884,0.12521681306796306,0.08075698298753815,-0.042386366759529434,0.10755003089494167,0.04646606966907417,0.017225699975045406,0.0008277248350843306,24.17289318736374,12.844594285327295,12.854059650017751,8.822558016514613,9.236192040393794,7.84563922507812,6.8826532850013145,4.719561230628465,5.219983241231573,5.567159493813694,4.801285706189926,3.8759079408091957,0.007111133171060332,-0.05428127017511505,0.10618011573616523,0.2575392068831216,0.3747990525133826,0.24330383089345975,0.1617569355710116,0.1157801514283508,0.19167911141151703,-0.014413293662911759,-0.0862111914558854,0.07365074429705754,0.09604507129756563,0.00011138717333475749,20.387541134607638,12.22227279558954,11.00836120931187,9.957010116792226,8.6103174582462,6.078789886458702,7.817175702265852,5.657680012146504,5.800202263590522,7.095982952183429,5.576964824046823,4.3154357885181245,0.004904143562065528,nine,/content/speechcommands/nine/a60a09cf_nohash_0.wav,testing,5.0,Kitchen.wav
2300,-247.49670104383796,16.774369103897705,14.587331431895262,19.630892352397325,14.714672565270305,8.563648709741653,13.986699122822479,6.5377511923072715,13.750876394785818,13.81210148049915,4.290071871187097,4.5409441147441925,0.03531861159717664,51.80287342411506,20.537161102193814,24.04968162023251,10.851572578834926,13.119614804649052,6.216645874670946,6.937938631154954,11.144478793077898,6.19027856423305,11.332523758439958,4.834224767368078,5.288356455327353,0.008603969483004927,-0.21337022147981732,0.2039614331229322,0.3628176373604976,0.3342462842635093,0.15240887962427357,-0.3669288146780826,-0.28555079752592316,0.07871239347955027,0.04885514791493655,-0.04121904284514989,0.3898010583842295,0.41009628609244486,-1.838911444910111e-06,18.433869344509983,7.136195233846123,10.954796583693488,6.261066414246416,6.304559762756918,5.1895641190716795,5.777490801999818,4.4241125931918255,4.700657324809281,5.290962741160213,3.757495563141068,3.581621661656551,0.004183320146118228,-0.14932906643445562,-0.06859315627404251,0.009084668099225191,-0.08608358162115745,-0.08594968792853136,-0.1937735969296743,-0.19761909161378485,-0.07118101521958502,-0.15730658765669592,0.2371059232573073,0.05845240793647293,-0.2584333079756355,-0.00033983904868364336,15.890245639683474,7.968322953351127,9.717716845099794,6.943804371263842,6.773849818846521,6.303797710879201,6.2209163805820555,4.414436228395539,5.525863163967605,4.581263861826269,5.2396520216514055,4.951988992490382,0.0029323446583221255,nine,/content/speechcommands/nine/2d82a556_nohash_1.wav,testing,5.0,Kitchen.wav
2301,-242.2049982721239,25.667285207436347,21.561950632356844,29.58663093967321,-1.5116070377268103,9.488858109865848,-4.831940803588972,5.5842990697840715,9.30447956991804,9.028538861351041,4.259394766222894,3.2329195627613463,0.08809794549597427,136.64301653924522,31.081242178153396,42.659497913351835,15.968669127463018,28.802129935234817,11.813878445745061,21.276098488135617,9.803899368171678,7.426798825237759,14.276530239801112,8.888598962856367,10.203551594727337,0.06595718675707701,0.09743259830789032,-0.380122013865293,-0.11031912044623046,-0.16358376111501005,-0.3295663954822465,-0.1595656563225815,0.09403477046118548,-0.06408308641738708,-0.26096171905937654,0.24076529903270333,-0.02157830152562602,0.009714111159999263,-1.0654210082946285e-05,40.63974780184346,16.716027627455038,21.570562336185635,11.684457030489973,12.24805804537225,6.717008818013001,9.237277879837977,5.210093914455386,6.32425105368735,8.57190883325479,5.917845848292074,5.829838561485638,0.021651332056550964,-0.21961838485839233,0.0164377806530581,0.25752119148470526,0.06656998982077625,-0.1115153386367488,-0.05037131578336857,-0.20277697208096773,-0.02914233199950349,0.2584441312213231,0.21543634891608826,0.18531264686308155,0.06121089975948462,-4.368362327416738e-05,26.71669963740915,17.505718787272144,18.929331018453777,11.8959280211496,11.829602643078422,7.77590990028035,10.424667930162853,6.915647343752093,9.108694444931233,7.756165900189949,6.740463536470477,6.040374747385855,0.01311296707317966,nine,/content/speechcommands/nine/9a69672b_nohash_3.wav,testing,5.0,Kitchen.wav
2302,-258.50171225456745,14.174739830600807,44.053121702839135,16.74955443989857,18.708776217170012,8.830932953433019,3.6568161528921754,1.1804324971274356,6.86976261650297,6.304572425484267,2.830471652967835,8.102499603639288,0.05584685632493347,66.15158966161533,48.19220218038396,23.21960342053594,25.035597611958853,7.589507033996099,6.483251601276236,20.28691694538224,21.023755691030374,8.263422640657042,8.609104935748913,7.777693005454199,5.403434912641483,0.019970653747597208,-0.26071177271143325,-0.2661140123122514,0.0017430506677539924,-0.0012070303329627377,-0.019314325665306803,-0.10596836848540458,-0.14521810015273326,0.14204802644696818,-0.004828205329806237,-0.37566257152413224,-0.3044780436935005,-0.18072875719734555,-0.0006737477116046414,20.76000403600709,13.897431562279182,13.675263305070793,13.158548888383429,6.361507949641711,4.200469709826322,7.1472392264178675,8.276733408266972,4.165266741141338,5.638752836853752,5.670762258378667,4.304410137380996,0.009233972140627567,-0.4901735331089147,-0.2456527080935345,0.24617605636449605,0.14387374811415737,-0.004690231278758006,0.08566347055865657,-0.17410188614901062,0.05862944360616448,-0.023152493003156138,0.048772580811978695,0.0026483818054103382,0.3751995589421321,-0.000352656344572703,16.40102613894311,10.941876397988597,12.664154876791667,12.396874628724898,6.960199447575296,4.658930033958803,7.550024096068838,9.233099655586978,3.809613698375289,6.170115384451419,6.643502288100774,5.292307855515921,0.006129547798015552,nine,/content/speechcommands/nine/af8b2f2c_nohash_0.wav,testing,5.0,Kitchen.wav
2303,-275.85970670586664,54.53744721373678,35.79573896312681,24.271646077643805,19.132043643406437,7.2703583260204905,8.362231942309815,8.800085044043094,7.793265263504758,9.377373231883976,4.1808510146572,4.120870899247289,0.044194061250891536,50.77383218314527,31.293076057007767,27.359780759655045,18.481505866598702,5.071068003025867,9.56944180716449,8.6532875732604,6.814801511723098,7.680232175400086,7.4268161225094005,7.113797470439074,6.11732736519162,0.013076634458987131,0.23569428715712554,0.22774014534961098,0.1946313196796998,-0.028721458125702676,-0.03879039945825357,0.11214360235192092,-0.0384743102145853,-0.2145003168952398,0.0020640022196941788,0.15193204622739429,0.07624727802152044,-0.14562631387199304,0.00010112516822353487,15.792438831234579,9.619975559190888,11.892320830411759,9.005122714759779,3.5941643033704826,4.89852852203863,5.469724722683579,3.795404914365703,4.9520891322224525,4.487709672364959,4.479788858090216,4.087023716801222,0.005514686926487649,-0.5021798048938441,-0.06443247469204785,0.3780337419280753,0.08049607350161517,0.059323341998719845,0.010778322409756846,0.03735831828360485,-0.1385656229005504,-0.3598972158263762,0.08575448017060312,0.30937890064608986,0.2795245215057077,0.00010464861989021302,14.48099022254525,10.305238292369657,10.332903778991362,9.62233197733214,4.861045993771721,4.8072011533551455,6.328390653161375,4.664734185389455,5.149471814523758,5.342394489747888,5.447115631109723,5.267097467758711,0.0037953412909204664,nine,/content/speechcommands/nine/0ea0e2f4_nohash_0.wav,testing,5.0,Kitchen.wav
2304,-230.13804915174677,42.21510965932647,34.00464733895255,24.210699215496376,11.53877759695592,4.186872629944416,9.423109324353563,0.9033552791261593,2.1971650470938324,0.10524103030153964,0.3424821892117822,3.3438530395343227,0.05765887245070189,76.00618722185294,35.95238791285909,34.38799288593825,22.497883951446386,15.886048073624151,12.667113038160567,14.022944922469543,7.383798110723886,6.8045014684062215,10.017602904223542,6.151576868911005,4.4986662439997,0.014402112035659862,1.0442996848110877,0.8433811626174064,-0.1345909155737081,-0.8381162804470729,-0.6956325402165588,-0.04284415103892603,0.28733723703135117,0.2710780524054004,0.4712852532859905,0.028596090170138425,-0.12879400109954575,-0.3651399614278735,1.226653975825156e-05,19.952446673173814,10.668194603482778,11.869407953875902,9.065236894137604,6.392208490526106,6.50470648040699,7.009050373069135,3.79091315074389,4.425282313063467,5.246551021213889,4.594590294266355,3.876772958315199,0.0050414864416305155,-0.18585937780168063,0.09138659675245905,0.0840332910045382,-0.08425575712330732,0.11873356621464055,0.30083731393219354,0.2264471221936012,0.0048811607814633305,0.08074525860312581,0.06464948534454949,-0.12141350780829846,0.18907569107845776,-4.871437946955363e-06,13.065390426047047,8.41527889807993,8.793181320506303,7.2358608596423215,6.196757971499232,5.134033762570096,5.331691559312704,4.732030995280405,5.677761584276757,5.481693289271432,6.340016640919092,4.92403193068224,0.0037022950461428287,nine,/content/speechcommands/nine/a1533da4_nohash_0.wav,testing,5.0,Kitchen.wav
2305,-211.22594216820937,33.52657688144026,9.957153058215763,17.134154004310304,20.292084314871943,6.283203139784833,8.794193779420414,-0.9202650828289848,-0.520140871288358,7.723031022619478,-6.4335860638986055,7.238442524289722,0.07459152082446963,82.17583576285134,28.78955480338663,40.49968676830506,17.258747141312977,6.735050857259257,10.736179501906248,7.398599589742446,9.741439517166762,9.59313244811527,5.9761294747538205,12.80868658090346,5.681588625686377,0.049569566449038156,3.838581846863755,2.104028724852081,-1.550952335577168,-1.4226281629788937,-0.417172783043665,-0.694552186908015,-0.749773771656143,-0.3372447797280852,-0.27517678128878137,-0.450753674609819,-0.8328464079610227,-0.40909222717126953,-0.00039580031748740906,29.9433354455533,12.065720955991694,16.562241802342953,10.980634374056786,5.590901203965304,5.098065785580011,4.489847632816214,5.449683720280758,5.931374258689461,3.8550107976217007,4.587895869048711,4.956660257961505,0.017370125904366734,-0.7707473582150167,-0.34009925764507043,0.7096251398185238,0.414220081306942,0.249674805509889,-0.09237704671587094,-0.057563645414976265,0.4428937959816684,0.4985579247476158,-0.001553650949067261,-0.11415721405103192,0.04254907193949613,0.0001785853256781896,24.437777896658595,11.180585998699536,15.767627077038135,9.365141428170883,7.330493113044415,5.170775540817842,6.129156453614388,6.4754024285457765,6.41317979006836,4.703239442510777,6.561782499472556,6.252311263548279,0.010467861310031756,nine,/content/speechcommands/nine/2c6d3924_nohash_0.wav,testing,5.0,Kitchen.wav
2306,-129.7923204636012,45.42735901127473,-1.8372984171096318,-5.468816327761421,4.381136983939627,0.40277270890746175,-0.05996899666176003,1.7704321047657912,6.788212663870465,9.252573858682513,1.6663107470362322,-0.9585808386935697,0.054777202603872865,69.70324189225961,11.703761386017248,14.929110055889533,10.075724160938568,5.942965153279231,8.327742767278853,9.775690041314029,7.5341500178046905,5.878986517044958,5.43266642389689,6.561797315800623,4.214038681191834,0.03285827765956955,0.5990154639815943,0.22485168768631575,0.7003812171872758,0.4410101637916796,-0.36410122006113477,-0.9244558867426557,-0.56771927458918,-0.16809973177986812,0.013470019174264512,-0.055624345058226915,0.01057676870401295,0.10376916923147596,-0.00016382763222340616,20.792497722701835,7.66575860469306,10.742695826916083,6.544076143207103,3.4724871921706617,6.186890032128358,4.875144634886332,3.4417640313583027,5.155825709397265,4.151616944071071,4.576455828579945,4.07354137054754,0.010827349738734657,-0.7825469476248278,0.2348252900195007,0.32255894462258267,0.3078023646092969,0.023346687604542726,-0.1322644057216863,0.007616442556099419,0.3075217863926117,0.2391858970587272,-0.20438358786226418,-0.2797400945795046,-0.10982836297106431,-1.4621081451574961e-05,17.555813631731297,7.702707169807398,12.720451291127835,7.017098018599825,4.615659056005788,8.056443787314851,6.415259375981995,3.8628685967069307,6.8317480157715496,4.4506414452796745,5.259257935499278,5.744337026772688,0.008797250983930301,nine,/content/speechcommands/nine/9e2ce5e3_nohash_0.wav,testing,5.0,Kitchen.wav
2307,-249.96748292610775,27.27280101364083,32.89583137936298,12.656282297058143,18.55399418933483,11.798509100736966,11.826212963875006,12.667662638421103,11.004511888120234,9.07429958984455,5.703118947491475,5.892086092437888,0.07243300089612603,45.28678392886409,24.80006224175623,26.036480604369718,17.229248898124602,5.504715350382624,9.854210686341863,7.09618989404026,7.056054610585154,5.48557180331408,6.806644985849672,7.0635679517034475,6.069324546059554,0.005908959486441383,-0.29254929511216504,-0.32453647717414147,-0.06671853200131785,-0.10933795368645301,0.005570353550887838,0.10617258598917892,-0.055065349759318344,-0.03852260039544672,0.23223541772647138,0.08633317148104482,0.3043245731032128,0.39993734239062884,0.0001445638556634226,13.96095506213698,9.454848858281782,10.849203668218681,7.363083526764779,5.666292656798082,6.502175072756476,5.1838824474623575,4.08903201679815,3.739207130775459,4.2570956412555,3.6138139437873096,3.3341016964562935,0.006066932658708101,-0.24327680499540255,-0.24992267959571304,-0.06905386572833976,-0.20161537328527288,-0.08446252932590567,0.0654204890385488,-0.05835669353812065,0.043014093065129086,-0.05194645447651614,0.13654491922841813,0.3597020982060819,0.33835989072500267,-0.0001793774465719859,11.990392867318427,8.85941635238889,9.098228976944723,6.88321993890223,7.685470782465862,6.772394911717529,5.635854751212704,4.001172135107131,4.309441325191137,4.208706308540389,3.6410358640339004,4.197141890401046,0.01036358494833893,nine,/content/speechcommands/nine/6205088b_nohash_0.wav,testing,5.0,Kitchen.wav
2308,-220.86472770701408,34.57478403032992,38.37918659038161,26.034230342598967,13.069455849845038,10.59436650230003,3.1699547409413587,9.814442073555897,6.94939995662471,-2.123029054632433,1.6810768933312188,0.048491338132352624,0.1012329415534623,100.90938837640556,42.29068708386973,30.32741678865611,24.547852904511767,24.669096625173914,17.911697603415377,21.147149285998704,9.517425588158039,11.04207362237004,9.763069296141989,7.984720548582852,14.677610745273144,0.06716814828476018,0.0724395033874063,0.06579511677612913,1.095775151399794,1.5289323014251137,0.5866499731390319,-0.2579464979547644,-0.641406450238177,-0.2422920470873146,0.27464471267296114,0.3907945929606123,0.1639276411465856,-0.37582625184437235,8.43310788754494e-05,27.69746714622461,14.051575629733778,12.84506613067102,10.048750795887502,9.59765741893669,7.242685461554115,7.952850208831391,7.074367455991005,5.514278819268661,6.79858681003911,5.360046966672911,6.568334276786547,0.01665878975363022,-0.4626363551484533,-0.30617150756861045,-0.3067879023798561,-0.308797007414429,-0.055297209646944505,0.18731214344113845,0.08985994402165257,0.2560848690972853,0.11382859845953218,0.06299703199438349,-0.07560391372828627,0.12100724118182876,-0.0002603138486544291,15.831649915155422,10.907545598426141,11.957433294940236,10.828144247307746,8.42547220105385,6.587848410483076,7.5661087011786625,9.024672490630891,6.830921495864709,9.348554117605072,6.01532699843352,6.268594636998683,0.011186036999739486,nine,/content/speechcommands/nine/9a7c1f83_nohash_0.wav,testing,5.0,Kitchen.wav
2309,-224.32246932751715,24.13941886802737,7.723519952749448,15.986678333668147,13.682101524111722,1.4045349407094916,4.799191216670992,1.7452472092984725,8.36073390366701,15.743175650129661,6.595617694607949,2.5556139026745472,0.06573268491774797,105.14011924845805,50.0773366622281,46.25522193111342,17.9196894553247,10.248558511339725,15.481569383446546,15.47402705473795,10.996423488004671,6.645341852265906,8.086081281975762,4.597145548840014,10.045859428206198,0.031231280654697536,-0.1077757775820487,0.07082805474975204,-0.37607277980984677,-0.7202162046561046,-0.5169709774485102,-0.3493315374072426,-0.4660360473560721,-0.25315433613827243,0.3323545849882287,0.048546476876823466,-0.15743632248186273,-0.5908468339523778,-0.00140290352560225,39.682200045758975,18.82256795891645,22.45313375807638,9.178908586580306,4.418046820459592,8.007324458541607,9.628224321203826,5.977964941108905,4.205422974402613,7.5862755731784235,3.9593233222505875,5.7315299609974995,0.013085232404077385,-2.4953462470368155,-1.944323823317955,-0.21107677528339258,-0.10165494285449146,0.14620098393228503,0.7865959756668486,1.429233216171998,0.9132821459444272,0.38428616811036714,0.17489442349508638,0.3955937362365611,0.40901676780512297,-5.5970996618270875e-05,25.042676110394517,11.697355600276586,20.386502334447346,8.724519355421217,5.07627271779932,7.343050067349311,8.77320473320055,7.483304571148452,5.3855023629165375,10.102991905387556,5.075654687037389,6.8390899589822185,0.008001788279829445,nine,/content/speechcommands/nine/4a0e2c16_nohash_1.wav,testing,5.0,Kitchen.wav
2310,-256.7847269064598,33.813423506623906,6.142949241190738,22.43602650852879,14.489894573654869,4.812407590193019,4.811728471175348,8.52673352097039,11.981267703718503,0.48025719503525144,0.5287578677106257,6.106361061158523,0.06444296170957386,102.26984982087852,36.17793644578449,44.301563417496375,6.481145712925669,11.35431531674199,11.240556430646503,12.188849618698631,6.220203026717804,6.526372551603245,13.03638706845497,7.992144483681037,5.487576335117072,0.06613049839252437,6.088760666681947,2.60046324393027,-0.8045005710740931,0.5458812396350476,-0.933978305535794,-0.9384174253773012,-0.6711902795446941,-0.18932456840516773,-0.35498259914911234,-0.9088587206905854,-0.19455086710590347,-0.8149415648201147,0.0009846332813462904,22.37825386273789,5.830302029590222,17.344672200767288,5.884302962944797,5.464315285794791,3.3451743254239736,6.2024462362078205,3.666080272505379,4.36768037958822,4.627889618828661,3.4550062027698836,4.207182697883231,0.02299700186309539,-0.36834262442666366,-0.18502263038653516,0.6623864483852646,0.4101068010991629,-0.32289584223363027,-0.06377715386284605,0.13061703265604946,0.08905940882320874,0.07811689078829914,0.11460934626626447,0.26851395168938913,-0.11731227953705818,-0.0005772701154152552,17.00184406480226,5.556443663140538,11.964672960216754,6.55806376243884,6.513166636027713,4.291166041897291,7.175488792248162,5.038638109836666,4.425814418080275,4.680161546641673,3.993563950770439,5.024685336000841,0.014565290153769462,nine,/content/speechcommands/nine/ffa76c4a_nohash_0.wav,testing,5.0,Kitchen.wav
2311,-242.59203010575078,13.812489980303493,28.737852728739536,13.727205098238104,11.780041930750626,5.447054550601662,9.002880032976767,7.003058859828639,8.718793460534576,8.61415673971221,3.6664697871765504,5.634374907617513,0.03369894202936579,34.18379258237608,14.747448977929658,16.295350524125972,7.8949818413122035,8.15943622607123,8.320636649483871,7.278785061617796,3.446682061588349,5.2477898847671485,4.340114426304607,4.514369318615319,4.8581896531457245,0.007601124901504537,0.504806653797024,0.5007018433258453,0.2812234595055264,0.6392757929252348,0.44026231102825236,-0.20106265864827305,0.10074376362884227,-0.08359309007198125,-0.06944497803650208,-0.16376480945234445,0.007309492550891929,-0.03168904733274481,6.325134577659461e-05,11.12735230663417,5.426633690630285,7.460391480351687,4.222418132634853,5.160217909888787,5.183587279917285,4.120684862038636,3.339994181115729,3.4700238973919966,4.021284961026134,3.466926573836643,4.776242780161939,0.004831168332766977,0.07747807274693741,-0.01781044651340288,-0.3383788573221436,-0.1170713292309027,-0.2919019384912254,-0.06728814178511065,-0.046044108751531636,-0.23334900976333736,-0.06652264291238903,0.3657646691374417,0.26544916451066924,0.17531273591383392,-0.0006752151250839233,8.81980016922959,6.012781836546742,5.789373447244952,3.953908190294311,5.198837369259279,6.058629923423071,4.58414998030518,5.193532145675546,3.6059280497172184,4.7626409680332,4.161752672880804,6.282290918425053,0.003574598474227243,nine,/content/speechcommands/nine/422d3197_nohash_0.wav,testing,5.0,Kitchen.wav
2312,-225.64335400459385,25.054382918815712,36.59257613019873,16.441783273768294,24.672613445340378,10.780465190382365,7.905074256729837,12.953281348626202,10.454859769467177,11.053333688838759,3.31121893213073,4.386438676141851,0.05958535522222519,76.64409669733625,47.328332286613566,31.96777008064211,27.121590166265772,10.63825241245855,10.336660227199483,9.475461165931469,5.869346233413747,8.206829186230275,9.512872603495708,11.371539049386849,5.366344985350804,0.01918344919499719,6.342619161934915,1.3937447603218438,-0.944970098017395,-0.5717065658557721,-0.9012549235024216,0.28507945454736305,-0.5223115890063023,0.36985635002050726,-0.007356066580432562,0.10075878968327721,0.43540247204754556,0.060882789628524066,0.0015147554297601023,26.46636293847812,15.752422592741686,18.91284811588395,14.303922688736817,7.330393352976489,8.359682887486802,4.846055686666941,5.506957950685157,6.518076474792902,4.720267587685436,6.665365456507673,3.82650404728175,0.006353903646043162,0.8764474410454823,-0.7976774746349626,-0.5933655003478554,-0.2069924613460719,-0.28890726993075155,0.18846558894593143,0.08785977267470126,0.05140227191237881,-0.0983844956093415,0.3345664230635757,0.3957912108069055,0.2025871485522444,0.00020993755509456,26.23712497730435,15.88028502495209,16.054497365161104,13.630255439772979,8.69354383211425,9.116434544678622,6.0586303011272085,6.873678713720556,9.218051326756447,4.726484644210264,6.6783452352396875,4.851716032305681,0.0045754620369855715,nine,/content/speechcommands/nine/43fc47a7_nohash_0.wav,testing,5.0,Kitchen.wav
2313,-228.3358648819799,40.254632656228104,21.70790422128738,14.646109161670779,15.909723860684696,10.47987615448865,5.507466438623582,9.66441290410923,14.49752862804105,3.1490919956145786,0.5808979294126807,2.042822358062039,0.0819264073506929,76.66973593345769,31.727271607532497,41.370959590921416,15.015392828253129,9.973980368344852,4.804572299641585,9.236755609169059,7.3087424671517915,9.883874225710816,9.424000081813855,9.397165138383059,7.699494205415716,0.06445437656556395,0.8911298132553519,1.0250593340718948,0.2653351622797576,-0.23161645151040924,0.07344702459136251,-0.06215893571713679,-0.2780759644400065,-0.4139293073389003,-0.1024622962773979,0.03408692984598802,-0.03902383451297814,0.03576357867005222,5.918008185202076e-05,29.88939122193682,18.950945385894485,14.547486862116303,9.78364225326294,6.78457599518242,3.0002585500052867,6.359225048870724,5.520164080898417,6.032853328682653,5.039094654663276,5.703126111727721,5.1346260993445005,0.019279323839794582,-2.2899466314104777,-1.54484779418713,0.7126003108945597,0.7126003979295461,0.1986802446051642,0.2629779676631448,0.5461240546307476,0.17825333498779186,0.028404399429912384,-0.09493138765757839,-0.18068958669898977,0.14333883143748588,0.00021306475003560383,28.95133212169238,19.970937082812974,11.138067576944982,11.19701570193838,9.113015465831127,4.04839762789994,6.680468511382612,6.527911003227638,5.538333793116193,5.521520145482979,6.1136557257239,5.381298784703378,0.01144155252030693,nine,/content/speechcommands/nine/4c841771_nohash_0.wav,testing,5.0,Kitchen.wav
2314,-229.00159153093603,-30.55681799443426,21.30828421723868,12.56110500563867,11.775938913790462,8.86358859260048,12.524105897456309,10.135229136894054,10.71039624517972,9.990596491114509,6.073412342717756,8.358997353415774,0.03448269219370559,11.774807247747765,10.977612255632742,4.980601003559306,10.238894958915061,9.402429299955585,3.592622362803858,3.195765997622861,3.6311457372054146,4.997660311978774,4.304010878996984,4.642987005876755,4.22719243819462,0.010842092606103212,1.029809653838941,0.6875439955250111,-0.3427519122082558,-0.7041390253945786,-1.0893922434630794,-0.5044031594573075,0.07803497825658419,0.21469371488153274,0.45566669312225255,0.2094485005602346,0.19535281456732395,-0.08949685326846951,-0.0006226042826329508,4.875529560143697,4.94537158418081,3.132367900392146,5.176161292514762,4.215782185323205,2.355249147409428,2.6791008926068716,3.1735544371314828,3.894125832933115,3.2406114672247264,3.508110159365778,3.4457204888122135,0.00427516475423637,-0.17365890420477684,0.2050017849009458,0.36498698208943264,0.26547038953085617,0.16241389823775645,0.06079381474807423,0.11558260564475423,0.3473611474722189,0.5624241629392663,0.2646632789888315,0.03259513212367977,0.24704111532306325,0.00020155149201552073,4.5902080404038506,4.122038020225801,3.492136843612383,5.3359912144434345,4.367286394228414,3.108169401595232,3.5028033174171496,3.886891472024002,3.9694252736345157,3.972818721316216,3.9188935290731437,4.685520887423853,0.0028728522532354968,nine,/content/speechcommands/nine/096456f9_nohash_0.wav,testing,5.0,Kitchen.wav
2315,-114.34972101243173,56.087454463007546,8.490582793339758,20.981627104349236,-20.94710341112694,12.245277832695907,-10.139756042538462,-6.492515756824123,3.304524743038904,-4.842571143874579,0.47484794487977355,-3.0405656800174654,0.1179794134804979,91.09634392329316,42.58316389407937,30.516668879567828,25.74664684669407,29.249715193872255,19.221668563745837,14.14580255320327,10.636549848653061,12.686145771307906,10.970952392201033,8.551434369726643,10.698040556302688,0.06826384851266812,-2.982792233310671,-2.0786133380902134,1.289007387636593,0.7429726303853668,-0.01989978245250661,0.42369345804648745,0.3991304188342682,0.23666059242440965,0.14491179502953297,-0.11212219789405145,-0.2809425401939813,-0.03888146111030925,4.774584404883846e-05,43.32458499403613,25.054352829364475,18.883515327877568,14.925501992905529,16.389919344935638,10.34049579494729,12.052608039020383,9.466815287374637,10.768780018232851,7.160353149897803,7.591951798832762,8.477966666847028,0.026629522822192324,-0.2785753978647577,-0.6731921199519376,-0.7806509970258847,-0.3159715898314441,-0.3418779024381147,-0.2469331032563068,0.12808799683631644,0.09958278962935238,0.15248822336416554,0.13641024264854978,0.22918417646688857,0.25043065791100727,-0.0003207883487145106,39.54323825405677,24.48967369307526,19.822421719650933,17.322692037598042,19.298658857320724,10.648868321988875,14.50040647060483,11.215543988376814,12.122448190277646,8.627414819417485,10.420244756696423,10.04384994538284,0.01618308136717684,nine,/content/speechcommands/nine/94de6a6a_nohash_0.wav,testing,5.0,Kitchen.wav
2316,-230.02230831053197,54.41587304067917,42.94262957129186,6.0033860352215465,14.972689908264195,8.320936460198228,-4.372995810784463,-8.63090982592802,0.6018773652672493,6.428098219184966,2.2004598303793674,6.137232949830169,0.05149886279832572,43.04574270711703,42.90895566716161,24.114981081897128,20.710696603470687,13.055582292522915,8.183705991661318,16.2286777301757,20.061715822280362,13.701520721560152,7.705714405365427,8.299453404000527,7.350632016145761,0.027538528078014858,3.8938207345863627,2.1445487072449794,-1.2851041625407178,-0.6754435866325683,-0.35980256965562596,-0.0713444358360308,-0.3101912105142804,-0.41622340367568617,0.018213791026581983,-0.35506017503893544,-0.48760267020725734,-0.17334937607562284,0.000792524867480801,17.50116248234211,11.323421242019085,12.513678191217116,11.993158272393392,8.438646218231096,6.72918897398679,8.335205744163076,6.7245704554679095,5.763680108532546,6.381908151922352,5.552180662518515,4.975928214887705,0.006795656541283485,1.2469800169085032,0.4556954066217729,-0.8106918591850837,-0.4845887051489658,-0.3125204368450756,-0.0492169871781939,0.18112445870006924,-0.0022158617456809657,0.229624543739852,0.2825422593009779,0.049858242665400766,0.14435017181035353,2.4245244761308036e-05,14.580888223507381,9.004387096685951,10.259497140975824,11.258068672833117,8.804249672514935,8.285098155651513,9.42511600754959,6.635706472118836,5.35195399649177,7.050957537253901,6.233659742548405,6.48683716723031,0.004207248909423275,nine,/content/speechcommands/nine/83957201_nohash_1.wav,testing,5.0,Kitchen.wav
2317,-208.49414440513408,22.93101889830062,15.745772750962692,13.076373103921668,-1.716294422644678,-2.900908918841994,3.0218490445474813,0.4292068210915362,0.8962132997600518,3.448834988330351,6.711412179112246,5.261653135363273,0.08437281977967359,99.76406339648618,37.839615459969274,47.261566894459364,13.618660568536136,17.665475217701758,16.095143922922347,9.390654765301234,11.05217063430792,11.531331508232936,10.40610395540897,9.988677970277235,11.785817249413686,0.07138808683552855,0.18898235352328502,0.17650677996977485,-0.05741801291587891,-0.5791135540162636,-0.46887450852372825,-0.23306544026595777,-0.17012916537514136,-0.10158644117423903,-0.044885611877844206,0.026121532682851188,0.2626450346208728,0.40194112679945154,-0.0006178185764339662,29.154654869243867,14.673044181987072,19.06878678595173,8.072487823342284,9.131507196321017,9.11088238194296,4.828954238452424,6.313506582701039,5.4613795433312085,6.851467007614203,6.059746672886472,5.994751542290446,0.018944853258204115,-0.4064815952851951,-0.0677953809649173,0.18204546972878527,0.01572955456931311,-0.12537422770645898,0.03119465845660144,-0.020111917418225274,0.24959814178237744,0.41818744834774757,-0.05558709035028156,-0.2889377860868137,-0.2633481970938899,-0.00014881153280536333,21.43851685648281,12.708451775103216,14.494126370661743,8.12084267261772,8.171506161225583,8.514844600404443,5.123630476089329,6.859804516383619,5.667011372528934,7.681125634985191,6.295483270197044,7.625415293751753,0.010689699385152261,nine,/content/speechcommands/nine/1b4c9b89_nohash_1.wav,testing,5.0,Kitchen.wav
2318,-271.83910295498106,-19.798933905535854,7.395860595638489,37.99961848650364,30.65182941678,-2.779968129662561,16.031594857841203,20.08165257909189,14.613388809128779,16.18246525424589,5.726517542962151,6.916069952614909,0.03523750032763928,51.25352868245554,14.039610039861197,41.09315063560289,14.134496429542319,9.683632112678275,14.424033146383003,9.953634861123163,7.425899732030866,7.611614487783915,8.213823400821395,5.058035417066517,4.686121237574472,0.007401116478960797,0.07784466798080214,0.05379533577490976,0.03472997572106397,0.26739789376073203,0.23842099494615,0.2779520490035916,0.12113833703189941,-0.08069170697291521,0.022797348041157118,0.04974929552100395,0.21027923003927296,0.0998619383515694,-0.00022438955643484668,16.595952767415422,5.994767299025956,14.745264422330104,7.677121495296378,5.422133856185293,7.651227326893043,6.182285159440302,5.401326644120154,5.588968468814818,4.385776797261828,3.552588499150252,4.04361805784859,0.0026961477174234855,-0.37836760080673265,0.3180114063493357,0.38379873752765215,-0.31157433255198513,-0.2355380944489756,-0.15652162777531625,0.03101622778490037,-0.05994517715412032,-0.2411690671396652,-0.14601633873922015,0.1833493691017155,-0.00041313458724836496,-7.865261286497117e-05,14.502330950243143,6.87948603775909,10.5387273867498,7.622255821183171,5.158833013299606,9.24098736909955,6.752804094014604,6.466345548247565,6.107469277406332,4.44795325101922,3.836575076451354,4.404562035248242,0.002209089494005686,nine,/content/speechcommands/nine/24ad3ebe_nohash_0.wav,testing,5.0,Kitchen.wav
2319,-232.34393682600955,44.6509782571201,36.33879176113282,8.34263099779356,13.231550686210884,-0.22265198241816542,-1.4080905868906983,4.801851983277797,8.348468355541593,6.404662527554799,-3.9683446787849084,-3.040849611508991,0.06844276987249032,74.76527367396669,45.20935821312583,26.879862718402855,22.8675853428266,9.601658444763565,13.12526585043496,11.776854017463187,5.644704998344065,7.569641367903001,6.846873491362698,5.852393881842269,5.853047997140034,0.046276837512534114,-3.649160158602444,-2.423207065104091,0.5557463242817943,1.1097843742613895,0.2786908728914237,0.5011170656887441,0.8968602988263478,0.2515173378271918,0.17958105424535512,0.3871016599113434,0.16327141821962393,0.1926659668521318,-0.0010388805981605283,13.13959701242362,8.158907345775699,9.27039876056707,5.723867806784348,5.755368366239441,6.579152512004376,4.960429226152757,3.8209101710094946,4.757158622928078,4.481347232818547,4.297702790614032,4.215745895767715,0.012580391264931117,-0.737291836316542,-0.22540955630843212,0.22048861194907515,-0.0842689023236486,0.29879466177923625,0.08700655383951314,-0.09978864749818446,0.054929400426511364,0.08831938199171943,0.0544282801857434,-0.18880550052826323,-0.23352374238724002,-0.00047843741873900095,9.238703502523759,6.787816590320551,7.13852595791328,4.800616577221024,6.648792890226343,7.204241721274624,6.93594248168391,4.503583667923846,5.817543925697052,4.532152102529522,5.017402481232955,5.3696223708477415,0.009162951938653689,nine,/content/speechcommands/nine/4620dc14_nohash_0.wav,testing,5.0,Kitchen.wav
2320,-220.99024402464124,18.759648122938053,17.973085110928274,31.25054912384853,-1.5835362137408826,11.05386722106692,-8.725752860780357,2.5488457429085236,4.39016004288432,17.730138908822916,3.773771386282424,1.7793555493363746,0.09553596214391291,132.18142971412587,23.127411325365504,33.95979388674608,17.646743732584778,30.200834210089514,16.418602411685356,26.216842856853663,12.199825484617124,9.99251435941862,12.89970581295519,8.815009406811804,11.32290824227045,0.08041198900742022,0.04867828579870826,0.026397473724259844,-0.008965679176983045,0.2109556315590604,0.07884377300159932,0.031935624284002526,-0.11271004957909012,0.27592899498148826,0.2875279045502067,0.05498667942210876,-0.3070190368157495,-0.3524442877079857,0.0010121752538027303,40.902237806349746,14.943478922146543,15.753523895807026,9.169050458631128,11.905415049715048,8.805028944765718,11.81449759007052,7.831816277589759,6.33730197515074,5.992620343279974,6.405912797276935,6.868973448085732,0.021821067615645083,-0.5033186620920314,0.12488110245741628,0.3036030163565101,0.03238272816337944,0.1263009776118634,-0.021034904041384965,-0.28896626214420473,0.18955290606410866,0.3870649770856524,0.12400334821995086,-0.07911953046156554,-0.28259180176625454,-2.86427636941274e-05,31.63474085106192,14.161169113814074,14.847600257316907,8.018145132237368,10.699503842419576,7.351141974946171,11.50753432921135,9.106205821052994,8.348555320999766,5.927749149877882,8.280145233014341,7.985342781158338,0.012520024078029388,nine,/content/speechcommands/nine/9a69672b_nohash_2.wav,testing,5.0,Kitchen.wav
2321,-210.43034979573264,8.050503920958262,13.900943319455358,39.79637926862914,6.506458926986367,-2.0311426607089995,9.182154926452716,4.728819869624876,7.869940637923293,10.368867827113842,3.3968490793108397,4.621426828247888,0.055267368035856634,85.27802329783724,25.43965583897891,37.267949465304795,13.35660991633947,15.307794290819903,16.13615212527335,16.78050701858025,11.716674490481426,20.882154369013495,9.174570832110458,6.9402272454214735,7.650769150270425,0.03227553457664029,-1.2258673527770376,-1.5115926652403069,-0.3326006946954138,0.15110696978886823,0.3163954646210502,0.6674118650723747,-0.14041747307399785,0.20314925960520722,0.5466633460540723,0.32275718711511364,0.37475398255776,0.19053243047373974,0.000179654287715112,28.2252227508019,9.214248809295212,14.174812136327123,5.930094597632577,7.509573222387144,9.342056501369937,10.600711766874777,6.763199296534513,10.562670899022613,6.189489865073959,5.059641715107792,5.563072548680155,0.011286081108146002,-1.5528107838522014,-1.0262844229942705,0.23719206771404647,0.0638427001774834,0.6191478190301155,0.562986638308723,-0.36736647034566494,0.10930951609245873,0.28301802990358194,-0.05443652330443432,0.018810960303640274,0.24505806667651892,-5.468539893627167e-05,23.382687470804495,10.135245094430777,10.353139346400734,5.7871296739168905,8.824096952267412,9.267552261713073,10.434009458166011,7.935005465860866,9.09519509320082,7.041349791647409,6.191402737842774,7.597747826766667,0.007741308369209024,nine,/content/speechcommands/nine/8056e897_nohash_0.wav,testing,5.0,Kitchen.wav
2322,-212.59710974480757,-2.957133199242837,25.680005016852306,19.55557106031833,20.125304223383317,9.679568631771033,7.413675135149585,5.977538965414997,10.996075279372938,12.475193468675917,6.23608443993929,7.9748612800486285,0.04305790248326957,38.71352128535354,27.637964873231095,12.637902955738008,18.017618009451382,8.9657540236601,7.570671785956023,11.009329308651187,9.810835366242195,5.581649977172489,6.0747654951063685,6.434833655685728,2.928479008915527,0.010072259373028093,0.07497761241457525,-0.2890514298515935,0.01898037796523608,-0.2132071076985985,-0.26396747333762866,0.11145111452148683,0.06817851066814602,0.2180081095986525,-0.1258265148071832,-0.07560274698556588,-0.014422128607205603,-0.10727404896863986,-0.0002023499579198899,13.415733001106258,9.340761304633585,5.925544641344741,7.348536522660722,4.601808901722702,4.970735177023559,7.586716126073465,5.845962657567207,4.0952490020941825,4.278732946237658,3.8113972348515115,2.779169447381579,0.00480765059938537,-0.6918674658042117,-0.4508678229461904,0.05977227055991937,0.14096723591619173,0.048948956565829545,0.0771502117104824,0.2961846625611751,0.4854288832203465,0.3015307658207437,0.28163985080201653,0.06456619868745377,-0.023500487382432666,5.3886696696281434e-05,11.539475546662032,9.681254231496602,5.344029847178707,5.967245195304044,5.386235883124158,6.157144116540049,8.616183675147575,6.729939034637231,4.944417490681119,5.709266321570412,4.126354354889171,3.7300868289593727,0.0038802950592097003,nine,/content/speechcommands/nine/a591c2ea_nohash_3.wav,testing,5.0,Kitchen.wav
2323,-280.2862483574034,-10.532349026441514,33.481768581757166,16.134397167944968,17.852876155421008,8.56811864109832,11.247174285186231,8.014926545082485,9.573192658056843,9.166197117417209,2.9000616429192316,8.923725310695723,0.03109398379456252,46.53774868990447,29.956568413229395,22.120711233218593,18.670033223038104,7.053332250269872,8.90121792599151,7.310808072972509,8.144369788769879,4.930907300354628,4.084063823166974,5.970368414441437,3.4503462701122207,0.009266188464962306,-0.3514585063054923,-0.34713175790847517,-0.036564657198994155,0.23593671639509634,0.17561428576384436,-0.02622242046230274,-0.14035591896595248,-0.19318796979288497,-0.383041006953218,-0.19984962385380525,0.04222774059180726,0.016890677687457105,0.00024200423109915949,13.836014178468274,9.156288957182422,11.120254675347423,7.8297695683002395,5.206144222090096,6.451075731256518,4.4830521579737335,3.9351023389913697,3.8777003325645865,3.0815262853950625,2.797733919475551,2.8222196340488885,0.004057042956065038,-0.3390364098876906,-0.17782364387624436,-0.0545308725037407,0.10553976858457202,0.12975674526426956,-0.0698742348652645,-0.09949864123957664,-0.2534720292133355,-0.18919826461702097,-0.019558198538976185,5.446024562377379e-05,0.009064885146393031,-0.00030722133815288546,11.281247140935793,8.920667150990889,8.455384146730381,6.59382652896791,5.20183589597452,6.369970200258282,5.535862025334417,4.931093651786592,4.6830956308796985,4.19265246407088,3.505676212230047,3.848418774953471,0.002841388240276563,nine,/content/speechcommands/nine/81dc4a94_nohash_1.wav,testing,5.0,Kitchen.wav
2324,-234.06632402596165,42.98005273709312,37.2422917914984,8.729638777759224,13.528975818856912,4.854096208166721,3.1307399771276976,-3.682696658990373,1.1348480565297032,8.252225596531694,1.0311202696078892,2.7239078549273255,0.047838592203333974,61.32122294496783,41.65533481235397,21.310864924288893,22.13774935736494,15.480133963128045,12.337166498464448,9.195601348648173,10.101015882415728,14.502860200318652,13.412498464570497,4.888071140388248,7.227948075098096,0.013638967736147978,0.06280398058421056,-0.22625677158215735,-0.23676059786188508,-0.11210880301335784,0.05703076882084549,0.15594092375912968,-0.16066490489625498,0.06217433534751631,0.2530297104519442,0.3941634171940336,-0.12854084347343345,-0.29418708572224517,0.0002949364002673857,18.450978993982893,12.399842579935198,10.473934355476334,8.299884108919535,6.374115620698542,5.340415932965965,4.904758762946656,4.696370523054944,6.732849421063237,6.788430330757952,3.5643218031954738,3.7724904495759133,0.007107370122707541,-1.2187582240801647,-1.3690849122250406,-0.5417073949046264,0.13417933404044166,-0.1896280104742205,-0.18302979069597913,0.25063504721750823,0.6231906307563952,0.7661934113234411,0.5967265043661123,0.45566618876684584,0.3306983530294556,-0.0005608355005582174,16.044657013146693,8.448360644108941,11.578031725618695,6.867214628289402,6.397864106550861,5.715699965568755,5.437815372552713,4.933548726402823,5.418232422823659,6.307854984135537,3.920238085449809,3.822808211771423,0.006973335774364133,nine,/content/speechcommands/nine/a4e8a997_nohash_0.wav,testing,5.0,Kitchen.wav
2325,-259.87672692900696,31.99179691369112,24.28481359228351,26.452459426806378,6.6779332150821205,21.604511996310578,5.156976398632638,5.644911298543215,8.567152423698731,-2.4841595882920697,0.4719831512733138,4.094412007018214,0.06283910083584487,71.05050399932301,24.201890788293237,25.26420502158971,12.785591314833862,18.637581264811356,15.24594174305175,10.960721913624242,5.402587275045095,8.498817820730906,14.002728610464413,8.99030226817904,8.548711386636954,0.023888046000255424,-0.25436322111395276,-0.3110324067238298,-0.32765147590368354,-0.3557248226301027,-0.26752482068327194,-0.148264317995822,0.08574724625738335,0.06986842646262091,-0.039909150353582355,0.11359400380836558,0.06825521252799203,0.028394852401671212,-0.0021435560117806156,23.609917604067352,10.67102530327106,13.592057813163553,7.209957627483351,7.345193769400274,7.853804512725908,6.04490806311669,4.367318146435264,5.11380665136319,5.227901540819686,5.561883452861454,5.195801202544342,0.007117460496246854,-0.27265338944761575,-0.028995642780953842,0.39393956055533913,0.41575543135212406,0.4076234754354919,0.16910320373837948,-0.014122433122284228,0.10369906410357557,0.028795040472696667,0.06520341019774435,0.19286759256047692,-0.055558681944111045,-0.00018923102567593256,18.03683633090481,9.653863898527668,11.070043133587165,7.197387104683757,7.094642056552409,6.740795878718315,5.9811554951289905,5.548998531978284,6.268258165904278,5.498755649440236,6.705453427287251,6.852832843791707,0.0050433774143951145,nine,/content/speechcommands/nine/ea356919_nohash_0.wav,testing,5.0,Kitchen.wav
2326,-273.39430843547217,-1.3453065156982773,16.758384447760694,16.383238710319727,16.66421637057438,8.407777474192237,11.702051927379497,12.793646920797455,12.934144505530755,11.353496489053027,7.675512609074472,8.682828813466793,0.03345176138945164,28.455808016350872,14.856358552673449,10.768518518065552,10.279898380434934,6.062563854327763,4.604182857471339,4.283126943908381,3.97300944930975,4.327820992837166,4.417111953105408,4.4585790222742085,5.834304360995928,0.008416716509848599,1.17007585560141,0.34367183951603825,-0.0494997114989852,0.04236553255957117,-0.042126802613735644,0.04196215909746523,0.314944686540003,0.3475028825208161,0.16947225655101797,0.05145846843407596,0.11406978367379181,-0.10492933693873135,-0.0006103546669085821,10.031925558414708,7.403006351616367,5.254242189621733,5.663923671597944,3.55634313572778,3.6813096058711796,3.5514520911060807,2.9378136040588116,3.757006660207014,3.4002502500043725,2.637749421213849,3.7563912905805896,0.0034873712037153887,-0.04203590477227055,0.09992435508390829,0.3203006820519092,0.2621932323366568,0.11552558755980465,0.07849863750385891,-0.06156067319350244,-0.08806966000117958,0.023715043994873217,0.07208038299870602,0.047355594916673245,0.0297659714190283,0.00024080250797600583,9.258461290502039,8.077579957950562,5.085949985403685,5.373511520721472,3.7347571442564713,4.921628948021082,4.678362618344767,3.7541324241278002,4.92459167654113,3.8565696270121084,3.1582126347455373,4.187545505723437,0.0034982699593185972,nine,/content/speechcommands/nine/4c4d2526_nohash_0.wav,testing,5.0,Kitchen.wav
2327,-198.85026380410454,24.22110614938596,22.425307869313016,25.83937483797081,12.68919549293318,0.8671610056339004,0.7398419210981877,4.356205925006609,8.428449919144416,3.64891482826946,6.5091342619830055,5.33788553806715,0.08836813049856573,81.21411094959117,40.25369584371518,24.526792189748942,11.81177527139123,12.18076246653979,10.459626720829467,12.246643920778906,7.341885917115621,8.661819717355094,12.14343207079611,9.160785518864477,12.621264829959753,0.0755400242669921,0.7982997504016635,0.29089112324862837,-0.35865492899013224,-0.7933148410123974,-0.6689465296825916,-0.43767779732063017,-0.052076039035920556,0.12419993915451935,-0.1845406288230528,-0.1816167715134256,-0.05399026174771026,0.24777943002932087,-0.0008745545581463844,28.378607397328853,13.952639955040668,13.962770083624578,9.049204706533303,6.792625383958421,5.065934500007222,5.443727847812847,5.136602962120454,5.995168507831927,6.0040282654415496,4.097131222251258,5.829185085683885,0.022657296646246713,-1.1665774039180896,-0.4722840314281717,0.4173925098397966,0.2696604469135321,0.3780392463856051,0.057660184133913245,-0.09027919795435287,0.11621107037329281,0.14022878399505107,0.11213883675100315,0.042055651768524056,0.2816803015756283,-1.3989085952440897e-05,21.58015660757002,12.758973597876045,13.844639037027365,12.880086197670902,6.8927923054982365,4.820998885070763,5.644387201736874,4.8441387021932645,6.845020389883164,6.821805364831998,3.550947199378537,5.863757729073676,0.012575759877840514,nine,/content/speechcommands/nine/9a7c1f83_nohash_2.wav,testing,5.0,Kitchen.wav
2328,-181.52979128321408,24.810547777600604,23.44238219055368,17.891097878284057,9.038893779036247,3.7210158984367983,8.982708121659245,0.2493082886331361,-1.746772211951602,1.7970905632140581,0.8519337544662509,1.978128713302493,0.051096663635689765,48.476615241664526,32.68322747438336,18.827359909079984,20.544150215748175,15.404793405085812,10.431457258922482,9.400177204312394,8.36244378857994,7.130417669144816,7.199036284626226,5.9908244885212865,4.930480197054226,0.012726480114067094,-0.785840698852806,-1.5841320987763738,-0.4092694726111322,-0.20764984767111005,-0.20672201891537637,-0.18086016248920758,-0.17981513967832663,0.2382786652106576,0.6260865645292786,0.5499194065425769,0.41305374679373474,0.24297117324557774,-0.00029746310845498114,15.681425022057109,7.684098127878999,8.058753547453449,8.262851692882846,5.462874981125623,5.94574989171635,5.1449639516840175,4.1149909893193986,5.213387780757678,4.26155604253327,2.693743008852692,3.1035008991522908,0.0043863617047766945,-0.29041252028243986,-0.4421425519845775,0.05260678045653862,0.22363912787042264,0.24468564272541748,0.2105367343780807,0.053379709634916554,0.1762567020460419,0.2773633404124774,-0.046338556308386666,-0.20956041847700474,0.1187584233171222,-0.00019353417058785757,12.0645454564228,7.40909962658921,7.238354424260551,6.601815014725517,4.945690988909446,5.91872180355378,4.868819757521385,4.975966714841287,6.596006308343141,5.483398101180743,3.4656710737460226,4.270666708697719,0.003829710789033616,nine,/content/speechcommands/nine/a1533da4_nohash_2.wav,testing,5.0,Kitchen.wav
2329,-203.90246987366314,23.146201596730847,41.415864859964174,25.757383209826216,18.08409585953011,9.82866374411644,12.762482953697564,8.867766862808963,4.164016265607722,6.196719903136961,3.6652309917584427,3.0474579506709696,0.05507746775401756,26.684193111581152,22.925360427879497,10.513013146731389,8.74304703436373,6.160361665298771,4.493951034457305,4.433073322640565,5.942489694385592,5.884629547100659,5.190660657689803,4.020479988234674,2.940794920452314,0.018195479384461963,-2.269967543627585,0.35059175104360685,1.0167773579375607,0.5031178743999826,-0.18974238009157982,-0.3209153477406969,-0.040560038075827747,0.09087839433779987,-0.14877145647149784,-0.016052583557357423,-0.003987684023229605,-0.12869941751148978,-0.00039023431318421515,7.991512799802904,6.159294157743329,4.004886592489519,4.788512276675715,3.8860104903840056,3.371472834896872,3.2150992422016778,4.591230770003311,2.9999885337144847,3.7496461911501777,2.8564099437454185,2.594880493456546,0.0048726458274846824,0.12244452122744558,-0.09530346712124456,-0.1674281599083366,-0.16021275642535512,-0.21914395937195252,0.06523871842532504,-0.06688133749410048,-0.03147731492464848,0.10975424515998554,0.07127358250386072,-0.1380375789347767,0.06978852356677283,-9.98574619491895e-05,5.659561081141318,5.718666053642862,3.8169870306931895,5.258513467869663,4.455132600509505,4.447266477081235,4.164639741004223,6.094819758702766,3.844924732620753,4.24268203515645,3.6389460376034215,3.3561735291686685,0.003106848146384058,nine,/content/speechcommands/nine/f6af2457_nohash_1.wav,testing,5.0,Kitchen.wav
2330,-192.13284761842803,54.74695652866434,3.8691958445460273,-0.06382896846249816,3.9654372365818693,0.3345987565478863,4.292501317745766,1.2935764717388887,11.591814690448727,14.86157372485966,-0.5682183618382932,6.721850104242344,0.0402444085965936,46.64485006706255,18.454187320849726,22.032182925954338,15.374261446286106,7.865630545003494,10.207163361645685,5.788679875636216,10.269112628226337,7.325510708256074,10.997857426332992,4.791558249086941,9.394946676118927,0.011614675489525899,1.9453081192779325,0.515204808238984,-0.5688061418991831,0.25758676895641636,0.13140432529146223,-0.4234017981665887,-0.4748945165589952,-0.11535024086640909,-0.28429072735704003,-0.016538900378165345,0.4654656586940208,0.04609048725804089,-0.000353863462805748,13.072336194521148,6.676524076396334,8.451310507545973,9.244348078166823,4.906389579318906,5.177344881800765,5.001932596554348,5.036483764677387,5.490525483379955,5.400021017497421,3.083884101007193,5.537491268258632,0.004790902122576704,-0.14508338212816815,-0.059154249568532435,0.16549792547975284,0.11206510638791108,0.030987474404005733,-0.017498874932931525,-0.2732512393753563,-0.1304413440432124,0.2685696804321928,0.025110072206470917,-0.016959956819954103,-0.22600202180469475,-0.00010700027147928874,10.432621360393853,5.9580862282526335,6.910322798772757,7.475927195320871,5.498794566434249,5.24860517211847,6.810938869654618,5.250798512330102,7.06603369450302,5.193632550606175,3.595033826835546,5.763473128429623,0.0029284581058193803,nine,/content/speechcommands/nine/b737ee80_nohash_0.wav,testing,5.0,Kitchen.wav
2331,-246.35868079599436,18.53487906693638,32.486365123317896,29.100980785726932,20.57413809528143,3.540942972019599,8.359521775233093,9.44904468241452,9.903041193002469,6.176156261794446,-0.39221810184109873,3.5501264918296735,0.06648050318472087,89.57752262285946,46.011999387355644,35.10182872160511,11.770417883793616,6.7678762192507715,12.610168645318902,7.831792741544988,5.773738610153841,5.936860518204102,5.096442711348852,8.176694343297223,7.373528371399211,0.05465637406732254,0.5859323154751832,0.15403550811377267,0.3011280334117783,0.04523244481003252,0.25568642131423414,0.02723845579285793,-0.24028029196967382,-0.24738089379745595,-0.4253108991222288,-0.11680146654999674,-0.22483134111310174,0.05586058716754987,-0.00010135781861120654,31.51897258015768,19.85028516005843,15.683537923854779,7.680890515615463,5.121347293634232,5.765106019790005,6.592416331712997,4.433767152055433,5.168836975031625,3.829673149619255,4.871682809682346,4.16450579756268,0.01846088139541085,-1.2376326931241788,-1.131735018788515,-0.4666553570144126,-0.031773743878869,0.009934615031887735,0.2630417494244896,0.16625955357042824,0.1937445395264195,0.28649245110330124,0.059730673708291465,0.049132806591834804,0.09700660796568732,-0.00014180857688188552,26.890185079404997,20.859094457915248,12.353059181784701,11.378821212821535,6.6121683970925185,6.182488383280066,9.224531868073862,4.40058950381225,6.499867778863027,5.75765021189657,6.183883969892528,5.081258158953007,0.013377910269091289,nine,/content/speechcommands/nine/964e8cfd_nohash_3.wav,testing,5.0,Kitchen.wav
2332,-165.55836736821118,68.46526620060698,1.9827636587614492,22.570065836542355,8.25055423119177,9.222158862749149,-3.648797505959437,1.1057432189140064,9.416433752742048,1.4765470265778378,3.3264651566922714,7.564145255221012,0.12450924201402813,106.74852544477066,12.818960963409172,41.69577933442936,9.950341582194156,12.743780458995069,8.382242981765472,14.125431665010186,6.96290332119231,10.847787544411972,6.602362254050169,6.249099685584484,5.502631188038395,0.12942042887668284,0.03679189412578971,0.0010872232602538142,0.2469055037953248,-0.03544932204617784,-0.0182888408701424,0.018435583551371156,0.031092016549920064,-0.06622366873795099,-0.37142087799411955,0.10465355336320113,-0.15812563165587137,0.0238506709751883,0.00010593463816950398,32.90954721219981,9.313794464549625,14.872517224599143,6.654002369705839,7.484437140405967,6.984788496087729,6.529293226854374,5.355512491346816,6.40114227437911,4.003008298785825,5.695051552132733,4.706306799886407,0.04065494482719536,-0.26891072803060184,0.024210311082984503,0.14664112940307833,-0.18764698537651892,-0.17047573945359898,-0.2328692554647952,-0.3021185073776311,-0.3600732200500242,-0.03452184865556467,0.03574911626724126,0.08643690400087181,0.07646164550837294,-0.00011435958246390025,21.79022998103535,9.093111636133381,12.51332382975885,6.412170660320534,8.648231965499765,8.315786817892652,6.94543366895657,6.702898158583569,7.45467827239269,6.142630975338312,7.276291620202072,6.016672657691771,0.01970667642643427,nine,/content/speechcommands/nine/881583a6_nohash_0.wav,testing,5.0,Kitchen.wav
2333,-261.4505666890065,33.153319885617094,28.046570658483056,25.93544937133727,13.411343969284555,16.548526646469952,18.50273125743381,2.2997861155389363,9.574914727388848,10.81252605632331,-0.8263612496363042,3.667902253861525,0.044699436315568164,84.60669623823185,35.61909071512937,35.758467581726634,22.788323370162228,19.698396385072915,11.122755874128009,8.304139716755486,14.21661285707884,7.04089134233597,8.147749356660936,5.7396335432042465,4.577670509798097,0.027611446673695954,-0.04556834038632565,0.09382158585315006,0.16101072801916277,-0.1631792187877635,0.10596170221939565,0.2090716888231442,-0.041264935201272834,-0.15058491231965015,-0.060859196263742206,0.09136124502366907,-0.2389429738855169,-0.17094140481604017,0.00036943559685061054,24.96330883850728,12.574351013388473,15.12556014019904,11.335526176769466,7.345197839655146,8.295665927649884,6.043652122441642,4.494408225457758,5.133647307413006,4.821268857926659,4.143590377659794,3.791497996342872,0.007134929795655656,-0.11981182802549976,-0.1079354171562452,0.028040271091168377,0.25250585794349545,0.15370035681906416,0.14813992752617972,-0.07019704387800434,-0.10466826081525535,-0.1661884973366638,-0.1648960228816409,-0.20253575546837013,-0.10991025268752234,-0.00012279065946737926,17.268694198556666,11.80253258084371,12.157771776288321,8.932953868968745,7.195586828330341,8.797913379145209,6.6229320030985255,4.574631792250463,5.342004206788668,5.173749304530905,5.8075147886226866,5.087143981441652,0.003232554051293661,nine,/content/speechcommands/nine/af130f12_nohash_0.wav,testing,5.0,Kitchen.wav
2334,-263.28831845155787,8.559264388934492,40.465637346962794,14.502579671232862,11.065880338866464,7.545167957611527,11.183159477306766,9.091541186950135,11.063169992329874,6.89901503273369,1.250815945174712,6.166821377258619,0.03734729497227818,48.23676658850735,37.83811948457984,18.307858989729,22.839393086308245,14.452662924161478,12.659093097795498,6.520392410111099,6.7045168223055045,8.186576582184433,7.309772416572887,5.303126918975996,5.484523829674388,0.012378988415737866,0.1769410154932031,-0.907467709767407,-0.8499920398039933,-0.4876753823081291,-0.12700252029524342,-0.004106865553186508,0.07705407908324438,0.2723942670870161,0.366920157279197,0.3043873849078194,-0.007108800425651623,0.29187398908236556,-0.00013952341771894885,17.044566347012246,10.702881097496032,9.522963259070176,9.865848924668116,6.875994440390104,7.67494654074698,4.708540091240404,4.779262345906959,5.087575969354872,3.892035860692057,3.150155850913078,3.8562603264592323,0.0034097074444884383,-0.6558248768752587,-0.33698976424700267,-0.12771763009565404,0.06197196483086801,0.10989592213563941,0.09531539398467762,0.24195452148730703,0.39235430733872484,0.04847290193714713,-0.046004321967470334,-0.08824043985591011,0.10031417729860707,6.0014426708221436e-05,15.325775930745769,10.035790314419243,9.368074099615487,7.9883129287732615,6.770646862989711,7.6527051015762035,5.633088667527208,5.270286120708715,5.870925015236276,4.135981562729965,3.5635015504522083,4.937935020823102,0.002483958775745046,nine,/content/speechcommands/nine/af405b69_nohash_0.wav,testing,5.0,Kitchen.wav
2335,-167.9647149195825,59.572354428336766,15.967630651256213,21.756565803822472,8.832293867868085,-3.782312017649141,3.641297356564139,7.704266858301349,8.022550846257467,-0.14611476055679123,-1.5530365870196834,2.902747498782455,0.09817956603365019,87.44609737082268,30.554711763159997,43.27212597655757,14.115288738674284,11.571322127587493,11.285345048427743,10.224429944628158,7.405255145158439,8.18238206435903,9.060577077388826,7.883992324113784,5.339177374406314,0.057474541913993954,-1.4555004706737154,-1.6036262678310964,-1.0259882691659679,-0.27855225080837487,0.15872266346228836,0.537217092982876,0.31717238395273567,0.24584470027562838,0.34898803692792585,0.3431949931637149,0.24562277482182573,0.1899209783698085,-0.0003687023155150875,47.20937724317855,18.990295048692396,20.290447893499138,8.097006856329568,5.777995906675781,8.002823885052232,6.474637817442843,5.54912173772796,4.588331736969288,5.841285229613663,6.422619927130206,3.6106822240939653,0.0257387589303723,-0.5493737193560856,-0.4607520319055893,-0.1751231274916729,0.2089355061114424,-0.27965607988711993,-0.30981712596365407,-0.12573544558435515,0.05366429124166379,-0.1641613925396862,-0.23477211251909877,0.0036113510587435136,0.046068702479577485,-4.9287080764770506e-05,46.109989971749435,23.971189413079976,16.491884651459866,10.253784646681343,5.860189826429122,10.72678612556663,7.3908459152493675,6.38788413597941,5.567959748303493,6.5699573285739055,8.810814928580044,4.9181603884923835,0.021056459744389473,nine,/content/speechcommands/nine/692a88e6_nohash_2.wav,testing,5.0,Kitchen.wav
2336,-272.5554014204396,2.9810185198911308,43.18377223226915,23.65099722775139,20.777608725110795,10.27183924190577,10.917692931585748,7.136839732656419,6.548153423457771,8.291399098960287,6.118783672348988,5.9014566949904355,0.042062030581291765,59.16670362490241,38.224580534690965,16.993327135969114,13.610719785157313,6.572100703780356,10.482680327657173,10.620857014822263,10.355684653758361,9.082502702310098,5.990042744825277,4.28098680714003,6.510991697914035,0.010008763985572586,0.8685094112970436,0.46815949787206124,-0.11285260719198197,-0.4638756924174902,-0.19595229402593067,-0.20317330242620166,0.16623404930565458,0.3123823294485504,0.09194484788695614,-0.18762706031679077,-0.18694925384369737,-0.17714660494642112,-0.00021248983760033884,17.550690254234333,12.208039410177893,10.17191429114319,8.360713795604994,4.332579873170347,4.6456366248504635,4.756047766043811,4.823086915833768,5.385133315779825,4.735726493985289,3.7196298085390405,2.8241263773794025,0.005263696839705244,-0.2507715992740411,-0.03882801070751422,0.17379213906987848,0.25329541926752813,0.20429930086977835,-0.05297086986672254,0.24464105000827902,-0.009589288709162395,0.07741835004975481,0.04197082546976804,-0.1560089566423665,-0.060325833284069784,0.000115524356563886,10.770044741229075,8.828614695806042,9.023229064166667,8.931311133640978,5.173882015721787,5.23997760521748,5.303979339196908,5.013528532439828,5.869116168705618,6.121519630467178,5.308114137819514,3.931637931593223,0.003920473301233674,nine,/content/speechcommands/nine/5c8af87a_nohash_2.wav,testing,5.0,Kitchen.wav
2337,-225.02283836493365,17.041458629017413,8.423145842757952,26.467772833960595,12.915370037222056,2.6739405260446,7.502285056470196,-4.8868529249559325,9.07158176624684,9.180679628376348,-8.243999660244537,9.861511489570423,0.07647589489351958,77.92975893569927,21.837239987743324,46.1067854777808,10.254068599835726,6.9712257003171745,8.148035767631368,8.925398756633898,16.788060533811265,10.572714772791704,8.19202686363984,14.038700780168194,8.749724196212188,0.044040263527836354,0.1654430191247211,0.21707179477666697,0.41546991901797786,-0.05713766735139854,0.31405724677235825,0.4684513281089035,0.8553426632750237,0.6066828555905086,0.30356450551450453,0.34037157173233606,0.1605859102007018,-0.04135654897140063,0.0008216910064220428,23.76192929019687,6.789804066940608,18.61544043365548,6.3722677968547,4.674865629615935,5.386826503973901,5.310231610531601,5.799121705082222,6.3022428517475255,6.006567178598178,6.278109430013044,5.841917186557835,0.015292624452732337,-0.5412067327311831,-0.38876803263074866,0.018450948843466007,0.02613669313946693,0.055937984283471506,0.3198260796437284,0.08742037438457588,0.038916908787401935,0.09286645673028857,0.10556318265506033,-0.01007501304038474,0.1114272736579902,6.30733867486318e-05,19.56353388158398,6.346716727121191,16.719886526917414,5.999791840089248,5.2001304467381715,4.851950115457755,5.864018191501996,5.914663326304251,6.327889863883027,6.751555456029279,7.074284358700575,5.705124218512243,0.008394417482050342,nine,/content/speechcommands/nine/4290ca61_nohash_0.wav,testing,5.0,Kitchen.wav
2338,-123.64517160394169,21.612331008106704,15.79328832449631,0.3072251303941126,10.257397010862901,8.881678058824152,0.6346387495841126,-3.9944063936439984,6.218625917905016,6.4953404684248905,4.2215203500682,1.9548280123604505,0.08415130224938576,111.95264006651259,26.05964843852415,20.379370094606855,14.995106598715394,10.342669256539535,7.869526496932334,10.337480158946548,10.141075706868735,7.96218400484317,5.090738988325596,2.752973232768745,6.917760427158102,0.042937017634160184,0.7721241369196699,-0.07403909449828823,0.07242417072864399,-0.385070334850953,-0.31892725996249655,-0.16149442285304785,-0.5555467442667763,0.08059149000621907,0.03439425549662012,0.18243647648173428,0.2981957192403597,0.4371955738857568,-0.0007655323296785354,45.25270040113189,14.704985160625043,14.440668792947722,9.464169749789436,5.3807209831490175,5.428559743265256,5.21581667075214,5.95881076357974,5.243047928262633,3.9564919210205653,2.797067671026027,5.144387143049931,0.013490800244201665,-0.8373445984702658,-0.3561594823108994,-0.05784814337111562,0.2125709510631614,0.3129614763903016,0.037420632672413544,0.07375498648739313,0.2553892202225666,0.22460985636098663,-0.10262003900119672,0.11517366556255515,0.06434261604312679,0.0001498453008631865,42.11511301042572,15.216897188910139,15.991108430396213,12.81280043065737,6.247009353308358,7.696273426185844,5.547740360872602,6.863679065014327,6.007205259317747,4.728535014486567,3.7487507410645153,7.297746480488967,0.011641012177639676,nine,/content/speechcommands/nine/8fe52b97_nohash_0.wav,testing,5.0,Kitchen.wav
2339,-226.94416894139118,1.0507119736363713,26.401638383594616,27.61730201181559,4.137423569872101,11.439290912055178,-4.277467404971368,0.4471350417164426,9.849923476889904,12.561307317074803,6.824299155148905,0.9022474610854405,0.07890196080552414,123.29067982955212,29.86702840202679,37.33675661557254,12.984574580082182,22.66229411424082,11.295782164983764,23.79465257428882,16.496051639460514,4.703288168726963,12.991544716067716,7.417853701425152,12.453427156406192,0.07613123264072631,-0.35187673077303183,-0.047309633702084394,-0.11281054282241838,0.11942873869757555,0.0479514645396957,0.120198551465304,-0.011921666326425934,0.08017645340557299,-0.09234348779801481,-0.2324265039153697,-0.22784849902663637,-0.13070831329972335,-0.0002913597610688979,35.22115653223246,11.845010998884838,17.39985035052518,9.007214697039158,8.318085648134836,6.713883251197328,9.4962028307407,7.957064116254899,4.530014268860811,8.59831797225823,5.879530998649316,6.430731606290457,0.02375011629682763,-0.1798791394787372,0.007460635717997377,-0.06163618846181009,-0.007349969211207844,-0.08050780441216515,-0.018346370245256812,0.09683265226372081,0.085847330846257,-0.06527353217511343,-0.15767952495284698,-0.23546237111095042,-0.15350814778201627,3.956674287716548e-05,20.07637673930856,9.860213648171518,14.151408776611753,10.362397832897171,7.611581011693781,5.9410536100823945,9.143394939036053,7.836056550213824,6.764579658002122,9.264453072716348,6.228386563881471,7.966870455395279,0.014841329586530068,nine,/content/speechcommands/nine/9a69672b_nohash_4.wav,testing,5.0,Kitchen.wav
2340,-229.8243079102607,25.270410805081365,25.918100317169902,16.45747969579657,11.626783780478437,3.57905302837531,8.369823825916615,1.4594268325888768,1.830968986286969,2.2811965053612573,-1.4499437083424742,5.904257575488097,0.04323494026903063,86.01055797387605,41.59313613087716,30.017033465257768,13.760467620513982,10.48117862199361,12.606274626404625,7.599699816802985,10.483353556221928,5.093205023006162,6.330619935658326,9.31037732671947,5.740805771151147,0.023668692868514144,-3.5062661628250544,-1.2776670278843858,0.69847701344257,0.9947080517509598,0.42857760747227525,0.15786787104539174,0.30009131269511624,0.07940620754333909,0.2737992312118985,0.4209638912458588,0.31946980337621567,0.4003339022374387,0.0004197742429471785,31.181703434519488,14.45114597338382,15.961366924190854,6.5598008508522065,4.773983637893586,5.899645074653657,4.558184523124177,5.677631615521343,3.0276188337906196,4.493152488086207,4.921620681014393,5.860855409554245,0.00996983522199422,0.2713537455726282,-0.1303304795595089,0.12727824430134713,0.24170861069923907,-0.025099939113871747,0.14319617993629058,0.15049054433923867,0.10745253107358206,-0.03088349968379512,-0.34149195392900467,0.28389947996087295,0.16274166260321182,0.0001852582519253095,25.122703694227692,12.671390304768074,17.431116974267496,7.588441043938198,5.77246449494193,5.8218256272387245,5.534643650583505,5.664330118276792,4.098374335944364,5.446521727503278,5.979210664735306,8.109590617473012,0.007396141281519719,nine,/content/speechcommands/nine/1fe4c891_nohash_0.wav,testing,5.0,Kitchen.wav
2341,-173.15352555795332,73.9139314697994,18.043339057154412,22.80648937356573,4.95269842731775,7.852521340781197,4.256694061655309,-0.0069043947672191575,3.1607252326031525,9.728820356289209,7.596697003768668,5.1960115764737,0.09557449060957879,96.59613325511164,24.557735656014025,36.779221272516025,20.394592447709712,17.749236229204445,14.697498831229623,8.42766644789455,12.979478040570578,6.213304913789968,14.529214990358456,4.175771534948361,6.790155675902225,0.07027614127531844,-0.22874943613712437,0.24183364390505552,-0.048098178059729185,0.18337250799080637,0.0720930460017661,0.2841808426735998,0.19660403640332455,0.0274055412835561,-0.28752108631380935,-0.040879301304175004,-0.021492731375273865,0.1378992041593988,-0.0002513829498521743,32.42108483280752,11.106814627275071,15.745335655557087,10.304857469327352,8.642016875695345,7.707882805259166,6.53856552611744,8.287347700545542,6.140144392959744,9.177124306109407,4.295062786645384,5.085949126667448,0.024042402410841848,-0.14083503486746546,0.052016349199741775,-0.10787493438112901,-0.14831754946313389,-0.1537507873774466,0.13301406726088755,0.1480059339169762,-0.15822432277031845,0.028970723112893934,0.07887381500716639,-0.21934028984247095,-0.3873467773709557,7.230788469314575e-07,26.203462133414394,11.292727034261098,13.71129208165509,7.977604209117495,8.087036172358895,6.88563706072912,6.72988846438945,8.63036495964735,8.373909359547792,9.577231679454227,5.906039830622784,5.7093973854906945,0.015144024712544286,nine,/content/speechcommands/nine/caf9fceb_nohash_0.wav,testing,5.0,Kitchen.wav
2342,-160.9574966100909,2.3195386285305655,7.596789311628772,0.3390382226137768,7.542264364378815,2.3593549727250425,2.8834990541196857,3.430594861982202,8.179049974516246,5.871446188452259,5.994487849529392,4.517194842832647,0.06148842838592827,108.0594332104664,21.542055321476457,27.066607976425615,20.969904962838534,12.207750515899596,12.582073899012736,9.746417439186683,11.711377429099315,11.700221817713441,4.831957745983624,4.500666454145553,6.457267747716242,0.022268676948610726,1.1321230871102856,1.3392331079466981,0.9127685776573897,-0.3412799406767356,0.21764782536641109,-0.8370075375146607,0.009210849133149498,-0.391902545182138,-1.1957883440380972,-0.40583926960312183,-0.00400700453009208,-0.18568910294744223,-0.0006364472210407257,42.74645911709966,12.370152875222136,14.842570801604618,10.403314225457843,7.793483725759208,7.011316035461737,4.739495061928547,7.275292255494238,6.43368730728032,3.9392907176795706,3.860240697021717,4.246046451959205,0.012809283601981861,-0.6707680053688245,-0.6595480461575453,0.22674356460054124,0.3991396381531927,-0.04537746584825169,0.37954422673262894,0.21055817166423357,0.41921804926642553,0.26369888915425377,-0.32391650393364163,-0.08224730889639324,-0.16598330925453325,0.00016658169527848562,39.902176821928876,14.368418584093435,13.86350587622027,12.651772176495822,9.031720476586187,8.745691939768063,5.630655880032677,7.79665762223584,6.648923811693154,4.554235316391108,5.319485120745001,5.424248048935496,0.012454884139868325,nine,/content/speechcommands/nine/c518d1b1_nohash_0.wav,testing,5.0,Kitchen.wav
2343,-192.18763863768436,41.63155352154979,8.177111835571385,18.090722532775406,15.669789502083686,3.308365149377953,15.825391804574558,3.4318044300986914,-1.8784994409822353,7.0351579649151414,2.6114125049294064,-3.5804550860055553,0.09270973037928343,93.6365937122282,43.350304671052626,35.91834616608212,22.8052871635563,10.687347581667817,19.9483436449735,9.4381621693968,11.529038748787979,14.092589163369475,6.720966828154609,8.943993982395854,10.514726764806953,0.05636013420406126,2.63735632380463,2.2722925323755248,0.5129505071165182,0.14676532729379346,-0.04544078981922829,-0.19213299225742383,-0.5159640485152746,-0.7672365687391999,-0.25540748736007024,0.19651145485465638,0.07509051692677135,-0.8238918052204772,-1.6239381605579006e-05,27.070795087280697,11.290218779194488,15.995434250744282,13.457081281371284,8.722432542849152,9.958022861263819,5.508297331481441,6.693384684832949,9.364209091249686,5.622431063689795,4.890564078098866,5.255014083042919,0.015003526164986028,-0.8130028999153427,-0.20145020797337262,0.8515091169575505,0.7073727931309037,0.031220278100827236,0.04168515434711851,0.06890386683106679,0.27052339614464344,0.6145210814056098,0.22889210682480432,-0.07468385448438604,0.1108075722480372,-1.5373528003692628e-05,24.192810737129864,10.882673441607718,13.95147879330288,10.698301518143445,9.624710973611604,9.985105827598947,6.0562604980968615,7.224879315566992,10.118893176597291,7.553844886984176,5.49412841495949,6.968147432722232,0.008147998128338031,nine,/content/speechcommands/nine/b97c9f77_nohash_0.wav,testing,5.0,Kitchen.wav
2344,-233.3242545313366,22.802263073251325,7.6141917377822095,23.88572041291292,11.195109422797008,11.526689172413796,10.509667863718747,9.92370978660257,14.582607388707713,-4.04204491740384,1.5274262149802356,7.86326656421291,0.03769483483012985,74.35662799145423,25.709018110808447,32.34583114142145,8.386822788766539,11.46874205349273,4.89611226472478,7.35494062846192,4.598972574433984,11.749686147100979,10.725957429503854,4.000464704464687,3.966043464040576,0.012492526396227227,6.9174573200367675,3.6362740453199955,-0.4440698097011868,0.08358034487043176,-1.5084333759312725,-0.5400759315164889,0.1613076163461734,-0.6791741135867179,-1.0951425155217516,-1.0727494495164547,-0.4402900284142689,-0.22176997228610446,0.00036174245178699493,25.584704013211006,9.499603823297951,18.837092277953357,8.083831231168713,5.541375902274737,4.44884546373339,4.807972842297935,4.336375250217151,8.201900230879174,4.632313791076179,3.6764308384236473,3.63132110728765,0.005151569091559121,-2.4087941518213616,0.5456907956526124,1.526693141975142,-0.5454802644757623,0.40640642612492045,-0.05359179959759152,-0.2948465202146423,-0.4106673508994381,-0.34824359284804723,0.4060046492198577,-0.42343751745756225,0.04070863989287255,-7.53745436668396e-05,16.72360909554343,10.955095122015107,14.339126126326166,10.352005565002615,7.2820015157413085,5.2576894456483,4.960064153204992,5.5873724054103215,8.06068485612175,5.800867588928444,5.321218089211149,5.213852661328866,0.0036808919866717946,nine,/content/speechcommands/nine/5eb5fc74_nohash_2.wav,testing,5.0,Kitchen.wav
2345,-269.6454451163999,0.2856999386954333,34.69659198580547,17.002920576875486,19.45724245998931,14.830090886351188,13.051105682180893,7.366991637643587,12.456792009850185,6.255867629151823,8.224374660320843,10.561056334905695,0.03165444072887853,69.4920528059446,20.047214900259807,14.97268376661519,19.59350940400404,7.530557014778954,8.969899337329869,7.396027183472828,11.819197669759763,4.738171775292334,7.884494006483522,5.1618658962833655,3.631839012078177,0.007322963141997822,0.43557002143799867,0.7780586520490176,0.9709676647987288,0.13422469879966067,0.18195808215438036,0.31397412982066303,-0.06936628951660098,0.05627370375436536,-0.1277728647075696,-0.18027137326231404,0.43832033663800524,-0.2670846653172999,0.0005843821339882337,24.60942968203784,7.15767284648036,7.573967697347065,9.625585683677073,4.545247841046439,4.90210650118347,5.0813311037655335,5.924136518297608,3.149384774112747,3.748302939972605,3.7209966433721315,3.3344298112525497,0.004812857397796105,-0.7366805186704574,-0.4203713520164671,-0.06597602243760889,0.22032836749526802,0.26877828643409507,0.3320800257659857,0.2547967223798753,0.19355655077871417,-0.11878082087147526,0.022187813048254484,0.0313060309721741,0.006218824748530807,-0.00020682267844676972,18.245498821438783,8.31909566572218,7.934629470584223,9.76450888308244,6.464818547794027,5.882051381243547,5.9875798856119085,6.502427825805648,4.619059704048476,5.048018635764378,5.272322166584408,4.6224165547762786,0.004649699658566172,nine,/content/speechcommands/nine/3ff840aa_nohash_0.wav,testing,5.0,Kitchen.wav
2346,-128.7757691147028,74.84300534722789,24.156833835289145,24.585875406080028,12.496364832666238,-0.26922082841489736,6.667558308181581,12.094636582697476,8.006527589779422,-3.148764372292812,0.8796981157411503,1.1332590622943437,0.11639740236569196,57.707556503012185,8.218402979527305,34.40127883129547,12.09983324217236,7.521822410442272,12.065249356147447,8.560580304090413,4.915005819783082,9.826870724715528,6.429429984801141,5.399074195204945,6.360446169584807,0.06728441162486568,-0.23241350863516702,-0.029092612784522073,0.1640151012918533,-0.30310065607176734,-0.006451200379743456,0.44589907813263946,0.4016226555138788,-0.2677186920058205,-0.08828347603235887,0.22439179985950994,0.20671430589263745,0.25132864771089924,-0.0013773466550534772,20.195186119516627,6.04279820424247,13.82653485874044,8.459236467328017,6.189290296126678,9.286648186746666,5.352332407828389,4.134233090446732,5.804503062375522,3.796516531955877,4.566359019402853,4.828255153750629,0.014752177743479065,-0.3751110090079378,-0.1500919860970072,0.07492586526784398,0.07692825347686476,-0.20518465184551868,-0.24818876580230523,-0.18722316634316696,-0.055252556374336355,0.31078910129793574,0.19388185327276178,-0.00502467329002001,-0.06568680150471286,-0.00030862949788570406,18.10249642320253,7.622494972250965,11.773349603099936,9.871930967839898,7.655136206737684,10.665108605899592,5.389281354843522,4.988704068379472,4.9957015480518105,4.300937575535858,5.414322347050618,6.103313748644091,0.007730273897730738,nine,/content/speechcommands/nine/d103dd6e_nohash_0.wav,testing,5.0,Kitchen.wav
2347,-95.68063356388845,72.45165216111312,-16.034939090137584,9.504728093119954,-27.136188911431688,-2.2682552064231896,4.162108837004573,-13.006581619527314,2.547910372146175,8.96684637275912,-4.879056565375315,-12.633805215264662,0.22370529163163155,71.92736462377505,28.629344502301,54.70659117355041,23.966328022178498,16.216553051125256,24.338602670258147,14.71262558233827,15.680911159006254,14.957582555766459,9.611069616842075,9.218053035093032,13.163228529003153,0.08831145318046166,-1.7973372211508667,-2.4243185747424603,-1.1119739330202032,0.5725244740371705,1.0042701497129771,0.01889219383222183,-0.3062038617630935,0.3023604428499856,0.17298421410884643,-0.12337224067416927,0.33750336726493224,0.6746024820648432,-0.005003432953549969,36.010682894678325,10.5130440076555,22.889671859205425,11.673929996668,8.4394087381235,7.745384160414583,9.949938356036682,7.174228719149746,6.799365005216981,6.130389201725162,5.532017016369927,5.976930263386067,0.017609676181608965,-1.4285915749338387,-0.4055277708637623,0.5212720458987541,-0.12498171722134052,0.5306426571553439,0.2609293358409068,-0.1926047867900756,0.39985609882652695,0.061703910821677074,-0.2068007184823408,0.3696876811743706,0.08244901660561584,-0.000766706590851148,31.33107004949257,7.841174819061549,18.49723062935827,10.853106030913496,9.815462120922245,6.252139366474749,11.518475537968673,7.2292224959646445,7.42161710264948,6.565644884597493,7.33120482759648,5.899643803573068,0.011882999765967414,nine,/content/speechcommands/nine/44715c1c_nohash_1.wav,testing,5.0,Kitchen.wav
2348,-176.52476640776104,62.22601723374441,26.179824343596074,26.887771023391135,14.780130519808713,0.7405105534790918,1.2561526433230683,5.406773065554515,2.9237297747857207,3.918641364535167,1.7501184154204192,4.931219789944372,0.16430978273274377,118.24886604820229,32.26480252699705,27.484424827062412,19.97957710408129,17.405208952889847,8.968602846513322,11.516853472474212,12.023217736092631,10.182921812971708,11.650134605313784,8.196320354466609,13.027671580950729,0.156753217776857,-0.04245892003136201,-0.8599031218251196,-0.6166623858171546,0.38362819816014454,1.2008971111694096,0.777683506804529,0.4825793656273725,0.25424268141468115,-0.38782507930072085,-0.5300458490994696,0.26733408622480626,0.423039931623848,-0.0005661451047466647,40.48979873887398,17.562022965938567,15.207426921447516,11.381292648348802,11.171259066220058,6.0778063024439675,6.955270855489814,6.753243310270354,6.885130438959897,5.218101622733048,6.140215283866035,9.190037982039858,0.04247443793450354,-0.279208223889943,0.23709568378656698,0.5414875847905893,0.46761018119080416,0.23156954084113507,0.20522045537705627,-0.4250005342073638,-0.5695906061067191,0.19236319542676958,0.2395333091344698,-0.0029162026921416857,-0.05757673254595659,-0.0001048055166999499,28.728155576588858,16.565133807367094,14.695689973982581,11.778970190864387,13.897332638450658,7.9472491152624105,7.094275977317508,6.737050482626806,7.486351184209592,6.208551896224688,8.316712265516113,12.412856334038391,0.022499792344033077,nine,/content/speechcommands/nine/e1469561_nohash_2.wav,testing,5.0,Kitchen.wav
2349,-121.83935966810186,45.17579173150176,26.603952144918487,26.255538366040476,11.57115469248608,5.19488937305967,2.544889592067963,-2.4146013157882127,-3.7088955254335314,4.797870674442913,0.6557713888472434,-0.21708057713800955,0.1791241416358389,102.11464289834069,24.105490532621783,22.34822091254158,13.150110432356772,9.60932898295567,9.840496593319042,11.806613889835628,7.633714480006093,6.958103836497253,8.277057829444981,7.189748410769795,9.258011839221796,0.17955040432514688,0.25906401418360575,0.7937210465111909,0.5200844751779778,0.2072999881709537,-0.1580240448783157,-0.35966811158455003,0.04618529975124449,-0.2700629444750207,-0.5773569714626373,0.1089419378293149,0.15778037094767683,-0.027355065990470943,0.0007184896497957168,38.591216082111664,15.308175278170188,11.759017222218201,8.849083262004875,9.8068593713516,7.448180449767885,7.708058862912317,5.927781644072299,6.431662952370767,5.672392750709745,6.931732766047594,7.866056439592172,0.051703435900250734,-1.3662066189466533,0.39249355983267736,0.6624540696252283,-0.4052953465173211,-0.350416216651015,-0.3260271625474372,-0.3081402204247071,-0.05336945624132762,0.3138471401510261,0.5632590288481437,0.3383781541695687,0.3278988582317665,-5.741647134224574e-05,27.51069389035883,16.590148233265687,12.59081358136777,10.586007718430706,13.840057244006353,9.267300615129978,8.926824414765763,6.620076188051964,7.993174887700135,5.549609404712646,9.28168813239106,10.564208133539879,0.03241983428173564,nine,/content/speechcommands/nine/e1469561_nohash_4.wav,testing,5.0,Kitchen.wav
2350,-259.457461726039,41.02619688338906,29.73544139095423,11.256700085384956,14.062981227163892,3.4018854641816136,3.7028619014422706,7.622430891198177,12.444139436580066,4.306960529791275,-7.023132819920312,-2.5084199539898253,0.043541859777178615,47.020125597540236,38.32115947168533,24.138879993091848,23.30974953738873,9.177127018245328,12.128437678666511,10.908703501383354,10.320737328246077,10.757304090028393,7.657287608744494,11.267353275808835,8.614234730895042,0.01155651431892112,0.37402375077870476,0.17153576567919343,-0.08942016285480747,-0.18944768265483852,-0.3646045159405044,-0.4130468413015353,0.06806270735547498,0.07952725525257084,0.07321920791222643,0.04161462925011491,-0.02453046187465538,0.14790642474972443,3.2655173732388406e-06,20.89799600190376,16.2129824089529,9.580001992655164,10.525879126431395,7.788239020492134,7.466963504363948,4.981221519211599,4.544485954187346,5.211568820537889,5.168558300768937,5.569098144087933,4.28017852454417,0.005008007857852685,-0.43334637304636014,-0.2234479167645048,0.029270803743695475,0.2416261593171458,0.603493749832745,0.4976224945203153,0.3203836676487796,0.2085385780003906,0.17931293621159472,-0.12009316318168638,-0.10065767324702568,0.13713771093436306,-0.0003531294564406077,21.164373898395684,17.000962138159647,7.193163393553698,9.795797957842257,8.968987953880077,8.13737027692084,5.515003937375665,4.421699090356628,4.805684654818289,6.315199667316799,6.553408036773927,5.513768628959236,0.0036890763522057584,nine,/content/speechcommands/nine/3efef882_nohash_0.wav,testing,5.0,Kitchen.wav
2351,-203.00664358732803,16.118093153056286,7.657394269733697,14.5358617303589,22.587219719055582,3.153658203386649,10.178487939109264,15.974283706404456,4.391822470087572,5.460292756611477,-1.9749197297328647,2.5850396934919257,0.08246621207217686,122.7081852571781,51.221030061368914,41.11971087601809,21.20208968624779,8.075194352431684,18.00270277155306,11.321056122691806,5.62103343501663,13.068412473316977,9.887858748655415,9.8622793690276,8.351156271588748,0.0692646903365989,0.8056968301491855,0.2849081023808276,-0.772490873949691,-0.7412493847974908,-0.039132547439429406,0.6559299585501209,-0.16572992262071742,-0.24702670744204627,0.39691243897847195,0.16348521252861004,-0.011239160707423833,-0.2832175346344116,8.071586489677429e-05,36.31587436576307,15.623126110247185,15.598274738314728,10.149218455286917,6.73117674249481,7.46391192477308,5.562669835886447,5.074409648020523,8.434809274803056,7.627538626014566,5.413891023763581,5.685265857358091,0.020106944746062807,-0.06898099966549959,-0.007570532431088613,-0.09957016150222261,-0.050685621508935755,0.136922483665231,0.11205219443436197,-0.002494382391956466,0.12521281690059974,0.011569262844693461,0.18899598923224628,0.2366377531573016,0.5776159305536941,0.00015859156847000122,26.326612022438926,14.6543938353832,15.004008830942016,9.369731728295424,8.903716211981903,8.291584532255952,5.920610274093073,7.305788252920989,9.326843051284108,9.75470838676242,7.085838091835206,7.167199689793547,0.010516988646107173,nine,/content/speechcommands/nine/47d01978_nohash_1.wav,testing,5.0,Kitchen.wav
2352,-265.008969188552,41.91442477875042,32.77091346521691,27.34389137946498,23.081249423996823,10.673865030160627,13.448823579262486,7.149954112777134,8.618686873424306,10.502527715699053,2.2416539676527747,5.602636872340808,0.07858123071491718,97.95679375883175,64.87339681617962,25.664312993140722,17.9653180841912,11.644849465873955,10.645056129226178,10.758274770613319,14.399263485782718,7.599881960427506,8.221857036667735,5.065112612640549,4.708796185128791,0.05116962397903522,0.31593678275264336,-0.26177563456380226,-0.30186273249433193,-0.30103580373482,0.04708227519010837,0.10094948528517138,-0.06824375992670036,-0.18657442958543036,-0.28676244579324833,-0.15771752591233665,0.15894183157374056,-0.20811356203726916,-2.1477500277180824e-05,31.590773061391573,18.680686799470624,16.07218617455061,10.488256593164495,7.1705675281106585,7.213253587656527,7.837348960159402,6.85151001618894,5.063811315410743,6.314741503793684,4.824886265297453,4.182699857190255,0.01622486416236712,-1.239144020608704,-1.3045737391682999,-1.1548207304309035,-1.0330992689777312,-0.645262112898752,-0.19239082795070098,0.226077872482027,0.31614453373341417,0.3358335621299047,0.46516816100968583,0.5979251636604296,0.4675381463262693,-0.0003479296962420146,21.461583197028922,10.68701264660843,16.294200560736034,9.519536611695974,7.416944993634652,7.675238628663871,8.811368257343837,7.514275933475332,5.209183760248458,7.503516199923214,7.229486974444955,5.179429977312608,0.011532787811397832,nine,/content/speechcommands/nine/e41a903b_nohash_0.wav,testing,5.0,Kitchen.wav
2353,-299.5023615962072,-14.225390608507178,33.195061567913555,19.39812132975341,21.2075637409207,11.747786271765307,12.394165202645476,15.012814101719167,14.445466577867627,12.789980897478095,6.893211601660597,9.750619536316915,0.040985040192026645,27.07502939048853,17.976122812817067,13.263934573224487,10.326890278338086,2.665450295203464,6.071083675705471,5.610547401401806,2.747516293581885,5.942159879703927,4.271183978598313,5.196512887828529,4.843109561932148,0.010040314421089713,0.0804437144982719,0.009804978867947282,-0.048225897902774185,-0.18589116865564898,-0.07406917712824652,0.15863257854509952,-0.16807691011201487,-0.17883928232797855,-0.25236849805271516,-0.21264328023937804,-0.20582232112969176,0.13399231121653837,-0.0003582341296057547,9.429958289518035,6.374966913960798,7.074629383620976,5.689221624833556,2.9407325838094325,3.7193819964752413,3.958108288267097,2.541051037582588,3.0425260592376255,2.9250737603074644,3.295697495746016,2.9187248983884855,0.006023783387022052,-0.36284450618985603,-0.25214333830731056,0.28166771535370627,0.16078334944547923,0.11544159617824465,0.09576435543371395,-0.07224494273952634,-0.19081044902504765,-0.11028886770002343,-0.13066917832544503,-0.05570094185273084,-0.04842678637956966,-0.00020049363374710082,7.402709120851171,5.774014182104114,6.159844583896374,5.63196470921617,4.215156164386915,4.714905303753176,5.522801106244097,3.720828330142797,3.589602277700567,3.5360624328379857,4.702295428619463,3.690989625356606,0.005117775915486687,nine,/content/speechcommands/nine/782c1305_nohash_1.wav,testing,5.0,Kitchen.wav
2354,-174.2050318401512,28.745116059168154,-6.851585410116645,9.70123402299922,10.336280077046515,1.7768649343218006,11.438084066182233,1.6112355813659462,-3.3842399470577376,8.73757523977942,5.168089118344589,3.3116255444571094,0.08625916007440537,69.41682083333866,18.943369236813982,46.43719002561346,20.248659779098436,20.075299202141075,17.34964982789053,10.869421438977591,6.407862779338103,8.219122967880182,5.601894303291632,6.721336942784661,6.107018737551058,0.07284609786031271,-2.6974052290961525,-1.3217104335061445,1.924228307159961,1.3924337089881755,0.11496261148966681,-0.15131277534247212,-0.007972945944581122,0.31182082851222687,-0.26216847352956585,-0.341432395154176,-0.3109539229448805,-0.22936947900504595,0.00016058404599466632,23.73403129212947,10.147884055691316,16.42185259916652,5.742294867210984,11.924707904321313,9.253596357113787,6.54332390214112,5.008458058054361,4.444208311183961,4.951675307124705,4.623541788892081,4.449964558484478,0.020676339620209545,-0.540487080774858,-0.22548852134710926,0.02702329841160941,0.15701521053394304,0.058372186069098456,0.0981673281513628,-0.04036249313456348,0.2331464217707838,0.20097983584970053,0.03173221587639727,0.2024023569727659,0.12289670130508765,-5.945935845375061e-06,18.543607667589907,11.337421562721367,11.183862830332282,5.988492477497951,9.325787742048549,9.452660319995873,6.815311690644523,5.843170125759079,5.126122527213946,6.259644034376514,5.350381784741974,5.497247223043077,0.011556272109734695,nine,/content/speechcommands/nine/798f702a_nohash_0.wav,testing,5.0,Kitchen.wav
2355,-244.9738165223711,36.03688253943473,-9.01266483570661,24.27728606236744,16.299829858118347,-0.014534356778349777,7.113143170494079,-0.4033088532354963,6.602357515232801,18.85780181868599,3.7584568163808068,4.86496399237281,0.05554848085892828,112.86484624316385,40.07545444193649,54.73206905792167,10.883998013191961,9.177238230070264,18.26564475103367,10.246574990916583,13.314997835880508,8.171441636540381,9.817885689219896,6.360490682418179,5.42774509873721,0.025441097327738475,10.179044844440835,4.467952760902518,-3.4353935677884326,0.8557080621564447,-0.5676901175673346,-2.3173299907013947,-1.8219309426379477,-0.8699356337665155,-0.09690078661447091,-0.07731879598509878,-0.835846678610506,-0.7037504585208488,0.0016327823201815288,37.530218863426015,13.60839979378015,21.18256507571724,8.223322203150786,5.927042172217147,5.704589002450932,5.934724000734143,5.3804619615358105,5.151963994639486,5.749487181511627,3.619184748084258,5.065844524365353,0.011460464662390733,-2.129776136480939,-0.4939410734061133,1.5615751501973538,0.6565534270610508,0.5965463841185945,0.6215235894514751,-0.672598590369648,0.16166528930986346,0.1638435718080718,-0.7084649188774322,0.044814445883442224,-0.2723539674828923,-0.0004626351463444093,32.940472959603674,14.193775208727224,18.811378312032712,9.926932484502466,7.7177362514348715,6.93117430394717,5.515478773435552,5.366212653645509,5.954709367919765,5.139813057284328,5.181977674612448,8.088652085891962,0.009242391630126332,nine,/content/speechcommands/nine/4a0e2c16_nohash_0.wav,testing,5.0,Kitchen.wav
2356,-262.20691424963456,-4.3516092111927644,32.652979463304256,23.772683151577237,16.50177625296503,10.692224305919932,5.4644399615886154,4.158175719776578,14.101895497877013,4.495168357758989,-0.47406067339199565,7.36734915385315,0.04052704287460074,62.788890586751556,26.996998464980294,25.342895424955003,9.996257732727663,8.106241733578536,8.012225243479556,9.637102935149985,11.138932710133112,13.170016997473114,8.339683538673484,11.974536681017632,6.497673015023681,0.007375437838382992,2.430862847421171,1.1841579358719523,-0.6967456357590284,-0.8206306370174519,-0.483744067834963,-0.11676469250624467,-0.265308022625778,-0.47672042105137075,0.20871750624646368,0.28014421844152443,-0.1354991275266462,-0.3064374856715618,-6.892387905428487e-05,23.997131178622872,10.46487359160252,15.380191934843937,6.791215669119097,3.9779298752159744,7.303971509636617,5.434512146035498,5.400294188760033,9.094716178110698,3.6740701303171583,5.21714839108845,4.514513680704895,0.004419071269377243,-0.8708545771334334,0.21568274613948896,0.5316163815123556,0.317060522199033,0.1441095602022854,-0.03636342174177306,-0.005435163682300755,0.19613602903931338,-0.14134450964399445,-0.0898936974865119,-0.020372063226005467,0.02238468686310918,-1.1948496103286744e-05,21.089334741394406,11.674819965844037,14.686481432896443,7.4936232253154,4.519383069672251,8.56184279756854,6.7058736040269515,5.8471551992715645,10.90664238486695,4.542317308259856,4.9286562329461,4.699750107748972,0.0034441145498895574,nine,/content/speechcommands/nine/daf230ac_nohash_1.wav,testing,5.0,Kitchen.wav
2357,-312.81724040520373,-21.5385218686112,40.74026907054769,26.5426223499954,16.32690499462347,16.051177422450685,13.921589247089928,9.642232674944621,10.201941911949744,11.35005631878507,8.522926948950804,10.150374341728924,0.03232876962283626,13.36327430864568,9.113898652202252,5.774223422153119,7.482458536802014,4.796576118547132,3.028269390411541,3.1991109084717033,3.9552102873480717,2.6522833514765893,3.886172052598054,3.9140088911970525,3.1823907338750677,0.006697618941469142,1.8840773534413855,0.9018481397941476,-0.769128096814942,-1.1335888856837353,-0.41289080635420927,0.010314080072087697,-0.34928744517719834,-0.471053448690776,-0.02869196001126637,0.44055247481882515,0.12500057089898584,0.01025692298356489,-3.244120988153642e-05,7.547578962992141,5.539494735024196,4.408181779231683,4.54415972979311,3.756331559531607,2.9169281657290207,2.9632529821250806,3.162864968580901,2.972406952141634,2.914479991997064,3.384381804091659,3.212235674035897,0.0034121458366518586,-0.06147261185548132,0.25725576259075505,0.21808158112968007,-0.07675766244167755,-0.1381393094922088,-0.12995829641601678,0.06937682409901065,0.19904044922242956,0.11403133725199374,0.14010559488080443,0.15710217556286796,-0.10451364509548554,-2.652661254008611e-05,8.664860819107712,6.576792248451011,5.424251327104593,4.761805546047833,4.398524777023641,4.104914499322994,4.30112316489626,4.294780696774387,4.262575649922996,3.4050642161053988,3.8848300098379425,4.265678568579314,0.0031095521410960153,nine,/content/speechcommands/nine/91223b83_nohash_1.wav,testing,5.0,Kitchen.wav
2358,-188.72700914345344,53.585446992706025,16.5433434404192,11.695850438186348,17.490027245805756,-2.3791879300352603,-4.870412749653724,5.6430786493047,21.64502030888677,5.5189265197724175,-18.814526525307205,2.0695922030682317,0.06620963877783372,45.67598434554507,28.867842105916885,25.787114864267245,20.014079436622804,7.340803074003759,8.622519010931812,10.594354627466215,9.173565603395604,14.184155154997388,9.649737309522264,12.276215312258092,8.559054511049034,0.026965099025764428,-1.009089599347734,-0.2530096824297662,0.850908383591189,0.3941366019320196,-0.47561581249359947,0.4094754884259643,0.40814066521335535,-0.6046679247445839,-1.0840332389790068,-0.014926204833562978,0.7357521860880132,-0.10342571733781775,-0.0004673069715499878,17.154108739612578,8.543751658078095,13.752638462841253,8.862072557626252,4.919436659861581,6.709427336829025,5.597991200736998,4.549502195384484,7.192286171641042,5.797297795369819,6.900815766530913,5.39334351308458,0.007876266781611546,-0.8900218966592632,-0.3712590540929195,-0.2502781783824221,-0.28366629216578537,0.10887326005508036,0.31808300277561824,0.08496576462511962,0.10986605228866524,0.042380233934792066,0.010554543822915466,-0.1670214678666845,0.020881233064612204,-0.0003320702041188876,13.441163876690633,5.731941145807407,11.02968486291741,6.959850713907439,5.916646318330204,7.40924809172967,5.982588485989097,4.916216396065459,6.5738524773124345,5.753677691451292,7.483508159841843,6.279880621119118,0.0039166680531362635,nine,/content/speechcommands/nine/82b99576_nohash_1.wav,testing,5.0,Kitchen.wav
2359,-237.9083035264268,27.259316321354767,32.28629306863953,9.660684118031782,13.52107986527755,-1.6527441847623168,1.666446365930472,11.435464541167308,9.980260763872831,2.684030390290437,-2.3124450746715084,2.987772366794967,0.058561079029459506,81.80100795450227,49.21898505367349,37.36897910490894,26.296683394875686,10.628762161008689,14.950903002943743,13.89731958021729,9.788222540965712,10.189084634712733,9.167480103625511,10.521024777991466,7.250863915890148,0.03406410997264593,0.46318148277089954,0.20902307950444982,-0.06301219394045268,-0.3382360270046932,-0.09164163669719383,0.22485622945488545,0.16757417232864333,-0.15156882844929317,-0.045247321342041825,-0.05126952722876094,-0.29824408863798735,0.016881536124459338,-0.0003230556124641049,25.259311726194515,16.02811193070424,18.423416549054593,11.53308520477117,6.483487697498539,8.510383268509363,5.71500007772402,7.195488049797024,6.598115880445994,4.26357956099927,6.575117728939387,4.0992154869923,0.012955471857299521,-0.11727778192419767,0.13840036656408164,0.288948851757792,0.1005547184952754,0.1347130026661062,-0.005863020761366873,0.16594009023195655,0.07753664766690686,0.04840284263949748,-0.20809643276713335,-0.29257074190085886,-0.062220575992396464,-8.531535665194194e-05,16.563393790216388,12.127608203206169,15.371335885140494,9.768190542394207,7.351788969919893,8.405522030703654,6.439438175864021,7.71879493968547,7.059391847591193,4.613587463653621,7.408817710505114,4.858964458980417,0.008355816366843988,nine,/content/speechcommands/nine/3efef882_nohash_1.wav,testing,5.0,Kitchen.wav
2360,-221.22315504968986,74.2624182556768,20.072988028540227,22.384737896564673,1.8101863709056973,-18.189429575380878,-4.748201526870692,5.271710393506005,5.02561069849178,3.0815907269785594,-0.9377660183759895,-2.0590628797145913,0.06335039448458701,70.86551444275041,25.261770903510808,42.22583509344592,9.645964150136688,8.328011017975225,16.95014697611924,9.243366294720571,5.32690287906075,11.576743518630268,11.187475393414429,5.625608103840753,8.139413197407274,0.0609609879696607,1.4074230555175486,-0.21638545747107718,-1.1422370942567264,-0.369198252261545,-0.20933716127779106,0.03248233202790909,-0.24080194566303456,-0.2693728070216894,-0.20828403903411438,-0.035511420629014426,0.3286048455715986,0.08314042735917075,-0.00041758100832662274,28.62127955042035,9.870452027269328,18.24014499450308,7.0712285460774105,7.165716728002866,8.158410568082454,6.014388265613853,4.875541090887948,4.790105971075262,4.580923350900121,4.069720187369871,5.51320026955022,0.021147066124226305,-0.8972351494026024,0.12445548334142131,0.6400447876248213,0.19799444688041348,0.35810638819506774,0.16560931946599983,-0.03701510817019559,-0.11051866572711105,-0.2095891347586144,-0.06901306682907009,-0.23053985533268256,-0.24275155577553542,-5.443984021743139e-05,25.037267307588504,8.578717026658694,16.22110718890154,7.599349129827953,8.27911827529637,8.304091549438484,6.81592195310073,6.880193361968524,4.817959986251652,5.364199456403246,5.3306417562280695,6.344122395795541,0.014247161132581017,nine,/content/speechcommands/nine/3df9a3d4_nohash_0.wav,testing,5.0,Kitchen.wav
2361,-246.0069955497544,-0.4403203956111309,31.659324632253778,30.335634106100578,16.18022664145536,4.011136993106218,8.144120932643816,2.4263993877848704,7.62515936998703,10.792062800045322,4.041628528828153,1.4847163403484236,0.03804459434468299,67.59794956252706,26.867375624526865,31.121684851283696,19.634948732294987,7.412302740468157,12.806145074356271,8.213838525264967,6.994605426285625,9.428233634349239,7.132160729189499,5.186415787512484,6.133797774908233,0.015160263481039542,0.89863520183756,0.12194969181766936,-0.45346894550836375,-0.5246824196281731,-0.1399472547946599,0.4165961748341178,0.7282221979925476,0.3227048687832758,-0.3672986067838711,-0.627571066889671,-0.618452537961445,-0.30465611499793255,0.00013131678344741943,25.201498658069458,9.237043295205792,14.457260922374267,9.821372589866666,5.568142582469029,8.3617580617823,5.800359968278257,3.5428094267625827,5.508829605162213,3.949302680591403,3.241428381105495,3.778666720216049,0.00609599360300282,-0.6292767256069377,-0.14939377471145027,0.4111300125823307,-0.018616049052696405,-0.27214903691766995,-0.21139854099570124,0.18433980136849695,0.033317001583567804,0.13754822083652607,0.08093868367933128,0.024006286464758553,-0.2213787070805896,-0.0001746159667770068,19.784928862926996,8.318045095989108,11.556723264568047,8.707447110697156,6.220286794965015,8.009793041881087,6.159336717687638,4.01809161392503,5.2686079447711,4.883089837002544,3.926234585314883,4.609849065983403,0.0036413885189502367,nine,/content/speechcommands/nine/c22d3f18_nohash_0.wav,testing,5.0,Kitchen.wav
2362,-278.50170694206844,0.774754700900993,38.97764581265605,14.72070697289088,16.954540241230134,10.591276069830453,10.225274855073717,8.073928085236759,9.857936189282006,12.967032430569917,8.385291147561508,8.556501213298702,0.044329099473543465,49.1138182912922,33.93908918499402,17.786464643744647,17.913399695828115,4.76013784677587,8.832070842109761,10.805286791123859,8.191049535103065,6.241137460161006,6.7240819777636105,3.2672250804320906,4.713852311555962,0.012643715081881664,0.6758791713562866,0.7223013098143761,0.4573205837034367,0.2536704104372394,0.037576858733018643,-0.06411326809495424,-0.18519648960227766,-0.4207334792510806,-0.4452100139918828,-0.32779584239805293,-0.03863417820051443,-0.33715240953368264,-0.0002597917712503864,15.296425536278935,10.462243213844216,9.400858498485926,8.866975685776625,3.7719322718644195,6.257613601063612,6.156373661234196,4.682061333556564,4.483836677498799,4.599077935975006,3.3228854729177897,2.919211147839161,0.007088879968972903,-0.37666428155122084,-0.012373332062541447,-0.15639183627628223,-0.04584632351656239,-0.18395586573341766,0.24111260726161396,0.2743801994070644,0.2213483876571739,0.30242001447416256,0.4000651548990061,0.1023741621894377,0.13943010207217096,-5.4768348733584085e-05,11.858409380130729,9.43567833505476,8.109412367410917,7.434377079410067,4.339807688481231,6.554710576394658,7.032525010100602,5.7952956090830945,5.3262045065966515,4.940653732098612,4.537021801362564,3.5754582449601178,0.005865930860204306,nine,/content/speechcommands/nine/4f8ef132_nohash_1.wav,testing,5.0,Kitchen.wav
2363,-272.6369434047734,15.452302568557803,28.580008169560656,25.558676103353534,19.555053269728152,6.575458486625191,13.060445773184185,7.157915855507153,12.215166711424155,14.00851342966324,3.634127751026685,5.346089673579948,0.037629050620157145,56.945855705136196,32.84971468788148,25.459074340410627,15.569675377641232,6.2941338914582605,12.254109117253156,7.924091589269965,7.033108817773845,7.672517546096615,8.316992472335325,7.396878876419529,4.881779779666363,0.0062169585159273615,-1.5785077252372426,0.2343662907762705,-0.57451516201767,-0.06221613607414727,-0.11555130881345946,-0.0603889270782308,-0.05470374802732124,-0.06606224767062521,-0.5492900505636245,0.2571638913138438,-0.15078641652911381,0.2802380125442297,-8.689951417701585e-05,19.39901239549139,11.197836918143047,11.570362642250862,8.898717690824904,5.7924845712155415,7.5663493266731106,6.353896649723271,4.835934510764159,4.871625337710706,5.020248193732148,3.656410201729687,3.691777067977387,0.003120358641270096,-0.18352607814318422,-0.15111779140191028,-0.04044592633958802,-0.1781971527638192,0.017848084913799477,0.10094816020681616,0.14798567175723162,-0.03840880531729622,0.03896696860008338,0.17651514437408158,-0.03805137299281611,0.03351686857114681,-0.00011826913665842128,13.616505429981919,9.7965077938183,10.254748034854412,7.84649157726283,7.053374569253299,8.76580209730539,8.02386463568936,5.6664138513079445,6.032746337173693,5.398473850636,4.421496867943023,4.644585433769969,0.0025481684025250913,nine,/content/speechcommands/nine/283d7a53_nohash_0.wav,testing,5.0,Kitchen.wav
2364,-258.7343253054652,54.07019083770188,11.937666365578673,19.24248829831143,15.910085510296128,7.714102329550904,2.71334076065845,8.704570008502344,24.036739424995453,9.543636751451775,-2.0073628953822933,5.46350328276887,0.05451064580120146,68.54175088125696,24.566754322862817,40.29417720848188,12.574733927188193,8.053692346069967,8.091004380052611,9.76886364506089,4.759586909885074,15.325561275997812,4.4142029812774215,6.203631115060659,4.86439278270756,0.017498638467070803,0.16419496534021047,0.0034211648704967497,-0.010349707761958466,-0.116337541262705,-0.1061688888320833,-0.021719542506081765,0.1258495879580465,-0.019708894968120245,-0.015780165601543866,-0.1847534756074977,0.12766409037491327,0.16452275445142156,0.0009361749454852074,18.86330664574544,8.015160258997842,12.470998126499463,5.350962457566498,6.516297657541965,6.12631494215922,4.3647559629773705,3.4441708544792746,6.16505242253723,3.732740294313588,3.1214241002153065,3.5154892816959054,0.009035082562891227,-0.33594546778041184,-0.057683180797775555,-0.00045548633871727396,0.18055773505342154,0.24341958974242306,-0.005575729976299856,0.202413120482715,0.031865114265134824,-0.0913918003921708,-0.08778289337201936,-0.018707891232897258,-0.09684316898211233,-0.00015399418771266937,10.437372954820836,6.9148498311463165,7.403683352911673,6.168315245391352,8.314591764490046,7.490081531002565,3.745898277450286,5.1894794359074226,5.929230825652095,5.38236582921137,3.9904884437956176,4.3628043440447355,0.009724026632775102,nine,/content/speechcommands/nine/bed06fac_nohash_1.wav,testing,5.0,Kitchen.wav
2365,-275.63726545940096,6.8188016850803574,35.77744835540831,8.027640542099036,17.146827475161487,18.58299758186945,15.521039293114448,5.8860344382559635,1.472186602810466,7.940452982663162,13.812164401721166,15.569530559572824,0.02643408751464449,29.642426032977966,25.943349480759224,10.26110636645387,14.974293499217346,5.339233925368487,7.1621180499493144,6.521761664626341,8.700373478802998,7.862742794425834,3.1251798746495965,6.767236953223247,6.160721277259966,0.00810954459911078,-2.233717999120691,-1.3876307002409374,1.2893778291682574,1.4172331369907312,-0.13861013411444734,-0.8167615830352772,-0.5779052597872514,0.35095529374403334,0.5313589849787539,-0.3373933423980773,-0.7301945003519096,-0.5546181231706631,-0.001063313875948229,10.620842074242505,10.165113396510655,4.122569709121402,4.257129053880051,3.692859370524391,4.859063726538366,4.447008260843617,3.24241360482689,3.05804287903463,2.693674634574711,3.3885446631457476,3.969924707172366,0.003421531157876212,0.12774020206393571,0.04140111950083529,-0.28765571955472435,-0.15243034660076116,-0.1331608841834888,-0.36843679762249876,0.0789159055176252,0.16150755669918737,0.07379790101789542,-0.18225696691708337,-0.2167271512538384,-0.10743310159468328,4.880760485927264e-05,10.112609588789434,10.497360449465384,5.229865624939935,5.259503436775708,4.828933673363334,5.864725668562476,4.886480036341139,3.9741840437635205,4.518958404333528,3.8968784808301846,4.078800699217335,4.280566050088032,0.0030978879368081733,nine,/content/speechcommands/nine/3f2b358d_nohash_0.wav,testing,5.0,Kitchen.wav
2366,-241.43400123483636,59.5329192823241,24.597881418229047,37.46929947562521,21.91302194239413,-2.8123248178158993,0.017266530319668183,-1.0619408394822472,6.014040731602485,6.315383671231336,7.554280835062496,8.863919458805466,0.08449365710839629,92.80578075775976,43.124306230423976,38.22519556182939,19.61860845684701,10.119324459104755,19.457900445057394,11.268993319234914,9.073961991881712,11.159519813095296,5.078988882924347,6.0257544424527705,9.814292925912037,0.055485622237641335,0.6796186526848296,0.7055330931383991,0.4736344408351925,-0.33976933356518024,-0.4235447809346528,-0.9037735643062129,-0.7551550688780206,-0.035164590456538435,0.01458333446480557,-0.05816537395743703,0.19958222424956354,0.2619538924757704,-0.0004259548600642912,32.330248727014656,17.180117861369755,17.745084986658213,12.924707410704471,9.524663852584878,9.752384792132803,8.034283191657172,5.913012086397468,7.690817610591697,4.133336468244649,5.113477415002089,6.273552436742993,0.016615544336610485,0.0513023891352816,-0.12559005143962415,-0.24583079275006578,0.026723897094861945,-0.014586897169348016,-0.07356317402598238,-0.09388138349322332,0.015290513536590151,-0.2673793476615704,-0.32626825974097606,-0.13869542531798013,0.2495512151264391,-1.9856045643488566e-05,25.193562363223098,16.77830061023416,16.27673991375479,13.534307149958437,12.611346212696985,8.583077593908204,9.54339951819214,6.779535601632285,8.047914180948263,5.662760171367591,7.380038822082795,6.459135258664674,0.011022550559795735,nine,/content/speechcommands/nine/c22d3f18_nohash_3.wav,testing,5.0,Kitchen.wav
2367,-290.99388666338825,18.650036536121092,34.23535164097308,27.575745532626783,25.9858325290204,12.102713388087253,10.720601921971902,13.589230349149773,11.17250676081396,4.824334429570362,1.372601865089877,7.2716632188833294,0.04140375292627141,34.988612558442256,21.810148246052727,20.29248941243357,11.256751145878422,4.733933685869042,8.765945095306764,8.45807230325455,6.419685853296327,8.218382721055706,7.991635002674292,8.186296776883596,4.5003331094578725,0.013920210125377815,0.254983965647671,-0.2526280665563202,-0.6699706344827672,-0.5388108709859815,-0.2989400652574639,-0.31581491847837534,-0.301126646042864,-0.5159238242099137,-0.6086871550231466,-0.013466344280663676,0.09963084770696987,0.06298062533408619,-0.000999902825682394,11.405997297515555,9.627785334723669,11.32928908426012,7.135558246263754,3.453080236712599,4.690971062173909,4.63868157192498,6.103489605851796,5.863604931602024,3.996599595936129,4.207988895594823,3.597492968733483,0.0050585788820888,0.25578586564723194,0.46961775283308815,0.2534477873606489,0.11384136080618674,0.04132665718854724,-0.25734658508138664,-0.11917959088322086,-0.09295138258050659,-0.2245857186003923,-0.046244453346085616,0.14935436106081834,0.2148870377926884,2.6774592697620392e-05,9.69264876566965,10.044314554313408,9.885193348145798,6.020022990604649,4.676096780296039,5.9359879088756395,5.758191090369605,7.685716705853569,6.559309235353787,5.266910932813552,4.8155052988247045,4.764540243161331,0.00351250214425978,nine,/content/speechcommands/nine/bb31b82b_nohash_0.wav,testing,5.0,Kitchen.wav
2368,-223.95776421312112,51.11866168052763,19.53747765547797,36.89841653063253,18.819557024497076,-6.829882494652676,8.949499418858831,3.8898022463795954,1.8001184658768468,7.264670908337016,-1.250002033538606,-1.7017341325196078,0.07863446575356647,87.9839643523789,38.51673406076276,42.02734278144279,17.521143189057845,10.487910242198575,21.25795319861958,5.838318245308709,12.292136746914286,14.510807793529041,6.899860719000812,8.077375374809039,9.867955021208996,0.04310815755216221,1.4060231482062902,1.1814059960672634,0.21965986541507773,0.21191655192966083,0.1604798707253855,-0.029994901390691362,-0.06226126402138285,0.19986521647206634,0.1622644985911477,-0.4118469894961605,-0.025826962402083306,0.10695956362673952,0.0005541375327494836,24.247677521170193,12.190986891680764,15.014742195723107,10.000721609639985,6.698604406090001,7.185536784395602,4.065709822371811,5.606684971442652,6.889003909339739,5.257669704032788,5.061944851879325,5.225611251109921,0.010988680200648871,-0.25722030648042465,0.11401509293569703,0.5634419729945765,0.23665153310990755,0.3066999129250164,0.3093747661859981,0.05437723399988593,-0.021045460844794216,-0.09918572609141846,-0.13342809724004184,0.011911128923724828,-0.0776512407677674,0.00013523747523625692,14.826009448749753,10.277830760650454,9.816031000441221,9.735454743043192,7.059659828807191,5.889560693844589,5.153994004582165,5.184592373833907,6.390418255408308,5.8638815183330895,4.532542211653108,6.0008075630807864,0.004746165106734423,nine,/content/speechcommands/nine/b97c9f77_nohash_4.wav,testing,5.0,Kitchen.wav
2369,-261.87462860622685,20.012606838518284,40.81623476012713,15.909078884965322,18.03660966358439,12.601480232039917,11.9845523302977,4.249888862686024,5.371419742274201,8.372250631520377,5.835205544676482,4.501705824337475,0.029440075886668637,54.35173136876194,37.22020894357546,16.714888521145895,13.958180410078425,7.800089442228224,11.673725046580218,10.964827678899695,10.214646721497262,7.296084919140823,5.866112337417182,4.32301682396712,6.512619718069283,0.007736200125491418,0.4221441057592356,0.13156883267195155,0.20159995419358015,-0.1925945380676699,-0.8172633473033344,-0.24605353901952565,0.21300799433727716,0.12525932286780156,0.535926051642425,0.06242580379510638,0.4940090689738396,0.12917351084485082,-0.000379513798942489,20.199574938308928,13.36534229878346,9.985459011742376,8.435705089866254,4.737641075381341,5.164139116811714,5.7150045979352235,6.268672734273095,6.77836796647493,5.240619822574004,3.690178447284362,4.094141984071529,0.003681114079853669,0.1903810886899502,0.5036028080877224,-0.4591757014167333,-0.5237184266681691,-0.21924848636930722,0.05013683568476918,0.05804861689005302,-0.23038145836314944,-0.04155444713889806,0.27794736931189556,0.3646174401495735,0.4758775273758232,4.236161087950071e-05,15.04183514734286,10.548173113183195,10.545680041276754,8.225185210065998,5.363720530536963,5.665536911741195,7.034644104925581,7.7360648527893305,9.394559988187556,6.059475969943633,4.752381022662761,5.109240418853655,0.0034393817136844852,nine,/content/speechcommands/nine/5c8af87a_nohash_0.wav,testing,5.0,Kitchen.wav
2370,-188.4675400453562,9.078929476943651,27.0458180087066,2.87795238853409,6.0696070166843175,3.571695982180175,0.6963013333860955,0.46499475888905173,2.538606461831957,1.4608393477076906,0.2307994744572565,-4.428349468344645,0.05776970705483109,112.36107424431732,23.927284028397967,26.434417889076755,14.864747263667326,6.342522238194467,3.896380173378703,12.165524325921815,12.473400763749755,7.368629398200807,5.9100236304639076,4.107000239486758,6.186340195569494,0.04918730716995936,1.1140461497076348,0.6249204802865532,0.43197839767328305,0.15797193842364218,-0.19922043604106504,0.20615237443604545,0.06928921193433639,0.0013184949541699812,-0.3274457771486449,-0.16475839883472185,0.02573251105214588,-0.12757817164176505,0.000356836304549248,34.09020065679405,13.256033543331036,14.44820124771039,5.563687359897303,3.817801710462651,3.0992564439276076,5.097440147928325,5.480182466560133,3.702567632791957,3.2107164004143347,4.031398865880635,3.7954166155777154,0.01696020579268894,-0.39833316356096776,-0.4412275134285207,0.16512622123431828,0.4720673266730712,0.20632445073791625,0.15331362260507644,0.1998227063549073,0.20135613308205866,0.26615528574616476,0.20967192441889038,0.14138974911409233,0.03702103389099198,-0.00018813877056042354,31.893316067736258,12.844429761254876,17.079153794348265,6.11694476258138,4.938605255778476,4.075018700327875,6.054628187174961,6.153742848836454,4.131589207618291,4.830721160480709,6.1624899881059765,5.40848785127237,0.012557285594730308,nine,/content/speechcommands/nine/aa48c94a_nohash_1.wav,testing,5.0,Kitchen.wav
2371,-214.0207522699448,19.821704798645488,11.123853768179888,22.916448187744987,16.35800553739849,5.171614406435886,12.992900811698362,17.980072876278182,13.537322688641003,-1.8544965157257454,-9.355754239205584,2.618122008318072,0.07756866788258776,91.08467098720132,28.787942840347444,47.19276545394614,11.412215858202348,8.936203817797418,13.282277143547152,12.204516162669005,6.231953262688553,7.308065100999627,11.13883240567641,11.238318556501058,7.191323738097659,0.064710225738327,-0.02156514347014917,0.23819167112009904,-0.2806611312143402,0.03516501518806887,-0.23106866938867351,-0.10681389973014942,0.0402661187772508,0.20581401829452942,-0.1523686065190004,0.17242618513541305,-0.4376896952777308,-0.13886685797505116,-0.00036202437214313013,23.734179473978568,12.332033320432142,17.185905390190214,7.772249950863964,6.654480190236774,6.667357696876462,7.504308748143758,5.104376784589082,6.00132833061279,5.685203901148472,5.719245218541833,5.478000067688519,0.018502224732970845,-0.2929335653785036,-0.13379609773236545,0.1818315546928396,0.14435289176771804,0.11667410868483691,-0.03388891108018785,-0.1432489741219714,0.02565880491384546,0.027620494510540362,0.1727371285496502,0.03033423140769861,-0.09558650593155059,6.800070405006408e-05,16.289337451940153,10.044242456570847,12.280062841180609,8.379992119761399,7.39431411353125,5.9031208183009305,7.504231559690596,5.901026622318555,6.843372416779993,5.023426737692787,6.351607413656151,6.385551669771861,0.010354070345089304,nine,/content/speechcommands/nine/9a356ab9_nohash_0.wav,testing,5.0,Kitchen.wav
2372,-245.96837796801282,4.212665142229554,27.904926650142194,30.220546489505907,14.994274097694571,-1.3808831159567312,9.710744433517915,13.475785149697415,9.59268165596324,0.41703319867821487,-3.578733718985948,7.823876525413325,0.06858639017445967,77.57858267809847,34.13483421145424,27.529383764126194,8.07241996364041,12.639128119090467,19.891288031181087,11.54238129121028,4.492149449073066,8.410347332446268,8.702357591700208,7.738722475796771,5.014000030602675,0.043953049492261205,-0.4343886182231685,0.25676643407576816,0.14788378544313888,-0.07658203093254626,0.014782290673118328,0.17116599008731864,-0.2981466451772608,-0.17424187868398885,-0.04088618683806292,-0.06838842768853788,-0.28909946779905865,-0.023623005485285672,0.00019872999720035062,24.620626556812255,15.23900120133379,12.193976903993166,4.858889586892405,5.7607802971494255,7.768632789858188,6.9602652690915425,4.018288171945033,4.154459093875153,4.616847228240444,4.432003297093971,4.11854953328444,0.01292817475159517,-0.32984502817763733,-0.11071274664831267,0.09954743616251918,0.13530566205118302,0.10480295725130642,0.1610979613204292,0.12360256351360939,-0.01369330529635763,0.2104790628837444,0.18612591845135823,0.11713605201252385,0.18397006047924389,-0.00039804186671972276,19.462008034032195,16.398864589755537,12.511329928643155,6.781495426165691,5.295334768589194,8.478266107504714,7.8095781554267445,5.18658684211066,4.249983536262712,4.978874064772606,5.546774183711471,5.444900127414884,0.0076908119376991055,nine,/content/speechcommands/nine/692a88e6_nohash_4.wav,testing,5.0,Kitchen.wav
2373,-110.28962328211145,61.27961342465306,24.042421092853218,23.168166127751427,10.392663243949796,-0.40593521353642137,6.779767335224327,9.995797552789707,8.267569154085741,-2.6670451881836095,-0.928013714411692,2.919918536443465,0.12340511672664434,49.055071773582945,8.193714006051023,31.562201902659694,7.230754075216278,5.3559991255062975,10.295979377878018,9.36556393708135,6.519815864261766,9.144560762487332,6.712999547456324,5.133648333715638,5.433572383764781,0.07058842705007397,0.23620872232865864,0.18944694797503833,0.09063953813161152,-0.08495189296846373,-0.06210123774619708,0.23755509662703567,-0.0273649407826642,-0.03237563883290504,0.32338589616992774,0.04919196781445322,-0.30603122184430837,-0.38291980067360876,0.0001749020190008225,18.436739480969955,6.157036639564485,13.128378785191797,5.518094187794965,4.051056209709743,8.396934534362861,5.20377675405935,5.374679088724406,4.291833395268057,4.306434805995579,4.142353750269221,3.456198443764338,0.02305683248953127,-0.005226462866161796,0.08014624572747782,-0.15771675506997945,-0.07524861197197161,-0.08415432500469709,-0.1444873445586632,0.06551130293702585,0.2760900716492191,0.01962877628984705,0.0310586366750643,-0.22172628308109743,-0.23882784589159237,5.429101487000783e-05,16.095470887238463,7.229234921869333,11.376741598304012,7.22279248505931,4.878056023381323,9.032322250548988,5.689539902776075,5.920254271092379,3.6643051074900153,4.21361424892003,4.545936046427501,4.186603078772951,0.018579434869093185,nine,/content/speechcommands/nine/d103dd6e_nohash_1.wav,testing,5.0,Kitchen.wav
2374,-221.74139791316037,-11.441010170207129,28.661812730803444,17.0109574475955,10.542901688194558,3.266146610345172,7.475637894021835,6.517422098081452,8.154654788461022,8.574941848105627,3.087227440415663,4.401737312344648,0.04003240686142817,26.71461369847876,25.801777699886642,5.22662696847679,13.94321062524944,8.63240005908751,5.1331289278396195,5.794150712657346,5.25111284518483,4.435838916353348,3.3826773096483818,4.304217558708484,7.791207908583982,0.008455515037539753,0.14392367483044619,0.22158218352980796,-0.21706680752657206,-0.5541658275108639,-0.44374215960988433,-0.6148371678007651,-0.5296716519700065,-0.40274383637261785,-0.23269045001884953,0.21525835521823594,0.44965567361328285,0.3579833078622053,0.00017119631651909122,12.06269642901225,10.982119305231679,4.200678433430653,6.286604090548193,4.5792824962336365,4.151892145939789,4.840758621103214,4.1430412991298375,3.887865808652123,3.4170523633332612,3.269713599022443,3.5849310985046405,0.005461711329873377,-0.18234126920798513,0.21739085780397324,0.2579345997229659,-0.025433373418039907,0.013595061209057105,0.13208257127993936,-0.07623837664237539,-0.16599229616483388,0.06289300858333959,0.11660883938455825,0.13913225891295347,0.036358155024509356,-8.860193192958832e-05,11.341586833292935,11.021696000262049,5.365910420502648,5.0256163786260855,4.7326081585771576,4.9388126366721385,6.106682532801469,5.225273310525067,5.5378333660073435,4.621495883267606,4.143505164859429,4.456491153851393,0.004546539613624111,nine,/content/speechcommands/nine/863880b7_nohash_0.wav,testing,5.0,Kitchen.wav
2375,-263.65694409264245,29.2079885078893,20.015238097197187,15.708208240556093,7.479384923692501,6.0301199493322235,10.892030298742945,9.052347790248895,9.24720758189096,4.764191714250491,-0.3668603550797516,6.524058631857833,0.038167120539583266,40.528403214034334,15.235696148801432,14.349134846228845,4.86929734204727,7.8102148761696135,5.7443536284684455,6.157455067709426,7.655616647638865,5.560987026527397,6.130754703815301,9.414192562488227,3.757988002457759,0.010334827530450893,-0.03357703275415889,-0.8377910876411961,-0.4648238401148764,0.07816618683403358,-0.0079850305251419,0.2195366505769282,0.5782945448089918,0.6368952717288532,0.22827269467165276,0.29328149928191727,-0.22367884826049533,0.04173465709662984,-0.0005537817074406532,10.223217890039122,7.491449489818828,9.261411312229045,4.048037805682052,4.272171540286342,4.409016475372437,3.675332252061703,4.016004224154883,5.27966348135242,4.705194655783062,4.242861577420799,3.6918344955028055,0.005726900936438346,-0.49987356904859437,-0.11897251664556378,0.17922637992922857,-0.05630769988455426,-0.13621516349934074,-0.01481850294236704,-0.1263597553613619,0.2041871839608308,-0.002965242005040203,-0.16462508551554839,0.07115818793150129,0.07959438258311108,-0.0002605256314078967,5.826669062962973,6.402331664104953,10.381742511887824,5.280723492808201,5.089752732865741,5.259970200186043,4.125236006142254,4.321226468452006,7.013646446469742,5.561017209550422,4.925040666740745,5.004542979849722,0.004274010995436929,nine,/content/speechcommands/nine/ea356919_nohash_1.wav,testing,5.0,Kitchen.wav
2376,-222.2651675307386,45.43037046781312,36.34294009302248,12.630217146257285,17.779367833086646,4.802889293846084,-3.9667384152290053,-6.30555985660246,4.245864195116852,7.386202769098201,0.2837117010695439,6.953103879871226,0.08329422830138355,79.27048021321839,57.907871967997465,24.531815689709916,22.868481611440462,10.892665363074503,14.738576062439748,18.794403033763775,18.061736616532308,10.789907213054777,10.667610535567794,9.08962620031286,7.533177551752433,0.052129578286632644,-2.5234743035253833,0.11237883071356142,2.505031044109482,1.3170948656140269,0.5044899060396956,-0.18646450512970103,-0.42866974336628594,-0.14043406451270088,-1.020901445802106,-0.8618144614822469,-0.2600901331541061,-0.22966140664591744,0.000441980097563036,24.532012097506758,14.811290884959888,12.886405082646483,11.501721943996074,6.2156105868215095,7.886591828121355,7.97151369799766,6.7077108145285536,5.838753817601573,6.226123509952364,4.722905118660017,4.716450184149623,0.014992425104291413,0.39170415258233693,0.1737816042182795,0.11356409962803558,0.3452831409120859,0.2143567153683096,-0.2171183601546412,-0.04652368501562793,-0.10107343018033989,-0.18111841608898552,-0.05194417391888309,0.13139162360762474,0.07297135730013471,-0.0002594793836275736,17.42785078231715,11.367316426612058,11.63336985958709,10.363296930362614,6.666577500094039,7.708460177621801,8.108766719031802,6.786749921701964,6.994714472173815,7.0771079061129525,5.71746646218825,6.517593130778741,0.007682552437877421,nine,/content/speechcommands/nine/83957201_nohash_0.wav,testing,5.0,Kitchen.wav
2377,-211.73765104306074,28.15845548500829,32.24748771193201,31.274330908722686,10.529639346573573,3.3391270322992215,2.9543922543015806,-2.6651302314023857,2.07825881343404,10.336763118645495,5.1936005700890036,2.216484009379543,0.07303321082144976,114.84423445759401,28.81637387606787,36.68740429385734,20.18433810709903,11.740967226640432,12.271997171347028,7.427762279707216,11.387233346624535,8.290042375440743,9.27075049010792,6.578843731300134,8.260018235802486,0.07281173622109331,-1.1118573403540248,-0.05416905000615431,1.2664695528809793,1.2696059441432144,1.1055507900743398,0.5526606445912587,0.5189532864784401,0.7867395753160397,0.06714637278967917,-0.6676812614115151,-0.38058358484599597,0.13012194738661367,0.001305597143307809,38.320990401939184,11.516034660498175,15.900865113395252,9.35743812785035,8.920423521824057,7.445110148310383,5.657768439174624,8.20142654936779,6.030284387362426,6.7312164876532306,4.543815325725431,5.239805667353063,0.022399634624723618,-0.9027945994412699,-0.41243097238055915,-0.22622784630914244,-0.2005656879670423,0.014873476728187758,0.12481304827536152,0.24638173341692304,0.33917329415574726,0.38653336074785327,-0.03464172522312463,-0.1275590207096668,0.17024768069239107,8.412804454565048e-05,28.892609443120516,11.221062739313487,13.792666763014296,10.261496236744318,11.175700319972371,6.5998078457843725,7.25291964461333,9.448690946852384,7.880542062740198,8.384657468114279,6.001415757562168,5.414528109692105,0.014174586111139698,nine,/content/speechcommands/nine/c22d3f18_nohash_2.wav,testing,5.0,Kitchen.wav
2378,-218.22785878898165,30.347838237251455,21.391555645448733,10.930799222012844,10.455942707315469,9.260655878437177,3.208532603534707,1.8418822836353652,12.041136885691115,3.378338002973501,-2.306652007499435,6.361883181185072,0.033346602624213253,57.27450376351096,21.067354249441046,25.2338118209135,15.039544587314774,10.357082451063338,10.080013007889743,7.713392581586931,8.53807192906625,7.9084892617175635,5.4006308332421895,7.4361403193149105,4.739614913827882,0.015259391378953411,-0.9509158489528722,-1.5447723708875445,-0.1069561742129799,1.0634831785601917,0.8728531287775153,0.5240698265914392,-0.07085470359635139,0.18394723402235957,0.5197078657946165,-0.18211160527330164,-0.609639137546452,-0.4288207267367268,3.118741397674267e-05,19.676739163321837,9.770254674276922,11.86513871382099,8.261368771082743,7.469561757628123,7.0660900514003835,5.846377986390536,5.12129965710665,4.982201149490857,4.694723077437346,5.27399594343443,4.010986099153259,0.004969070047194369,0.41539648709466975,0.21139001548040562,-0.5106235536174413,-0.2929825074673429,-0.004956034547172123,0.19590244083181385,0.3275975072489416,-0.23745078658508625,-0.04295231818954541,-0.22874399452169014,-0.27159017677314196,0.13186813981109707,-0.00025843970477581026,15.563527650343275,9.359950147743254,10.95059750735949,7.239226840014912,7.647270202799412,7.793474856084259,6.709801753231081,5.6436376492130185,6.479106243735537,6.361716283402694,6.656943674941686,5.484041025967432,0.002983249762201901,nine,/content/speechcommands/nine/d7467392_nohash_1.wav,testing,5.0,Kitchen.wav
2379,-228.13046786989582,16.67289346341964,27.980190955379907,24.847407817703168,19.271438586606898,8.49530995501531,5.564260682614021,4.222629789898644,5.593160375568124,-0.03658453582288146,-5.394707501562298,-4.0213085543373115,0.08788175228983164,87.89103274562945,36.24157531849471,41.96889613620259,15.490992172819373,8.461180338411875,9.765586794753554,11.858513026554013,10.30863613713381,10.101909715095141,10.323820375736805,11.42597186680281,12.433319388964701,0.06500521367724826,0.0862344249957177,0.0050971564858105604,0.635644549693093,0.6641404938138122,0.1843258670954179,-0.20314033525583003,-0.4347687043659713,-0.44288755615366854,-0.2752094192355147,-0.024068507501435042,-0.09988525635328187,-0.2047887830391608,0.0004666128586376867,23.51094681862544,11.022093513123915,17.45679811947511,7.946054374814783,5.627806460301884,6.917776632320188,6.018642257279808,4.945272476154426,5.227560083781013,5.751818373266121,6.305078449221592,5.999600453124772,0.01792646582053762,-0.7723814019683611,-0.5263631638592121,-0.1742698741410462,-0.35836752980365577,-0.21478838461166774,0.25873032772989624,0.39655711382874326,0.2178050636867143,0.23485507457519225,0.18506104163624432,0.05457120795004178,0.30181103509581114,-0.00024163095901409785,14.594044115355999,8.946088956564518,13.07423331448924,7.816503106713852,6.42785947655802,6.846086728692671,5.929884954345214,5.7489382613201885,6.62655875637018,7.150989857891524,6.80623181134535,6.957080166021311,0.01123529278182756,nine,/content/speechcommands/nine/6f2f57c1_nohash_0.wav,testing,5.0,Kitchen.wav
2380,-239.89935987774012,46.222671252314555,21.722197422765277,27.810055006450185,12.987062141924007,6.383868468945608,6.2447424413308195,-4.996929860671829,6.061988970742768,11.318745627700192,0.8930652593469373,-0.5568711181059189,0.11269617546349764,112.34514873943499,58.469866536828626,26.209130342155277,13.231715578171167,13.942984840156528,12.02889795059357,10.886266065139997,25.368568238025166,9.0293721412731,12.21851133444717,7.282640249358017,13.953233361581658,0.11794001015225312,-2.6364829531499843,-1.086379517806068,-0.03923177605802443,0.8275662505175306,0.7860595515182832,-0.04978303592343624,0.318374082605149,-0.05116060472565725,0.34044002498256787,0.5404749557330953,-0.25357413908194154,-0.244902564300286,0.0007360619643042164,34.68099446126922,20.806057242105137,14.950453725642378,6.69843867475945,7.276642754811258,6.002578772461331,7.9768029510056815,8.322326110270362,6.127513438013863,7.826221481637143,5.543826126156886,7.691988312366767,0.04270586739700511,0.2707020062548982,-0.11467202129705918,-0.14543453958257438,0.03247899713576151,0.1700312322563498,0.2132802437209436,-0.1289267271589246,0.06574953331572383,0.03580849518843211,0.11000932096195391,-0.15021308678771464,0.07834660644792878,-5.348647634188334e-05,19.926701937897796,17.719727978434133,15.97919650094452,9.440882841044907,7.231298725245856,6.704364617404339,8.163455093477797,7.384644878379252,7.752255862504575,9.183310983474998,8.316662020878274,8.984734134338606,0.040040891371263584,nine,/content/speechcommands/nine/e5e54cee_nohash_0.wav,testing,5.0,Kitchen.wav
2381,-259.4862585180555,39.20652169176735,11.808368426428776,33.151194111424864,17.522204261368273,14.06120537298326,8.877221422784922,-2.195157844289391,7.231069533263391,2.034336037841543,3.599948509667943,4.479085296769731,0.06881254882318899,104.32498858387507,29.613345639424544,48.1750115845806,12.397937307380296,14.838380626414608,6.930712915490133,9.588879418245822,16.405321078155037,11.082777484969899,7.820682621981138,5.4330047606808485,8.539570101237185,0.04524264857719719,0.3780563003495962,0.02322961661453249,0.059957283294346735,0.1263859964386374,0.18807037530606976,-0.28056566200357425,-0.11065837961714484,-0.11037883176286785,-0.02913878406834454,0.012930534502460128,-0.10535750895022515,0.04949019289195814,-0.000780205572805097,33.636383223408444,9.957422030388996,20.229602753533296,9.125772734570706,10.6404646540285,5.624730764222242,5.095008582511044,5.984421265097301,7.2343170208950776,5.451143778827106,4.737635528435665,5.805262201063867,0.01748776180418209,-0.40495627182461175,-0.10813463174967879,0.3587015073493409,0.471726163616283,0.10518835551540245,-0.03149744045218273,-0.06864338767758772,-0.11035882262760903,0.013381468079802753,0.03378991307659289,0.13273745335630338,0.19913385380162285,-0.0003845483064651489,25.226344828035103,8.407008598700143,16.552290038254903,9.176187186586464,13.90083873743483,7.060620568709845,5.971792808742272,5.973364860262319,7.845842508304281,7.395314353861588,6.773813456386378,7.267377490600416,0.01048128386217403,nine,/content/speechcommands/nine/cd85758f_nohash_0.wav,testing,5.0,Kitchen.wav
2382,-211.54068884590075,-9.266394863115812,36.03683950747458,19.69566261358316,18.816758469315197,13.37510494557204,17.627788994676308,14.533773362010734,12.874493284569926,11.912388341968855,6.895793419326402,9.23286378143506,0.04758072015829384,23.275386781846937,18.138753680996814,7.048801305375712,18.045318841717076,14.205666392993589,9.09420514484959,5.775435704043282,6.8349493485482915,5.2442549251594395,2.878613090875957,4.192180286815847,3.8308942271795403,0.011993028259884294,-2.20227237734722,-1.9169873230506183,0.550338891710875,1.8370588425825527,1.2794643616497647,0.38648480163144994,0.09432911280001098,0.36108615779058817,0.5177015456157,0.0024246307035666165,-0.18815599808759703,-0.2636488570437229,0.0006066136542827853,4.6508756719873885,4.8227889994944295,4.019920799979127,5.030365500588148,2.7376292070537103,3.038842901902694,2.8360206626260434,3.1074705502981463,2.519338597010967,2.9170187358075537,3.348683244231989,2.647015287943754,0.005227057672703002,0.12437917138674948,-0.34877709489431885,-0.1215133529863221,0.21281649709250688,0.006038184191061309,-0.13468542979699952,-0.14598204725727004,0.017225762712517294,-0.10478769606328862,0.001000093852007744,-0.2120144253833322,-0.12634619421217003,-0.0003112903485695521,4.662319316876945,4.932208964339492,4.608194938643285,5.69995496164704,3.533443995351478,3.9266751434621305,3.7051651774840155,4.0210192956736694,3.2002204082940886,3.7890457525097614,4.108423541455927,3.4667195324278652,0.005580119016735475,nine,/content/speechcommands/nine/a591c2ea_nohash_1.wav,testing,5.0,Kitchen.wav
2383,-213.97737369540832,29.11487438047308,36.25577847349577,25.659655932906873,10.991170600763615,9.679048209743563,1.9280242131850853,9.82206565884929,7.123954153316608,-3.18730550828192,1.496758338175752,1.320451333705798,0.10148639167891815,96.79882664366733,43.60381356155799,30.257310362024885,24.671963656166266,24.427427249696596,17.41684030676001,19.679568338490846,9.136821448454931,10.253341626293944,8.87611385057943,7.971642384536877,14.907445314421942,0.06739560007354618,-0.18044514922842375,0.2200272528768054,1.0295055984113022,1.2736089300764504,0.7600735197872983,-0.18098209919935068,-0.5846168380382285,-0.2512487827753388,0.11403318762646135,0.5708086493841102,-0.10732410045235106,-0.8726611582692,-0.00011396396063989209,26.016502959071932,13.602395673427907,12.728804080050164,10.535643461738553,9.555165295488253,7.424107951495392,7.798066259145279,6.930193965601491,5.695787835079267,6.710238818338714,4.860758799487007,5.859251558484711,0.01608282168364394,-0.5759984237579964,-0.4007711719569233,-0.24713028900676312,0.07557061711190123,0.2707452156660762,0.3717980721020819,0.41248132512563984,0.3089281202046994,0.09412758379424803,-0.17841424035172898,-0.1448353872932421,-0.2870607204918811,-0.0003398468097050985,14.946859771105725,10.72139906273512,11.66491510893291,11.30479681118132,8.06319485953647,5.9303387809951715,6.72408762251871,7.9379968385077895,7.668309396672992,10.112174259952068,5.194884526834452,5.37819745319882,0.010053228102049035,nine,/content/speechcommands/nine/9a7c1f83_nohash_5.wav,testing,5.0,Kitchen.wav
2384,-211.9595517356051,52.47698067330138,9.683748314288918,20.1631361961769,5.6840967928481145,0.7096203651236657,11.05088057004742,1.3111070316990585,1.5490282873115588,0.4233979530874221,-0.4823860951814146,3.9334906049143616,0.05584563949378207,62.64588833296989,28.622057695358567,28.52929361860941,16.584320933051384,13.264462536223565,15.892174509331106,10.676023309415024,12.43162605974857,6.947303846410035,6.950491970021637,7.345183003073267,8.333923814045699,0.018459977143943505,-0.285613018323358,0.5485940693805585,0.059025630348720534,-0.39933435822970814,-0.36533564738569974,-0.02731182932192147,0.24901430079367107,0.202426610624696,-0.12516459970090438,-0.07876261242771214,0.07506166389307935,0.044574847068473346,-0.0006519538620787282,18.817249135692382,8.691945782904538,13.371868297058011,8.712424165700822,5.403993932095785,7.47926175589426,5.969366864789708,4.870692032669736,4.905945683444056,5.399312564046703,4.90848143608415,4.606645287479717,0.005627659067772286,-0.28439652227703316,-0.5738415546941464,-0.09269762522488433,-0.3313730852104069,-0.2967283273030724,0.11715621287941573,0.057106897707972296,-0.011520184310624574,0.030975673804534736,0.10284086350845685,0.05907886978409153,-0.1099082325553191,3.747306764125824e-05,12.785805729687613,7.4256513704425515,11.017192076652123,6.8573793308761966,5.130604360439836,5.8666791318924165,5.384292522269391,5.307807835015316,4.905965779006757,6.838247654754021,6.733528730382024,5.411807055152537,0.004857569938611205,nine,/content/speechcommands/nine/a1533da4_nohash_1.wav,testing,5.0,Kitchen.wav
2385,-243.80119960627934,8.562554129319883,24.031651911430586,10.460378055634925,17.497915739769965,11.12389589511581,10.04952869607694,8.66642173238051,7.230146584353744,5.322119412259178,1.1382091926017057,3.6784316558641965,0.03446252446155995,60.11735835211857,19.53407909235641,18.599282292194395,13.162459377203668,10.855420684769339,5.727643415539691,4.324891273747974,6.008799228527338,8.26315170297718,4.821258295502448,5.930541700841924,3.4890380339120157,0.01090933958050716,1.8573473363405792,0.9950625520016273,-0.32440695616314463,-0.6840728677575301,-0.39354241189916117,-0.22496095329612031,-0.17206215100614244,-0.3898167533732387,-0.3522876930409398,-0.40713148738662003,-0.24185528554864644,0.031118653599087342,0.00024551940300772266,21.73077491319856,7.67058659615709,7.5308380219741755,5.4662162207842835,5.760466675977484,4.0795710007647505,3.285804467026447,3.841727043347701,3.812059615808536,3.759974154003712,4.1473045974504865,2.8707442861718913,0.004065552080898417,-0.9541601044184518,-0.4192449096755355,0.01880848652907877,0.04052288776514216,0.10541470998460548,0.15280438842724736,0.05179100362606478,0.055772464515813705,-0.08492860655127123,-0.37033186022298176,-0.27774131397805085,0.07682093854525966,-0.00011436101049184799,21.702390046504597,8.16196320276831,7.415588108339165,6.281093574737641,6.960398287058546,4.082069593819074,4.162090010994097,4.634340268669728,4.61621549889451,5.093718263530459,5.0519678671649615,3.874259311890151,0.0034193388595822162,nine,/content/speechcommands/nine/2aa787cf_nohash_0.wav,testing,5.0,Kitchen.wav
2386,-268.11772410464755,6.911053556026889,32.54517371541748,13.595540012515231,22.36781069979159,12.863179538455226,12.42507274515495,12.548451171066022,18.336944088347458,15.30597859652671,7.338941321567851,4.988746941721531,0.03517330653266981,47.48340321022459,32.288110917097704,20.503584367413122,21.287341014048334,6.339321994111671,9.474919798994797,7.825537993401524,5.355576506313909,10.187026220568674,5.991813099042665,3.650990127820801,5.500770139725814,0.00897258984137917,0.044793872626149596,-0.0396671768763671,0.013049237083129977,-0.1649164044175275,-0.05454260990247054,0.024598832476938916,-0.15274861953938154,-0.29107686465916466,-0.19635647156428135,0.06659955497375535,-0.056849366435625465,-0.3860923058117436,-0.0007955675884600609,21.846701360394476,13.304880967744321,12.176752186354536,11.32129024441312,4.712781042683243,6.640469392874038,4.7521318491493485,4.720077140620261,6.971075445726113,4.335926040672836,3.6485993473827296,3.3868584961529433,0.0051806651162123254,-0.5741555890590518,0.10672721076503487,0.25734524769697614,0.29065471554704275,0.16554088313627027,0.3502515759534254,0.18731750545694967,0.06751151170396087,0.09841586760864084,0.0948022672774418,-0.020495676975653538,0.01671176895604806,-0.0001100342720746994,19.495729909844197,11.6966197950262,11.033930337740628,9.817293098761281,5.386986991198954,7.745442742771444,6.141440274945633,6.153764887953563,7.2861723642263225,5.277607755717601,5.447772954566018,4.339978249720323,0.00420241743847616,nine,/content/speechcommands/nine/cfde27ba_nohash_0.wav,testing,5.0,Kitchen.wav
2387,-274.7568551837801,6.30667377119758,35.74235030838945,21.481646722655018,20.02256252156006,10.907775916009868,9.579063080143275,5.152027955317752,7.004199170160402,8.92545122804653,5.990436401709788,7.80352269804014,0.045512537995819,54.68252530512996,37.051110058104165,17.882010699046525,11.219597726307173,6.972518656410927,8.150275470808547,8.10560543038377,11.491350719143307,8.386932506489188,5.171640518009035,6.011594108032598,8.487699324263689,0.010971735003546134,1.225708422665007,1.3069143097580953,-0.1991943538008212,-0.5564513932272885,-0.18101639888943252,0.19576535163672354,0.27738027743766114,0.1628032373070216,0.23813909779288242,0.0004922909771466728,-0.5324416783067534,-0.6092730333197849,-0.0003973267852298675,16.334696529294458,10.318299566087328,10.90366256995734,8.999483297538552,5.470456450743616,4.681296746851192,4.225796653539699,5.648261724766244,4.803486652756899,4.18700107766654,3.2615408477865153,4.73168264845641,0.0057506402316280965,-0.2114841574711098,-0.0552777527710405,-0.023803262113773847,0.27226226457364106,0.446283702642787,0.30717389790575367,0.1883237644864871,0.055153223008892326,0.05840985471675862,0.11630286945088739,0.23029001137067703,0.09356176156743763,-0.000125352976222833,10.716704535727931,7.7719291833777,10.275098570423085,10.598498857378253,6.612508637259881,5.56883951414435,4.713308393888658,6.088802942663142,5.54360160655697,4.952896088388506,4.619651426095425,5.806551114569196,0.004244057816402719,nine,/content/speechcommands/nine/5c8af87a_nohash_1.wav,testing,5.0,Kitchen.wav
2388,-253.9694519833019,7.2582758448275495,28.657231340252476,20.059423908859713,23.26245797540736,4.2774663918734595,7.064020011135408,9.975171199421725,5.787603660123033,5.332413887341753,4.490713070841172,5.344156717288535,0.05566069472115487,90.4249087227731,54.522319263597765,32.74115844059441,16.068258805467305,5.2639327493043995,14.253657901062903,16.217318720120538,10.175868217769255,12.924102108468553,9.574948366884046,6.927616910861443,7.592496245345504,0.044889362747958315,0.8565818777298347,-0.01075011878231226,-0.28025163345530457,0.047858102521405405,0.2934690010241809,-0.08423867436499144,-0.20122411884086108,-0.04628412662880292,-0.013383368188787846,0.07955257346871243,-0.03988171289213955,-0.31929493308849516,-0.0002539922753649373,29.603707034706954,17.184225797277243,17.397439854942213,9.627651178539963,4.691411416205718,6.876355355933445,7.248673911996972,6.6869731660831215,8.099752091631863,6.145594391799746,6.048124303139653,4.124088465060075,0.01454780333871003,-0.07382730724470245,0.15917777483889553,0.10657570200229595,-0.06460319381455039,0.004921825568451984,0.16882430297369963,0.30848513411794093,0.07384646980814345,0.014531863515526607,0.03928219147393263,0.15397169894273594,-0.05183074944464616,2.3699986437956493e-05,17.771743698862227,12.339194179164013,16.40541590798796,8.792894830278433,6.080849963439987,7.222695230298869,7.6704703721650676,9.018315187105362,8.769263734383495,7.149311141140777,8.57484291283056,5.0717642969041865,0.008877029060969438,nine,/content/speechcommands/nine/563aa4e6_nohash_1.wav,testing,5.0,Kitchen.wav
2389,-313.5040172669875,6.143690191720735,36.14577396930467,18.862841529079308,14.205284443409782,10.744685177834297,13.719841751625744,12.396987326437772,12.004041295692238,12.141278547353108,7.537159551215006,9.022881805021225,0.03805914678378031,21.036665075619506,18.782704358260016,5.058288545659668,13.40096594749645,12.620142571152366,9.564703261309038,6.706429381058027,4.372614253496311,3.603249725567135,4.886500729375611,4.788914888670585,2.6709419077539533,0.009298782263406061,0.7542641920089915,0.10677879979115293,0.06973711509489464,-0.1123899901718852,-0.20095928591229498,0.4419500824289519,0.20337637428325694,0.09900633831182697,-0.10442737533302145,0.03950830093212441,-0.0984742504992468,-0.12559676228213423,0.000742845778023043,7.442083117285179,6.940102349739637,3.514812915502236,6.044404468564677,4.8148346269741165,5.1372089025624215,5.011491565044238,3.0159820500146313,3.2762974199210904,3.4486855718472573,3.2664337109003023,2.9103057479151526,0.005912264636920611,-0.18700334795119414,0.3324244438757863,0.06282707126777633,0.10788063364306968,0.049812301423934,-0.09828206584653335,0.20361262892095824,-0.007724569652369754,-0.08687385140287891,-0.10251013506215918,-0.06557848968723204,-0.023480196698435662,-0.0003676575298110644,6.70599730882349,7.372917431591762,4.064944463982032,6.078607039180232,4.738603054117256,5.621969520911732,6.254545824842936,4.59256654602336,4.43472781508437,3.984616819902244,4.219037791161062,4.37666006099998,0.004736136914225601,nine,/content/speechcommands/nine/20d3f11f_nohash_0.wav,testing,5.0,Kitchen.wav
2390,-219.9313776558215,27.16833429495035,18.753782699767733,15.623071238375532,1.656763939738798,-5.414115561014121,4.1868740103489195,4.003721336744285,4.53915809127163,1.8516130485847897,1.663027220737495,4.376106602979528,0.05094356357585639,60.08302802120448,28.098764792513997,28.585410263255486,8.959911039802057,15.784315802628628,13.99902397482355,8.068115481340032,7.516741622776104,7.298317041922573,7.48537038492862,6.767294390694726,7.18529446910763,0.02802898398892141,0.6660084325709715,0.5633513718822777,0.12165202663337439,-0.14798119720523903,-0.2772695983398655,-0.1503682844990456,0.03339033891026846,-0.35258479699369377,-0.2688050732679074,-0.12584189486685537,0.055484114326047954,0.018889834834952508,0.0005822833627462387,21.507803375550743,11.640411320850268,14.383212937421805,6.438104323124176,8.639883565224382,7.078727312368435,4.709902133020938,4.509715781513757,4.774981869241365,4.708511998783809,4.499174974644423,5.650338616211563,0.010024126432375486,-0.3896112159801305,0.1340645504926727,0.25864679763450804,0.07051334746834416,-0.09121415820756311,0.1524868564141929,0.23850969940347186,-0.14520286206287056,-0.23655405747824,0.130168252705265,0.09108194322388474,0.031967872711219945,-2.0479162534077963e-06,17.091023819091365,9.598582876322421,11.890354786175209,8.23225851775581,8.503946156377003,6.3671260543909,5.112208256966748,5.681813472866066,5.616818095260921,5.888894422887011,5.385596616355702,7.08562169097677,0.006331671378567796,nine,/content/speechcommands/nine/1b4c9b89_nohash_2.wav,testing,5.0,Kitchen.wav
2391,-147.6746015758455,68.90390584541844,-29.479136197043857,5.181356991994979,8.587263180037002,12.234929347991756,-6.358502992648006,1.003421123519827,0.2985238361868965,-5.563729949785676,1.1771819661307519,-0.5474737795331581,0.16179461329011247,105.45945612917717,31.254699132385568,38.50760780358518,25.64293413288011,30.309853111138864,11.19102337998417,12.000797286938198,9.01958230010922,18.838814624554665,14.54170038813008,9.684873536608812,9.8100772505168,0.08386215274088471,-3.680292508995846,-2.7404394775551206,0.7239341359482458,1.160220782635125,-0.2880464874138273,-0.5645389537275961,0.2184494314866033,0.8999032532983499,1.6376863807690967,1.1048710443744323,0.16312235946543066,0.10683053607686842,-0.0030314015645173287,31.301439204905737,14.70366048349247,13.155200684358771,10.09208209948209,15.183688128773937,6.309968593748712,5.434205100672332,4.494926024069327,7.042852059825047,6.032768698085237,6.831132649605557,6.8490738455053455,0.02542277246400884,-0.9522838680342887,-0.43122428022777853,0.3801125262367683,0.46374462035788705,0.438200805911762,0.3048835889936767,0.4630927517819786,-0.1758266055585932,-0.031205892108065007,0.27453159202147787,0.21738694852099064,0.29268771069345484,-4.382344583670298e-05,25.760699950574594,15.81200043569677,13.573642551918367,8.243199008176026,13.183691689292155,6.962862015669325,5.885145876713331,5.4143566323228765,5.845363168822314,6.810405265875469,8.352784208614482,7.827334638082707,0.01783204427342275,nine,/content/speechcommands/nine/94de6a6a_nohash_2.wav,testing,5.0,Kitchen.wav
2392,-260.2290143942827,-8.018215637667387,28.89534518000559,18.17817280085341,12.609066275805498,8.089196348482663,13.95548884039031,8.457402965636978,12.176600197634077,11.550457790534754,4.456771513955784,4.978516357038021,0.0380879357107915,66.13127891644112,29.882235952806624,25.97994443768591,12.304091888616487,12.531738359935312,8.659471455135725,7.042868764820111,9.352715913419466,5.419378395467997,6.825620302230199,4.36090137520104,6.532981520068437,0.013957872972002296,0.047687953252545504,-0.08558607680695611,-0.005644239049417827,-0.1418718004268842,-0.13586915975476246,0.2402287221126477,0.2830386535096999,-0.04150498633720024,-0.19266426309696774,-0.36326633721479323,-0.02869535706648299,-0.12534668597249607,-0.0006193802241356143,22.043761247175013,10.985950002598114,11.971496243609913,7.255942055805944,7.248322978156386,7.040305193549256,6.041552582019723,4.3601147941770755,4.705379802521477,5.2595653808354275,3.6498551666909345,3.6540214865462204,0.006162066496502311,-0.32932180174119785,-0.1910086014916113,0.014319327245623726,-0.007684394968518701,0.037450340913968816,0.00682447992893979,-0.012720483619117099,-0.11610629711441114,0.00903949472763476,0.1392498850828,-0.15105543681322592,-0.013241504733660925,-4.460302491982778e-05,15.967695406219578,10.457902845428283,10.525182269524228,9.265300405264878,8.606721380296651,8.359918348572133,7.000980380928354,4.738432448270966,6.3911216305672145,7.373907771269087,5.394495085422823,4.879779312966762,0.004270804853214013,nine,/content/speechcommands/nine/fa446c16_nohash_0.wav,testing,5.0,Kitchen.wav
2393,-246.24009830088923,10.804859740944128,26.384694203145468,25.14594808627916,12.827931328752044,-2.975372113872615,5.347283588270487,8.758408613616988,8.376813883729383,0.9220276335247963,-1.6429441929131585,3.40096979386945,0.06936296459753066,78.27973006663615,37.88929038042676,32.53877478311978,8.285373121187007,11.865452391495513,17.80762132106541,10.176155783985395,4.234852944554769,8.87403683188613,9.79782749365083,9.06617379515241,7.859897733894842,0.043533482213989755,0.13195277095503166,0.196921596644233,0.18911785894400007,0.2302456728747098,0.21022028103300294,-0.10337550260695792,0.1682524311874033,0.03455423570831747,-0.23751893018385792,0.03849035574154373,-0.08390345546341547,-0.007710587853315199,-0.0001177653189628355,21.865813793825627,14.487736585748204,12.314993594525252,5.10355464229333,6.81946519894692,9.334429925250435,5.580680460364224,4.059728732844176,5.395742888731139,5.055023007261121,4.760270189820427,4.4186685304541,0.012618101996559515,-0.2324436859933049,-0.12740492165293585,-0.08210005357880874,-0.09539422969882055,0.05561279847136262,-0.020761170971680145,0.013694186109690183,0.14740161805166524,0.06594387974698558,0.1710882554488375,0.02485250692744933,-0.06341370910420818,5.3655728697776796e-05,16.66624468544966,13.301535820679996,9.956630164195639,6.565678888153624,7.540868366783906,9.312663246436319,6.19672257006068,6.134147632346837,6.460240296190995,5.833892611777167,5.5176094528277675,5.659835723377278,0.009575480884486084,nine,/content/speechcommands/nine/ef2a3cfb_nohash_0.wav,testing,5.0,Kitchen.wav
2394,-308.56293122438973,42.60712225859502,49.71722238452882,32.31109863393141,27.95277900186274,17.86659103213556,10.810842888181453,8.481391306300358,8.118539739212224,7.006918407666026,1.1908600586114009,0.5539124958075927,0.04327422901405953,30.414412090995935,26.953672396680272,9.7903504865069,7.666625350907271,4.6366223102412,5.076646149008024,5.0344620467867305,6.429377087156089,4.646800880357584,6.819046029491683,7.490033656505357,6.1479692000999,0.013787363262452772,0.10873646027618722,0.15440644957388647,0.5535531361884017,0.28652445502928875,-0.08308344799351504,-0.13457519695609022,-0.3518595537657481,-0.03508108988697809,0.2664200370794061,0.30164303486569854,0.054422118129798254,-0.14122619390412358,0.00065912994285745,10.535703594106218,8.259181272729423,4.8089467989629675,5.111514872493011,3.0460859966339093,3.2172004656178226,3.384875775315584,3.432729256490041,3.712112398255956,4.882398410259768,4.367993134434664,2.920798850472139,0.005789490687668647,-0.3889127835660872,-0.2997789370244671,-0.27900396394098786,-0.16571667174981333,-0.12110083620296828,-0.10826009492946849,-0.21978493722133224,-0.1532164145156562,-0.19288779780017387,0.13499517300552336,0.12351929296945668,-0.10159553896885241,-0.0003604253443578879,10.423735372777093,7.511638727447608,4.667292632753684,5.690576658929508,3.69900521894947,4.02433915115284,4.388657203307484,4.152651849279462,4.685559269627841,5.554475995923614,4.813702560308356,4.025565528207079,0.004046720327440015,nine,/content/speechcommands/nine/6e916de8_nohash_1.wav,testing,5.0,Kitchen.wav
2395,-230.88891391786723,-13.050646400734932,23.239151152888496,16.267128440557954,15.321028850140408,6.934234926929822,7.154723572528167,6.560511493277588,9.506896402394315,7.939426021555925,2.7475222181701153,6.91420498049746,0.03618673456367105,25.409896629389745,19.525421836866876,12.301609802555673,14.42123495809324,6.986890016490345,8.532138885079272,6.500880680280945,6.804037696709212,3.9210282993672023,3.5886977360841716,4.680359879515715,3.5187974634903236,0.007667451305244461,-0.3503978276338805,-0.73411964309119,-0.38193378062098937,-0.20167912860211035,-0.07786590279653102,-0.14107332279743157,0.23527206897705688,0.30781004121764005,0.0025747525667205585,0.2728639154340182,0.24507360920963192,0.15754473750939718,-4.629436279496839e-05,7.557169453931256,6.432374035250021,6.985641133893406,5.972858194531924,5.307914578392244,6.320652598708258,4.2178731050959035,3.5831512680205235,3.0308326983845926,2.2662758035764954,3.3067528504195063,3.2390785141930523,0.003751314458102805,-0.3642153919820354,-0.3780776541584919,0.06971685081513772,0.09461102122051977,0.1684779710439838,0.16836466394536181,0.427141145490844,0.3872207170137038,0.2758588569598694,0.1091394026052351,-0.06194845127420046,0.1724395418816695,-9.837094694375992e-05,6.236876664292894,7.175004006218689,6.672624321220328,5.476587290915552,6.388118542075756,6.4557921175728294,5.487209245009855,4.667117553257966,3.9143111743933754,3.1720594531701365,4.512111081337622,4.266394706328826,0.0025656234289873152,nine,/content/speechcommands/nine/81dc4a94_nohash_2.wav,testing,5.0,Kitchen.wav
2396,-233.70206266998952,34.23107814995537,29.02854993616552,9.489596523456088,11.73565314411004,2.000760118099403,0.8695987275940189,1.9529439139616915,9.146930804484583,9.53936347978712,6.554876980856118,11.030259951196044,0.07255729340249673,90.0304352445241,56.646121760631004,25.634438820205848,19.608402240302553,11.876791522622726,13.891144655809306,15.002400369618362,14.160284857575023,9.22706315461548,7.916361657317007,4.426409003802775,6.346489740028085,0.056708119713909044,0.22077903939462598,-0.08391514462770358,-0.25709568487095735,-0.542843577895601,-0.3195580431729298,-0.02878195354374328,0.012346099609178422,-0.6023692147879941,-0.31809767434160985,-0.1582686339495183,0.10339458107109194,-0.012228079271533172,2.706471470094496e-05,26.986312572004454,17.935983354486957,12.48846090338125,8.531541089746609,7.466456219546202,7.75151425642755,5.990817906053866,5.7801278352628565,4.647885278325625,4.866216069262738,4.217459938781017,5.668553496862837,0.017413911270985745,-0.10676829103768834,0.17020849177214123,0.07509656348225326,-0.0395290141945015,-0.21988125520232124,0.10957151445070495,0.22277683419510824,0.01274697165862051,0.055538472748709704,-0.021591407823819964,0.11177780013967814,0.09534508797830928,-0.0002185481290022532,20.076642184088527,15.656043421948254,12.243673963318638,9.19534470689994,8.56624073813948,9.305602773143475,6.854862140462745,5.490502778052137,5.576440347427531,5.2403233505391364,6.235371097864027,7.442002557131701,0.011196360830149703,nine,/content/speechcommands/nine/b83c1acf_nohash_0.wav,testing,5.0,Kitchen.wav
2397,-215.258477168669,63.760306872272224,11.540770710180965,6.470625355248836,13.478373556664943,6.125066155523956,8.245440221593709,4.387327175116664,10.862251760726675,10.83888024822492,-4.428845106104666,-1.048072206146859,0.06215950439218432,52.95565243817834,30.824504612866193,23.330847393995416,19.074888472211985,11.35885552586573,12.694568449870353,8.839117031110373,9.770352969105947,9.209298724471097,7.847419600554039,8.925243184163614,7.315418304747483,0.03414068075512327,1.1182074422442179,0.5523357698460075,-0.006245933533778057,1.0529878296650905,1.3206869336388773,0.2455687985147353,-0.41903302343145094,0.06159943398341406,0.2530945660516365,-0.41776854969118954,-0.9015586444523296,-0.6820781412328593,0.0004369239773481123,15.837780115385284,8.12957417631345,11.682986243158803,8.51979016496259,6.575532053387477,6.6830588598469705,6.38722887504707,6.042848949085511,7.037718658037166,5.465807183680214,4.565230031463666,5.021868776352518,0.007652026642338887,-0.201577936610848,0.015187220928749431,-0.25975795890663206,-0.05378708629590984,0.4594850606118281,0.36592025523974,-0.08254634741121247,0.22882018312104951,0.07438002740601218,-0.14548798426989532,-0.17006556244320514,-0.17663180730989356,-0.00022174219290415446,12.991212800427766,7.30447774700679,10.10736026197002,8.144306253626226,6.817046486297574,5.787524573821357,6.2650464100584715,7.750281197204109,7.963254448170367,6.841257229275836,4.980283993897198,6.141266138216156,0.004190861470583337,nine,/content/speechcommands/nine/82b99576_nohash_0.wav,testing,5.0,Kitchen.wav
2398,-201.34733298448714,33.32712426972956,29.67817301836447,22.26580059303646,8.62918541668271,1.6845740625706225,7.323794935573705,-2.8679154772153144,8.796104376389124,4.587410857875764,-6.848323692067441,-1.1933667098048206,0.10039782937383279,105.1053126825853,54.81385062285801,30.857031588532852,17.128989112320784,21.959653897831082,12.563308461283373,11.090580951840565,13.983170916273295,8.504748279903763,10.707723727116793,8.194195155110842,8.817437002713822,0.06940249555106888,2.690979252725728,2.6988494243778587,0.8786568591428958,-0.1586760973747435,-0.4229794739685177,-0.6231649547462036,-0.483574523563583,-0.2937288348701309,-0.05545570529822965,-0.2660991881297992,-0.6298288703768553,-0.6718468565560954,0.0011693786589368697,22.6415098832508,13.088327929207411,11.996536044950048,8.639080719250016,8.28426409705692,4.953179294923053,6.296630594929059,5.184670484697306,5.486569162572927,5.9785907008538866,3.563796600526371,4.180175144021221,0.016140144996154453,-0.4243472711508152,-0.10284669740532533,0.02375845752567791,-0.30652706799710217,-0.0770897171309653,0.11854093502385817,0.17576728442760875,0.018390230943941342,0.1830585188459063,0.24324627176683034,-0.0982491676860219,-0.18677943378152365,-0.00045159279058376947,16.099915412039994,14.027413516860161,10.626853614022602,7.864827715482414,7.167944602146991,5.289278291794429,6.72072342935482,6.5827972365021035,5.4779156911676825,6.562691765470393,4.788072616993739,4.977703409243917,0.007823350704874903,nine,/content/speechcommands/nine/b49caed3_nohash_1.wav,testing,5.0,Kitchen.wav
2399,-162.6375556907683,20.30297659985332,28.11568856669134,29.5316150376099,5.79350095630206,-1.5922279343112147,7.08468745516705,-0.4174690971112658,0.7312577778564635,1.5246104519122448,0.1291885503039653,6.673750413219516,0.0792673563119024,66.85205959047808,32.31543285409013,29.62774760671862,9.738914880959681,17.84128412854036,13.721524383765953,7.092877980269431,7.544420404210494,6.856885289802117,7.307988929390764,5.396888407254876,6.001948835850706,0.03656840096193847,1.1371382517756004,0.9648745772269158,0.3069390298442138,0.3831979006462159,-0.07758169320870248,-0.27641285822193595,-0.4248714698987388,0.006287735214491527,0.32492788766374786,-0.06005602979274159,-0.18459837608717375,0.03157392325340433,-0.00018633854004644577,25.802910916716176,12.904842359856122,12.740813052190571,6.324167354107143,8.97561092773557,7.964287012497384,5.363230463983802,4.209587453699781,4.300609997641011,4.94302155808428,3.9870510854853225,4.071358353083769,0.012571227374054863,-1.5065242397347751,-1.173952357611419,0.134012287658953,0.27255531147815854,0.18406054818038795,0.3997560711920513,0.5418482938098274,0.18465306242526822,0.06507201435413859,0.1659419731509543,0.13373922865736468,-0.14645611653951113,-0.0005161510159571966,26.006815230189,13.70679890126291,10.797512253276837,7.350068797173379,9.686133740344786,9.403766976740373,6.347900383415195,5.054158442692296,4.402055595758607,5.249438624506763,4.893084811596208,4.846324237322466,0.00856961822530746,nine,/content/speechcommands/nine/0fa1e7a9_nohash_1.wav,testing,5.0,Kitchen.wav
2400,-205.99028707356698,36.22946949115826,7.8334885728116985,24.319663968052247,21.40847173665738,9.54338344300452,1.1851279419332523,12.984016742352154,6.106440106319441,4.826650647790046,-4.254211086479804,1.5742880167432791,0.11764119012514129,155.13526199870276,36.73085218408611,35.95545026095397,12.690849032682321,8.952223623773508,10.227806409911459,17.39903850803737,7.923614391722958,10.118313301095037,11.35768515931468,10.462020529074902,10.490741424232112,0.13410391419385465,0.10136168238088958,0.11247508636812008,0.3759423350781655,0.17734025346850643,-0.33351515390203157,0.014191736485464443,0.0845920184838644,-0.02444497979659743,-0.05341178833693374,-0.015736635453293384,0.20663798972675196,0.0338417572999157,-8.989461968022008e-05,45.13464798751537,14.084859407179891,14.627642709228939,9.627507754653696,7.924354849131354,6.239529784887743,8.705693014974276,6.59933902623479,8.721253414176301,6.824165648559919,5.51978339409759,5.9028090523814685,0.04040000081591506,-0.3505148550654553,-0.15580774433060493,0.06947955848602566,0.08384468759152051,0.14976814965936805,-0.12164477615867497,0.018516204002946304,-0.11865998650860578,0.0897170788346334,0.06973613178453537,-0.07410417129826523,0.03019620632933521,-0.00019663205991188686,32.36312871971371,14.09249602341343,13.5881752915243,11.28463734817041,11.024727879779281,7.83399431618374,10.625910891504034,8.88420075732787,10.62869755897587,6.567434058387431,6.215919413742653,7.183301204495734,0.025025396056216224,nine,/content/speechcommands/nine/47d01978_nohash_0.wav,testing,5.0,Kitchen.wav
2401,-263.85267390685,19.31580453850629,3.2529376929068956,20.849475221090707,9.213046250161515,7.339240545847482,12.273516473076002,3.2293959628617324,14.733691949748671,14.65294356515978,4.436349674484341,6.153758414590122,0.0407165281358175,77.25442662645274,21.471078466960307,41.630510020993256,13.60285160454479,15.089402327442942,9.675312475073383,7.556243440507515,12.787120804028667,6.9858887449029465,9.122782970918102,4.469199490943818,5.906556009711253,0.016043267364083718,-2.434241782735723,-1.4758084098562791,0.4709691232381507,0.5717375854756398,0.5745500830667285,0.4716522958287766,0.16927653616588043,0.28417818733685535,0.3374287337830082,0.10918056241614628,-0.1782724864448892,0.0009265132305549907,0.0006919731536219197,25.09059041304045,5.536246344767665,14.624895219853444,9.175658578191996,6.568486481399477,6.39747715080479,5.373336210998956,5.864490146684104,5.902838922591615,5.958741806976281,3.6596467461079025,3.0547098156180295,0.00677878311163286,0.05199248617062722,0.22288062141169038,-0.016983940114963757,-0.0320604655242293,0.15887321447037356,0.139417027004239,-0.06678936774246319,0.21920559925853197,0.1565299213942516,0.18310818876558976,-0.04128570472321904,0.16785550533872154,-0.0001975957304239273,21.977146675113516,5.902193108756627,12.42897453940052,8.676734697701121,7.364591573934928,6.452825465698671,5.732968121586169,6.637256432840071,7.909130381102206,7.734031718001887,5.053512763588458,3.382628796868717,0.00534644140601069,nine,/content/speechcommands/nine/c0e0f834_nohash_0.wav,testing,5.0,Kitchen.wav
2402,-301.4216636661195,30.134668193359627,32.59992193857802,22.893994057826045,20.29312217076185,11.171072081322212,7.646423620186662,7.016415582786551,9.468448457481106,10.031387421483085,5.19678210133664,3.251416946824902,0.03994186524430226,38.25669850771822,33.10093276605219,10.806599275426239,13.976757548322864,7.580141154014439,8.538498788421176,10.34675604740717,7.967175291440237,6.418221770220542,8.643554604900995,3.1349814058978174,6.91612654683524,0.015263689489677386,0.12183851153984497,0.5245181971062064,0.3185727958979672,0.0789188515461038,0.22774619554306139,0.3092664423728803,0.23243393338976187,-0.008432288489144568,-0.39792264605794686,0.028614109959745258,0.0729457118393705,0.14994189886768677,0.0005341725690024239,13.976612079059645,11.293834066055082,8.155425611630191,7.133369532038187,4.559259133623612,6.590200106141952,7.393089366571987,4.584341875205993,5.035261098788951,5.677907974810574,3.130657477427021,4.10623541281703,0.005211761395367004,-0.9280578246501692,-0.8502745283748224,-0.19845497830153405,0.041651659872362794,0.15644256016046446,0.32643193840456497,0.3041905910903974,0.41040983273095355,0.3751113311959615,0.3219392759725806,0.21732454183731706,0.04979131887835564,0.00018651079800393846,12.674359392461804,10.305458185242976,9.245388043268822,5.893270715426749,5.557612202804127,7.396165890398347,7.734195365940444,4.976200751228279,5.716341258069337,5.913494972994831,3.9975901015779645,4.937243676991856,0.0036360259779248797,nine,/content/speechcommands/nine/37fc5d97_nohash_1.wav,testing,5.0,Kitchen.wav
2403,-286.99424473862996,27.238665067759918,24.440832764599147,25.374910504524756,18.368501905481658,10.781943257851193,12.803500050807052,7.420104328957392,11.974641502048003,12.35847118807354,5.013276590997146,8.600548444568405,0.033589885861147195,42.99297012310308,25.219798296664187,14.810717987758075,12.179960132523913,5.516328269482987,8.806661218844315,7.603262252747365,9.710107341647946,5.4093015947077125,6.113679080552461,6.627314139558647,4.717295234215767,0.009232899809007258,-0.23995215278613974,0.4640320846733223,0.4449496421353502,0.22049442875276756,-0.05124100447897078,0.03914012274035186,-0.25181924421632573,-0.06750654730230626,-0.15398290131382292,0.018668338382830794,0.24162741362262632,0.26341383175265787,0.0005512911706201492,15.615575749252018,8.7290896288566,7.777996298175946,8.1416336032159,4.513050983321581,6.086758068129803,6.245239154794114,5.574663366215947,4.88477264529396,4.68888572384992,4.485694986503466,3.371813614171096,0.0040998075717364755,-0.16545603701009098,-0.13016009719399702,-0.003554169904576021,-0.011294578164741628,0.008051439700559607,0.19962409947958235,0.06712144008034618,0.23070927641327543,-0.08850375647756525,0.15120913075726553,0.024066300334424303,0.16439213409295347,-3.257406254609426e-05,12.69265211107882,7.261788338226294,7.593741702672019,7.825307350160655,5.672640400928024,6.8789783677455425,7.702214737785177,6.343143824653768,6.405563989810134,5.927215114977098,5.041668070167055,4.15709243622241,0.003404266445618503,nine,/content/speechcommands/nine/283d7a53_nohash_1.wav,testing,5.0,Kitchen.wav
2404,-152.4692872600781,57.32846482829673,28.71290502375383,26.107393115989165,18.749321977664707,6.049529410665992,0.6826291369973291,1.3630430805959453,0.5109720577926228,4.534558837101505,-1.5157914449001728,0.4404189533599734,0.1756329854251817,108.4838272954656,24.155088296925012,23.97653301598811,17.546278987493768,12.866627906695438,10.697089082923098,11.611729184019199,10.039201338124212,7.875388332326206,6.327201094973799,5.717728758580312,10.090469191968085,0.17940666831389476,-2.1291007052042343,-1.1128258839230287,0.7839607691668281,0.48551750378991787,0.05431774494553004,-0.1626380431792154,0.2496280823190326,0.47473311049430117,0.3645700139161153,-0.1267590337263717,-0.20275153718325975,0.21748926248879408,-0.0004112215171898565,32.67909289887835,17.03395666445156,10.039365171368908,10.878419895202788,10.503280737906652,7.294878849789508,6.614473415097333,5.957895161057157,5.711466986757697,4.534937301815497,5.149393835828053,6.680441383666196,0.04830949713564218,-0.6109409914395759,-0.41029179864697907,-0.15726095900740872,0.13907864073545587,0.08926132968962429,-0.10143683577842211,0.5066898970981707,0.3200325034472806,0.3301575450923987,0.006970990729316255,0.002322470359394465,-0.0536511721049805,-3.182546546061834e-05,18.521533320080632,18.06059847495276,9.89736701934469,11.408659690620853,11.764245147696535,8.565002421137374,7.6891878636656275,7.178663997033237,6.970614611940091,5.384804939480685,6.767235245663436,7.979465681257124,0.02778097028430614,nine,/content/speechcommands/nine/e1469561_nohash_3.wav,testing,5.0,Kitchen.wav
2405,-226.5475198569231,13.565026005594639,27.278483368983743,17.916854016048966,12.338716755239666,7.321962942286678,12.095094758839045,8.546122668326944,6.945409283325374,3.2722666842982333,3.933095133888153,6.125838307212113,0.04637323779752478,54.99803147059373,34.278096560483284,13.433138385576832,12.591895376064883,10.875036940661458,5.53280353785349,5.7196276491084035,8.150357128428723,6.09865787538943,7.730207158715672,6.973469645721381,8.527418401488234,0.016619979985834452,2.0253050919175872,1.4244894984596224,-0.06497865374135305,-0.26361849962706246,-0.4214881805621103,0.17330257523302375,0.5269320895334714,0.18591023314250368,-0.1547439985063373,-0.14967212309183575,0.1017007897925534,0.3521532688472276,0.0004892308385141434,16.241726370689932,11.578348976933947,9.83994514903479,7.667076345489224,6.312708322996439,4.516533827298041,3.875425194942674,5.255786490114151,3.6046341519183898,4.13558363740165,4.254606260524612,3.9384101930872277,0.007098770559683574,-0.6688222683413338,-0.19368173562744484,0.44400589413048325,0.3376931348235244,0.03377258675136563,-0.10911467448841274,-0.20438210471732404,0.25600248254811275,0.27370422652103804,0.0751867728386119,-0.01786199069632861,-0.15934373554668163,-0.00014420021325349807,12.793457763350657,12.305927898327006,10.721704278189524,8.50210976490326,8.228696933747337,6.039654149820441,4.238721636645936,6.105426560943245,4.61732550654846,5.144684487465309,5.138875270689932,4.488672968310212,0.004391902204894166,nine,/content/speechcommands/nine/f264e0df_nohash_0.wav,testing,5.0,Kitchen.wav
2406,-177.0743224340219,48.74621407588211,13.593543820680523,12.0449080267831,-1.7184062136173743,-5.68623024722975,-5.29160154977024,-8.069720860287878,-5.0881926914350135,0.2757141796481698,1.3671769016583037,-1.630835540317142,0.0893995498190634,76.85729707162884,23.139713819598093,48.51844019600104,15.44664832716304,13.136398040107897,13.881272275109126,6.671256130141084,9.908789790214772,8.965178830705932,9.055119206529522,9.35985674354152,7.245018510502543,0.06335774412456757,1.298162413192503,1.042896964480215,-0.747488870236374,-0.11564416230907983,0.5617153625552347,-0.02459306342277481,0.18005720552116847,-0.14032051496531658,-0.23104676465255072,0.04270187303904474,0.12648516081751351,-0.17336701931039722,0.00022417258831762497,28.691368370109316,12.426253523101046,20.041500118833547,7.9764539687578555,7.58283430492159,7.7481232079055555,5.496271511131609,6.195530959288899,6.09941114402626,5.750535018322535,6.116905795608345,4.767415509374084,0.015613906807366055,-0.13998967384122238,-0.06916728939257032,0.28120391031223335,0.11417957815745629,0.1621844916004568,0.47876702762363654,0.1122335439715205,0.15657253807929325,0.11971734725963666,-0.3001050704547475,-0.05472847683842943,0.153036930818193,-0.00012506091346343358,22.220063342905668,12.2691750306081,14.994976196510732,8.676091859775404,8.554451890478866,6.965410852163595,6.741670475893877,7.440537965500661,6.933528646065543,6.789536908218433,6.699916554159097,5.525441143923212,0.007755761190699081,nine,/content/speechcommands/nine/1b4c9b89_nohash_3.wav,testing,5.0,Kitchen.wav
2407,-287.6335630068405,9.5940521355825,18.14383950445586,32.8370471072176,17.88155007502965,5.565792007147516,7.193969139864481,8.74564847836532,18.364379305875772,10.878711490664868,0.20326115624614688,8.257870291482295,0.04197563073830679,50.76078881611359,10.34385152475563,27.898925836317055,12.881827593544282,9.082975750674496,7.922753232325594,10.022212304358094,11.377049782879494,9.97787505043508,7.665380628016629,8.113736367954418,3.8046642841214027,0.011756696112255355,0.3497481174297685,0.45680594050205653,-0.01198737440882456,-0.3706102091973283,-0.28478046139017843,-0.15748526879493333,-0.3462160843358618,0.1116392409820056,0.28779727318465637,0.16518529313023017,0.2158975859332082,-0.06934206161698621,0.00010190537619975305,17.66834296860278,6.856393844532064,10.559961162659949,6.597551784497121,6.328470138903169,5.45807879918026,5.923697897667754,5.148554047690202,6.176390533559899,4.586977648699198,4.0790076123474694,4.065546844324271,0.005705631303245727,-0.5862046359220111,-0.45562871133598315,-0.02782879549056053,0.0583625710155476,0.2855499427335855,0.2073333168716098,0.12934664041060284,0.1986816416704805,-0.04642044532252629,0.09884462225972228,0.10942733154126814,0.16517824120814611,-0.000319070927798748,14.815617392342546,6.959402818455178,9.144541236171797,7.1605913988891405,7.029140741111558,6.12166733652687,6.532075442547785,6.602069828243393,5.713259903296502,4.564191500578711,4.928537853326502,5.8435854470826865,0.004251989454716268,nine,/content/speechcommands/nine/6f689791_nohash_1.wav,testing,5.0,Kitchen.wav
2408,-256.51016168114126,62.80971903037914,22.833117933905214,22.475505601795405,19.00736085233363,4.013152634422856,5.625960707357857,3.1351878747545765,8.083039387640746,9.946503542653506,4.139738425807002,7.5099859432051055,0.06798199791228399,88.37864735856411,53.16155107872976,21.42762280785989,12.555732671607831,8.362339436463639,9.469617461854964,7.527204098170753,11.343305662797691,7.207038795795225,5.215893730399781,5.993649084507974,7.629674460323724,0.0513059071661675,0.18204462244554795,0.12334693499405633,-0.6314460280681797,-0.503413338232478,-0.6584796642373916,-0.5085229629268517,-0.23223866528131112,0.055479936889337896,0.381979580580798,0.2198890477112668,0.4296380523441352,0.8879151825304265,0.00045492067452399963,28.391401177789803,15.910670334909485,14.374141840551474,8.681658463386611,5.571133169217457,7.532260025019954,5.469414026287294,4.803577717989598,3.676674441947634,4.755737200022714,3.573655034556851,3.6505705553290495,0.016353976640282673,-1.3145058102370664,-1.273441296829998,-0.5366968146506093,-0.460849870502307,-0.1686682993154694,-0.18221881463758216,-0.0024275520498799885,0.3632819276082234,0.5609194310662463,0.44145661363938926,0.10668207624496319,0.08716704440580073,-0.0008361618965864182,20.221828570036198,9.212435615420633,15.339146989873903,9.177464360674584,6.213565095152995,9.372387970806427,6.165695142699007,5.08456673688353,3.9684045257151683,6.286688066445276,4.877955600522804,4.783180566852079,0.010157722991880818,nine,/content/speechcommands/nine/e41a903b_nohash_1.wav,testing,5.0,Kitchen.wav
2409,-221.51476484083258,24.02597296884583,9.227832845751973,19.19460869562379,5.631735451484663,2.922787656071997,11.312585765802945,4.330740634874312,7.6811980608683985,10.808339846826613,-0.22811655328275315,5.281128085998754,0.0578201582247857,77.65832091673145,14.596280814528024,25.873121348080243,9.96865191884121,12.870468561489627,12.875186250436615,8.297206177536324,11.48867872639687,8.266781178979633,4.2648252320369675,7.809877678881536,6.455040680089837,0.04268844799873184,0.07348262900829776,0.07762621832352563,0.03615414639002374,0.09020207717645805,0.14406969586262494,0.10071194676839673,0.2950373125317952,0.32436926050729964,0.09576583495362072,0.09344916655369248,0.1666011802055768,-0.016830118377761896,0.00018768883760898343,26.41454358721425,8.222391684684746,11.971613399018715,6.710605123590548,7.582651122995244,8.481304817357286,5.9261110648789055,5.899199460562098,5.192607537496977,3.2955774709600028,3.679890877745162,4.768403475279647,0.010735000330093693,-0.07848863659218637,-0.11139795451000621,0.01691010870788408,0.09601314131017287,0.0854999141458169,0.11855786483765432,0.09062283872733717,0.05015644631114971,0.20138933408472723,0.04501513552185917,-0.03095908919979114,-0.09539844374838703,5.2040877441565196e-05,21.4484128299112,7.685429337489259,11.303122027173357,6.249939906676616,7.345374835980384,8.071441951920786,7.072989022002537,6.431429260415326,5.846900613473203,4.900900794145184,4.87735095303407,5.0356165213057835,0.006281367113074094,nine,/content/speechcommands/nine/50033893_nohash_0.wav,testing,5.0,Kitchen.wav
2410,-201.08459029835805,73.89589135648114,4.4651766501523396,0.14889408076202723,15.365280986899498,1.949386969354576,3.8370298517097177,4.438091593704702,11.647058069464308,12.666778437286862,-1.3785412206161594,-1.8479916491887167,0.08176751669358324,68.80892443637923,38.06051087450945,33.48152050102001,22.5754820207796,8.880841350320424,16.742355203085392,10.300375867940577,13.627262205810604,8.044315278148803,6.620131782520022,7.907526923790957,7.385312324536658,0.040776285075508595,2.4001491833571267,2.064230039722243,0.43260061425072227,0.5780958205526432,0.012356275810318652,-0.9676997477608454,-0.6160333391690618,0.15680676187849585,-0.10046200975297839,-0.012694043953231312,0.06885326376310276,0.032227241504358926,0.0011318857566668438,20.872133156339615,10.563324832570064,14.730540612675664,9.937027008751336,6.112125303894436,8.493497139039206,7.147947063020692,5.890997580269316,6.356087534061732,5.5998657754933365,3.9106657712086847,4.175490154942008,0.012924968224455088,-1.168155296066085,-0.2577640817337944,0.9679833959987855,-0.19037915959638219,0.12266686689771789,0.8232163006770725,0.1101470807024041,-0.13441987252580737,0.4214101277751906,-0.0662497830954139,-0.11772693962720843,0.20293117715685952,-0.00028402745723724363,14.391582152701345,8.071429864186877,11.231894249177127,8.931357547727163,6.084003093853733,6.512119297573964,7.718147583288229,5.431110295714164,7.302073071918618,6.899285960060492,3.9441144402841837,3.962006171155067,0.00912964205847834,nine,/content/speechcommands/nine/82b99576_nohash_2.wav,testing,5.0,Kitchen.wav
2411,-245.15786627338537,36.94932328078492,13.094820865944751,16.01330941932063,18.331350409964546,4.034769003387729,15.000149741151192,15.90348523184475,10.424095394640378,5.6031774594309836,-1.709155465937094,1.234732910367155,0.05040783231379464,66.6320043134166,33.9951761325985,35.53329006055327,18.430725751471503,7.942858572585252,13.37368120123416,8.163284375260682,6.591636383612078,7.683323470905333,7.217662480357175,8.456383056528074,7.639449990373328,0.021395605760777783,-0.2598056361760358,-0.23045187998559655,-0.017267445500225808,-0.15345543083736604,-0.22294196480360703,0.4507281708771645,0.3628862479638949,-0.3279606919218068,-0.08349970891271995,-0.18935787603490867,-0.5003808449364132,-0.3086069186818979,-0.001027906553879861,26.01289712913235,13.252334621183552,17.41880183645158,9.00208749479847,6.072569772409039,8.802481524325335,5.361814558021411,5.946882712835424,4.636019661036761,5.720232520206723,4.972035077264582,4.313241225971642,0.006006604633971413,-0.961280495693821,-0.49330029409896525,0.023301025867921866,-0.27530165453837296,-0.04112823324644446,-0.026837574294752465,-0.24306091485878537,-0.1468125415683688,0.24725972462503906,0.17004042618591678,0.24516141529861546,0.176079130527038,4.54814483722051e-05,24.216955683983933,13.589778852028813,15.58688828646383,8.519601548652657,7.140423159274163,9.70040128116566,5.567181848630457,6.462704712052074,5.939350893916858,6.46214253736524,6.026189684199345,5.392117125122743,0.004135325477745984,nine,/content/speechcommands/nine/1f3bece8_nohash_0.wav,testing,5.0,Kitchen.wav
2412,-11.706327650184676,79.04808665968822,-7.961305437060917,7.713829882967796,-7.179493679065986,0.6858229393483679,-11.100080177190351,-1.182176436327221,-9.26861981821986,4.262566647086439,-4.23103795601692,-3.513455585832051,0.5713689564727247,157.85150876889207,35.762758809408155,27.871721729150433,10.199054371082871,18.090018227880016,12.203490610781946,12.21687108203027,8.637420219203856,9.113520722665733,11.996818204283448,5.169113986005179,9.840816599330621,0.3314946565451057,0.9715791387705783,0.20688129249176992,-0.4141614392087119,-0.4965327867644348,-0.32551728909063576,-0.1943651826277331,-0.03735279527540727,-0.013836606884621096,-0.09147113682561024,-0.0673623398969996,-0.3499370317591938,-0.1425034551865245,-0.0004589384601962182,45.50652696408883,22.262435217409358,12.555800485864411,8.140577916579277,9.136325183359842,9.580713246273492,7.31403181199844,6.988054101485664,6.074917644402617,7.791672518176991,4.772068784951472,6.34422452349143,0.09101115206851113,-2.4497135790612727,-0.6258751114862472,-0.2315034458884048,1.1032010289849243,-0.35163553596778147,0.4644734526511947,0.46539475547750203,0.34206061627404694,0.4763269903813948,-0.13207388072132625,0.40982158659262896,-0.4835494978066059,-0.0005622696131467819,36.39684596147623,21.324430490387314,17.04616416413951,9.10677730133554,10.308677499063839,12.797090363587586,8.119350059781924,8.458305001170386,7.419882485621761,7.649050879783991,6.582907382620554,7.109779742432431,0.054510946764889164,nine,/content/speechcommands/nine/0487ba9b_nohash_0.wav,testing,5.0,Kitchen.wav
2413,-236.06681504269002,51.35658628232105,26.510728123574268,11.886971814050487,6.827066470635382,0.2752056895434246,3.8685337167772076,4.688395656211247,6.281218964881528,8.78569168605059,3.551789229065301,4.377950207715594,0.044678812206257135,87.06790769673883,37.90601858072035,14.01322454790349,15.019445415346896,14.508488548159029,15.306378180984794,12.160467328811743,8.026107815490468,6.107790342643103,4.878472107591928,4.048216440600254,5.505488983489536,0.016771707981173483,0.0066472795238005054,0.15997721634912584,0.12935832191167498,-0.15537729407424894,-0.2611937731978224,-0.27535733476578733,-0.22187693709556136,-0.22743544923983255,-0.042443092275501415,0.12989771727774618,-0.006170011336762519,0.14768202614579154,-0.00010123524454332167,26.21226081548298,12.177413917718715,7.42286442566508,8.38288753947799,4.314491544501616,5.327268520548151,5.372096679851945,4.141715721812608,4.376814522141548,3.675334365212689,2.63460876340567,3.805235244080416,0.006333284342184829,-0.08679755963612858,0.2043857228124454,0.15726223250113472,0.2162157728151391,0.18266574661592577,0.05598478913507089,0.2820332245605962,0.2339595402238969,-0.04839525270217549,-0.010176859071373112,-0.02679348031919034,0.15526899993867474,9.106161693731944e-05,26.40709327974711,12.998940269788973,9.685180630062066,9.940443467256868,4.621470317392773,6.481145897252531,6.4543223231104765,5.267312040099532,6.227749063922341,3.9783374876995734,2.9828907703722725,5.612115866544955,0.005335760864501136,nine,/content/speechcommands/nine/d91a159e_nohash_1.wav,testing,5.0,Kitchen.wav
2414,-215.52456215919136,53.35954977583938,41.38456156595926,6.137440199200224,-0.8499918386647626,-18.037623174902716,-7.657700940899014,7.570977263745949,17.886260196607495,13.182597487457002,2.7354375380957756,0.05908983298671133,0.11458416772074997,75.67599494712894,54.49469495531194,28.495868745634706,20.477521719688646,10.990664658892245,16.58562646079589,15.544874532341076,9.543875878661664,10.025998200072543,8.10690036996668,7.9838508558259145,8.309203580427624,0.09696991843653721,-2.86355520936972,-2.7991149821239443,-0.31680731354939556,1.042402903748533,1.3732251195095622,1.292144677301286,1.2329247285039517,0.5599813743219006,-0.10764266218047086,-0.09956509105566624,0.16624657633027165,0.47416084523108704,-0.0006618302075132247,25.585955528370842,20.084340403202333,17.84512895554904,11.349525172092312,8.005469471531205,10.056477060790435,7.312476801379246,4.978656856401228,7.203399697061369,6.350705924343039,5.690642370929734,4.330579826954225,0.0317395037201708,-1.0022891609201896,-0.5318183224418953,0.3250226930682411,0.13842264070508606,-0.16996977500590812,0.041642846483338374,0.287849791559147,0.04772620486375147,-0.19369197980938177,-0.26646347684194777,-0.27503081601551416,-0.22186599561639084,-0.0001452609896659851,16.366104724439094,15.61241792918821,16.033200026655983,10.109675811192645,9.59164392993331,10.78135548021386,7.1042967765306315,4.209774721684558,7.444692752051657,6.94293898256945,7.218996009079452,4.990369830099029,0.021606114898861283,nine,/content/speechcommands/nine/5e3dde6b_nohash_3.wav,testing,5.0,Kitchen.wav
2415,-216.51969976896356,31.01971722380213,27.288996193896594,13.176603116056212,13.29359035394392,8.102254830203613,8.622589377900738,9.107897228547795,11.637968256066966,4.707004434294719,0.23790165098828037,3.404769566739492,0.039830863708630204,60.7076658618058,20.006955344528198,35.33581771522066,8.806823185923216,6.657426795162838,6.301895419452856,4.644693910217441,4.934536025193604,7.331946888877802,7.805686791042833,7.590484965946759,2.9735547081192606,0.01958124845624567,0.21014002751747426,0.11446666423271305,-0.01807186912589467,0.0326810667944935,-0.09571948431097163,-0.05910829434092587,-0.08481209294305819,-0.08086825665258308,0.016459353208579768,0.05524749490844673,-0.11937196325124647,0.05560906219925318,0.00037705850216650195,18.531921950695146,5.902251291914836,14.039293359238433,3.6865219602500323,4.069659863646119,5.605606897399978,2.8035650970531534,3.7753645144541665,3.444117862754226,3.419054060976442,2.8502783215905017,2.433019369783396,0.005876097569666752,-0.2811689291986833,-0.1567676522873094,-0.1591029567550964,-0.07571883964105777,0.06230911452823943,0.006551099619145736,-0.14067851520351035,-0.12584956087924312,0.16252644182906142,0.26542940439959456,0.11008224470802234,0.0810191675178098,5.725367615620295e-05,11.057728556435544,5.472853556896471,9.173541474980572,3.9017815689758937,4.530808130143531,6.912708688585021,3.4276242159917034,4.2891174210573375,3.3058004076671903,4.138483483750544,3.394474272213803,3.550818795866434,0.003696681487195611,nine,/content/speechcommands/nine/0d53e045_nohash_0.wav,testing,5.0,Kitchen.wav
2416,-197.6669383645059,2.161119478246705,20.69943119184559,14.537356167221208,5.804924103558643,7.613052240458852,6.324073591001242,7.177138684785367,13.20087013933132,7.623381588225998,4.801979812878864,5.1514982829880065,0.06885207683080807,82.7953378704771,40.41816161401015,19.699023352469688,11.976392641271891,18.083783690872043,8.4576887045239,12.45147914060772,8.324542070488654,8.504038707723414,5.884299874499107,5.500573988449583,6.464254693970049,0.042079707762203225,0.013108381059412881,0.17431118483578367,0.1360126172874799,0.04596754483970036,-0.1535270334698391,-0.19704950113905376,-0.4739393197983522,-0.19894221131823625,0.3346600458941205,0.4649814399234754,0.48144154931241634,-0.018340725371759778,0.00023501420453671487,31.86879055867317,17.962997325401478,12.528941270161011,9.518117315982062,9.177600459371154,6.032772710011747,5.03283860521249,4.033964710855244,6.492950162642956,4.422442316507359,5.175685675788681,4.399732383823588,0.018054536137967345,-0.04277289868663629,-0.018556967639485222,0.08887833521305903,0.013669399863459771,0.19671896518612464,-0.12541581539431165,0.15762444879417561,-0.022744398779864502,-0.03728819232888636,0.07789513254511923,0.12469948977412645,-0.09605052526415449,-0.00046734195202589033,24.387838805575154,19.487507166441663,11.923533001603186,11.473140575750795,10.91711948788745,7.5941540677381685,5.303595033007909,4.437582005631864,7.052690777857652,6.341986676300921,6.861574258091489,4.734493997932779,0.015342632402617727,nine,/content/speechcommands/nine/94de6a6a_nohash_3.wav,testing,5.0,Kitchen.wav
2417,-259.88918599808767,-0.45443541003952603,32.05815119674388,29.876367642028193,19.79576493570689,6.840613755828963,8.721939742390289,13.715022269261997,10.628607868116532,1.7726252601705803,-1.8995091524891774,4.351380593979737,0.05282411153893918,88.9333661384219,43.03586843913051,29.23063683768713,12.63831651592999,8.95257770908928,12.336246443944578,12.143460477677992,6.15582879144045,9.002169871804693,7.152867847409082,7.27229399492768,8.08249991378135,0.04057995335686449,0.8764247873018273,1.371834974322432,1.1225802381057461,0.5184030893714852,0.4827353131716356,0.33070306213832346,-0.309927723716756,-0.5946151406885433,-0.7724470038571309,-0.49727953769679434,-0.3464146517669941,-0.14586123698852332,0.0008133663645675106,30.633645955080134,13.432297677037813,15.640340531536197,8.789577198290562,5.830836392417933,6.147003647280825,6.630832243091131,4.182581967446545,6.017836594586628,4.152435089103081,4.617668045950265,4.292395279083647,0.013906034940629943,-0.4230307446728162,0.1391912591705676,0.17585549359064412,0.06388791624865083,0.21487294770089202,0.4225545595646854,0.01031207365858456,0.12274456526000614,0.09562183600907724,0.07631228921134388,-0.018726721806443466,-0.07857050878434896,4.3662451207637784e-05,22.17612048509069,12.745308393877725,11.938600414772914,9.95486098428102,6.521857760421965,6.183482626197451,7.35914983228207,4.141287242416787,6.458719487645842,6.092645762120758,6.267497212494231,6.103002411639948,0.008683830015634402,nine,/content/speechcommands/nine/964e8cfd_nohash_1.wav,testing,5.0,Kitchen.wav
2418,-227.4961541865457,42.692855636054254,37.56850963884852,18.41213851187566,15.356332118608778,10.090952336492066,11.03961998358572,4.139887945257126,12.645488551895081,10.240169544988778,4.886824635359175,3.772697342097705,0.057919340615626425,70.61801431432359,30.98440161089719,32.0784510995109,16.06636172601725,8.239784841958828,7.5654911386583805,9.180932310680134,12.220765848598505,6.770180831363894,11.207424416167658,7.7460458351147095,6.472567811653006,0.0190836761135949,0.18968220691429252,-1.527895194171578,-0.08839857104034113,-0.35982725118966574,-0.5220181615910732,-0.12178695003805338,-0.27195381406155633,-0.2170921501623059,0.44607504664016073,-0.043907405259879066,0.3826009603829993,0.5186952721305768,-0.0010681118095113384,21.963021203671076,12.425945627856835,14.029238108354429,7.163897707871598,4.8240612941964525,5.983401348142166,6.957262530317095,5.010211467487508,4.980983710988005,6.182895868641801,3.9898120916594326,3.758482309466733,0.005904953991447582,-0.021925723088035434,-0.43159943736470957,-0.07824284878970644,-0.005106431346667269,0.11399559461517998,0.04023841401793333,0.1912449397900799,0.2534826650150998,0.36636921195148753,0.34721062954251125,0.20161818318167393,-0.02115844575740121,-0.000161626065770785,19.991184282908883,13.31361588809806,12.98051704682007,6.0326050834516325,5.26368838572031,6.489523299100453,6.898782665664038,4.913501805317082,5.053105696704981,6.58889528711242,5.04917680112836,4.6510939036195085,0.005109411486820408,nine,/content/speechcommands/nine/c7124b73_nohash_0.wav,testing,5.0,Kitchen.wav
2419,-251.36756695422025,22.672939807095126,-0.43428105802699024,30.115668168787366,20.79511775733952,2.876289970104496,13.03732807746309,9.81520743638649,5.852319394206026,5.420585176553367,1.8362628112174564,4.503759312979589,0.04870848509017378,81.63781787902165,20.466228771923465,52.514781422803246,9.995870504625792,13.86772097612651,14.843458322658108,12.554772504556647,7.396930002683369,8.644729989117014,8.694820262864868,7.137279373508028,8.840446470420725,0.01956163191853118,-0.7114743235242016,-0.3735764189782983,-0.7439665515168673,-0.4668001372702992,-0.1682115685702846,0.14026806099784028,0.6277987728018546,0.5383282415581889,0.6475390439172849,0.6267918558554023,0.35801214857522556,0.11208618393669896,0.00015219763642357242,26.54223972500726,11.054262278044526,19.36554278545343,6.222402212386877,7.6943238390663025,8.154761459253088,6.990818040032051,5.507270057232265,4.91506938884298,4.346633783490953,3.9037678290293436,4.625260780052681,0.006223126194882965,-0.581923086036996,-0.2607950516740267,0.01868087822176309,0.023383737279586824,0.1365580665381606,0.0815630159848857,0.4631577345565546,0.31044169335714755,0.2878373949880428,0.273918970731838,-0.050704335029885396,0.025709892684276023,-0.0001423186312119166,24.802839009312446,11.824811687290707,14.62156096782994,7.277615576288247,6.734647450057746,9.104955492977894,6.538681835098944,6.347481254715138,6.5028990462215805,4.353293660062956,3.727389697350086,4.929768006511568,0.002931867151888817,nine,/content/speechcommands/nine/67961766_nohash_0.wav,testing,5.0,Kitchen.wav
2420,-251.14810200638502,10.018886236785224,26.105145209684036,18.907204741596,12.869956130782636,12.192638943175574,11.192895209993187,10.882109293438242,12.685245879707518,2.4397714570897686,2.060604864971882,6.210226819176662,0.048105085357314066,65.68531745837852,28.010570484393092,29.767695594011915,13.703397342509438,9.357093634631822,5.411411379041227,8.986036490530024,3.1466978543443855,9.091736790157334,6.661047111391157,5.756217529251767,5.051064696946073,0.013513486236613975,1.076163105724777,1.7206560159728483,1.042864549013953,0.07097799721199358,0.22299505236580144,0.08461209738785999,0.30861195981562684,0.06858513454626003,0.15152214262128613,-0.7176019358326073,-0.45075270821042146,-0.4709019179911638,0.00121028870344162,24.870128249218087,13.570219965921284,15.514999074710891,10.265727618664082,6.121869914041293,5.637524563523996,5.093877356350465,2.814670074280498,6.496879253525733,3.649204884709083,4.480690195830715,3.1921897351295736,0.005855771902892102,-1.5783079226173637,-0.9228278806444724,0.18431878707131122,0.5583587394908095,0.6527138817659289,0.9140862410712475,0.5829409369165615,0.12386567197859474,0.30628529343411953,-0.1137186423822068,-0.6355850852893106,-0.4700096852489018,-0.00013044770610959907,15.950685921680263,14.334052749117003,12.762019781962598,11.602403419394191,6.0091123633011785,6.545930836098567,5.7666410099403995,4.173416702484742,7.183875879705815,5.390634908911736,5.541738639578237,4.3905713589610595,0.003791274237349813,nine,/content/speechcommands/nine/5eb5fc74_nohash_1.wav,testing,5.0,Kitchen.wav
2421,-232.47539794793227,14.690931969121126,23.85793635086462,28.758868056591012,14.599835614019113,2.90552996047301,0.8490564087361923,6.578821446493309,7.724926309833826,-0.6300484305762164,-0.20659822041081355,4.1480673630714175,0.07355973805533722,70.53732602362315,40.39115406375044,23.469563260633603,10.230880213047762,13.951933985758938,11.049449423657917,9.82885100319203,7.377434234362148,7.896055912925297,9.359873252782059,7.459187593247185,7.285858559302354,0.057427233786583286,-1.2057330670513215,1.3630506612787843,-0.01268203843770793,-0.30492921829092773,-0.022583946827288107,0.06374677102736263,0.11469011216158173,-0.44350157871497353,0.6180721813234911,0.3845955715276084,0.32632948939905515,0.3044149296328654,0.0009353067725896835,26.23451940401166,14.424738594473995,13.071553819732868,5.908214905835928,7.27691435023478,8.36028136270672,4.880618279519107,3.9423245409425918,4.8322309130973125,4.154124541803732,3.798899076902618,3.4886793862005807,0.018090345177506496,0.2637752280705096,-0.6947385919200605,-0.046899382009248335,0.10315064206879185,-0.12817897437375958,-0.06097912043196718,-0.0749037339180866,0.21834496838302986,-0.34933984016538716,0.034191808146122264,0.11055772442540311,0.13416268807790324,-0.00018011778593063354,22.079022385222178,13.16844180790791,12.673040938719549,6.333089649882259,8.110479767267945,9.833377318269667,5.392300069048553,4.809882149463161,4.436857112686021,4.695110406845705,4.493688107881429,4.407445299971298,0.011366478714931178,nine,/content/speechcommands/nine/97f4c236_nohash_2.wav,testing,5.0,Kitchen.wav
2422,-214.85824733885858,29.537534710594947,16.283740279956056,19.018514416466775,23.32932327525345,0.12505196429834298,-0.3142684989059039,7.733351208312406,12.317389775946818,3.3675516706666677,-4.464350183139288,3.3636416931801385,0.0744194088911172,113.99366762576157,40.5495352825105,30.254431250230667,9.750649153853995,12.209774181612152,10.125897353954244,6.43460019038105,5.735898938866565,8.26394068326771,5.379063418018316,6.321757384862272,7.643761609403321,0.07744572199898199,-0.32682211433893277,-0.141461637575124,0.2008294254123688,0.1692514068633027,0.3653201955216977,0.43131858085379965,0.28459230037275346,0.33229726638698065,0.010006352406826038,0.17535653435251242,0.1920053694967945,0.053358044002478774,0.00020763926929043185,45.54082839442606,14.43605699483947,18.9123068640319,7.562886872174576,8.204571556916607,8.215458842241228,7.179618566008253,5.202639872470865,6.416083561426696,4.188639109573436,4.8975097560928065,4.455964064871777,0.025822659579903987,-0.5456889823885395,-0.4415982329161636,0.02169652353425171,-0.06590462899596125,-0.1021540351223889,0.19772250584058035,0.2659622758513143,0.33199962346725914,0.39646048261904193,0.2932557220251841,0.3086211479578714,0.3664093589054543,-0.00011082561686635018,39.53057785772571,13.122595221477827,22.20861070422825,8.546121950458973,8.857856731348491,10.747462249140336,10.941848915636749,6.463250956244141,7.728224098262441,5.267337062905139,6.765496624602887,5.462362673949499,0.018499426668059944,nine,/content/speechcommands/nine/964e8cfd_nohash_2.wav,testing,5.0,Kitchen.wav
2423,-221.98748151214312,28.290886610943915,26.814916857479847,11.846076573887153,20.427077802333944,6.753661606836761,7.830718095455924,12.821485643570549,16.59386178566175,10.031306770789978,4.6044960023822,5.727427604211572,0.045750265882816166,17.516944078238197,12.03430198405728,8.965390737373856,4.078822758428077,4.350493043971074,6.272457258563834,4.8544922699255055,5.130248767403798,6.0635839316445885,4.615479124455304,3.688667214841648,3.4959985805995544,0.010447042993172898,-0.3457713382193485,-0.3755614765569647,-0.469655406199908,-0.1519416336346191,0.17402101413479923,-0.09821949397919595,-0.03367259582861988,0.03037967940367172,0.4636317504154647,0.5612340579657071,0.4349331477548769,0.1082380366464578,0.001119607759098853,7.4688778810529595,5.980745192379283,5.805927555032012,2.9258800917913086,3.476577201299655,3.7007138888095805,2.782138789538969,4.144740958696035,4.13501336188216,3.3871669038918717,2.909482370774588,2.8047973804461686,0.0049905291990286925,-0.6158396230062825,-0.38330155708622854,-0.19454816026093577,0.06543444396094976,0.26899233339086187,-0.1572070909252161,-0.14409147465311384,-0.08178159934103389,0.2566332150547286,0.3003375605404389,0.1620771038480424,0.03338096803607457,0.0001172372450431188,6.339588548042756,5.224800648804145,5.520510628974376,3.6863959020666455,3.853926546703131,4.200810799684903,3.5258198837089094,4.758342842213879,4.637577998909284,3.7182226900153332,3.5944269425163573,3.6398655721889503,0.004265543419220742,nine,/content/speechcommands/nine/ad6a46f1_nohash_0.wav,testing,5.0,Kitchen.wav
2424,-234.03284226871554,35.06954577002132,9.249490165486826,23.346077538390656,7.284341806966001,-2.37814307625118,-3.755297362545773,5.815225408043537,7.528030672808322,11.606060401563056,-1.5055620744541431,6.6163415738420035,0.0650861618341878,105.57773172070743,38.10264918435294,35.37709234976661,10.427008795811144,19.298756104331773,19.452806743905157,21.385746525187148,10.411385316318945,9.90917358578547,13.838049830749041,10.584110272816107,8.063259687799968,0.04526261853200434,-0.48283725697654145,0.3327368746745994,-0.0050776520728877846,-0.02052105017628675,0.11386812667030438,0.1370720589075717,0.06976140962728042,-0.004760732865043845,0.08773320972069466,0.052721679656343494,0.15685828652891684,-0.29863791352918345,8.633246104563437e-05,29.9610617117621,17.661723050845563,13.583975457487949,9.38729563328674,7.656865879509566,8.69678218366026,8.779101629728407,6.5108977111950015,4.047271357386477,7.229928979047671,5.425357595490467,4.577401842430403,0.012359870191933303,-0.2833708378808486,-0.16817371859097402,0.323110945293404,0.34084994487523396,0.06366690955660209,0.20909454123923835,0.3021318692428739,0.22926333118378414,0.09289533762924108,-0.1562420418839158,-0.05536683298816485,0.07280089625939852,0.0001250172033905983,18.969393632681157,16.071213871414663,11.445280871684146,11.2617500789314,6.985511856285359,9.136410740001292,9.588516921331944,6.503817571055613,4.45951068559414,6.973074993414327,6.1461360736966775,5.1839154525156905,0.0070248889980088595,nine,/content/speechcommands/nine/b1f8326d_nohash_2.wav,testing,5.0,Kitchen.wav
2425,-240.44728318279462,74.32356268377637,30.644925049031613,11.02210971146754,10.150508345087834,5.688525643734625,6.694498006084418,3.793894945222538,9.204824333661975,16.32305130426616,9.68857112729788,3.098195760336331,0.07799143542069942,78.62006373814201,51.85902605001562,27.719399496577186,22.274727013783696,9.714651913184946,8.908280530406863,8.275953593915693,13.065861067442604,7.166929815383705,11.166543934870802,6.745082201065899,9.90846214946273,0.04025696776680332,0.027157200518186733,0.38855066835302643,0.29952811495962967,-0.025009779805101964,-0.14290943604061998,-0.28998785300295116,-0.38901266345786895,-0.158203301439441,0.12468660520519687,0.006637913360676457,0.057559491601091174,-0.05154734581862314,0.0007505212580004047,22.661700606625878,14.974655463208144,13.537479143457222,10.98185057396122,5.049782859689579,5.638688617341661,5.237674928509268,6.663729351539507,5.45259042285251,6.484171502300334,4.907670964031048,4.567349093534904,0.010476758610537266,-0.28163617365606036,-0.13419889583503952,-0.057408419473538905,0.045225863121553724,0.23118680176981993,-0.06821479284519721,-0.2558152264717923,-0.10832639181025402,0.046830419480307216,0.3262832131630872,0.29548755410738636,0.21717382011975983,-4.2180903255939485e-05,15.933219868461686,9.365572938862089,11.54132935727679,9.140874592349482,4.640290796187516,7.12368599842588,6.667876111363773,7.4855203459105715,6.4475263436491215,6.623113325782736,6.29692870632625,4.2605220567938655,0.007300482765623161,nine,/content/speechcommands/nine/d0faf7e4_nohash_3.wav,testing,5.0,Kitchen.wav
2426,-284.66513190987274,-8.385581911822877,39.79834154188087,19.803409447170335,19.414369524590086,13.39450368269738,11.72465287519642,9.228883130234387,11.301486748983208,12.557186335653231,8.488673998435635,10.630360846331463,0.04174258321290836,45.0691611857035,34.231184481173386,14.621529821863227,20.084019252534492,6.197005554142405,5.747065394191021,9.834613226865187,7.631528058651156,3.2006831351733918,5.405101990357119,3.8636998812911223,5.000677107423155,0.01008043207138112,0.5781073774220119,-0.02148044588045272,-0.038099188477633925,0.2378383906403202,0.07455792375209506,0.05046835852816916,0.19694094441089344,-0.02306935801863632,0.1749245781812834,0.2882310414858362,0.24457572864452548,0.07011262298022294,-0.0004365136546473349,15.846618475645723,11.833382047868387,9.793982232457473,9.741963244055249,4.050170218063948,5.070971673073004,6.3731125860977125,4.154688956260394,3.1411212271896316,3.7229975173911902,3.5024277448469276,3.1362802446538964,0.004047382410056922,-0.22577054194112708,-0.19586247783336141,0.02926910314163583,0.12988917946166698,-0.049079764621424715,0.05375166681070714,0.16571686181607231,0.1838515993363576,0.16922674913241792,-0.11291317613928253,-0.050173394253280004,-0.024709470512534713,0.00011001061648130417,11.628253431141081,9.503475940659195,10.828253074189982,8.096130780411306,4.978760897228576,5.999439056965213,6.9682707068207215,4.95267053555206,4.52435123374336,3.800690606470488,4.382827864725047,4.2703669382601195,0.0045357827633230475,nine,/content/speechcommands/nine/4f8ef132_nohash_0.wav,testing,5.0,Kitchen.wav
2427,-304.5008362582826,-28.08027157215983,39.400044735637685,22.55853063859849,19.421616167153665,11.27653236289083,14.332518729594486,11.440407469904635,13.49866755636815,10.793131686014549,8.717454376894526,11.378753877533,0.04052326927194372,7.742358250479557,5.698150606504473,3.5027313755698284,3.376185183804175,3.463209944901064,4.0677627004612225,4.465113668618217,3.624433861532372,1.9871476057918054,3.324688805408642,3.889655307205033,3.815253515581546,0.008365037855610429,-0.5154874114449989,-0.5070884772049292,-0.3019517361740272,0.08155584725587428,-0.19017240944836689,0.13870080300064339,0.4667580528770526,0.34580132668121377,-0.08963287720653794,-0.17543930533734226,-0.25116655746273414,-0.16954588885017943,-0.00033590101426647553,4.498083636391582,3.4535361681069605,3.6419246286611027,2.8771510761554997,3.9242042040851346,3.74750108663795,2.525082718255885,3.051256711786006,2.132570217581038,3.127867028890958,2.978557970543897,3.3199996525331583,0.005252049762605904,-0.2210160600301189,0.08836632643814066,0.09815378256576394,0.019529597523425698,-0.16938077128529105,-0.19725813823711905,-0.17318869501905323,-0.09886033572496897,0.08822400874054133,0.2325371047237749,-0.030112249203766605,-0.12985397793990022,-0.00018409558882315953,5.3339537770428995,3.9857905167906327,4.830148465023457,3.985967737521249,5.6915990756702595,4.695637113379457,3.6656531807191213,3.821345996752196,2.8366437703631653,4.444454838148329,3.7789874694449863,4.805322039490268,0.004369384936218225,nine,/content/speechcommands/nine/3f2b358d_nohash_1.wav,testing,5.0,Kitchen.wav
2428,-209.79968549727243,43.67560800062398,23.30002680821891,31.434891445719142,9.090846049852832,1.5845150282015925,1.6285538226603653,8.115252999454569,5.7191806615441,3.9523735569041873,0.1647359162488562,-0.506604043578755,0.1731512700789608,126.00983751431166,31.304650961387804,32.59332632583225,16.611895161734783,21.087545193962228,11.904597462838586,10.522594895550453,7.295109268338948,6.555050026388178,8.08766987596635,8.799742694921655,10.206300716797696,0.18028607959385654,5.383539781533825,2.5331346722941586,-0.14855154573341373,0.0028737366162791813,-0.31725102252779797,0.15643640014159238,-0.3069403366012416,0.17688168702478638,-0.4550122786697895,-0.9293555220085451,0.06290879938019926,-0.257627033452531,0.00015654727335899106,49.98236404318548,21.00851023401508,19.168033568804923,13.212301849636045,9.854998792690186,6.706096229299418,8.430250988480774,4.8285954711601935,4.170622359528807,6.429843130968779,5.942160279566172,4.9580463346727655,0.05285269717536708,1.8369096172024513,0.7476782955862785,-0.01230272832767305,0.25125677535719704,-0.10764224211532619,-0.06557124681531938,-0.019096439745618927,0.12896339595980233,0.17354902059028574,0.08533036843582659,0.1502227692018631,-0.08595622570658627,-1.0336314638455708e-05,35.36890111922486,21.29195415183008,19.61524849790959,15.824332443212834,9.759701712330767,8.822011751401144,9.684313359346316,6.347117916709005,4.735669770913249,8.437471206418165,7.504430437672801,6.381502833099503,0.03524465334633678,nine,/content/speechcommands/nine/97f4c236_nohash_0.wav,testing,5.0,Kitchen.wav
2429,-258.30499925794277,35.78928629243748,41.819129420119815,18.789469999719632,15.901559566576427,0.7006386589137015,7.165844453882619,10.520723634362291,7.182611376736049,10.425694878233848,6.93436703819888,9.078651864690304,0.057997581898234785,66.68907583998835,43.66365127266388,22.64372617081763,11.807037680849092,5.765746908365244,16.375594986595967,14.574788090715652,4.630177043429855,8.460328928264348,11.227358432793556,3.4186961979569377,3.0172852817823306,0.023249831137417947,-0.2508875253908642,-0.17782302151946056,-0.1616979637812383,-0.024867424296654315,0.045317367626710924,-0.12960764141816192,-0.22287150863920405,-0.1803181152646599,-0.1626258690058511,-0.20140855580212358,0.03490415547938524,0.12966460041012826,-0.0002221085371509675,20.515410108755034,12.01261429096146,11.398365271151604,6.545739820527668,4.3463693896381885,7.012729908757491,6.752751120433259,3.4346287946876846,6.5968664641626935,7.55701686244501,3.078998633692265,2.6794914522758964,0.008223882781688497,-0.15519479054703614,-0.1924815133151898,0.011753868140716151,0.051850568606718994,-0.027249272334187325,0.036584747738488056,-0.08852479538228586,-0.14726542281285612,0.08850899297956297,0.12344487495523812,0.018509481285474368,0.1399334655086316,-7.770458857218425e-06,13.119284085201501,8.643633255139301,10.295147626665777,5.693908471478967,4.653458670034475,6.785529002463145,7.646889711211756,5.486640024039592,8.146748878381043,8.20400134693654,4.02450448771998,3.9523350183950288,0.004956268953520603,nine,/content/speechcommands/nine/48a8a69d_nohash_0.wav,testing,5.0,Kitchen.wav
2430,-191.9657200715941,0.4245970305047402,19.06929123719602,22.8499689087084,16.945677162610785,-1.5510532411118305,1.5998259674718576,3.9292099773787452,1.497993385794141,1.684889786431281,2.222597424376435,4.281640485552514,0.07096339046256617,69.71809155513526,41.68411360428751,23.518595939116587,12.693585003279804,4.691327053124592,14.147280571021904,10.363793148339335,7.559275220526674,9.910759341560933,9.142371783663599,3.7437764450213677,6.5989195474715645,0.04718420855124161,0.4524730790619907,0.3744345735552199,-0.11133955682105676,-0.197426762743325,-0.29834538059202315,-0.2409791805448427,-0.3197222679838086,-0.48727873341071215,-0.3972763571737145,-0.337456917107639,0.009279272050192555,0.049999830598269304,-0.0008919242649309097,24.454822317208386,15.062016446790784,12.274381055039221,9.114180896602283,4.358927987290406,6.535169557931842,4.746091861074518,4.165590122615983,6.477755313492602,5.040409632692729,3.21627600903668,3.9935729515398486,0.016448421741384025,-0.47002935524635064,-0.37911104062111883,0.11352704175995736,-0.015601936717800295,0.17894595097300084,0.21660498180687016,0.10058558905832456,0.27461489628364905,0.29807769788149696,0.12014557631127672,0.12676999657507396,0.09089032274820875,0.0001551413908600807,18.960313682961488,12.608721166473178,12.399861994402455,11.337982462010492,6.2044975405525795,5.777707393757842,5.579480299610015,4.6051914606805395,7.4620325281761,6.14739322515631,4.691002066341409,4.5924958849454365,0.010369147442141681,nine,/content/speechcommands/nine/563aa4e6_nohash_4.wav,testing,5.0,Kitchen.wav
2431,-242.93469288155603,60.34175907580634,17.777314487950044,33.45850596272737,21.130283530246796,-1.329622796322278,9.423371527139865,3.8835503550498407,2.7913828232664333,8.44184106640957,-0.12597013484423292,-2.425602012182968,0.07624118076637387,99.39070614312074,41.63245756104766,49.41800599539747,16.791142709849222,10.946362126502018,21.33403738881866,8.492864768081208,12.734724729735493,13.288739687635124,6.080823669196961,10.312907217588757,10.104077801584472,0.037821954574644816,0.2147825125704707,0.2213778072088113,0.5450084198993133,0.5717937412583861,0.19410382017113956,0.18081911109915874,0.5611385809069306,0.42652008333454816,0.11701510775463554,-0.16404286428717296,0.06699634517653173,0.27786943359132127,-0.0002678627929379863,26.646260817361014,13.021912949834125,18.331711071073382,10.278916104263981,6.429549108172077,8.367199324210658,4.04241277591571,4.998316104355164,7.68861986131177,4.299373553322098,5.496295795329352,6.1707797786031735,0.010627356379561984,-0.5830589510048451,-0.34237387160659755,-0.08412264319060737,0.010967726211835208,0.20293261164038323,0.25391170146907266,0.11880393535734607,0.22706425426142104,-0.001009043462418561,0.21276157221625713,0.366609259327077,0.28515862790071866,0.00013471643129984537,18.19805412830303,12.073470701752187,14.581951002536586,10.276765058963784,6.840238740057533,7.347401960845732,4.178340302642752,4.099381122354059,7.7001233297486955,5.992773890042319,5.194123645701532,6.55920639257015,0.0061878567671119905,nine,/content/speechcommands/nine/b97c9f77_nohash_2.wav,testing,5.0,Kitchen.wav
2432,-261.99323075679126,9.055667305773962,35.91276634025603,27.46167530438094,18.242467868589053,5.783981565723863,7.518839542963576,9.769612295619151,9.674612604270948,5.890656244610746,1.9412724481376786,6.880913064002796,0.05231583904242143,82.87394308969237,39.93637307140329,29.48281860618037,16.432492013685753,8.83471245967881,12.789194318688331,8.077810541159138,6.688434400064683,8.647596859156813,7.9410791763786,9.589273757779345,9.1397674908671,0.03345129605836134,-0.024041753099883437,0.24860850456850578,-0.42280764611296506,-0.04946619532407203,0.04413516027746707,0.08481673531611986,-0.31252398873788256,0.09655642996473425,0.1267619984812898,0.41506985747599967,0.20672021063524557,-0.1492848637879764,-0.0005252511510925908,30.130734125287645,16.44742169989498,15.205761777765463,11.307025689496692,6.733187529705638,6.2975664864992265,4.70198268536845,5.3442034816051684,5.364244923324474,5.232479349758855,5.349466466719489,5.013251944034757,0.012914103491946886,0.07068544378410593,0.07823058489526886,0.04808370683432936,0.27025895630995944,0.25864823262302866,0.18457202473549195,0.12795677599279492,-0.09197373945489341,-0.11891274589006481,-0.11932037042676923,-0.09182239851439113,0.22431114618944292,2.318775902191798e-05,25.367610864999666,18.502963562235447,11.899765044850836,13.13887245762112,7.990738179857133,6.442143110793238,6.253865927016371,5.8127642195938405,5.9935651915931105,6.822044179843744,6.682354866884736,7.040017713565547,0.008235205453125874,nine,/content/speechcommands/nine/964e8cfd_nohash_0.wav,testing,5.0,Kitchen.wav
2433,-165.87481378003739,29.99205868495474,16.862310404570223,21.765758269939138,16.246794262860703,4.836346119664158,0.010221458783367776,3.9461755875338422,8.109254936411395,0.4716352537923842,5.536896450044768,4.486208638860688,0.09945811738725752,78.337512600307,30.590383003273082,21.980421499916762,11.951021239488519,11.566969858334643,11.933615690729205,15.04018851682581,10.739783267041675,7.828394413174826,11.720913550437693,7.710974196669489,11.692284920572614,0.07723933212877807,2.5477905953053734,1.2214711186002176,0.11713677311569981,-0.20059417833914797,-0.14470833705550798,-0.2048646642543958,-0.44329764687196266,-0.4742525132223799,0.08389092990760581,-0.40712038845614357,-0.4974753533485951,-0.010149039534341578,0.00037963688373565674,31.621261671127098,11.918365771315667,13.648136142796456,7.11767410241052,6.307941971972399,7.124426603617269,7.956149327494977,6.46767049066309,5.383742459492307,6.549858530486219,6.170984077149059,5.695595817643004,0.021582115691248346,-0.9917862852532129,0.0785285168402434,0.07975038152917939,0.23392794259779146,0.2231768572076613,0.2527669525757676,0.3050530710385521,0.16865494467986394,0.04235045056806118,-0.03217041323841698,0.19362115482358094,0.2943782405715999,-0.00015328166385491688,25.134025611892735,9.482179331345348,14.025152590858191,8.903047602706948,7.865472895471965,8.570360160660139,8.147378189239845,7.537638872964007,6.365949361024539,9.324289617846423,7.172550758352639,4.8284410011400265,0.010908055724632942,nine,/content/speechcommands/nine/9a7c1f83_nohash_3.wav,testing,5.0,Kitchen.wav
2434,-207.05014155975397,47.801994331655166,4.45129296681927,13.384536035813253,-3.851457662885414,-5.999880654455984,-0.9772173653117919,1.7444290051399305,5.425284055692655,4.64366005357112,2.552650369253098,2.736946222860646,0.07184466137550771,83.39610450655272,34.42817285810287,39.69404692167939,15.546898151526891,19.228116475322018,14.119087620802649,8.612920653553635,8.727638552163516,9.83279540977808,9.533013500987035,9.3998988655365,9.501560938519388,0.03925067263173619,0.6222913276993649,0.3331928115220733,0.2676182708403484,0.3056684628358911,0.09170964253213204,0.15692286723120988,0.34107222145975036,0.23419710410191075,-0.050333926972378096,0.2358503500025787,-0.04412667113783126,-0.08185502006257667,-0.0005661299632441613,27.044193344644196,12.596258501913415,18.92380665713762,10.650243504630824,10.336448667890846,7.469290476044574,5.385347951951636,6.671385279617577,6.131568310487484,6.0319599167250155,5.22640041175321,4.951136891486382,0.00986838935801119,-0.3534612577198947,0.2377595985053924,0.3656144657594111,0.020515854956255217,0.12233756714848344,0.09736517317711119,0.03766409959834108,0.00982405665370602,0.1060296632182333,-0.10213784744740503,-0.1520836555075911,-0.0687223573696515,-2.3639574646949767e-05,21.92323504787885,10.453547366688586,16.08824394967109,11.467585520688282,8.962972468198787,7.341042873267063,6.6012686797531295,8.64602814591503,6.892543623128294,7.392690990804525,5.876343327493912,5.690081694525561,0.007448415482931635,nine,/content/speechcommands/nine/1b4c9b89_nohash_0.wav,testing,5.0,Kitchen.wav
2435,-272.781359710806,36.880571203386566,21.64378386131693,31.535351416398907,16.39649061812415,8.427470360243767,2.85505589362415,4.201940605859162,7.102013751880975,4.024632915154124,-0.8351355832852849,4.254535762972958,0.04784736700821668,55.00008312602395,18.32480790784612,33.75868926876478,16.39764025932263,12.986225505053193,14.723823418920842,9.317172260258399,8.211360651824672,9.3171173311438,7.294969297353682,5.4270156384844475,6.321758310694971,0.013504944910238537,0.16157649290322562,0.19384211458721382,0.36982679215263886,0.19411686241317208,0.352175495767316,0.46084940732220164,0.0648846155244366,-0.3199326774393827,0.20759691961840332,-0.008891530715992805,-0.5483785070718704,-0.579981837459875,0.0009301558377281312,20.955249378613743,9.842853338617566,15.142655333385715,9.734813402720173,8.101881635304611,9.778300304239826,6.912193178324099,5.151956518553873,7.626911595555489,6.144838688786171,4.263492245876096,3.786898250760874,0.0066118121003799464,-0.3802884093260047,-0.2526046494650821,-0.15712333355402944,0.19526492114134028,0.09447111348316514,0.03826123987954162,0.27531707020694357,0.3543856378877235,0.19947045826826804,0.2256103296807855,0.2447261959295751,0.22430584281286722,-0.00013292096555233,17.22886129963187,8.630810509809505,15.155756815351971,8.802581749793044,8.124798009132947,10.452607477213203,7.729065660021128,5.75181899734076,8.695954577817439,7.255327165698905,5.15411280911825,4.793763138380128,0.005574647066434125,nine,/content/speechcommands/nine/b2e2773a_nohash_0.wav,testing,5.0,Kitchen.wav
2436,-237.94117053962026,57.86171563340513,25.354611699952905,8.89227373232998,11.560757370656281,7.358513729713486,11.367119353128638,6.915641866611867,7.9085861676304425,11.716843185491397,6.827720594965247,2.8835198317725266,0.07921071205055341,87.81500561876614,61.01748782142088,27.302711262701827,26.244815994987647,11.978793874209986,7.328184723903604,6.144100710552926,11.070214250193688,9.269018524358714,8.336844270894282,5.195275105316612,8.800043864526119,0.055358723924204795,0.5211038891239951,0.48598186091254847,0.18054435499638338,0.02041223213747779,0.22951797072675353,-0.06137758308932774,-0.0016933022127914104,-0.1690249638712241,-0.14542572805211038,0.037021504941435725,-0.040363544492564546,-0.5547515879384356,0.0002008278764063312,25.228421670496004,18.623119452365604,13.333258123539565,11.211478898857258,5.80617575874142,4.2901636419420335,3.586039896343033,5.5444134900727,5.820846133688513,6.270797070431799,5.186507206294744,4.992613296952495,0.01667080975178073,-1.0641151828951914,-0.8836221865796328,-0.11703716676373581,-0.12748421080936528,0.12613884407940004,0.24093841537454627,0.23501797480488235,-0.07777647979040368,-0.16176498235761105,-0.5911724662978229,-0.3109552693352299,0.1462710471850751,-0.0002303102985024452,16.234674147046356,14.154321575072847,11.596532375569588,11.906543578830805,7.729237089167042,5.939431347430022,4.6599494443287295,6.547917231437648,6.74909772562065,7.757994775761176,8.240024717137985,6.174415244283966,0.008948566874957336,nine,/content/speechcommands/nine/d0faf7e4_nohash_1.wav,testing,5.0,Kitchen.wav
2437,-235.239079371966,22.77167693864144,18.02592957686656,16.931446744655183,5.261745117252481,-4.353286361978165,3.221282285420916,-1.578074666537221,12.237614975014791,10.680409175271798,-0.8577126563177877,11.532717726510992,0.0712255456019193,106.96627381146655,49.05701829282672,46.48971808212082,14.873805812937034,19.444258516176973,24.976570054402572,17.877062155941665,17.387954878583407,12.255545073044111,9.98058957532084,13.602240233350052,6.169159397944062,0.056978214968745576,0.48326260585166886,0.6082468667489686,0.17705970768913593,-0.1797188512393506,0.14194756483478194,0.23593135688551845,-0.2878875554128122,-0.2916671984817101,-0.19453295127015469,0.008313272140570302,0.22951468515415432,-0.0020158761202095418,0.00028627431921420557,31.347184246576226,17.73785476390099,19.11843081392136,9.702099495171705,9.501391420342424,10.852761804079945,10.239765991550058,7.319448649531335,6.183015148719712,5.825289531431022,4.9635144061492715,4.767692184571948,0.016519555630444195,0.10333107230220359,0.15560331849826098,0.15337360483263254,0.3068294886149647,-0.1473380165772177,3.60372268678096e-07,0.0009162880467867988,0.05021419365511252,-0.01933495781950238,-0.05081641410016114,0.08183892246084437,0.08475137972677155,9.096538027127583e-05,21.06264293110866,14.23116181441749,15.024959475935152,11.009941388270152,8.558107184397025,10.241806731437283,10.855824938525284,6.857215323408882,7.452027206874455,6.979491804677083,5.194249864431308,6.096331172158528,0.008781375347414928,nine,/content/speechcommands/nine/b1f8326d_nohash_3.wav,testing,5.0,Kitchen.wav
2438,-184.78488409590395,58.57819864242464,20.06005218955906,8.11192959403747,1.0768470132061985,5.095740110869885,10.237533201724917,-3.3724796149140794,5.714196207410732,1.9477616503614614,-7.0851543046745595,0.09411203857963463,0.09287872837739997,105.28904759852735,56.570758877720195,27.831381961490543,20.342712606890885,24.088270904463318,7.95537334667244,8.245825969679654,10.86614093970645,10.629645278113411,9.57431271850339,9.465531650030554,7.766379297132341,0.06402200235314746,3.4348497816200356,2.6193904998754562,0.7516292271159732,0.03413825816957695,0.04232656356196028,-0.24139788755178468,-0.41062791651981,-0.47142678659637266,-0.4277384021009135,-0.3657744152376439,-0.38656884056471236,-0.23231501251954675,0.0006952096497820269,24.77085918365906,14.004087078917273,11.276688804484586,7.1836577944136515,7.467032218736699,3.821302355927061,5.248667998059688,4.6689851865305325,6.356551868508318,5.628042586817683,4.131875431616035,5.036900532683726,0.015095750498106615,-0.5079362813200068,-0.23226963684110374,0.1512628397245911,0.28265528615105495,0.09074572762856689,0.4228610141395336,0.34747125489469466,-0.0621920740275493,0.020924154993561372,0.08146669448377798,0.11490479520614946,-0.046020885328218006,0.00014461285124222438,18.69745269104134,15.190969304716516,11.205522941540442,6.123116395320357,5.5549982491728,3.710958526451463,5.751970827410282,6.284654659235852,6.915401713367805,6.504486549273544,5.327247330821237,5.489028448003213,0.008563451624457317,nine,/content/speechcommands/nine/b49caed3_nohash_3.wav,testing,5.0,Kitchen.wav
2439,-280.4531501753007,20.184753958513554,13.590745590630107,27.440856146792658,16.6941331454633,8.908260189667779,10.704531631053182,9.504534300199428,10.69977372413965,9.343107647591948,9.736193402380955,11.227085785152088,0.036666923318989575,77.54041149835774,31.084392949696916,19.967863412733404,16.042543054725066,12.37534889008175,6.813424837154689,8.291762527215795,14.496823805017195,8.895256162781397,5.71159786314047,3.1767108887210096,6.252434568368505,0.018242005686002313,-0.0024847693051275464,0.24507299497636842,-0.07306939766363224,-0.04865472180281491,0.15125702977367364,0.05253760153982681,-0.006865851981955751,-0.25868938659787793,-0.2082531129140115,0.021821155095491408,0.27402671662446054,0.13136115966642709,0.0002470130040760963,32.41092907178293,13.61001642082967,14.105411486370713,9.204013067157863,8.117427969543728,4.890254436164282,6.2595966572748525,9.0317570544862,7.710611982944007,4.512676066799718,3.3867540696347596,4.91969248975621,0.00642434534780737,0.28944271624802315,0.07350807636496809,-0.07545665667244136,-0.09963717181024165,-0.1401437038181689,0.006921349053101889,0.07784625620947037,0.07245637969201789,0.0771029001517841,-0.04960240377893784,-0.037364059934972715,0.0860272544127081,-0.00011061659703652064,29.25744887985569,11.415707215362557,18.1368520035366,10.126794352280521,8.133053641537717,6.434005916059453,7.0655595749519975,9.756659915839238,9.473670513291983,4.981404109082448,4.760478298417575,6.910703916500308,0.004068762076623535,nine,/content/speechcommands/nine/37dca74f_nohash_3.wav,testing,5.0,Kitchen.wav
2440,-257.2555751193848,-6.7193255238301965,7.82692643816918,20.451874105564062,20.451626366976708,16.735435367737495,12.34548911539739,4.115716794685488,16.826870967859595,9.44407383237506,-4.257375135286934,9.646841115428431,0.048134001120924946,67.09763387549596,23.26036596578015,39.89700889702493,15.020323301129698,10.36461429886682,12.341918120685655,8.234839753440792,10.961149179202474,11.625601656108431,6.022201704888416,12.629531522557562,5.42347002248357,0.026054082109805674,3.0132054029818556,2.030773833751922,0.11599479228505001,-0.3434134081351363,-0.06482642472702338,-0.2805695970583706,-0.4535161406043103,-0.9298232257064353,-0.5842922915376575,0.031267789888149045,-0.06572144111156432,-0.38598830349876273,-0.00021963737284143767,20.601426195855755,8.150667026595555,15.840114862895463,9.329301370843638,7.892459188118582,6.44413907426701,6.939944609357839,4.811875119195116,4.942244136753103,4.365443511559058,5.2613342929552775,4.194642235697344,0.009305237886015979,-0.6931802684018749,0.42080860081653404,0.584249069465911,-0.035517185684282096,0.5042567282823657,0.07125120593121123,-0.5777441976029862,-0.04982495614319045,-0.09596986103573228,-0.2941122106956926,-0.06268662869997854,0.29598007644657537,-5.527715320172517e-05,15.603068825554596,7.266523982991609,13.087004392247994,10.507907233358686,8.016565155838448,5.6234097645765795,7.967119329451251,5.445393448819813,4.620968138918955,4.99281563726676,5.067983903081516,4.905305037128831,0.006385666912924107,nine,/content/speechcommands/nine/26b28ea7_nohash_1.wav,testing,5.0,Kitchen.wav
2441,-309.1418157466179,13.326741639782696,38.11190911801488,24.377630093553215,18.925181819880812,10.105307367682778,9.683556976941894,15.135156891054814,12.890031368670936,10.316731207301986,4.830515945689626,6.720888165957574,0.05570896144490689,22.459782825198673,10.38303178202064,7.725361778889543,8.323688340424034,6.038288079197336,4.981923936311867,4.208789093438177,5.231944896645902,3.9412830554422347,3.9102332421505546,4.851159023209092,3.5684853675201356,0.0061075239694493655,-0.4723988280014792,-0.32687699035234236,0.4179327311491572,0.789858229431722,0.42160087790921846,-0.027997192960509242,-0.17727757304645922,-0.00994203555787901,0.026466715513211964,-0.09368644766116634,-0.06384484902390485,-0.18622879802460118,0.00033320474528497266,10.678535513347137,5.776782734964185,4.6752582753005445,4.652203952818445,3.654524376304861,4.125094811266421,3.484557874893233,5.362983321382972,3.531842688506555,3.0813075418726887,3.761360800333838,2.6405419586803,0.006843574154432056,-0.10590833940824874,0.0759620803585768,0.369237809634348,0.4138836368234809,0.22302449011381534,-0.005719516978180354,-0.010996006749286972,0.30014057285099915,0.29848880785240695,0.11347455067830421,-0.04228032462097463,-0.03358311674353088,-0.00023872156937917074,12.207409402479993,7.946225869890245,4.978887745085171,5.261226686175524,4.492826028204866,5.295613821959517,5.211968274373451,6.482559173560217,4.725399669713797,3.9499117987428907,5.009701045130753,3.2503138133121143,0.011332180523064131,nine,/content/speechcommands/nine/1cb788bc_nohash_0.wav,testing,5.0,Kitchen.wav
2442,-248.8525942355854,14.039771354340939,37.994144034994456,21.29901892260819,19.53956869226817,9.84303665622204,12.383733203769882,7.760879299275867,9.705130948108511,11.347327792413356,5.796625385524816,6.174818823002147,0.04318486852571368,51.88597732531295,34.15149384915282,22.036266654436847,19.611811834496493,8.062706681329018,9.748889383882933,8.651407059821858,7.887203741796268,5.7651673874889875,9.738131382461019,5.969669584773376,5.220056645325939,0.00856647924768403,-0.5121045974304897,-0.44386573182921707,-0.060966536348921234,0.03508169080581906,0.15677283693427427,0.11373703536956072,0.053811940429820966,0.3312008342677728,0.235470917699421,0.4031884998010638,0.12388951717795671,0.03250063672980025,-0.00011192322258026369,21.300562202561085,14.694344237565902,10.96626250511749,9.076621944466664,4.931094783838971,7.116756941080514,8.189585158511505,5.472159000395389,4.055624040564223,5.790763157261072,4.1495687495847795,4.0563098857347475,0.005182762578363231,-0.8244506137762528,-0.9337361138620898,-0.47697973718030584,-0.4060372697736932,-0.3838166338118371,-0.17223896650415196,-0.20224690140289994,0.0806091366920489,0.18652370691657527,0.28246010831918006,0.6699200739996743,0.5047195155542993,-0.00012182332575321198,22.742967847431512,16.565657017009272,9.826211605993036,7.099368363444617,4.890582037436082,8.972867121011545,10.834771770464238,6.595283522031105,4.388643814736819,5.623771227160832,3.8117807735624063,4.350593921397635,0.004397820104060486,nine,/content/speechcommands/nine/d91a159e_nohash_0.wav,testing,5.0,Kitchen.wav
2443,-268.9131418722783,35.48837937622322,28.22941669087477,18.12076324653681,9.640716638158427,-1.8964338583424007,3.5192345716221474,9.519590306891256,15.423342993270253,9.288122188386442,6.230276913888215,6.757752742479985,0.10867205046815798,95.66744052970411,57.214626810548395,27.094731722102352,16.468451811306444,16.65122864955432,24.678487313612635,17.23826370056859,7.856501283605452,6.514820259999527,3.4263211129782016,3.07501263186611,6.452591467774902,0.12605797177927425,4.6683471044080465,4.311556580110795,1.2770939337851837,-0.14421752980709746,-0.886706779316068,-1.009545090226691,-0.26109008211561135,0.323202725009862,-0.14548821574062618,0.02821092139975523,0.06162792648701281,-0.3417637295929111,0.0024121583950135017,22.630959243778612,16.223679750793153,15.580738519122827,7.715719794194054,5.411868158412295,8.856844168019562,6.792332234586349,4.163945109294218,4.421934397531634,3.2736752136099807,3.0231886523679967,3.5547874777109385,0.04320772748659505,-0.714760460070579,-0.22585770625548943,0.5105353909765957,0.16732550262233764,0.22738167519699878,0.6954287755791821,0.4014201236656566,0.022525461664013473,0.10902798448195755,0.20077289117954353,-0.055053215103624,0.20157335585215033,-0.0014158565551042556,14.746192455234342,16.19565359807525,14.506077635352579,7.936325828647831,7.2317338899560015,8.672012775002925,6.3826695261923705,5.179593903410861,5.4357486393672,4.313808751711101,3.7741058820973086,5.004155702473762,0.034766088830124046,nine,/content/speechcommands/nine/5e3dde6b_nohash_0.wav,testing,5.0,Kitchen.wav
2444,-216.6488237274294,52.60210593389556,32.92072806506506,23.55940483159374,20.811629606788543,2.491338321096361,6.8495687341136815,1.5049947902706131,1.2308134378755824,6.691411315718527,-2.3523054125852036,-1.7423125133604653,0.06451974652009085,75.97037252257263,37.977133388655766,42.67156555398007,21.049794052494967,9.018462238967421,13.79648486501243,5.821772933535195,7.588278195838874,7.470584631677383,4.54148508283707,6.665608996678696,10.006235289628993,0.03532453263976772,0.7664798398352632,1.2154721062639087,1.5253237304652512,1.3442157920988524,0.5488566040483916,-0.09555552522849009,0.06827393805290365,0.1663024642526796,0.06917915635899753,0.23974640458887783,-0.12129383232293295,-0.5683361817813023,-3.5968519026233307e-05,24.959733380844508,13.687727101360986,16.63246781233422,9.959102468995473,5.806141458949994,6.898046692427774,5.316957322142001,5.2405018495290605,5.061426219880333,3.698106075161817,3.853680513478909,5.524482702703611,0.009705099966752395,-0.74963531141186,-0.24730042901269275,0.5744049978204944,0.3758550996594877,0.20266521234228396,0.07772941668162794,0.0787250452856254,-0.0878866555127754,0.14016543287187616,-0.025808113372211523,-0.28442744706866174,0.012004386643929237,-2.436339855194092e-07,17.482679921488188,11.3087565594125,14.185422759306098,9.840625262139726,6.748028561141434,6.536942025665878,6.484845399522273,5.641388796784054,5.461690625175965,4.875422805232513,4.579833917894114,6.01689521353827,0.004986267520102174,nine,/content/speechcommands/nine/b97c9f77_nohash_3.wav,testing,5.0,Kitchen.wav
2445,-234.38666437833285,52.16493514757727,21.15979884302532,6.70762996479952,7.189026911598099,-0.4667546447307984,1.910841300369612,2.56753005211297,6.213869958850289,8.239735303114394,2.3315314723405454,3.3537418201429494,0.04974680329905823,57.45662059609054,41.41890359891237,19.621785123539595,24.835250797918015,9.49786613378079,15.408309978112708,11.018863218788116,11.63160438282832,7.687790484924424,10.987512692324062,6.85012252893589,10.221836888170516,0.014353805238948737,0.5651398546812666,0.6706129272141641,-0.49145799982316757,-0.5891853490481855,-0.0274939285768693,-0.0995713127601791,-0.327187082103459,-0.2171449333540735,-0.0822559180820659,-0.1580512502206279,0.16556448946398392,0.589415679777776,-0.00046676421357739356,21.231056748413813,14.557647661349998,10.664860072074381,13.176052640889717,6.30221963592061,8.745696646688998,6.533256799055763,5.802134621522929,5.646489847939355,6.786020959458691,4.782910731115816,4.372325701599919,0.004857942591086956,-0.2454666448978628,-0.42827206262720996,-0.4014239242654404,-0.26053037521516587,0.282451403597956,0.3687674019345059,0.2628482711305453,0.010843940944290094,0.35582365645519404,0.06966888494669661,-0.14833831970488864,0.06934891039636817,-7.128417491912842e-05,17.058893261201614,11.646570959797485,9.020999612995832,10.846152040275248,6.3856279074988915,8.232078582454248,6.529929992685961,5.737415906633559,5.698672506942099,7.085694175589384,6.273839455655652,5.964154714843138,0.0036660757305420084,nine,/content/speechcommands/nine/fe1916ba_nohash_0.wav,testing,5.0,Kitchen.wav
2446,-327.350966939296,12.735426551593996,32.97493860314951,23.216115035092106,19.29625621074012,13.60824919761005,14.960566347783423,13.711331320203737,12.49023431086875,7.91912257791731,0.35304470571646307,6.6997442059831105,0.03307522111572325,29.856704991102212,19.461188649565194,12.096674910038768,15.143952340689712,7.117108666101942,6.101451729315592,4.814930423606768,6.587392184267002,5.582771631137254,7.492452548103854,9.33123373255032,5.3298440275102354,0.007554825879459656,0.24180916474336944,0.22353155313291864,0.12230556528526282,0.21180424202281203,0.1079647022836386,0.007062744673066353,-0.1656053561148231,0.23948946497825035,0.3590243253321369,0.09619535381295248,-0.20423549905543534,-0.14197741049095963,0.000301275041795546,10.75666916826463,6.967717659520588,7.661965078809394,7.799381011895989,5.701053783717128,5.700119233835446,3.1375514211853823,5.06935091855285,4.241898536794006,3.7164886569575573,4.160324004750043,3.728904674431417,0.004134843737363517,-0.2981548306126361,-0.09817070549389978,0.15147330828189626,0.20952286653778973,0.14689663998034988,0.017028527660421726,0.018411420286229507,-0.016078360204847778,0.043007047702204024,0.15854028784403967,0.26878506906444977,0.039752615280540485,0.00016997785617907843,8.414214701751362,5.3301548060878945,7.642249229489906,7.126404160203578,7.149861958682977,6.306233469380182,3.483166655405421,6.65166033337637,5.853058676345604,4.133472663535696,3.8538494573727684,4.295524259409102,0.0031015602609875906,nine,/content/speechcommands/nine/90b94017_nohash_1.wav,testing,5.0,Kitchen.wav
2447,-156.6672740934933,69.60891611907847,35.0519096292145,18.677327931232792,2.7187019754730453,-7.561762242647108,-6.270277245513656,-7.122639605047463,-4.111025484460005,-0.7162506028101081,-4.238710645117868,-0.3647650837489982,0.1584930696990341,74.18759817413782,14.921522185986483,35.21268461929502,15.717342894589612,17.21759456259554,8.914711284069213,13.053093662111483,9.830788434452977,5.887203822649978,7.2313134585605345,7.185158838523481,6.915614697950975,0.14317071255300304,-0.8475146153541862,-0.7573719198351943,-0.005804875529985191,0.8604594550319076,0.8800299044432267,0.2525261993738882,0.3403478057484239,0.9162814695339189,0.04367354026028649,-0.5957796889669722,-0.45624128194274943,-0.6168043396876182,0.0034660978182669607,30.607105478608226,12.07583159302006,18.322914608833113,8.633288309303644,10.039122538974246,7.3363954916797445,7.822597361326911,5.549997087376589,4.659415967196323,5.541685055891503,5.113818835233246,4.674256470061281,0.042235768266884924,-0.30336246843336145,-0.17525462302018133,0.1370645236792124,0.12077483295131503,0.08987254618275682,0.3360429603773609,0.4595576665669733,0.34027921442818077,-0.11209950009381889,-0.19056836948233874,0.12309959652456029,0.08242987502208529,-0.0006614478925863902,23.843066163426965,13.805263241975693,14.830767378559397,8.088169481071633,10.107166949299181,8.985531566683994,9.66019140899187,6.681764098063914,5.645095732020765,7.278920459451709,5.788578008686313,5.285178450510131,0.02879623908387485,nine,/content/speechcommands/nine/97f4c236_nohash_1.wav,testing,5.0,Kitchen.wav
2448,-166.88368436354492,6.154570299881774,25.885459000077407,59.749105611899054,0.18015368877076776,2.8490647415767434,17.05810924780019,-5.7157785182542735,0.7859342137434977,9.466843314049395,-3.3250684968716975,6.77505462143808,0.11978710972471163,122.29350493342778,26.813775436330864,31.956921254921344,22.473134749783398,22.854622052521243,8.820868820259475,17.957227770251432,7.883486792323182,9.824552837250506,10.57892639267996,6.471722486350619,9.763518771854214,0.10206405777723014,-1.78520573355073,2.2831079769552076,1.3901944089832343,-0.3056812289280829,1.4216590492912586,-1.0074877999269822,-0.691441735881767,-0.08921753430871225,-0.4968430059913873,-1.002212331261331,-0.2006034447553528,-0.3989007031826838,-0.0006166232689734429,46.00068779626399,14.547256842907613,16.140832584947518,17.424219357273937,13.12996186116404,8.144609912756335,11.798588472995721,4.9225621557390395,7.113622646037957,6.104318749457446,4.878131440238681,5.520271942496192,0.03246689910176278,-0.22547537720634808,-0.47452874807448414,0.7239586026230264,0.6444761928972426,-0.38071867560132433,-0.41587446128787164,-0.4278850316251147,-0.12720672088023488,-0.21426675876601073,0.06864012598687973,0.26781429434462417,-0.013630935627788032,-0.00014541633427143097,35.74991130822696,13.911172012917865,17.3667235569076,18.949126992501945,15.49064731703929,11.065103719508006,14.129538934402337,5.104120606721883,8.701050446655735,7.352112363408575,5.599984257340848,6.171099347316924,0.017930753576261765,nine,/content/speechcommands/nine/c22d3f18_nohash_1.wav,testing,5.0,Kitchen.wav
2449,-195.9083821697953,45.731756707973275,27.558437660326852,19.02951830451869,2.9949850363310255,4.553417192704842,11.486905546892036,0.5649295283046604,9.256904456237784,5.877503959409975,-1.0956936907775296,2.2488263286870955,0.1163688349770382,121.6213622741329,60.27205730720361,30.771333370720946,19.69226264698505,27.533710787280572,12.477586524319937,10.470868442495993,11.224516486324447,10.542911473344407,8.210702801453474,8.632377247895812,8.731669374932356,0.10589573775259968,-0.5150892156888689,0.05919890289930436,0.03112546175223081,0.15598863848474573,-0.12614947145711577,-0.36198067981119636,0.12680631436383358,0.24247629695738648,0.17568887495009,0.06642085808159676,-0.07084532543384332,0.03900771954909365,-0.0001328476374187777,32.20515344499483,18.23073291521635,14.375435372373062,11.199324333264759,8.8486595819091,6.929514934079424,7.141817551966343,5.0477818997619,7.268760438777178,6.2098157174781985,4.781199647497908,4.607684036206632,0.028371400683800375,-0.31607110961581764,-0.19888783779649824,-0.12087485367179328,0.05886321286914591,-0.041799725234480195,0.037856050197768276,0.10597818683396859,0.0682004076205704,-0.09923795928885415,0.004730834585411466,0.00567499037788366,-0.011552520290417275,2.396826942761739e-05,21.12821144323154,15.50468218823593,14.424214282670048,10.758476154962521,8.374798159467934,8.782884916867907,7.459464468208592,6.490293681431383,7.280732741269363,7.483350593544344,6.414393268097159,5.3858770755001,0.012789007527302089,nine,/content/speechcommands/nine/b49caed3_nohash_4.wav,testing,5.0,Kitchen.wav
2450,-204.7762718327167,52.52506629692257,23.84092330268238,32.58308341647632,8.367745647797944,2.436327267646389,-1.0233053899062186,10.887556086530253,3.9822451305953974,0.15234402072544473,1.9151374162669823,2.9124635746114826,0.12972638779319823,94.1615093855598,39.84521971552933,32.781918884771784,14.895484325129273,16.742998953094137,12.120804124128746,9.062394882048354,7.269100496100261,9.822407694513645,11.274877789875445,9.782911543250433,8.750920497084941,0.10812971479801685,0.30171716746162985,2.111990436461931,0.22254131008836467,-0.40141425505258266,-0.28558498105794144,-0.6479127289773272,-0.05764727747481536,-0.45382324706295823,-0.05089629042748642,-0.18905263782191462,-0.023723241842051056,-0.15597388638940105,-7.02809662588181e-05,39.815279485017335,16.5931053562522,20.39406481713252,12.724685665045605,9.543851242556707,7.097521674387052,6.384207038629008,5.8939331170688165,7.691688236431027,5.659556176842035,6.059890799912139,5.100299341699526,0.031279404074314475,-0.5729364720932291,-0.4063221022741319,0.6393500141270242,0.07781378423629307,0.11243829314379417,0.2364360991379242,-0.04226447685168343,-0.011182542261385701,-0.1419218499595414,-0.08914022634393773,0.2778893896725391,0.3075069129136914,0.00010103210806846618,31.64121157268172,16.63894403923799,19.31122426155873,16.289772212534412,10.632071447557877,9.40020057753295,7.913768394910227,7.43218350045763,8.950779720502977,6.5736793808077225,7.4378426938230415,6.6945300280811075,0.022478033411622682,nine,/content/speechcommands/nine/97f4c236_nohash_4.wav,testing,5.0,Kitchen.wav
2451,-277.9723602932354,5.582942525912424,39.01362994774215,15.00053582783254,9.122652618532102,4.49575363723757,6.5838933101192625,6.436491422186703,11.83372040933207,12.210859465444464,5.493936798431621,4.998094696642409,0.04504079761682078,44.006324177487166,31.78189464320986,14.084423880307012,22.018825906836906,13.147111473215178,9.429175372854923,7.706162913176855,6.3613263415386,7.476327545258336,7.654699270941119,5.268978071259365,7.969638963824231,0.012895265095934002,1.0142029258777128,0.7512178881543758,-0.11673017320586838,-0.23846701739378687,-0.2088336849865258,-0.05228657178516171,0.176198974042868,0.21009992631087396,0.09314556529745047,0.40399416619913947,0.09143367489726029,-0.31829919360497777,0.0011821461300696096,13.227031865850021,9.32824311925932,8.222441550949378,9.348381549438312,6.90732714944227,5.763961428188933,4.491003064942759,4.10481622854253,5.753290123912195,5.241079651658804,4.245099496418857,4.094061341149148,0.0076601403521229915,-0.4638513149264384,-0.3577353913229934,0.08904609435238295,0.2542185932910941,0.3447836110308324,0.2933405869880996,0.3434079278003298,0.06814980049195475,-0.020108108254580988,0.17556438162781848,0.21694509558375535,0.21481416521704472,0.0002717847004532814,13.097342586197852,9.591235312900979,8.2639606092353,8.420575997725404,8.712282231008894,6.796652001004568,4.583781835814364,4.55501189159212,5.9121007799146215,5.372986029823161,5.140754684433928,5.461606310225786,0.006493242623594361,nine,/content/speechcommands/nine/b11a05d2_nohash_0.wav,testing,5.0,Kitchen.wav
2452,-215.72742960066407,13.095896260168782,11.189636304003413,19.044443396814984,8.178441442108232,4.3964222147170045,9.75295699035365,5.044570288611512,5.313508250036253,8.653868428758095,8.34035566589069,7.872361212968518,0.04826745262835175,75.37555814737584,33.61423689433112,13.634539777239278,21.42703881395569,16.21150921549931,7.9854256714635214,6.181717669929947,10.212234855282409,9.199829037067841,5.319876400276644,3.814206340409393,6.313050128488779,0.016003352146914902,-3.3326018319700803,-2.2282783113395226,0.6587765334811256,1.5349259258206702,1.202039723326668,0.4340301185300777,0.5553823970555923,0.4679275606624243,0.46331287805302857,0.030653567280109924,-0.05271367983797085,-0.06728367716449725,-0.0012793066280503427,31.08341642590036,12.209729129252574,8.550998519423253,8.859567279185159,5.9189685634496145,4.727500224592458,4.38906338508864,6.512682660353967,4.455837553252168,4.264881050977093,4.240171695603113,4.291447318006933,0.008526561085489588,-0.16875886484692587,0.040270565464045366,0.06734019261365466,-0.05467247194922915,0.011859200870068124,-0.08875261544763659,0.07151220195792855,0.031522215248476024,0.2289900786310228,-0.01407315412777225,-0.033403631610240195,0.11197065260361949,-0.00012033799042304357,31.349684725428197,8.98856768041008,10.171946189540353,10.238743498942751,7.832609538956214,6.847639281368387,6.009158072318577,7.9139400872493075,5.479486421203424,5.050846467640621,5.852394683383422,5.5816573597242005,0.008374841466103717,nine,/content/speechcommands/nine/37dca74f_nohash_0.wav,testing,5.0,Kitchen.wav
2453,-232.61301602633353,48.0358867552154,3.115542275375663,15.834402698712696,7.595180783711784,5.978563487769861,9.124802904671412,6.92622333156552,7.459967764863578,3.4786800439076613,0.5863008756603252,1.0939763598814656,0.08170870749745518,95.31540967075567,29.958203973495277,45.34010911714939,11.821634192210261,15.087027299772537,14.317796130321737,9.203553394381547,12.489911731157981,8.43381781853817,6.492352189150475,6.915201451135351,8.150428408095229,0.06378072841063112,0.7481111363978956,0.4049232995998836,0.15869965370152517,-0.07032959854278843,0.013976473884052173,0.3316703266778517,-0.12543960135952162,-0.16691498263199578,-0.2252356638443408,0.005016671655678669,0.30175549908172367,0.22096937085283627,0.0010633283565121313,29.8897707905138,8.864586719620739,18.91818822346687,8.531546705309859,7.850436253514164,8.076437318706251,7.166372121646561,7.0972735020421265,5.106701184769162,5.515472138242941,4.094081746584982,4.856118082422901,0.02009698621421743,-0.2051644132972624,-0.017162864444251844,-0.1350955997998754,-0.11848672453633427,0.03532646311122557,-0.10061972874685984,0.14507691046202548,0.21969995219826205,0.28570072704794797,0.32357119658360767,0.3036940696425254,0.22552301150502505,0.00023323694864908854,23.213835408849423,7.457493631363123,15.198901236695955,10.761246180326221,8.358448280932272,8.572834535752946,8.086426605665658,8.326248488727705,5.142136420277146,6.985427132591279,5.118388818153087,5.603423196699977,0.01047649735572938,nine,/content/speechcommands/nine/840c366d_nohash_0.wav,testing,5.0,Kitchen.wav
2454,-241.39212771390964,53.500513040180145,33.552524996560535,21.96951601623838,22.710630084763935,11.108586286517934,10.475398634133814,3.5213451885055425,6.4263767579407,10.241092420181623,2.3489501941733852,7.115985831899606,0.06793395837303251,82.87552447083111,57.326457080955414,21.721432067881334,16.347300527771306,11.008790016416096,10.505264762384307,11.948741230885501,14.531141579281975,8.664942433188932,7.32104752828749,5.74991806082896,4.194617484594531,0.05087021809164459,-2.2327497122512807,-2.0878279936412865,-0.2253127526798702,0.39911902091829854,0.4305383511908814,0.6070462166480239,0.8410846120050569,0.8031965929379801,0.6129125668019924,0.4535938226690058,0.20190696023828172,-0.040511981777222594,-0.00021028584770617947,25.15878828509483,15.255279948782036,13.337938019145493,8.968282203942335,5.35084671723942,5.975218864883478,8.330726271802002,6.473101414584964,3.820268907332365,4.530632505204043,3.677915998395389,3.7672256737532255,0.01562874183235824,-0.23829785809950105,0.10606367488635608,0.23320019148468568,0.16375597736222128,0.14774932154360318,-0.1512054306417885,-0.4108583105921157,-0.5213509773623873,-0.1350189190059415,-0.33874737444831454,-0.1499711114237331,-0.01316272155502262,-0.00026637297123670577,18.841965945816114,12.401076625769521,13.367980399140711,9.152888216933775,5.88882208686089,6.56918826357592,9.579132058485854,8.085424799157854,4.78866315100441,4.806128962213613,5.038444498957883,4.986564249885709,0.010038451180250839,nine,/content/speechcommands/nine/e41a903b_nohash_4.wav,testing,5.0,Kitchen.wav
2455,-213.46721238220607,-12.70483075970581,19.30382336511213,23.40795062659881,16.457059451875203,7.628213422854101,10.709216634742187,6.989334823305845,10.016030018861269,11.560231833516493,5.3594313883419105,4.263403562534954,0.04131632437929511,61.404234566003346,34.295936163738574,11.490606310726397,6.944501145946859,6.970726161047665,4.729894850284936,5.472082254626491,10.679754161967697,6.199747671964915,5.654592116846203,3.2151504941385616,5.9403575068632,0.01433076981100755,-0.13777633325950805,0.06977381879363899,0.044415699525774496,0.2765637661493128,-0.034187392527602556,-0.30752729067492335,-0.09579994614566964,-0.05291684181941859,-0.22619076303903,-0.1517719728268201,0.03850625797315992,-0.3846153951774021,-0.00043973452862231964,25.10898206978102,13.546930821190138,8.166785649634875,6.104029525543696,5.523258413570766,4.069022348077089,4.4848899262421655,6.710157246173747,3.860513193759732,5.289530067421856,3.131710953249546,3.7353455010440846,0.006771395124145476,-0.4199698811529231,0.08615432942834822,0.16492423712919096,0.1191009022544795,0.05199054458815097,0.012544766556170947,-0.10007535996515736,-0.041880688661414804,-0.03718132414392545,0.360267216126598,0.09042119554321758,-0.12155661061279538,0.0001139828935265541,20.202429867083264,10.268049334372993,9.805027306232953,6.501601393089705,7.076906999058088,5.716386640285851,5.340562478677751,7.961901825685392,5.087579216303989,6.857936467173011,3.593101169522886,4.772867187794058,0.004938058948541228,nine,/content/speechcommands/nine/37dca74f_nohash_1.wav,testing,5.0,Kitchen.wav
2456,-215.95615545967934,27.161486303931632,12.700181106069955,28.286565719397807,15.788120867603235,6.517376629946331,8.129510569331888,-4.09065190903668,-0.3027474042976801,2.161484492070719,-2.10981918481727,-0.6144787886221564,0.06262822667486034,99.32729366676858,37.30230287155365,47.74417107899627,16.700078721996373,10.699826724087824,12.885624170505146,6.962164210625948,15.179425517256611,11.920558847584045,7.659717073216427,7.178922012383738,9.497196655312694,0.05203076580597686,1.0468501236976853,0.6867426986099268,-0.6442701687607497,-0.9697108466014932,-0.6038482991840105,-0.030729790801923937,0.3121560599338571,0.2634660514696315,-0.08989281147797225,0.2730458339162596,0.18146597676576534,-0.2850846512200831,0.0003799900352474182,27.57478590128013,13.284886458037317,17.423477607871455,8.519746293869916,7.373185618127866,7.6078143833560015,4.728797551454616,7.311779320592913,7.140298652327694,3.8716151725796304,4.655175185241498,5.596824868846129,0.015052634783588103,-0.38793260931260726,-0.33321228915709783,0.10754177896560221,0.07799144676100642,0.0024641005831751587,-0.16005431013399735,-0.21694540048515012,-0.0706172710376947,0.1446154562941508,0.11824072969521407,0.15143992240160223,0.32268237014769824,-2.132449299097061e-06,17.142630035105718,12.051568316608126,11.36645911728664,8.595986596793432,9.008608727755021,9.225003307100826,6.038631517184703,8.880443670189203,7.653413914863477,4.385580384370335,5.770979982950511,6.018495368658117,0.00844575223476495,nine,/content/speechcommands/nine/cd85758f_nohash_4.wav,testing,5.0,Kitchen.wav
2457,-145.15389207690617,50.150317926677594,20.984377977643458,-5.301467548500397,-9.446078693327523,-16.251832951755887,-10.848675222924816,3.0911920751031623,12.170207919294313,15.301609316800302,8.139196035030007,0.31951385987392716,0.12834749888861552,91.06063880948467,33.280477819343325,16.925551795973885,13.16051734302755,10.16102125804555,14.459356381106769,10.33385378638794,6.942489821545659,10.49127131717557,8.271184107043986,5.20525234911808,4.247702113799266,0.12814903459763521,2.443808014506527,0.520121439686098,-0.3595127706302346,-0.5449552658440334,-0.1505626750140999,0.5448539364080931,0.5439290316320843,0.5193200337392008,-0.08080988338726758,-0.6207808562235131,-0.14419542949598121,-0.41722773734163876,0.00010414529711969437,31.821655094498155,18.543478615525952,11.874304168876384,10.195563429641927,7.020511127688745,9.969108613331432,5.836704416933642,4.584011445073913,6.230100716883876,3.538116743115471,3.4553035717693854,4.172912470995646,0.04620190772840222,-1.8757782115558863,-0.35496515798209566,0.3214047938451934,0.13556642440749703,0.10434062183645845,-0.018227471102571745,0.3652647077771851,0.3682638084345917,0.21764541928508171,-0.16631115360924248,-0.129554687069521,0.17205019879788067,-0.00012074274321397146,28.199321801978456,20.871412276491302,13.432211144440988,11.792953807135609,8.840024212213937,12.138163074914086,7.151442644674817,5.190265571546921,6.838077111234189,4.224174287752102,5.176604444800088,5.77423132845246,0.034558419109810334,nine,/content/speechcommands/nine/5e3dde6b_nohash_4.wav,testing,5.0,Kitchen.wav
2458,-241.61405635868795,28.037523802717498,10.844670125445855,25.714721337670916,12.331142035024293,4.431481795594854,8.535572826618145,5.0517014119201615,11.230826762336676,7.608276835021337,3.9367850706557244,5.830960513721257,0.05455364106455818,95.29708224626364,35.012813877415944,34.804833841129664,11.980367132532635,18.45453464128276,13.057302432674788,8.954892977152749,9.906503593592898,7.517422120335371,6.650543690013733,3.281307164922113,5.359366281127392,0.02265617733320698,-0.10565843417846978,-0.04039645779856922,-0.4250668274645775,-0.22597993990152157,-0.2073162521509134,0.1909584956387684,-0.04813838315189813,0.004786456824504912,-0.06620819481191793,-0.17144349530163375,0.14276525828515393,-0.15124384024001553,-0.0004422078209538614,27.996874419640545,9.915622176635685,14.801044553914162,8.41608786699478,9.025522011507329,6.524922254456686,6.507167003550828,4.1147150889319315,5.38615145178323,4.1323911001630345,3.2497185159917414,4.447383196867175,0.009456182425171796,-0.2545343538212099,-0.290425176459221,-0.1693831054615746,0.08853817592125755,-0.040680948563215226,-0.05902188274464114,0.15734050822726958,-0.003706731541638142,0.054787252369298226,-0.20839967474519133,-0.09889955274668652,-0.09625439283458542,-0.00014528681834538777,17.764629825526637,7.72991429659511,12.290413243185574,8.082687923127363,8.602343600154958,6.531082381093103,7.472576982099463,4.2378698270122,6.06684130911887,4.567385918905605,4.243737836117093,5.3828510376928715,0.005622507370307132,nine,/content/speechcommands/nine/ca48dc76_nohash_0.wav,testing,5.0,Kitchen.wav
2459,-263.12110550978,48.2976508220732,35.56187061066539,18.251359683419555,18.66444758752316,2.237057360276203,5.025390836799046,7.576478375961365,7.761014402964551,13.966309317503201,6.3349087948018505,7.707676124298205,0.056767300131820866,73.74779046408321,42.445802146735694,27.384569305919914,17.394263333499502,6.967479262037576,14.041007731266527,15.707797148814002,9.669727551708343,5.770606578953566,12.925782905666752,5.252108609798071,4.674015563666754,0.026963467949384538,-0.22340272502304212,-0.08775069292371379,0.2673188364340516,0.6667330572459832,0.25169663489315286,0.21835028641340806,0.35318315038637976,0.16604384911157208,-0.03385716002159495,0.13276525971777733,-0.28605320126421385,0.02436707570060633,0.0002725814779599508,20.96222247035456,11.751668221679585,13.395464560566381,8.364991752957055,4.727351846290587,7.136724392742338,7.632317700910911,4.496034636284104,4.136029186962676,7.11522193952262,3.973871020931593,3.8945012027497445,0.009796594931759248,-0.19152069921373063,-0.32019455746393216,-0.23765320930550396,-0.11792690593757736,-0.007590565632995646,-0.125721660006632,-0.2952566934697913,-0.11536592280429207,0.05645957714965256,0.011524492558181106,0.21367431464278877,0.18006511742844802,2.942170048582143e-05,10.617967174782551,7.607611839303081,11.26840285334695,6.574797897414699,5.782921230089563,7.679120215458695,8.122885863821473,5.139689221960553,5.453821225656897,6.806534926816869,5.630460752690209,5.950855920254384,0.006538486297248727,nine,/content/speechcommands/nine/48a8a69d_nohash_1.wav,testing,5.0,Kitchen.wav
2460,-232.85959551202598,43.80601946114741,19.691171611324663,12.01896171414438,15.272383951119386,6.0186677474341845,-0.12323161515859271,10.863489613150456,27.02859660454011,7.750570418574912,-3.2808512907589353,3.6852743974020754,0.053008576622232795,66.37852633717182,26.18874677191975,32.07632982802164,16.826134931362294,10.262193798983734,10.044021144864535,11.531790706664765,3.2742775155253865,14.469132479860141,6.855978316554208,7.309328164098794,6.488878749358455,0.014447134298037661,1.2900450009269808,0.2556211972286818,-0.7071886285635992,-0.15618331435216048,-0.03293894066309045,-0.3458682119110525,-0.3313250413531796,0.17966133333983864,0.7323710143013213,-0.2633574766587337,-0.5144735108616237,-0.01888006633731451,-0.000590293517997188,21.20572298118221,9.867004541594286,10.885405253156861,7.743864214941742,5.971929339804951,5.412323959587045,5.928781657267063,3.475439220108531,6.006223267587219,4.373143232600274,3.604343368811152,3.758061647516473,0.004974512016116597,-0.6862882757175128,-0.011188592508645456,0.34548068565825657,0.10434725890427045,0.05671596311594141,0.0034588527161549068,0.07643628808359007,0.065922478357422,-0.20840433805205733,0.02209125882165299,0.05170397706666004,-0.03836448441742331,0.00015599665542443593,18.607852483397135,10.80749076087872,9.725960885681925,7.7581576875891916,6.311669901592172,5.8160356170407495,7.950799078947658,5.142178620917547,6.5825486596143366,4.858099846355386,4.295032173280431,4.685177695811969,0.006115137362656282,nine,/content/speechcommands/nine/bed06fac_nohash_0.wav,testing,5.0,Kitchen.wav
2461,-190.53281160846768,1.4333382934654346,14.28393677310309,36.53781769324502,4.981330012589281,1.9241876955325017,9.094237951335261,4.421348183941376,4.365534709465427,3.7585436686893945,3.6618936134440156,6.669938947419474,0.1020119859604165,83.98299964239436,30.71938342172888,39.16836407143672,15.414482089170045,17.916465898206315,15.04904388204504,7.396843930205989,11.051418959608082,9.021435079617207,10.341981346047898,8.496765434521201,5.786688522320411,0.0672491777875096,-0.21297952100259007,0.8490148439529741,-0.5424390764850986,-0.7013390742147452,-0.4093474794096084,-0.40050119548095037,-0.3492004702572951,-0.10067000444245479,0.6233793514040785,0.45329206908255615,0.28683024023045567,0.18114392117166786,-0.001184444994695725,28.931391623975163,13.901823009509082,15.169596103455287,7.880095505705958,8.94939228658113,7.002250496041411,4.026291121621686,5.792738850566795,6.103867195095305,6.079441809922237,5.189406561397087,4.45964434712227,0.01762749488823711,-0.30942458179838067,-0.430863971634934,-0.1306147769860764,-0.3563682369520951,-0.3419559850803312,0.009404309214199784,0.28335983949084576,0.13529615105170859,-0.19538335713700503,-0.14658127032073925,-0.12178567204605865,0.03839102781654133,-0.00041566826403141024,28.623830023095017,12.694242955413573,13.342593774416356,9.211929989080776,10.120587190132506,7.010028801251634,4.3652456435740365,7.190618406945692,6.50186262746398,6.799256448938728,6.421904780984624,5.643862995277078,0.008273644316851557,nine,/content/speechcommands/nine/44260689_nohash_0.wav,testing,5.0,Kitchen.wav
2462,-269.35283670840477,37.80157356677225,14.551277368249103,20.103991005810748,10.57320646271762,10.780673371347739,5.701258541566165,6.757491279031977,18.8699191756509,6.313515130454486,1.9991905155464507,9.338735692076153,0.05122934910468757,61.71120880512219,19.035857917536195,22.442339159290896,10.010805110475255,8.51439517847977,8.085283172897592,9.195933270065229,9.180479585911566,8.16225646202376,8.939164180325355,7.955734486647908,3.9690861793765966,0.011695991712865695,-0.06684610217527712,-0.17335736016676231,0.015074752278585313,0.20143923903899535,0.40461335550447847,0.23710053786700355,-0.028791712386617492,0.00039880369060976787,-0.03821038626287165,-0.059631395393353964,-0.3522904081160422,0.09117532986540348,0.0005149766802787781,20.258211775105657,7.860080035039696,11.086276933705385,6.948167127227243,5.893278992586649,5.888118210754576,5.701169267994402,4.0996322826355724,5.911089301381465,4.873125037048035,4.174877991850575,4.078582169566882,0.006777341218210974,-0.18307182591932852,-0.13584494932589794,0.036444304533463166,0.42871035889095327,0.1359330872407907,-0.03721315859849342,0.0050805529769444155,-0.10025127205342592,0.009485378029003162,0.21638650010593932,0.030984072905075197,-0.23411705793705645,-0.00032026184101899464,17.784255623573298,7.804487898962777,11.312570411128304,7.353820987375022,7.38424152966761,5.890268870190545,6.789881774609882,4.441401545285698,7.792226669070968,5.530616300412278,4.641415480108988,5.308914199829247,0.005081015231587329,nine,/content/speechcommands/nine/d7467392_nohash_0.wav,testing,5.0,Kitchen.wav
2463,-185.61982076116172,4.134874187482248,22.353601885282274,13.321300168080072,9.98026000967283,-1.5172892220167626,5.480023405895464,5.155667741035903,6.342653955116444,1.1695108122870543,-0.5612261406288714,1.7165097625002343,0.09164810710353777,125.7429970175858,28.848362177375183,21.675496748621295,22.599950509570707,13.008366928808025,15.085074491573783,14.230263243276266,8.343200005851052,9.403817667184791,9.784529719276518,5.903499718242858,6.007420452997418,0.07121643634839242,0.9757656970928587,1.0298206581457985,-0.11218751388410908,-0.25793971931086773,0.13314270412337026,0.1839886527883929,-0.016560234621124437,0.15275968853316316,0.20504321691032612,-0.11097132533514642,0.04999104207726187,0.337579908142375,0.0010372611784165906,36.27409538320723,14.122754216579708,14.716061867380795,9.475679277269167,5.6809341874173525,8.597304529562155,7.955326742020273,4.271916857526779,5.747703621200187,5.651777947773312,4.704727899892685,3.014830829285353,0.02075521659885441,-0.46136670312138056,-0.6177776567800729,0.09988278188857773,0.1498574201587233,0.1536168042950725,0.22257592549831198,0.16116689076554422,-0.0720021437504128,0.03815618017910148,0.3015703347239939,0.07905058199369706,-0.006937018653638412,-5.5142988761266075e-05,25.142554650667957,13.821706248584986,18.99021237816504,7.712778808551051,6.723955738234756,10.500081897975544,8.21698266563775,5.045886453035276,5.532869861079692,6.70966132901339,6.402991412612919,3.270473072625098,0.012988891960975215,nine,/content/speechcommands/nine/7257420c_nohash_0.wav,testing,5.0,Kitchen.wav
2464,-265.85057102662074,1.7400962391132353,28.07459789948482,8.777910225912755,13.37698659996311,8.95826486765522,10.543003163952898,10.987368862347022,10.821664825901678,3.1953497463769027,5.471054023315279,6.526614914687707,0.030369560554390773,52.386613167456005,24.88438174802239,16.070674508563936,16.924865660724155,8.180098170612705,9.973573253898294,7.633709069316201,10.43163204004838,5.160547349517442,6.370296761963169,11.36152489236644,6.64866836122782,0.008957590274589308,-6.28704879974259,-1.3966165683134464,1.314036451609633,1.45508418706505,0.7723361624521182,0.5541836738811354,0.8512491473519321,0.8343808376264873,0.34663439911365246,0.2210622525824611,-0.21062300236780077,-0.20358071251546458,0.00048823882975885944,18.7638125363451,11.931403856894832,10.069862106622734,8.611060948849348,4.703923381618264,6.360461399846473,3.6612916583601804,5.420389823117659,3.875310898190968,3.5276058734096853,5.089501827706254,4.064588281210623,0.004127424388907094,0.2749259536228578,-0.029545831441688365,0.21028677414283384,-0.00486500138684356,0.031071679659579132,-0.26904068101554796,-0.15409841640852243,0.08933122864746021,-0.04835196642206399,0.06012853238713632,0.15555838935365565,0.07924642540974756,0.00014109195520480475,18.455174431441986,12.208792425991367,10.674182648707065,9.07954208937958,6.383664285212574,7.398649406858484,4.337611404165199,5.887112696716216,5.26820934481691,4.595324145037892,4.4173398546862845,4.5696921019284265,0.0034117840839474776,nine,/content/speechcommands/nine/90b94017_nohash_2.wav,testing,5.0,Kitchen.wav
2465,-167.74996661133912,44.45057915317088,11.80881443744396,-2.139818595593365,5.497233608107445,-0.1836370379273542,1.317941245409239,1.7232860332189244,1.892868513553326,6.083503926243497,4.559269615241443,0.6054006048195082,0.06210146428202279,86.58056296005785,31.241417630979058,28.1430192331454,22.353963813738588,10.600106106390683,10.025476032774018,11.077031338400246,4.442212029436099,8.42940230414272,8.359966227650581,3.9822183273180634,5.2323290807794915,0.02787601270611778,8.735346213051203,1.7192880597403064,-0.6262843771812766,-1.245840482006471,-0.9810499780851688,-0.6278706745951957,-0.4851374017074246,-0.25082524186335187,-0.4051511262508196,-0.5727810803925398,-0.21503444462168253,-0.4451761223616855,0.0009912962634717264,41.2119362933938,11.754483586398024,11.885985435519746,9.591814964551196,4.372203358469579,6.63874681376168,7.731781022121515,4.218469185216898,5.611864233288557,5.803296772329384,3.946838933027475,4.056654332025123,0.011691899009507298,-0.40221332085564326,0.023191553460909967,0.010954796767824427,0.04114974791407929,-0.0020990626759341824,-0.14773364187842003,-0.45009165768831827,-0.29865232588503055,-0.05043094275127988,0.07023614084764264,0.21663686544002558,0.31106815907923596,0.0002638636777798335,46.492883154499594,12.21563410088615,9.334105214059829,8.849407252138565,6.029229694135585,7.370792014365861,9.90247513939894,5.571338356534865,5.878950724980353,7.290045174362677,5.620377037280842,5.188664639765291,0.009877429518198652,nine,/content/speechcommands/nine/caedb73a_nohash_0.wav,testing,5.0,Kitchen.wav
2466,-304.60400787950465,-11.958529026931828,35.72883330565465,17.547043378831024,18.23794612169015,12.332515341723251,11.211301566448949,11.571983608427818,15.770945502744068,9.676223604377775,11.252781550946018,8.42818013921664,0.041597357485443354,34.74508090735021,16.88705971248261,7.203510484670952,13.45473116311507,7.125722645824436,5.125144850281709,8.11136352051611,4.502128850005046,3.681854329500608,5.527268648801205,4.95940537990091,3.672635503428524,0.011696015772099746,-3.3627370703086097,-0.30121445701668165,0.4409999080777741,0.5974983950258704,0.48070507290058556,0.09024915092152998,0.40780149514580444,0.26225026787337014,-0.4052382135570204,-0.06294794857580967,-0.36297286560226066,0.29101584343715653,-0.001022892132882149,7.5840255810466,5.2618251760957,3.5578002369061563,5.838004325617877,2.290373225434585,3.2516673004407175,4.333242485652554,3.182721815914314,3.2443633808528896,4.829994547604812,3.0109403801109518,3.539883235546888,0.005944781273973056,0.46142081267157947,-0.06841498947216837,0.1364997027243895,-0.024783830970363258,0.08461508097900819,-0.004073203240318642,-0.20880476159768455,-0.25527648241599515,-0.13016452016069077,0.019805793115323697,-0.11064263313092595,-0.05304867009132082,-1.1878708998362224e-06,8.28465212201109,5.689076032474119,4.645140812464961,5.918605649362809,2.3907524458359797,4.471287644341093,5.593116730621794,4.395348226578023,4.213695647514399,6.223927106374624,4.043586569900578,4.228632884595789,0.004285570810121728,nine,/content/speechcommands/nine/096456f9_nohash_1.wav,testing,5.0,Kitchen.wav
2467,-192.92379190364178,41.603315222403445,11.987967009321057,7.372745687750011,11.878930747469044,7.524917576133364,9.779216965252223,3.3150269337892007,6.223476402921403,9.964958487445106,1.5911984315397245,1.9774891690025305,0.04616938710212708,69.69759244380283,24.291300047316536,24.57049183513828,11.787179685478279,6.351761273304492,10.76963575740819,6.8025408652309105,5.026252857384224,6.161916818195471,5.351233940567239,5.295737525435612,5.269209879140576,0.018243404612560483,-7.602411630685332,-2.5502474868100045,2.1071469411818016,1.1894487621477214,0.7010529711261849,0.040316987106021905,0.5073613179145368,-0.46963123035320414,-0.17604793540088526,-0.23754360179229295,0.2172357072794254,0.5146635631128437,-0.0024803640165676675,22.948960432561183,9.333939007313457,10.455586444271619,5.984660043800712,5.125442129396748,7.405377394367883,4.996472059873599,4.10791429380847,3.807266784614604,4.179235252164377,4.387959053645165,3.3084755605046334,0.006171794699330403,-1.4494448919608467,-0.48861651121548577,0.4403640185515746,-0.12783057025283376,-0.19265437386840498,0.13243143096293392,0.3096073603750656,0.6558187808679778,0.18792662687134223,-0.06719056175317206,0.49903696196274266,0.36516531109431505,9.930490151695584e-05,15.350713258975187,7.8870335046747835,8.039361617668241,5.91786549498113,5.790353229859868,7.760642392777276,5.8272518022622055,4.23670390356144,3.9311413803399926,4.488976315381343,5.147734794405141,3.7996378887859765,0.004813387624735073,nine,/content/speechcommands/nine/422d3197_nohash_1.wav,testing,5.0,Kitchen.wav
2468,-225.58404774214074,51.106352455304645,41.32452394487089,9.433213157701996,-4.319351296421186,-19.144831834445892,-7.922466409460881,9.602014902380615,17.279379446188898,13.547929801084628,5.239539550962453,5.831643198450009,0.1134257324738428,76.62141750673052,54.069793042741956,26.853367777884337,17.924059254990183,12.331405883587303,20.080973606187285,14.256309173552895,10.04769771515139,7.5182356732227085,5.9242675308837285,8.574581921781805,6.922520551297614,0.11207673773873425,-0.26104187232891074,-0.49649631856849574,-0.2698262396439714,0.19884489596997426,0.5280541439874187,0.7220741871253145,0.4185045554999028,-0.0006837927317319316,-0.48131754469219656,-0.5250995335145556,-0.5322757110194813,-0.35336316828661307,-0.00041114845343174475,28.09303255029897,19.10210283990644,16.73301928752786,10.620300629543925,8.062523166206164,9.903707060265646,6.641221121221348,5.7280105020013385,6.037806319497062,5.785413371779173,5.621876161848805,4.582174839232718,0.0320354486041955,-2.1003116554448287,-1.3808374022389454,-0.11057647750471489,0.519937130328541,0.8881649065168669,0.858046475331349,0.6543543212995353,0.036928986829441554,-0.06164043096431794,0.07797550399065178,-0.0013786743510265432,0.14443393213696332,-6.805292020241419e-05,20.86295157866256,16.86089780675946,15.675573468267647,10.888268181465317,9.916901869420304,10.890691888833613,6.679974563835874,6.309262422250081,7.767971651833221,7.465763274833024,7.045973752010444,5.855626567361763,0.017516344396536418,nine,/content/speechcommands/nine/5e3dde6b_nohash_2.wav,testing,5.0,Kitchen.wav
2469,-239.80217336867491,34.928682373067346,25.452645012220604,33.54336826172533,5.531348588134181,10.033920562433707,5.014397526675008,2.253418559434044,8.672128138280879,-0.13666008084292025,1.8553289249298266,1.0199868290571996,0.07618719554739073,124.7119897579043,41.29997949297116,36.90891250269375,14.814376973860726,27.960903583814588,10.107640114363576,11.045816763231286,10.438950956740761,14.000626304188424,9.018031082787513,8.954379716687356,9.571768711224976,0.07026787217968825,-1.136008966403346,-1.397379961817901,-0.7256581595732806,-0.12935873757516655,0.07808212528731472,0.6914610273824626,0.62218092415169,0.40279632981241337,0.6651984400599945,0.5608140826639099,0.42148946628034806,0.4192638284014431,-0.00012580641815739294,41.511385568710644,20.52712458059605,15.345460217274447,11.463199675637952,11.277088546762272,5.979038188440171,6.426707709456795,8.30918830007426,8.826813499888745,5.12776422967774,5.921944793594342,5.820016297678959,0.024323943363672957,-0.09165721259961425,0.1379160866789532,0.3605886634981423,0.19854654487401882,-0.003560500880456274,-0.18995717098181225,-0.11910457110834897,-0.3146075182161294,0.06643796401053563,-0.08335739367688783,-0.05598578292180152,0.30603129638512183,4.9190471569697064e-05,29.91016602202464,20.969882509547233,13.726769434259129,14.896789519849472,11.046767453835002,6.55118231195573,7.874079679380767,10.621243130128384,10.7690922031732,6.60824867555982,7.952371462960713,5.42999289753173,0.015508468097822362,nine,/content/speechcommands/nine/94de6a6a_nohash_1.wav,testing,5.0,Kitchen.wav
2470,-222.06319085855006,45.353185458517046,13.025763418539704,12.240172333002747,15.397640992294265,5.064935061656369,9.88643677759015,8.78430994315937,2.9916460814035832,6.475320485909239,6.215680980539091,7.224717114110669,0.06736206327332184,91.88236258461754,43.34318317881075,30.32082058350416,15.297471993916364,5.779872044018438,15.604647989431212,15.592920135564265,10.489240879755037,10.715208035772443,7.511457078819574,7.994068446604086,7.154358360491168,0.04453366161791192,1.6372094320655184,1.1015530167340901,0.11499679660266002,-0.11752767506171787,-0.21229152003376084,0.049864135261008,0.3773122579671568,0.22555367685582553,0.023136723058459745,-0.040326410507171444,-0.1854581730906156,-0.3210618667299911,0.0013515569509998445,25.167228282134193,14.277354792303605,12.18490653706105,10.754519193572408,4.730261538575664,8.128885428947916,5.628670495121913,5.0187191568591745,5.816618445640386,5.13585540606334,4.774499031486718,4.764432057616851,0.015602784894913353,0.16152735325949644,0.27942130037240587,0.18320734685126386,-0.19847131144506314,-0.02106561768161974,-0.1127253169638454,-0.12744745040248193,0.08722420590467224,0.05026780705935436,-0.06829726259580138,0.12803628195015426,0.10255154062165192,4.979688674211502e-05,20.077938256679385,11.769228329707715,12.93198421695126,11.889797972056968,5.689490301656632,9.881595025155022,5.520059817420547,5.462783284325764,6.629898750460251,5.633109955889722,5.644078813484232,5.572392962003083,0.010344311028197961,nine,/content/speechcommands/nine/563aa4e6_nohash_2.wav,testing,5.0,Kitchen.wav
2471,-112.95460312253022,66.88053463210625,-0.6350904419863372,9.992026616711572,-24.691543146970588,-1.8734816979043576,-0.16287330243357379,-12.068439799106145,2.613376573279743,2.772988673079136,-5.094058019640988,-8.038788484067075,0.2038425779901445,82.10439483414903,25.72640845017943,63.634499709752355,26.76744413379719,17.009727859348722,23.154648514959067,13.03437505659339,15.814186682124893,11.191870933162757,9.843351786722376,6.86699991720473,10.255284441230994,0.09548058475151398,-1.8068360776865409,-2.0795783473457576,-0.7850121042291293,0.0786640783370856,0.6027928081351914,0.5618564397231659,0.4676687678272841,0.6973799763851016,0.6097279305095273,0.25884882193141456,0.16974600970224812,0.0762442672366891,-0.0020946663233541675,34.64933049651001,14.758325106376514,22.043287314596643,13.606908739623988,7.967082185812599,7.665517924117175,7.3070864896582215,5.51793626217863,6.524907857072223,5.093749694702976,5.00638982948233,5.9559284197786235,0.022447291831601084,-2.967543773477256,-2.4997614807319897,-0.07114176152683195,0.9838780534125552,0.9735268250163507,0.8017089748545316,0.3292442163632573,-0.027275701236236866,0.3299517559722007,0.5336809111315489,0.40685053799787263,0.2272651026476885,-0.0011353741089502971,29.383159714983098,9.259509156800556,18.62468937600669,10.997227541696322,7.651948365030536,5.69962677626119,8.931566833526867,5.588335894096757,7.092604968362102,5.4097690329141255,6.434285798774575,6.259592835317995,0.01188002874850945,nine,/content/speechcommands/nine/44715c1c_nohash_0.wav,testing,5.0,Kitchen.wav
2472,-245.0998598240049,18.86358897790408,45.706074079249056,34.98809731147375,17.469885065881783,0.2682845557777851,3.1281629505825332,6.025779525734611,10.42017995686603,8.217067797890753,2.709236260984629,7.149401010022103,0.05724027112592012,82.22196189999089,41.28217396161774,30.448746413474726,19.60422871927381,14.01556774288662,16.176705544041308,12.84635483507727,10.067760260622936,8.977079483753185,4.849093700617117,6.900039194157907,8.388646159001247,0.028347169175731567,-1.2930339384056524,-0.5419960255593576,0.7076274654358369,0.6887008835689804,1.253375139137937,1.1389324530702178,1.301815651123832,0.6765306762249521,0.05204181251032864,-0.07745105993879549,-0.49252823144397556,-0.5889920974465963,-2.351703663026133e-05,26.110024192703342,12.985447553353689,15.033815718470102,11.328258069399377,8.38420842506909,7.514904497521356,6.528467822485161,4.72612276961692,6.003507902171751,3.503143076938474,3.792022281794381,4.163198847822069,0.008049439077649951,-0.044514276760575434,0.2846077299197956,0.1307643750674482,0.11739801950671686,0.13630048937075542,-0.15929929986979824,-0.1026230581454976,-0.2447805461615322,0.10916684591940792,0.11983123484882975,-0.07609654656359902,0.02870602044362259,4.778852065404256e-05,17.399507451657787,10.562423475668703,11.61875751775386,11.450513770579432,8.950743322160264,6.402749001971575,7.058413803389318,4.629895097347089,6.227032144634591,4.756007505970764,5.119595956856167,4.899296706942039,0.004458475257878693,nine,/content/speechcommands/nine/c22d3f18_nohash_4.wav,testing,5.0,Kitchen.wav
2473,-319.8899100725343,-23.971621581191023,41.284510273198364,24.56486879956183,19.919829985990145,16.0599295372341,15.176601324182197,13.888200430004632,12.484853726460292,11.835575972341942,6.848247725951495,8.280730415589835,0.027743671991629526,11.512963148809183,10.178316579597821,3.1986971697157673,5.646802161567852,4.2763881131282,2.896659696094751,3.1278093610093896,4.100254037932536,2.7252716516755013,3.261298279586923,3.413574396132767,2.8039447617543978,0.015776715440002333,-0.3385715647349508,-0.17379683509181,0.20028435567385164,0.13889428580878482,-0.3463299728643939,-0.1619708064137913,-0.273496750262245,-0.23064799526900598,0.03591290008514701,-0.030620216600876028,-0.40890006884558977,-0.424500252012728,-0.0016941774576421707,4.726869868379937,4.332690896583498,3.3862207954964605,4.849847945181077,2.9806079616465677,2.6869679305946166,2.7670317854050532,3.087783771055122,2.7737205627873998,2.9620881420974134,2.7831851633624565,2.4423679242279808,0.004407741064829932,0.06686319855841323,0.20523469162360772,0.4799420724478331,0.3853632126189321,-0.003939346719339791,-0.11580606522111664,-0.16227907648173054,-0.10363744670667756,-0.14385758976525256,-0.196641731696347,-0.16313372989684355,0.0003917111602383135,4.6103478719790773e-05,4.844193698043169,3.56717526650142,4.320178558465236,5.360285639470517,3.7917781302805427,3.6193010314803526,3.8586125544948233,4.279231414603914,3.937095107069978,4.425684886899843,3.5326321421460887,3.5757915106397586,0.0027175212566208935,nine,/content/speechcommands/nine/91223b83_nohash_0.wav,testing,5.0,Kitchen.wav
2474,-245.24584828646474,15.803720854710885,21.669016070852376,15.335012170315558,16.188243909392124,8.072501857082283,11.501818101009242,5.350856011965194,10.866573916081336,12.515735505694945,5.474607742012999,3.8817595882917173,0.028609190485440195,73.02200687893789,40.82824774735269,28.39617709575826,17.15484079615645,13.101530829451201,9.777957394085513,8.842967314042442,8.234124271603111,7.227019177979815,8.459070731815489,7.671625433486957,6.0231137638497145,0.013067267550086468,-0.2884459167627457,0.1489761937014259,0.4420699313853526,0.2036781862435232,-0.03608353191583638,-0.13751962553886105,0.07056672509899634,0.11807656824705638,-0.2655903264048319,-0.16729088405727552,0.1079408519800709,0.1730968978548909,-8.338323283580042e-05,19.13297352563814,10.293708465957979,11.538026094502559,7.258364134022738,5.65240344377167,5.223445356786937,5.319562547483365,3.683745093118006,5.231036532624014,5.90661712788394,5.553400160422912,4.092524986018469,0.004810816902967347,-0.5454116832557285,-0.15177509450741516,0.2868661720129881,0.1812878197398001,0.259457892161299,0.0995189552166216,0.26506094860496016,0.2061193249243624,-0.04260671374349675,-0.06319593805872384,0.10533525267020186,-0.12466122523664165,8.528778950373332e-05,12.849794900356144,7.779266201402574,9.074932978937833,7.19224572520671,5.893366107626784,5.814153968241919,5.316851440909399,4.448275217295667,6.010277943155036,6.586326581973923,6.249136194393103,4.853760082734785,0.0032449084695985405,nine,/content/speechcommands/nine/6b889021_nohash_0.wav,testing,5.0,Kitchen.wav
2475,-207.649028419728,40.4481439543184,30.039569246504882,24.01366396286704,9.987334674749706,7.291125423000087,-1.0984770417130445,9.439726224480905,9.056045819465563,-0.9738994750235047,3.262134712559317,-2.4708469331286698,0.10086435958510265,93.26493623195108,37.33366186371777,34.90434712384363,25.010242615867618,24.417493159918305,16.734740063714966,17.447966691175854,8.538209869122538,9.646498998776698,9.059624595528748,7.743028703767165,11.585475842836784,0.06899077154058704,-3.4380057636142,-0.34244478538626094,2.545333079472256,1.4669970341687395,0.9726065445458059,0.6303627402697882,0.3082828976646286,0.28369469705138334,0.3172773536483966,0.13209599486654988,-0.37075112554204753,-0.2838022369313885,0.0002104804640816104,28.256545908357733,13.243061009877673,13.465483550497586,9.847645839044286,9.20605852723821,7.496604611978095,7.053779619788521,5.798902578401869,5.555751061076323,5.781812433217598,4.962047580255383,5.793033818201344,0.016482196013063454,-0.3404947747087192,-0.19039954182640434,-0.03177187404784026,0.015923069986636663,-0.4027598277771557,-0.07180306603008688,0.081164455866233,-0.20193603673568544,-0.05177891525161469,0.1046662098668832,0.3360219196498703,-0.023246699665191765,-0.00046423363188902536,15.953908307560136,10.394821701113408,12.261592229326649,9.93155752723926,7.203344980565896,6.405392212428527,5.860284448767959,6.607807388906784,6.636309291558474,8.003156043437503,5.860943830261548,5.663215035287021,0.010577874949800139,nine,/content/speechcommands/nine/9a7c1f83_nohash_4.wav,testing,5.0,Kitchen.wav
2476,-240.80994597361965,46.795051727253735,39.87280509271483,-0.5270551371576435,12.97092408916614,5.937136597945413,-6.746971023097667,-6.234548640848017,8.44288844435703,7.003899969218887,-3.829372273555002,3.4140437508275143,0.05481109645916149,84.17342964979052,65.46781902615113,26.759644750270194,40.357147857762264,14.00847431927083,12.29049214671616,19.75971509777746,15.733805715253348,9.256164350004134,7.370616443071329,7.885468185155552,6.2398267961258265,0.033431270590406605,0.21266919876136986,-0.06349625918461192,0.5328585359809723,0.47393056385355314,0.13284515036797867,-0.1229768012003351,-0.06599616207289755,0.1013115628044246,0.1583365084142028,-0.059180473933516574,0.22245299674738264,0.19802202855049597,0.0004696564808968575,20.799821321832578,15.400597370849113,14.069392249293418,13.431468096152416,8.27896200870566,6.7067415924509195,8.816843128049761,5.004530861964204,7.506176811618413,5.544553033621878,5.071377955665724,4.074411198358583,0.009359352424690283,0.19274719198733503,0.11278870080540683,-0.03577622369564016,0.15845632787568392,0.04198286791285509,-0.007484512454529361,-0.033594692759023735,-0.0022095018362189005,0.1306226358761822,0.24935564476456967,0.14976810727103163,0.09442537065633735,0.00011485181748867035,14.894506789664371,11.488268815035578,11.451634371833208,9.947742095527525,8.464692544662029,6.459118527602315,9.157157590044147,5.088353164841522,8.09428616459997,6.026196776218868,5.807506597587119,4.8750132412736935,0.006566874857486784,nine,/content/speechcommands/nine/5f814c23_nohash_0.wav,testing,5.0,Kitchen.wav
2477,-241.2567439014465,11.753795302281114,32.242733361119555,19.346283718481054,11.35801611740337,8.516086897196203,6.967098557058874,5.455020238442283,9.856454838727258,5.440841746310448,-0.8139192359557691,3.5792434207677895,0.04392497520893812,85.11537849541297,29.303972325204587,24.797999488645154,9.9199595741611,12.37170586701855,10.681833282047648,10.894077299010913,7.661553999763919,7.076539225384067,7.838582570295069,7.34302179418275,5.286067719902387,0.013554821589426658,2.1348696635006092,1.4427928024474581,0.10869218803344885,-0.2582238394766676,-0.6746666849326248,-0.41726091264532383,-0.31266638010849196,0.2639862970684217,0.5263071238248467,-0.10236547327814366,-0.20780081018590135,-0.19280565721603887,0.0008919594326504955,26.867784848624634,11.048390512271904,12.420330093382285,5.2983029555856325,5.886699040033939,6.2467199938676305,4.55767515179923,4.924852383903109,5.631373736303733,4.588561441416825,4.664160208821323,3.758088327818591,0.004906448586244987,-0.63721228482037,-0.4142041347541584,0.2016915975645469,0.08675149485073733,0.09168694785133365,0.24080861752070679,0.08987124811882269,0.2700225452059811,0.14454041114577917,-0.311860985217402,-0.17483620249224224,0.17358361206815714,-4.148812821278205e-05,20.155885454252182,10.011321692345271,12.719400547297205,6.2936025145479855,7.283032240127643,6.156384996858903,4.401498156579056,6.196396453068484,6.124625967593007,4.894208820801096,5.94858452276103,5.05030401559597,0.004002838189350539,nine,/content/speechcommands/nine/ea356919_nohash_2.wav,testing,5.0,Kitchen.wav
2478,-276.34460636175186,37.09932098682398,33.19650592219782,19.578552887472153,17.828528953479704,14.397507232739116,10.33877988075222,6.615877713311318,5.358552802670864,6.787108164239423,4.701758944905722,6.524325451815237,0.03419840463902801,41.13753810902351,22.253632140273993,17.84788792896739,13.018918637227245,9.788409199279812,6.518195391238564,5.220534459114507,6.4515770627825315,4.792212097176719,3.3367899037205597,3.867779976722266,4.098726875572208,0.007782453605953616,-3.740836976661153,-2.890825950042631,0.12448543889338622,0.9158925672447844,0.8906366321068855,0.6473948130335304,0.3786664625031036,0.46976912457166964,0.3427985704486287,0.2576226069099629,0.6013331239533054,0.5243433653192007,0.00030181208445179846,19.178356843162724,6.667033272270996,10.140871395864862,5.671015751796589,4.187429073637232,2.9447644583840864,3.327518699650994,3.6865682433565485,2.4472211454888027,2.808085499673259,2.400369715320104,2.926330462797558,0.0038971896175622528,0.2859457926339663,-0.0409542073170984,-0.30561279376138706,-0.049625942817505,-0.14421930081522766,0.18299030798329322,0.23156047568574262,0.22773168337773372,-0.07425101175322459,-0.041611587209764704,0.06379380807767797,-0.08085360459236697,-0.00011312427620093027,18.538174648212383,5.326566559539714,10.323303847096431,6.7755235647582825,5.759022205859418,4.084427257019227,4.683199034042348,4.68477390021899,3.111393329924982,3.7610765870749443,2.825556798535551,3.6850043250013402,0.0055772413607167,nine,/content/speechcommands/nine/6e916de8_nohash_0.wav,testing,5.0,Kitchen.wav
2479,-240.22417000558096,57.672753358739314,19.134460663757146,21.790261413101973,11.167103557946565,3.0439525091584514,2.2383746966208866,3.3818909582181895,11.738636045937717,8.484004291596811,0.4624563946299103,11.27336933363823,0.10373882355634123,104.86335399305644,49.20093613227763,37.45647137408808,13.229164555513021,11.941050931474166,11.303748024763644,13.94157462979892,13.334409817498164,13.504732294948356,9.015898842705633,5.765018851574312,9.1800234262724,0.08334598690461881,0.23121827202559078,0.5459483104338753,0.15044639525328996,-0.26615232953466833,-0.2472616413025944,-0.1291528233625418,-0.19794343270364465,-0.03980717373833829,-0.05562443330385855,0.05879736010470377,0.13949054563263757,-0.27748542595869335,4.895361921479625e-05,29.394762260150582,14.799504300235983,15.333816695205055,7.136145876943908,6.615552035291244,6.435657661590207,5.570741462089619,5.588549954966648,7.767152314118155,5.2834504931007285,3.83696836778307,5.65550229379322,0.02180427799794721,-0.42609551323015654,-0.2098319794565643,0.07839383229619087,0.2824310543616163,0.40463680110809175,0.2938148787593574,0.06974667935898982,0.13733158282263885,0.013960364397921735,0.03894033152421888,-0.10363779546914204,-0.2323239050628416,-0.00040941623349984485,19.245783816359314,12.601210472444183,13.167510154539494,7.1610449535657414,6.244139654690264,6.257907827529428,6.185588600695933,6.597384757934719,6.966181635315535,6.102676587160469,5.375330507240968,5.9128893321826554,0.012806539196139142,nine,/content/speechcommands/nine/b83c1acf_nohash_2.wav,testing,5.0,Kitchen.wav
2480,-236.11456645875825,54.78615542719039,28.87927979064071,10.81258853875001,1.2480492993294652,-2.6435935109906676,5.806882916976752,8.621709618886708,13.200815980816408,10.263108759571178,-3.743846116048097,-2.770295098462479,0.0548099578008987,56.933500460740085,41.32829127606997,17.580768775856676,19.187853628449407,13.158858425755088,10.63012062431317,7.371112935203849,8.866849808264039,9.284570117686185,7.9054232200914685,9.530055456357085,9.08140105672622,0.02122290721803369,0.7810269167419176,0.25427891514885637,-0.0790663367538149,-0.4132304034642988,-0.843742262381188,-0.42363710987084224,-0.1401869250826297,0.354389423511734,0.26593739042218584,0.11752192374504462,-0.05253878261105037,0.0466215919923795,-0.0009647638446861697,23.64653371859706,15.776470691594435,12.019029080406582,10.350058691040324,5.9282802130813295,6.433406625631624,4.718476574377441,5.277535771345132,5.2904998862790125,5.358179907872938,5.637567216722043,4.1009546291564325,0.007442465283347955,-0.6474362210661297,-0.059943280010195346,0.5336231099210953,0.4629379224153329,0.21105638712969071,0.12865489821060822,0.34530097609644633,0.13410731465940592,-0.2028774641095687,0.17534989217811617,0.3488258363863854,0.2010576342659175,-5.741963783899943e-05,22.812735106597298,16.972540669715322,12.336936590983374,9.751429325113255,7.288944155610963,7.2926359221143695,5.383577321040875,6.3805543061201435,4.90503858634568,5.76235340148035,6.422521143204268,5.302048618985804,0.006065640997969823,nine,/content/speechcommands/nine/ffb86d3c_nohash_0.wav,testing,5.0,Kitchen.wav
2481,-256.9271772322052,15.623600637611556,31.27004706325315,12.345995371964035,15.314981895373515,12.955152044177048,11.179292013786691,9.953373026354056,14.553891173872241,2.1471569336990277,-0.025629529629586756,6.77374224760731,0.047630932492514454,56.0892398201816,28.666838017939792,29.19859684906378,15.965071006839787,6.148800580770524,3.00674796745267,10.416490805948898,5.622239167191162,11.06944327561741,6.049710862898008,5.980280357501892,3.4154869963320786,0.009848027994231895,1.702811825805066,2.4168633500956322,0.8494865505673036,0.028376249793177145,0.4908393519441237,0.03628006604269441,0.17546972494286617,-0.4641209130730515,-0.5411067414735936,-0.6985470355160812,-1.0322324894435841,-0.41615218709762075,-0.0009362962754333721,24.89508699463317,10.717805392386172,18.42751291308442,9.032703584239096,5.126186057670635,3.8246934930876035,6.229837717044137,3.2006531305386794,8.314928288213302,3.5606496917325927,4.059081130281221,3.829902848294045,0.006568450651753593,-1.7469286131438935,-0.7089206516240674,0.5433897932466176,0.7995586118498398,0.6096470613112118,0.34545759538745846,0.35768593073356136,0.03852201569251723,0.09831276385044063,0.301449126683139,0.08094570252312261,-0.37069520226881064,0.0002887228038161993,17.11747083434297,9.837311251669936,15.075720275435097,7.481054078161571,5.706698205323943,5.392282014768641,6.018101952789172,3.678163646293619,9.38969736575241,4.774550141975638,5.689808105624684,5.916454627741809,0.005651392326039157,nine,/content/speechcommands/nine/5eb5fc74_nohash_3.wav,testing,5.0,Kitchen.wav
2482,-243.29227597608798,34.63678232455497,41.911966574147,19.35808527317971,17.388730844081614,4.805702066664654,5.019498268870215,6.62238848834579,8.27979414852267,9.436950235658557,3.202211825621018,3.1137359661139863,0.05529292207211256,81.92090218110873,38.03488468974673,30.562911944646746,19.103161073825703,8.484245269876602,8.742181197728605,9.862533714736811,10.688763351469907,6.616723483468068,6.836799079766168,5.3822297895584175,6.685686461014994,0.05036022591984882,10.94819849551908,4.1964424025663725,-2.8142038940927336,-0.2764827765255889,-0.30678849308456124,-0.6191733858290128,-0.4644243028860444,0.2836576706238635,-0.3320046794160511,-0.21792119661041498,0.3572366473382549,0.11020298964309033,0.0068046522717322075,41.72973133577816,20.740221861010582,15.438061850746916,9.211078891758794,5.550354578418692,7.952791110857129,6.092416369970734,5.666431947581599,5.205916527273843,4.237051147761876,4.4699327774929944,4.006865126487512,0.02705197043071617,0.3204243076596948,0.07937313974324808,0.16431931476492626,-0.1100110793705228,-0.25313675663987706,0.25164663691598455,-0.1695041580540976,-0.3822342796881692,-0.05321356834340952,-0.02022020493001202,-0.16524928270503733,0.07756474220288512,0.0009060634920994441,49.573117995715,29.525563287694016,16.536590320455378,8.791151726249456,6.0222482097591525,11.366000542965397,5.777397041891792,6.549460269793808,5.929045258905757,5.310548855288616,5.61268035135761,4.809345869393747,0.03271281718191169,nine,/content/speechcommands/nine/37fc5d97_nohash_0.wav,testing,5.0,Kitchen.wav
2483,-247.01777667876917,21.24714501546778,25.129295568519748,27.149595781378565,9.437930203799393,-4.524967333719196,9.347176200236813,13.524420083370273,7.381720356582244,0.8443335797178267,-3.1561270120885725,2.9627117998552395,0.05656221887329593,96.20003977532232,40.39215720904285,35.71501573731458,6.011151447243557,18.726436904147377,22.152826137237604,9.493917113425892,5.930816455622325,7.005852299920643,9.994650447893646,7.956500338945481,6.273308312500903,0.04589096612729091,0.3393573547890532,-0.06480985804021178,0.046437374434025895,-0.2486166565932307,-0.4954491707637753,-0.024339766242817286,0.26749816975904384,0.15735395446896305,-0.06405080727840647,0.20790141693187875,0.2883587139651975,0.05889447085062019,0.0002981661067854974,34.40064246992531,17.961673289537814,18.215385644507013,6.023100790701829,8.187589393861671,9.308375414398016,6.7424271411959005,6.000004017284709,5.428483763776059,5.8047115984389395,5.7691265912630145,4.661276410339427,0.015657501509049505,-0.18501812110227836,-0.46682988252219304,0.10668733218911204,0.06181754698153862,-0.16124653701493621,0.04933147486749423,0.03336169273273792,-0.07143290510703378,-0.18772841766624715,-0.05110564813769791,0.02816087929592778,0.05082141104926189,-9.980735679467519e-05,26.371148030940706,17.847330604225647,18.72233923767741,9.143572081851914,7.985889119158983,11.224384134541017,7.683563923992267,9.316879207419879,7.50692058838412,6.263394875683539,7.4010198032567445,7.745872831678613,0.009585002432011854,nine,/content/speechcommands/nine/692a88e6_nohash_3.wav,testing,5.0,Kitchen.wav
2484,-220.955248902472,33.12200645935363,28.2416337502602,20.08574703230227,2.7122692208823516,5.923575627618122,9.428285320499437,-1.040351450263427,9.401994075286423,5.725234803380783,-3.4598172685154114,0.36622846814192755,0.08800319832516834,100.9443264101639,57.38692485492728,26.153453699091,23.677041523432525,23.615551397291856,10.424050304577337,9.112940086043169,13.974752323210003,8.933023715013118,7.424294369513842,10.616655433875732,9.083979262490601,0.0598493444829316,4.373697497720264,2.7567260977958705,0.02983795071616631,-0.14101577454506695,-0.5855896095160822,-0.3742552093162164,-0.4010822400290039,-0.8760633878248661,-0.6398721025642402,-0.4450622697572219,-0.25471222173617664,-0.528920249335431,0.0014416303846143906,19.61306483454529,13.317120599803655,11.18935275708166,9.369432644097945,7.5126887762494095,5.631226344078472,5.461232165337364,5.047789277657411,4.581203622796547,4.262581621534531,4.816776967610125,4.107104664768898,0.014225515128187073,-0.2970148597222116,0.3988722307223,0.41762589792271804,-0.25311664850604615,-0.12086309177267933,-0.10513222664673914,-0.03781593672546594,-0.0031686649877756307,-0.07052044082512736,-0.2722045010026875,-0.24645552471945345,-0.2227533775152763,-0.0001294982930024465,13.233178240596091,12.959483452978427,11.516923867985565,7.014739457542422,6.435749522726649,6.5994011122695015,5.873312397277923,6.691771913016379,4.839778379082445,4.4510463470191235,5.711822312265812,4.7590640402159705,0.005986997102070375,nine,/content/speechcommands/nine/b49caed3_nohash_0.wav,testing,5.0,Kitchen.wav
2485,-291.70834458803654,2.220377986692755,18.391187926690474,35.10899368973525,22.075271118635897,11.580168310502168,8.513882467851396,7.594657469716711,14.819734248083714,3.7331780483910855,1.1809966739845663,10.832974563113948,0.03632709835073911,51.769065337125525,13.781974986952154,27.40315341385374,6.785183495001207,9.598504085751966,10.210323145788056,11.169902353995557,7.798900135089108,11.773595901728422,6.80170256210777,6.072128225322245,5.944307078211984,0.016440548650345357,-0.008109636387332338,0.11625838173083908,0.38095250687837656,-0.3683519702835895,-0.17534187650232888,0.0528385419094541,0.11806403101574406,0.15889920222937867,0.47458845334429584,0.2353395986447248,-0.006954834152530652,-0.15799278672197195,0.001301791879438585,18.39815352865283,6.8876061883233834,11.181137514851036,4.4596018370698545,6.969628814109899,8.039673816574458,5.81516212263504,4.15273530016372,6.773442534676829,4.673614331279327,4.421314925973498,4.122416121901418,0.005082686533659444,-0.5109038851870328,-0.35110335456691855,-0.031025211881325395,0.23327526757671357,0.582956809800848,0.6188904227336882,0.11284267093170701,-0.17084474852000545,0.09918399622682124,-0.08578172205546819,0.04674623274050541,0.23241162674111696,3.979892159501712e-05,16.62624150870822,7.768976277145191,8.684636322629698,5.2922194082996015,7.0366914010805885,9.482564358218909,6.39878582511777,5.389497602528386,5.875791668070872,4.8477235057170445,5.99553506479885,5.358836938398775,0.004104821365268129,nine,/content/speechcommands/nine/6f689791_nohash_0.wav,testing,5.0,Kitchen.wav
2486,-200.2775430341992,-13.91693772603374,18.571519135050284,21.873383307411206,11.950832379887448,3.6300675724822273,11.374330584549638,6.98508887824829,10.33607387110014,12.099457692554182,5.520240122964809,8.004875218501972,0.055907257774379104,56.366134930264245,26.381791885689466,13.277411649309704,13.293981162661279,9.363573125776213,6.38586312429258,5.352080191173119,10.777422583875742,7.4255652425445025,6.4174780891250895,5.2045635652493525,7.5252215079304,0.016333443377586025,-0.6506015473626791,-0.2673586701685625,0.12112483480606027,0.4811431657504088,0.7634702985259695,0.3046849341999498,0.035334466377687536,-0.4262432732040838,-0.5879295742487022,0.11234909362306045,0.29438743271163276,0.05431422812303442,-0.0007899031043052673,26.032236671307924,12.257474772875769,8.954267107675925,6.870865406465248,5.957771861419218,5.3521214047261685,5.1898107988636335,6.342212333755706,4.491583601889342,4.608287275620942,4.28708961467696,3.259639629468798,0.00816241394426429,-0.31559360397066977,-0.18239136391770822,0.05006118031702513,0.05579707066980557,-0.015106728732656371,0.07981705829268322,0.3772138300457024,0.13166557060768405,0.2340589851778469,0.30355504158383334,0.11635188692676197,0.0480747230355122,0.00016143061220645903,21.138993328331356,9.723145160877381,11.100155001324554,8.202090531956323,7.380978270870851,7.72365577207504,6.88203000175574,7.165920502827094,5.768294973233785,5.00879545889743,5.327165825471351,4.200337858732865,0.006945628595041213,nine,/content/speechcommands/nine/37dca74f_nohash_4.wav,testing,5.0,Kitchen.wav
2487,-228.68408934225647,70.08161943133649,26.437552243020818,9.733938748069129,8.54771817733766,5.711189051503754,8.262037892618434,0.8710420558427652,8.216795217432885,12.365945149856213,5.270529769807525,2.2637620066879744,0.10251182725187391,99.59548913528472,58.58838621041086,33.12500233406481,24.833775731045296,12.827436396191917,11.065106720114505,8.938460418084608,13.388145761346934,8.115435406418198,8.925147937333115,7.555092838151243,9.62549908735537,0.08502002460102515,0.33127582573161274,0.3782826205619029,0.19104711225009904,0.22439826379613845,0.1803840281825422,0.11767331782596185,-0.004814864687217308,0.16021703427435044,0.07257663450665382,-0.23893915567200827,-0.040311728659486026,0.002495011607277612,0.0006197589419541821,27.929137472104244,17.96944373461629,13.811547793152753,12.865342013602366,6.803000963140061,5.208867578074949,5.220531055100602,7.154750482581187,5.2513154318529525,5.762652079015411,4.812511256946138,4.973657035387233,0.025649971211769696,-0.06943918209610539,0.007751317467755037,0.28250846410295505,0.367094509946194,0.10102100391404593,-0.0487260992721352,0.00573719681158309,0.02160723710380251,0.17504274173007428,0.09004205295289346,0.18611417652562645,0.07743170535899105,9.412510941425959e-05,18.450605170278344,14.658176174773367,12.892004124748153,13.136383901577007,7.119805599290164,4.849592752450905,6.00240755882986,8.697187587689648,6.771149481797196,7.536433376825536,6.207697333649645,5.19607062727459,0.01598493592379041,nine,/content/speechcommands/nine/d0faf7e4_nohash_4.wav,testing,5.0,Kitchen.wav
2488,-227.04774165730234,42.302267114929236,36.9170393629813,7.317337314904508,9.385453353360154,3.6457681930191184,9.014417824267884,7.234854752677171,12.145569366940965,18.51203887418609,9.758021204469879,3.5851989164750577,0.07249318776302971,89.02629267115566,59.039357607092036,31.895329172396405,22.37296331183075,7.215387664229051,12.107022020212682,9.168850705551604,11.918613142667795,9.592625990495385,8.747994120860042,6.418195446344131,9.71170977444455,0.06673144288576388,-0.21228379323556804,0.2920758609875439,0.3411738899338144,0.27236443803462806,0.3498678786988958,-0.07550602155268402,-0.31659050498256197,0.0855456487453279,0.08903738344433429,-0.15834002572929265,0.0718284844811824,-0.01719975257729462,0.0001581136978441669,26.60368247701687,20.06884691548905,15.651680077155735,11.536667167449774,4.8103697009071436,5.958440416712388,5.130037935835014,5.839672266400306,5.279638033331613,6.265194478397702,4.145820098935336,4.907024657903012,0.020972129081382466,-0.13808826082121375,-0.042954101124691134,-0.04578989811608333,-0.08404532253186936,0.012271351057928174,0.010193227914465523,-0.030270624079023277,-0.13474107399904475,-0.09977583253291773,0.07214149015340325,-0.12994821762725473,-0.006655773336772282,4.47295606136322e-06,17.875136006233856,15.988139416465451,13.5793797170205,12.800363600042637,6.257754630777983,6.224942566517377,6.256387151003294,6.724243062837154,6.676232264299724,8.528150508657221,5.521177901454299,5.817174073837747,0.013695855178596035,nine,/content/speechcommands/nine/d0faf7e4_nohash_0.wav,testing,5.0,Kitchen.wav
2489,-240.3915228132055,35.575067045226966,5.614713383332542,33.60814195617762,13.648982560883987,13.155258798679624,9.881466642175804,-6.66170252308522,8.971489950807545,4.364247558618033,2.5449334035345093,5.332994867137774,0.07734852546127513,113.12687698144778,31.392433695896116,49.21754960689102,18.77624333757299,22.240567954941696,10.436962415244711,8.572057140356902,19.968319640241297,11.426945381198282,6.901469225765533,7.696452584963924,10.436823218290927,0.05922158088042236,-0.05719799200716308,-0.5341726766686896,-0.4098537915012,-0.32793412726063914,-0.20351532039381878,0.02219482226091899,0.01567846635259816,0.10274444319238245,-0.082633668014737,-0.031299945160621165,0.1543274028586354,0.4241026687032025,-0.0006986564445880151,34.52387643616437,12.032568350345324,19.547657834084383,9.504236914747569,12.100453393820182,5.445514329352795,5.951078949378156,8.086169297942561,7.20418765980721,4.069402651054965,5.21422105923876,6.261659560376431,0.02006289896967293,-1.730221111588092,-1.5012715837131645,-0.3100672312372648,-0.43074599805385316,-0.45180483263815724,0.16484499393840082,0.679650713986214,0.9973661893490797,0.5726513242791088,0.1741420521826663,0.3600102949361275,0.41860587224136087,-0.00028259772807359695,21.75990132438347,7.617193483624549,16.131285417517862,9.455020846972813,13.774020322328758,5.264000170091906,6.255159986733256,7.380584377144419,7.337356394830443,5.924332120363623,6.527366142935793,7.800802299975588,0.012492734921381556,nine,/content/speechcommands/nine/cd85758f_nohash_1.wav,testing,5.0,Kitchen.wav
2490,-256.5885654358584,12.751934188938453,28.560753552060184,14.890719454408217,15.05569993779226,11.357514705863247,12.249009447026499,4.623471562885229,8.450432199677264,9.970260125375592,5.257806849026112,6.3273646457548836,0.03238743275869638,58.22172545864562,31.438454896596433,21.647038376939843,22.3804975383683,12.247578763378598,5.033158321864345,6.836866242257475,6.38902953727179,6.9965297423500905,8.81835195198467,5.751493150975896,4.160607833825427,0.007431840806105978,-4.257655898060582,-1.9886920676181319,0.8300225661966644,1.1606282436621351,0.2686802471682758,0.22377855923502268,0.3642237029147205,0.5959777779008824,0.6650495981258839,0.505108758345986,0.16583360926972507,0.11458648357601844,-0.00010122881541329045,17.764291339646277,7.719336128924695,9.467626576534782,10.194445913951467,6.273956932388438,5.358474846834004,6.026957111618751,3.92232814283302,4.712711484040297,5.3309516446176,3.409533352827348,3.579247907332981,0.004036591902442066,-0.24303113121887254,0.009706692823003849,0.025063946027339412,-0.012670840352255889,0.17119346252764497,0.15462950178873763,0.06641492799522315,0.0622921758770846,-0.11273079291356058,-0.1647194783642188,0.0633272586891034,0.17343181942056593,-0.00012227700402339298,16.79586769022412,6.132145809190244,9.953867540274201,8.505431528528497,6.730769381997135,7.410927853889921,7.823916975397918,5.280956570257849,5.908336637376719,6.697758462997355,3.5045048069757394,4.45041724185616,0.003950096908449403,nine,/content/speechcommands/nine/0f250098_nohash_2.wav,testing,5.0,Kitchen.wav
2491,-218.26139263382004,-17.905881227417623,29.062064445351616,17.366673783813145,14.990821348452098,9.022710245535238,9.505267635199669,6.389309315363224,8.07106177914498,8.54370880931489,5.198186039681077,7.494726549497825,0.03606684919213876,19.36759035857331,19.223327057952773,6.789155616466831,8.297412413730951,7.781610653284886,4.063574921409994,6.6717466852061795,6.590363767937135,6.767151051949468,4.826888849838278,3.8906432382968394,4.457122002955899,0.010843869551715277,1.0900827117609313,0.7868603861405701,-0.23694420126773813,-0.6616723923768907,-1.1320456271316872,-0.45528518710636307,0.22241921994266592,0.26771365215666565,0.32576064597085375,0.0794368152185311,0.05887243566130513,-0.20393405366266124,-0.000664356735444838,6.522740360726465,6.486250119940058,5.240001382124328,5.380188272163373,3.3592633644556384,3.622656612025938,5.18488158271493,4.278052934099719,4.847160293822052,4.248408429019367,3.319000539923298,4.065097313937827,0.004213290494311176,-0.16366339043109027,0.2743818517791126,0.48962645613337197,0.38786123614229634,0.22424175519566944,-0.016764179743324358,-0.053290645771355886,0.1826208707770306,0.43193548471483767,0.16431615045982456,-0.051575390667640934,0.26708494771122193,0.00019542624553044638,5.384104228158414,5.451017907185256,5.806292061110836,5.900352388662669,3.2718188284671332,4.56875422635907,5.912573398462067,4.741131120595063,5.29316005101186,4.798699265915544,3.7745261394699594,5.388529070945947,0.0027367959626366537,nine,/content/speechcommands/nine/f5496439_nohash_0.wav,testing,5.0,Kitchen.wav
2492,-221.82678987334003,75.20717396871676,20.606976966578692,5.735481277440828,6.919745298283698,5.30416928537426,9.966172265865339,0.5910658374062855,8.351385209136602,14.135964397009044,2.5147452447474588,-1.227372847562881,0.09207896410953254,100.55819775147373,55.10854522188778,40.43628188595997,20.762766741075907,9.450568883906751,10.247334004022786,9.202985643081185,15.052354131342314,5.938526503008623,14.053472450376194,6.162711034982549,9.794383932856672,0.07991052063832897,-0.0003147174179099649,0.21197509251171281,-0.19843934638634214,-0.18594526844380943,-0.49483545735492496,-0.3986850024648427,0.15515653853078715,0.147382889227131,-0.053224131090652646,-0.34387511957863737,-0.36888500924294204,-0.27600481690781886,0.0009911288056642779,27.174777546664505,15.754202815017411,17.351432609848043,10.773932497576611,6.275483970905478,6.213292725857889,7.6300637800358,6.313580626479564,3.84860395352789,8.435127077253345,5.395403094551169,5.06303728747854,0.024657671995297503,-0.4017453650640334,-0.12629534532776684,0.2043175433589127,0.07970468943511407,-0.19068781502563947,-0.03497498288225712,0.1540934228813163,0.07321275245066997,0.05379413913748981,0.22602584540550205,0.21742577394227167,0.20626663604076256,0.00017877543965975443,18.37956607296623,10.9173956703229,15.947688249760876,12.715021510095747,7.817493257352072,6.96832011618875,9.969878449517257,6.348611163707208,5.4761810399816095,11.002205942574754,8.487378006618828,5.555432778297576,0.012235253768057265,nine,/content/speechcommands/nine/d0faf7e4_nohash_2.wav,testing,5.0,Kitchen.wav
2493,-259.950232584325,40.04517416511421,27.632448257139387,27.829098706624436,22.81314744932859,3.1991533458387003,7.844147384797621,8.024382780931582,5.184725931968822,8.05219587131501,-0.4836689350751418,-0.23781224385836552,0.048529234423767775,78.68208008922824,45.9136445607527,34.483949949393086,16.55444343593176,8.22213131755787,16.772790490945653,7.499219125910214,9.808920848417506,8.540597011930661,3.5283877396160226,7.695252018776652,11.560177880797719,0.0251541333686299,1.5663173622748041,1.7741417417531578,0.7888061340077634,0.5536499490550846,0.32207326539524384,0.15945854981774818,-0.03617439250164812,-0.12132514430234247,0.031414572675069516,-0.09604750305938449,-0.469604456412405,-0.589206623869058,-0.00028438697899541547,22.59721432819679,11.859652269067642,15.21317003251474,9.753578810065255,5.615534240381739,7.933536380505883,4.443521400176935,5.7686665275676985,5.932563295937056,3.1146640669168777,4.988031145651415,6.046968573929046,0.006689164936711272,-0.04758089993296532,-0.08789442883976654,0.03115675346686307,-0.09209770763892564,-0.1601881748771286,-0.15262672154200618,-0.0188169022677954,-0.017594849636410774,0.17280575122206876,0.11036655267127143,-0.08456546158437206,-0.13259436556489418,-0.00022228478143612544,14.991216681945332,8.083661766953629,12.356388530660197,9.493454535632223,5.84062623153176,7.986866579415629,5.317330365667017,6.38222107540762,7.30818754028391,4.540518764601802,6.368351327627151,6.268724543403373,0.0029174577897950775,nine,/content/speechcommands/nine/b97c9f77_nohash_1.wav,testing,5.0,Kitchen.wav
2494,-279.0440287774301,4.609482036103966,47.14162198568239,25.49229822590177,21.9551993367202,13.447250849355235,17.516810099993325,11.96784349418337,10.305820769987486,9.55755851451049,0.6416687073639065,4.704296294018946,0.04327897017356008,45.266910035925854,33.44487021269908,12.296716177702839,6.828050016380097,7.042601644725227,4.819657106702981,5.508514640381206,3.838951030273413,5.254460368650653,4.501867639957766,6.645340805389048,4.199937657198034,0.009059235506632906,-0.27532766808562775,0.4297797750987191,0.24076830582596986,-0.07356121698672077,0.1443905336934043,0.16262340465420072,0.12434415935565915,-0.003971017448686056,0.19063881008007985,-0.0012517757568325121,0.05389369862194027,-0.08538993178298443,0.00011627916847505878,14.483489665489596,10.396789857138629,8.41813588484366,5.041896796788793,5.728565745744262,3.8147871065120205,3.964950042471204,3.542837483582543,3.8661264818934113,2.5392566459963177,3.3019558766253616,3.0180205904217443,0.003711934599961763,-0.20769739688716982,-0.325415011009919,0.10727467516642784,0.3933672392623581,0.30284313153423276,-0.023712866671741988,0.06151407422287356,0.14444244928172972,0.24999920405107984,0.09437173547796084,-0.210384249200729,-0.1141023569303183,9.003803133964539e-05,12.032636759344616,8.889867590017866,8.735166232521195,6.073166320413621,7.035036147282566,5.006467840028834,4.920041939056488,4.710624521116592,4.213862113382955,3.0653606063325554,4.263130440014235,3.7168918486670406,0.0035524741118208945,nine,/content/speechcommands/nine/67961766_nohash_2.wav,testing,5.0,Kitchen.wav
2495,-229.56468635734967,17.860601252186164,30.5505774970935,29.045536226312315,15.465752757830344,2.68093981051757,9.016651540716818,2.2555488600431217,4.248570385807777,6.663767623373123,4.979219579367452,6.763466043705313,0.0674553441349417,93.07533582448812,39.540769423577295,33.137655122659304,18.051115305569596,9.925885203502437,17.405899297405135,6.563265904613626,11.003142565765634,6.608498047788412,8.216134830949924,8.095041721082566,11.194201371544096,0.061829524371721886,2.068973936732074,1.4853611299070617,-0.5814132846625896,-0.5079991799440894,-0.35254226315577014,-0.39795257145707197,-0.1038922878135711,0.18893110820227105,0.15228592243418596,0.13512191030293683,0.1631039927924339,0.17420255347791994,-0.0002748021675694373,35.295763948854685,17.145380353398757,17.830411168126012,12.789943532032432,8.555685639378494,9.300237627120337,4.108907436802411,7.120012648980486,5.569318317081798,5.186848808278096,4.050270447325935,7.00046720413921,0.01882353319143042,-0.11543276790174938,0.11741530274496934,0.34893701433555435,0.38979663896520234,0.44271382630349787,0.21784303888042475,0.06550234029618208,0.012071861007981077,0.013730112955015005,-0.11139124365177003,-0.1137832684496385,-0.12426874697655231,-0.00024308556069930394,27.636624226202347,15.258271458446007,16.79449004123439,15.761586293622114,10.690537664530899,8.673252458825825,4.588722170050864,7.411780183864232,7.522378366186435,5.710230997279892,6.100322928322419,9.612877742747001,0.010266932775912951,nine,/content/speechcommands/nine/e1469561_nohash_0.wav,testing,5.0,Kitchen.wav
2496,-304.238801793448,14.844399101034378,31.518583073972415,19.137703822491126,21.03980290250281,14.936740615354749,8.481210165797037,7.113176425074485,11.872664733003477,9.199932272599888,2.5133730257725264,7.696645788983576,0.0313573571620509,42.111300486798115,28.248458467575983,18.45396498171172,17.868525038347055,6.074503876844502,8.52978415398468,10.391935282131735,7.054195410645004,5.572098882852069,4.680839106303522,5.409958804970132,3.0674652184266584,0.012130070318911768,-0.09846963650460155,-0.07559065612002128,0.06473301119850687,-0.15332780462168308,0.10834367151367309,0.233474007913293,0.09396274897749349,0.18130959387750298,-0.0776674671852305,-0.14369019795873844,0.12160416036681901,-0.011653768697508341,-0.0002125708326216667,12.89348353875621,9.70723157634807,9.374074530478532,7.0895229443565215,4.847830743934211,6.574712556891533,5.587924264695375,3.7640721338722125,3.8700697482666278,4.132559112209622,3.962218405360573,3.4211502247035197,0.004726389175264904,-0.16352797416346904,-0.06442089901320248,0.0822995133742926,-0.01454559697516764,0.03596610541813874,-0.0676928754480702,0.42898891306193854,0.32412153274083305,0.3152518006261751,0.01775357878558932,-0.06125237021006231,-0.1616165510618496,0.0001807938019434611,9.593104883748014,8.067628677750793,7.834860599000602,5.350302134335984,5.715855553290629,6.970534063315433,5.507374683748049,3.8922692643865,4.0875136512113786,4.884058718266071,5.531533040810694,5.140606551755719,0.003645631798558403,nine,/content/speechcommands/nine/81dc4a94_nohash_0.wav,testing,5.0,Kitchen.wav
2497,-236.0630262155622,18.299438778945238,11.105243500125239,16.89138417351152,14.444608781521202,-0.4062754126676187,6.238194019124266,9.59980417568443,8.711028308053086,8.26811392964547,4.431320973625354,4.805323905972276,0.04266240372089669,55.1948465186118,29.81563125133726,23.135002641028752,12.874657164892099,8.835005476586312,15.423316109664606,12.013209513838236,6.45274878497187,8.566453722748053,7.1565115546666,6.611009580440804,6.994192578874879,0.009718738933620177,-5.037490562337941,-0.23396737141262824,1.086560198226772,0.42809371608634567,0.924207038236221,0.26735676414380766,0.022626692501282453,-0.16894700697133982,0.6543725814880897,0.37666111169103283,-0.42886650520573716,0.06275245436417325,-0.0006384241484826611,17.28876957279462,9.516150410786874,11.732036237567964,8.08490193181346,5.443983806039311,7.995746920223885,5.624252052781319,3.128646829885815,3.849247341253178,4.324142888858713,4.255597161566485,3.805701199160411,0.005283416246493605,0.3505435236919178,-0.053735094125314,-0.12379300039601672,-0.1473906027728122,-0.017992971682403436,0.19825375918661603,-0.16702828954679827,-0.011175327293525949,0.1551824224307273,0.034312143875423445,-0.09315843954388875,0.13408355327604796,-1.7898778120676675e-06,15.924929641055593,8.82919000364509,9.69706543666292,7.367640426601933,7.077125730580149,9.115413194274801,6.2446897969857655,3.477696561442047,4.600520474497979,4.739635468957129,5.265953581503962,4.928061953410682,0.004443809700695392,nine,/content/speechcommands/nine/9dc1889e_nohash_0.wav,testing,5.0,Kitchen.wav
2498,-211.07966438258936,8.012816187161516,22.96197914409513,26.399156797898478,-0.39735822182800495,5.927278289574225,-7.014724401296698,5.717213513377882,6.777157300200399,11.776970645270278,9.275092607266675,0.8170465378549481,0.081543228472583,112.88994931408133,23.56320890068331,40.96797859308206,14.817834718258272,21.714222191911507,10.131166264404683,24.435586866549308,8.051438485489525,6.584134796715178,11.340191568697858,6.706204785519854,13.024761336175898,0.07097560943860691,1.9140641686357844,0.3513962739550217,-1.0808638407146258,-0.36173436320317903,0.20483523705768458,0.009285440587802209,0.07929765385594756,0.09384765398738548,0.22302193569234413,0.02564199354664013,-0.36431570084421283,-0.29260929172023364,6.387599052921419e-05,35.94164794576823,11.230203501803631,19.462774911271147,9.561074612304855,8.467268439390162,4.816800307070878,10.629055160802261,6.48486269678026,5.818686302723748,6.509370925818282,5.0210553297972,5.660000926236235,0.022002331086191592,1.0661250955409516,0.4738952071774392,-0.42955258876468216,0.030642150794290342,-0.10387220711191893,-0.14772853528552954,-0.2913022767270174,-0.3421342454970849,-0.08870041239476081,0.013127793581633244,0.09766768975269932,-0.05825821552051694,0.00017867373923460643,27.508831035830553,11.934921877220207,16.86383219353511,10.244426048961813,8.622912483157823,4.807258431602181,11.559500113446715,8.698184486365736,8.605119190924107,6.533245906528145,6.269098684253128,6.478266007027645,0.014049390741885794,nine,/content/speechcommands/nine/9a69672b_nohash_1.wav,testing,5.0,Kitchen.wav
2499,-267.7393925159554,1.7510687046294617,36.5085853277497,19.557318743328267,14.764515506276357,7.749033752949476,10.902340166779926,9.295385923133747,12.756040717865716,12.874894657266617,7.788760816183763,7.572120390464286,0.034501613467000425,48.98846452687025,24.81619906198229,22.768687887234506,20.25460088970189,11.921176287800348,9.467197372965204,11.164628474445186,4.2769320426553135,6.176879703892972,7.014121785456741,5.202392716096184,6.310163057740944,0.01220837352489621,-0.17283063514879365,-0.2316838384179056,-0.4399358915343992,-0.29511246785705225,0.03833200683925125,-0.01046119314092214,0.09192186619425421,-0.02395764401065329,-0.059123415148451694,-0.18928323637099037,-0.0340760779838272,0.10744394869244482,-4.4027763989663894e-05,19.614432669963918,9.743082547300794,10.911999019004773,8.9571075869775,6.232352285892963,7.698908200213818,8.42718933593458,3.7143969294566443,4.687858605291337,4.568359656522934,3.912448142323783,4.858344312153749,0.004347333848479689,-0.23148302861539113,-0.26930395505557014,-0.20422304405145267,-0.00515655451380456,0.09794537729694076,-0.02438876570665638,-0.11829555453130113,-0.06338004223282079,-0.06617624270433978,0.1651013268922394,-0.015304883241234446,0.12941178881736679,0.00019627871612707773,16.986237471325875,9.272670133939732,9.654777478814795,6.434637636157757,6.081529011260354,8.23304594663993,8.715962447560205,4.732276861689811,5.491916847795094,4.974507189404864,4.872461369746776,7.06620115507831,0.00314668295993879,nine,/content/speechcommands/nine/0f250098_nohash_1.wav,testing,5.0,Kitchen.wav
2500,-267.27235093992147,40.98572303861161,32.86106019738803,22.297938727066658,16.17876829760896,11.122041075876282,11.390653797486614,2.6906561746581463,7.155825153957193,11.762431086717914,-1.2325739440206493,1.224427686139875,0.052790839632507414,82.37357229865358,45.498270995923164,26.14135886261294,19.47000638845394,13.9621975345965,6.304452801075029,5.5669793665876615,15.016727529686904,5.388551181188133,10.829235662784155,7.087958766378193,8.435883372396479,0.02774482515241113,0.3957575423110011,0.5424617261677025,0.10201459010963085,-0.36052145865764834,-0.16799015859050065,-0.02507269627900806,-0.21519655836070697,0.09155888744622598,0.1409224471715192,0.031088357559060486,0.06330676638700602,-0.05489351603508801,-8.633300181358091e-06,27.152790328068438,13.246489108787697,15.632605752240808,10.490429897469234,7.631578069769535,5.195748130345805,3.8218774587041624,5.698288147945521,4.37135494917429,7.214529454435497,4.242749444769931,5.195462579649287,0.006990990824599526,-0.5303644430149386,-0.28139619324212084,0.10225391811381286,0.08383428550144885,0.17862670174620862,0.09696555799679611,0.15079577596670812,0.08824944481809384,0.19057529564077827,0.07553543362025987,0.11529674305980378,0.3252302403278707,5.190446972846985e-06,21.910416329245344,10.320954193018347,15.206478534568069,9.466221566714248,7.526053982072806,6.16013393262487,5.097421119104947,6.86611257053937,5.901702520284362,9.096192407548257,4.952962303193133,5.857376015951166,0.004523654155887439,nine,/content/speechcommands/nine/6736bc64_nohash_0.wav,testing,5.0,Kitchen.wav
2501,-238.53559939750883,17.749276290944913,16.773397834328414,22.841434779180823,11.8365420215898,-7.1945712869940435,1.9318589313507146,2.771052874589441,14.094997835765316,13.655373795442411,2.0292292315520157,6.761206329416635,0.07466198754264042,107.22355673493873,52.01780083181572,45.57173860336836,15.300861295133936,11.813809135492793,25.80701714017118,16.993293856246066,17.29367024037588,11.21824721027615,13.131985900890808,11.43519782747312,7.2674838559216415,0.06232234885205403,0.4567025436281265,-0.034451487982850616,-0.008018985750306644,0.068520711701445,0.11929466893088185,0.19772666839177472,-0.07959729312287707,-0.12819056470986842,0.040266163783181944,-0.015784440269657023,0.3392980656190639,0.08648889258998126,-0.0003323514134653153,32.68345982555125,17.8064882561981,17.87274981734303,8.589318178714517,5.4591161601557525,12.97992336270141,12.725789740339394,6.896906333596031,7.194154335640912,6.531080101388688,5.300378700652373,4.034692570836594,0.018811283573140648,-0.15672395754479376,0.035585716408224735,0.21366586952809924,0.11640421695484472,0.049708207702590636,-0.16346909478141203,-0.08504449204254935,0.03953229765994347,0.17453694528870609,-0.13148470600510512,-0.06652048745517607,-0.06599691542861699,0.00011432034273942312,23.731225655904606,17.015561392699396,14.877980805539854,9.876487412207222,5.5192564887301225,13.809214990606842,17.906141258932077,5.865734637484436,9.99019600497371,5.942144237773079,5.847799592049132,4.874043304584646,0.013074507353750769,nine,/content/speechcommands/nine/b1f8326d_nohash_0.wav,testing,5.0,Kitchen.wav
2502,-203.6493013252685,38.71109764222341,32.64761992260985,19.482406684369174,15.865892784708336,11.015091024386859,2.329653760863465,2.051737778046502,7.807580634567577,1.939900757666794,-12.805619054083154,-4.994277300558096,0.06918691634200513,72.42827585148316,25.863928182534814,39.34032183234214,20.07404222381357,19.004810770511753,12.895243750803024,11.189677482582026,7.752321599530422,15.949782145522601,8.659973776340875,12.67089683699688,7.739690443419017,0.025345881727967895,-1.914244712276716,-0.8303190356432908,1.0922309798806165,0.34507249334294926,-0.5220089578560883,-0.07467112995963045,0.22194051463831002,0.19875931361261986,0.13632368516796997,-0.483327538754776,-0.5183786693674682,-0.20128399364851082,-0.0002474486827850342,21.799897102994546,10.734096790311218,14.230244847908015,9.443430211518814,9.334409561046106,6.676485546005527,5.711066944271306,5.9168840175419675,6.8554513074844055,4.834642064258061,4.531796299217179,3.940856796460783,0.006576947252975022,0.1236993984378709,-0.31319479798217514,-0.6163435806194334,-0.0831554360896553,-0.017811323683962498,-0.1635730592587275,0.019439014498988112,0.16843193706959833,0.10886282497021499,0.26705363095472806,0.12418236080877611,0.10322955223771103,8.441135287284851e-06,16.333540053822457,8.72995653954833,9.756271162289908,8.726671094767731,8.092521497570774,5.794057222596289,6.351633162065369,6.148903692333888,5.5090311156229,5.7836335203562435,5.2893381894100004,5.017573047852232,0.003613427566625252,nine,/content/speechcommands/nine/9b3ea809_nohash_0.wav,testing,5.0,Kitchen.wav
2503,-246.6431791406775,19.35305172225414,39.56895253705497,21.69387105046843,21.18991534378197,11.640308981291772,11.694890935248766,5.164056306794956,9.47983199531797,4.617637111235375,5.913531836012889,9.407149967406221,0.06380294193513691,102.5837506260113,54.65971208758264,16.30275472502898,19.941258769558658,7.2338090347506085,8.15897178405351,9.05314411689432,13.048820708519903,6.094990029785186,7.066485474499621,4.862093714298362,5.687843828881459,0.04129375534496022,0.2893243034582523,-0.4010925448627922,-0.13818807597074761,0.21338249215813243,-0.12939211351283494,-0.18838857055795788,-0.06961908515259614,0.2560872963220277,0.12488679259245836,-0.32003201124015473,-0.07002651086774594,-0.1927959376092902,0.00032692516763364117,30.30013289896496,17.5832844311867,12.189722212396125,10.48522843514335,4.714501864627839,5.424982228904978,7.337009840929894,5.599202158505152,4.467214190921412,5.2662174455067925,3.797574994021058,4.1701699726343096,0.01369532542297582,-0.9698237350940455,-1.0144352392113267,-0.510257544145851,-0.4178113815069589,-0.42202621850956656,-0.16591168212401436,-0.02441473919425127,-0.009227921719802386,0.23506895981836545,0.10207761898267058,0.2789007550421964,0.33238606209640803,-0.0003778412938117981,15.665262629593297,13.467986726725881,13.176487006809388,9.167258715009382,4.78022933768478,5.863499825095768,8.512880224006375,6.355860298679119,5.4044353575853235,6.418678133773465,4.143183916388481,3.916927063419237,0.007510615290503184,nine,/content/speechcommands/nine/e41a903b_nohash_3.wav,testing,5.0,Kitchen.wav
2504,-226.97231381182664,51.27767077918367,11.017524395823191,25.91208475999638,5.338217127475625,4.905875793809643,11.852908425739948,2.7601901314380957,8.834454920572774,12.627646520332867,0.7316669679509303,5.6194528728751365,0.06588068668497726,109.12040248507088,38.95740034747981,39.1326390259051,20.08935398678556,21.95479314719655,18.253582935224458,8.297552406792253,13.55428112505504,8.13376304839672,12.327983460431573,8.337043460042132,7.487122505155895,0.05396504537152755,1.7361286357110717,1.5578489064454342,-0.01325994425481682,0.4627536069655178,-0.004173360458462895,-0.5208293431245763,-0.46178073922544133,-0.3255829142297049,0.6732600095715532,0.3837216056068742,-0.15064289371376813,-0.19106989161683496,0.0011391091731286819,29.620159274734487,12.046032274367477,17.53832543073652,11.63346773497605,8.798819358237166,9.150706698172046,5.420162197785878,7.236011958388784,5.780101470850786,8.060307988752829,4.141808898412904,4.688335097450749,0.014512323761780467,-1.4267136484047047,-1.063367755541762,-0.16421499272927514,-0.33248278043000234,-0.22469688749859099,0.39096352062009276,0.32468529287645703,-0.08121227304524395,0.36300166431608916,0.40982555864822245,0.44464737011182115,0.10136132585760717,6.364677101373672e-05,21.18995280811252,11.302547685735348,15.707002402970552,9.490585429878445,7.426469549145868,8.482745684145799,6.2524863507702,7.881398112767668,6.369456764623902,8.065354089752692,4.55118955574405,5.204453796223745,0.006450771929809187,nine,/content/speechcommands/nine/653a48f5_nohash_0.wav,testing,5.0,Kitchen.wav
2505,-278.7380849677795,19.828552657528817,41.63753103175358,24.208036196670562,25.818918866589353,9.595513539357137,9.02757989669969,14.295088430638373,12.101670456353625,4.29252304540163,0.8540882068280597,6.42788329331793,0.044541749404743314,40.80207773348092,26.001077058309907,22.357759915565726,13.477323384448521,7.199610075658161,11.834976201827887,10.24729694860779,6.91255424088633,9.915083767553334,7.876568784040655,9.628652785821421,3.4777463852496,0.006053663829567724,-0.6318808202623428,-0.21145142020468582,-0.23005448774345916,-0.11836490735650876,-0.17871488782405812,-0.012086020732679328,-0.0948770472573727,-0.21047960225589762,-0.026883414421116775,0.22862536844838988,0.024845311519938997,-0.04193251939949786,-0.0004070765308795437,12.765888228158214,9.296383570480689,11.545193615038281,7.5819406564238125,5.066179474992097,6.127957056826245,4.009001096674419,5.395308743785161,5.283225668095038,4.885224626702634,5.013299766258841,2.741122098016815,0.003892747588038767,-0.09290288862863842,0.1650411232557328,0.26276155952261365,0.24887885359835024,0.08848595722592971,0.042984717255150545,0.10109355374755288,-0.11657699935908612,0.06761321879472112,0.20210718974681707,0.18441288918058638,-0.07398219290041184,-5.858590205510457e-05,11.01867864496608,9.146332949020126,10.744999392193316,6.97799568158162,5.552377717077008,6.504065944047793,4.216600861097778,6.2579513579845,4.854624715944136,5.58090476277753,4.878881506268811,3.779894095023256,0.003375915276401933,nine,/content/speechcommands/nine/bb31b82b_nohash_1.wav,testing,5.0,Kitchen.wav
2506,-260.5564220750513,-0.9617574660488377,12.195862433667576,18.211872082289602,18.291795036877758,12.765705189170482,13.128335960459559,7.526010614117306,17.536831910016573,11.122986793014093,-2.568955541377183,11.222960457606682,0.044799225783208385,58.80329964176572,19.169907975897893,40.85947536140647,16.77185214053973,8.591163140900276,10.910000034061753,9.06521932964183,8.94401204032389,11.824288691567084,4.929817706861618,14.274092234755098,4.9721854152221265,0.016956300845983357,-0.5709094549217634,-0.2588278818118268,0.05072813634850142,-0.11222508170497804,-0.07908094322573878,0.16596108591703224,-0.18006835921008016,0.25540894829752464,0.30606697198715394,0.14982189015634892,-0.4978467079783944,-0.5046513103446215,-0.0006849802429637601,19.946530225400945,7.6226223221231875,14.524717069672686,8.281461846283387,6.067999770486202,6.136367986494613,6.863719962465781,4.2766232870849015,5.645447317408382,3.8549770657711693,5.698608327356956,3.5197099137508996,0.007244412461857405,-0.2685443419270702,0.3808562302012139,0.1060896296977911,-0.25918899548854124,0.37758386630117174,0.23506041248842421,-0.3297888644633497,0.004480125650677577,0.19128185007097848,-0.18930775214699408,-0.2669958902824234,0.062410127588717564,-0.0003486077611645063,16.656252312532025,5.963905650306811,12.052911673795725,7.151961409720684,6.449995570451303,5.013087144661855,7.045690399415139,4.032988351794905,6.007237726573074,4.282073963930904,5.524530830059386,4.296997127972917,0.005453924652111095,nine,/content/speechcommands/nine/26b28ea7_nohash_0.wav,testing,5.0,Kitchen.wav
2507,-219.67667967470666,43.74019016662675,5.068708036785627,12.29917417111591,8.833701954510413,5.199681186391852,14.257128859536493,5.181432915164454,8.198518354504124,4.248884853902539,-6.796587273097084,1.4288626888415452,0.0737614064787825,82.9219601012919,34.574664231431036,44.622881727495574,16.992470753637654,14.161365393680596,12.209849632045916,7.0734280286947415,7.40444940760369,6.643041534018743,8.18760030482292,12.779890205509531,6.254940165477605,0.05545537963749313,0.5219304272919497,0.44614777886667534,0.3745628330317417,0.11135540396164943,-0.11890076276866068,-0.19656233700533038,-0.2502590301814276,-0.002459907675685866,0.07354031013253902,-0.33751509694066145,-0.30521648016269737,-0.42110114897586115,0.0003382273917568141,28.325512147690098,12.414723522524655,20.48617442719029,8.88375690855904,7.12572177726214,7.101644576556727,4.527048519450559,4.81213891233832,5.436694211997412,5.893796806872322,5.093621169672041,3.5359736306245133,0.014716020388372756,-0.7363633231630067,-0.40155487705797277,0.06771960274537799,-0.13112235103223505,-0.12407621589077815,0.13239846433558036,-0.008444590900097701,0.1036198824560535,0.1153570478328231,0.43284585041211393,0.1471881371882476,-0.03566511615955611,-0.00015410069110138075,23.36990833771088,11.61565599679291,18.855321121783806,10.292513423414135,8.0488216270591,7.042898283267192,6.01212517990929,6.470832659947837,6.709708870557753,7.0659323691538445,5.836230734843257,4.718414977270298,0.006012991031986876,nine,/content/speechcommands/nine/210f3aa9_nohash_0.wav,testing,5.0,Kitchen.wav
2508,-198.08849784162703,-2.3648691305350322,13.99955736761275,21.275784462783044,1.7758952786173525,9.877640293634707,-4.971657258272285,-0.007402641039333524,6.819804420823297,19.16155808649677,6.023212945386861,0.6701618836152243,0.09289903863100335,129.21778783896258,31.2328305065218,39.7763219482043,18.197679385859807,21.840099475240535,14.249081494842148,21.06005935089624,15.309541928207654,7.907256143836148,16.32543971050157,6.64550672476891,11.021691856106251,0.08025287959544254,-0.015873418234741803,-0.009768531547719466,0.22184859233469606,0.08037470689594402,-0.032304060737797645,-0.02307426161711301,-0.04452897921646965,0.31209585025282094,-0.03920279235731012,0.049135409248786135,-0.0806002577638445,0.2895981415555987,0.0003648987340350305,37.69317700771623,14.587015308735491,17.538486098596252,10.623978609601437,9.566338942280378,6.4779699024365245,10.146232312120173,9.525211263020914,6.193510518971837,8.492032773768255,5.1913364631916545,6.3401160480086025,0.02230997895922886,-0.2549066052020893,0.15708335336327023,0.02782781957022754,0.04906609341727742,-0.053615248430979236,0.07197334438318741,0.16926797598680915,0.056109519272162435,-0.031072111653409205,-0.07918288418555987,-0.14481662713410684,-0.07626465712682898,0.00011566715935866038,26.718080780221793,15.018330942336878,17.35651123858105,12.083597573432755,9.406580660500229,6.182712370706421,12.375815392152171,11.973583435915469,10.266643352693515,11.492788366598223,8.008601491726912,6.958802481394864,0.015265627791649401,nine,/content/speechcommands/nine/9a69672b_nohash_0.wav,testing,5.0,Kitchen.wav
2509,-163.9397502261865,5.791904328225158,-3.5238190467852033,37.4473970402717,10.131433547388598,-1.1781440062082513,12.392551286616769,-5.9069865088843905,3.7993912857617285,9.850682634435245,1.2787922898671913,8.882112533253721,0.11770395323401317,75.63558605918672,25.196732624368973,36.66309821536964,17.943133380110304,12.629438847701156,14.540095609225737,4.830906086283606,20.457710444084263,10.55343737881133,6.993655651589093,10.09142993198302,6.734739403180463,0.08963929818155228,-0.6458823931853573,0.5677009935332814,-0.13273502172318863,-0.02992928304168839,-0.0008778587226866383,-0.5666361163226222,-0.3063662409841103,-0.07376823853485062,-0.49957119099947744,-0.48502425209615374,-0.49840931351578627,-0.07538632147488208,7.92624008271002e-05,26.689623199333965,10.308610122040363,15.566859310249898,8.693974915135604,5.146177901247342,7.37093723182564,4.115745472629306,6.605096852346893,6.2032816689959,4.641086375893402,5.2289066705874925,4.4430099469784405,0.023370152682816305,-0.14248869786293147,-0.16459790009899813,0.041922285447382815,-0.045073924368785497,0.1688711363687983,0.35071308580131066,0.31842642713651775,0.0800048513886067,0.010252751802632964,-0.02353582019676897,0.32210835850586866,0.1865456315177817,-0.0004904514799515407,23.118546196535398,10.424102635087907,17.07041972735848,8.152803147311865,5.600039942255674,6.899882666931989,4.640233290273026,6.740843220790649,6.940817317307583,5.992559369602634,6.4767353767581985,6.436913077197912,0.013853453829564221,nine,/content/speechcommands/nine/8625475c_nohash_0.wav,testing,5.0,Kitchen.wav
2510,-235.96808468187146,46.85287466456526,24.498856876070466,16.636256947184997,14.739911897885499,7.706006424279171,14.378080728224289,10.093477422946682,11.059434112227336,9.688359689398034,2.093733921263408,4.272364554463639,0.07138666039099917,81.34900977125332,55.62092941399178,21.78949663884023,17.29106809476632,11.729004212885588,9.97220739540783,11.761373510243823,15.119147708575147,9.950458710581875,7.556524059983228,4.822623540404477,5.471103708243708,0.05237979163917282,-0.9353728576994608,-0.845182206642898,-0.10462404911665216,0.6973325212238949,0.6266202014182641,-0.027747352037812725,-0.1298213088099859,-0.38475875600791054,-0.3593078699209925,0.18320625171028326,0.2810125681786604,-0.0965539708585114,-4.978550057257376e-06,26.042023825957077,15.139615445777608,14.867619742267996,10.38888691058872,6.857176847683239,7.04440790199343,8.881050996585452,6.753823378549665,4.524392568806602,5.029262761106704,4.378502447137896,4.413789845499394,0.016244100420662266,-0.4177203800898023,-0.1611198787857492,0.1272345197527695,0.04546611063344035,0.10085118353060446,0.2852969809020652,0.23692761858378444,-0.07683371295502947,-0.0402168860362193,0.020586789784181055,0.042521888739107984,0.154105261496032,4.763863980770111e-05,20.746430410811033,11.156050990820857,15.399497615165227,11.012667750464102,7.510725635722603,7.215473828611375,10.482755268261714,8.24505100316989,4.2547144975116,5.870642677134527,6.366100430232029,4.99563896641611,0.009788500110522323,nine,/content/speechcommands/nine/e41a903b_nohash_2.wav,testing,5.0,Kitchen.wav
2511,-259.24554880443236,23.594957996408972,6.360096012958216,27.28272597490441,9.613161720554851,20.38232377007354,11.804534411353703,6.7076469272344745,14.462252982238049,1.8285799659436432,-0.5152422051605213,3.781740665404506,0.06280138395959511,102.31099238281479,20.534204252886735,47.569542358379344,10.458891464462138,20.75530744260706,14.962357225544272,4.894027576147421,10.197349634323897,11.798247419055143,10.503390927743329,11.630097010667157,9.025808748098319,0.045962967221831255,0.26639783965913466,0.25179488124957733,0.03061279111275917,0.03504405017813364,0.056368013664929724,0.24405877221432784,0.06118011321202167,0.33722386009250477,0.2293661460116298,-0.04280878203401431,0.18305011094963888,0.06870754277960549,0.0006385393320552764,34.5046601194674,10.445327901636915,20.032491916192466,8.017945088630988,10.07706464312028,9.061623870078767,4.755460349271665,5.204205392387548,9.514717578215343,4.275460550611179,6.462750361349631,5.34072994499747,0.018247190601384005,-0.33824301835122506,-0.14383341299816416,0.09162058414779915,0.01781779849300875,-0.059828452109847476,-0.042163427097252536,0.17589633494928236,0.34275708314213965,-0.024998389060434136,-0.03065646734190365,0.06573949571899261,-0.1865560259182951,5.620314429203669e-05,32.831321051302496,10.660464632080966,20.156830805653538,9.718079466769531,12.00824694707971,7.910973549514276,5.849378230655651,5.279744106891348,12.229593192689947,5.322660862608187,6.500378487210671,5.58513203198502,0.011770473640220425,nine,/content/speechcommands/nine/daf230ac_nohash_0.wav,testing,5.0,Kitchen.wav
2512,-179.22483150714027,42.01153552384429,29.065875294895044,5.912256510950419,4.678851898843689,-3.671799174538081,-3.920185965792363,6.7353908410059145,11.09276961751558,13.041510495373938,1.6760447432963692,-0.3064943355397255,0.09704047668492422,79.71188807942252,35.80610248340276,30.091693765145624,19.813074028022008,9.825223613230618,17.13930759989536,12.257162612440451,8.47802968113001,6.91212021174854,6.7722525387297186,11.005071199348183,7.50822527616586,0.052546899893705534,9.230230041491259,0.3286955245656334,-3.134430767039391,-1.1368444172028465,-0.8800990976282393,0.220427079458627,0.3305762364766667,0.8861695469642678,0.1866260628281356,0.06983056526915915,-0.08421447221932467,0.12024206207234317,0.0025682004709397595,42.532931210607885,15.302594760906723,16.260917454854873,10.17594504471467,6.792633273743927,8.581019561255161,7.392736695940319,5.083467678339524,6.21663433930638,4.346816461919586,5.434375210564261,4.346694111850943,0.01937272431086891,-0.7879539376720704,-0.8741493534172513,-0.13929477663359685,0.3073851046471068,0.37755245058851583,0.4183130988399366,0.16015525641609232,-0.07010348570181305,0.027586845606545386,0.12090330474677463,-0.0027360593696942105,0.14075718755591823,0.0002792711059252421,42.36972816453987,17.341447879268312,16.24345989924358,10.2224407175697,7.395054741646469,7.51044234977481,9.385849578488079,5.643916495143778,7.476993582135648,5.351123185749881,6.738482356886702,5.630054843578425,0.013991295232041897,nine,/content/speechcommands/nine/4620dc14_nohash_1.wav,testing,5.0,Kitchen.wav
2513,-274.4082773721541,58.58827232611251,29.739706667875904,12.465707214262277,11.839449396985952,2.045497275390589,1.1422647910789523,4.405195411490744,7.979325911231027,7.111824086584047,2.0911901684561482,1.72253439578411,0.03970887546893209,71.6643784470635,50.81705899261267,23.89630929603658,25.347347085426986,12.58571082427959,17.095217335228178,15.54256605434474,11.868694219151937,6.554852453966118,10.630276749932282,10.904824135980196,9.525030265032033,0.012928475289939732,-1.6884586376102089,-1.7315753275767571,-1.2210765774035228,-0.3317881622566017,0.32683550844170267,0.5390512188001625,0.7156879661604104,0.620659926038736,0.3579778469869845,0.5298117643843767,0.6292558933450598,0.5884115751820994,-0.000193619680020117,17.14137011390769,11.219962804026624,11.931588013438217,10.190432854036246,6.0372621249800735,7.668316406683233,7.6013652757179795,5.334397562420888,4.000860958238955,6.388501069304286,5.319797191724125,4.809338006429756,0.004048199206543992,-0.9513355287967348,-0.9910385690792284,-0.45509002472734394,0.3619191954914637,0.3618709248476194,0.4476675339090722,0.24130709200684752,-0.15325455540979718,-0.07782026144032252,0.057883572922125974,0.22001401099643053,0.13680036552933808,-8.755673964818319e-07,12.963685146387665,8.545245963365643,10.0683700444001,6.381055314923338,6.3072218506101505,6.288508227927918,8.304592413772776,6.93784987038745,4.562211451369083,5.709328044093889,4.675982600207006,5.297618959776375,0.0027638874583889683,nine,/content/speechcommands/nine/fe1916ba_nohash_1.wav,testing,5.0,Kitchen.wav
2514,-213.29289218989595,43.81474201598789,17.118127140649733,21.452023209817042,15.860378689204875,10.702119875331299,5.773517683176758,2.723789650973557,1.8837925983137331,-1.8293095449811778,-6.896978784092464,-5.438644976930322,0.0908991692122072,95.61998309412655,47.11170130871027,42.05621501034994,21.389744577729168,11.256641746329015,9.572648425471865,13.595905928718388,10.285653721143062,7.837337708746797,8.641448663136556,10.4489631161567,15.798512051090874,0.060031754871910356,0.008337071747040492,0.007936141962312558,-0.2822131867975448,-0.1358606155059364,0.04263031518480543,-0.027586597641135163,-0.14791172356515297,-0.39104614078177635,-0.01933943132401763,0.13707995460741906,0.16568334840829127,0.15033378639286896,0.0001965583332123295,26.37007148694026,16.086754386669124,15.78729722951844,7.499679547729999,6.609100126858808,5.770138650229111,5.643588265840642,4.417467412791865,4.803389791054771,6.0860759028060345,5.801334307190361,5.968962423572968,0.01670416296502727,-0.5108863484230483,-0.2942448695134227,0.009141733450477337,-0.016570029878319778,-0.21296650284049717,-0.10246961216770938,0.16824735845919536,0.29374459965207095,0.189133201336878,0.6029826072363978,0.3368193043990314,-0.024326395582411623,0.00012352180977662404,21.668747937238383,16.058619935599786,12.392339922743748,6.786182341866247,6.5599250951390395,6.1755049366828425,5.745961930080142,4.855162269443263,5.45458941816363,6.8476212822119615,6.044485539437109,5.985488735998563,0.008629802259508363,nine,/content/speechcommands/nine/6f2f57c1_nohash_1.wav,testing,5.0,Kitchen.wav
2515,-289.38696127836545,-1.1798061497249095,31.940494588579817,19.39776933974907,21.28389921645148,10.886120941733221,10.158165817379327,11.420228456796695,12.52940218430793,10.523210584008634,5.9875578202525865,6.034448110233648,0.025922719680238515,51.779932555037725,32.14124844731404,21.228845189627453,19.47803073588996,8.619192641937556,8.624245875327201,10.335389594393806,4.1609796210052545,5.67164874442264,5.193394956676453,4.977159831319298,3.78776694187065,0.009024926357501685,0.00893042012011935,-0.4425825310137715,-0.5736835246229134,-0.479911640618244,-0.21755404042893586,-0.15672727250344284,0.043570174563193696,0.025684048964735216,-0.3091815907807505,-0.24802169742456873,-0.1834317285363298,0.044613497619596466,-1.6788140900673405e-05,16.04298545300197,9.734524754197052,10.484652774510264,9.1978649545711,5.616782705209233,6.787709105785819,6.950956868573994,2.9577070536623387,4.53522251117453,3.5179216329970857,3.1657229498996866,3.154755089677922,0.0029097596875946865,-0.20718760387878773,-0.012390417440709811,0.12164433881129029,0.12143161926904457,-0.021852474432907578,-0.0016556163897325504,-0.054545338765604495,0.12980706937764427,0.21702047641622244,-0.007472572275503175,0.17958953840817987,0.15154588356918353,-4.687222341696421e-05,11.187322083296102,7.247517653289006,9.955229096837197,8.789781112151356,6.660464903315499,8.17729564163367,7.748945937996831,3.6042316925589146,4.921923816307158,4.398546251959593,3.680139341550323,4.501782517020696,0.002122933475299207,nine,/content/speechcommands/nine/0f250098_nohash_0.wav,testing,5.0,Kitchen.wav
2516,-298.367217402615,-22.067721172044134,40.2822822910602,24.143932320491906,18.895207110723586,11.54552324764828,18.303899961501656,16.36294821217827,12.291214258075133,6.191626437687255,1.303631728004813,6.139375307319744,0.032850427902303636,25.587805743824855,19.240095142255726,10.388649818094594,7.68379952227395,6.6069997932781455,8.605622683093326,4.090187118973358,7.270816237900825,3.8041711453955753,9.315920700955793,10.88667551021094,6.709424048800002,0.009083583391259996,-0.0046414787219462945,-0.06840183557287231,0.02493938155491663,0.13168116746094968,0.04806721729036083,-0.3164340150165889,-0.14342203573281623,0.35552402716148745,0.12852746990804478,0.06186017501598054,-0.04588103122617126,0.18049295994902928,0.0003423851223722581,12.095199221048459,8.475306664775953,6.446827707200152,5.127475808444151,4.925965645597913,4.917923759033012,2.9947030290540355,5.5256100493032285,3.328907745431792,5.25216535615613,5.68094025288978,3.4347663276899953,0.004456484620203765,-0.1921570583729211,-0.14805648951676117,0.07747772744864416,0.42874729748777785,0.505395977191005,0.247161246052996,0.009723308200263622,-0.014092992223818672,-0.05768280386569611,0.058470424611187136,0.33972077759147473,0.25040260787057594,8.646318068106969e-05,12.419993386873799,8.2177132043779,5.920123085734843,5.422038046071945,6.181968297711549,6.130817016844201,3.917447830806957,6.646192938316185,4.108822739848588,5.399986853734772,5.761835296506435,3.6046630254354914,0.0036211441870234,nine,/content/speechcommands/nine/90b94017_nohash_0.wav,testing,5.0,Kitchen.wav
2517,-233.95181550498177,-0.2801581616525678,20.931429439504793,23.38571873432918,10.487976754335595,11.585677860944173,6.71105571423898,7.7110622687523795,19.611100701668466,0.5766300308594459,4.23742386730655,6.2848303420583385,0.04360602982342243,81.80936591373768,21.210608998611217,33.475200266502966,7.666547836338773,8.447404224200342,3.0330066327844527,13.677102033725344,8.60518931628986,10.401061553806574,9.594762859628057,4.650914986642563,4.241701411657823,0.011246349720395614,8.726547001802851,3.302217873022017,-1.2885861456132215,0.9372499173009592,-0.9580951897130414,0.05128189319064384,-0.732467387341086,-0.6087719959336346,0.1255895506268643,-0.5611808030476427,1.0802616270780885,-0.8140640089558824,0.0009853568147210514,27.430733303978823,9.419598992520333,17.872265628748178,6.2556928817234505,4.753061395359016,3.476703526802201,9.017091625376999,6.146873590466502,5.591723415888621,4.052065888799927,3.5796200327633514,4.076597170587867,0.005723931198962272,-2.8709572745882737,-0.06543230370702185,2.631026817601555,0.6723582224722735,-0.07091968809106253,-0.24808954948294193,0.5609113373320654,-0.04576399168638323,-0.8423608248487523,-0.504253791666105,-0.4966696919915957,-0.8646690852526859,-0.0007092736195772886,19.958817686486526,13.998271282957758,13.1830473785774,6.748192475498151,6.660418673754922,5.383303718432294,11.961510530362112,7.92963866030336,4.411557190413455,3.7736021586215256,4.32883612066681,4.343300914267212,0.0037620622980022752,nine,/content/speechcommands/nine/5eb5fc74_nohash_0.wav,testing,5.0,Kitchen.wav
2518,-284.7055070525979,2.761171949003469,25.472801666364155,29.676838442630075,25.60953245697197,14.796730248492524,12.926194110108163,10.51744210258239,10.51178442003446,6.422999397181741,2.046427496233821,4.128761215098666,0.02745370037155226,27.17383894809095,14.993348755395786,9.353237280518712,10.598426993124889,8.088726993779742,5.261260091261284,7.165862032036347,4.439467681442516,3.0921378631802883,4.895038305426896,5.299880378173627,6.8133334075424665,0.007725783162343727,-0.16986723572555942,0.013548895022589663,0.37842690588897254,-0.22649998586535727,0.08652686909719348,0.3514893674708172,0.22769930899828789,0.12482139840975318,0.18721425810621958,0.42349660891990165,0.52386634696589,0.11993214129102218,0.00023494594760479465,11.128871511854182,6.4302219072301074,7.112767242220503,6.980449509999784,5.086676131070826,4.47240012207547,5.0993170691857275,2.4971041571519623,3.1963845504590327,3.6304355304828406,4.336474664932896,3.79750487759066,0.003220706807555533,-0.5787824254383206,-0.20322566911114232,0.3312010302590449,0.5407225359659268,0.4027341300155758,0.2620279498231374,0.06691343675169356,-0.004155225741011422,-0.022032058527194743,0.0308656585161818,0.2325222691881426,0.09608004788153171,-0.0001610829805334409,9.655004734561182,5.73142748789817,7.834520959103507,7.05037692772966,6.185173482339101,5.2742240317348665,6.15930788556093,3.2265178242987815,4.228082638931644,4.633110176123206,5.53783680641891,4.354587729924684,0.002525240942653649,nine,/content/speechcommands/nine/fce96bac_nohash_0.wav,testing,5.0,Kitchen.wav
2519,-221.62738277959318,19.987513678254317,14.04263977017182,-7.545009950828028,3.4860554916932154,11.294051398877322,19.152509168755735,9.37190772577841,3.4129545927833838,8.143546838761047,4.481272733907504,2.252353156523258,0.04407853214070201,56.045057918975466,30.039858851180597,28.76024718841498,22.07855659144701,6.486915032561631,5.515283935034427,7.985836163018642,7.496125442409299,3.9911168850502565,3.516016210388658,6.890834614979645,5.181219499426663,0.026969053363254784,-2.668084211426473,-2.1044088692005496,-0.4565459483978232,-0.2881942224527232,-0.38160860724124,0.02372951805996942,0.6957083434634934,0.543678750408947,0.1335245707286691,-0.0839576672775391,0.46551157492047124,0.6653303471969667,-0.0006682740584496528,20.949784054001206,12.175688799408546,13.833122529747564,10.582972746344343,4.078002686286943,3.471595145918975,4.7358958857316615,3.8172861113184084,3.8291450344762428,3.0567425690991583,3.7668047669667213,3.1387755733476643,0.012585853853441062,0.0712875143841965,0.3342688159340047,0.06385682419183247,-0.2903603272414247,-0.1605072153743619,0.10198353356731407,0.09372212551401336,-0.003943907826523555,0.32077397629236903,-0.019469243833449272,-0.10855246018676663,-0.22166317537950703,8.118997017542521e-05,13.298655100866597,9.396624649034983,10.453696948229647,8.11435279080065,5.03421354520693,4.50648367934757,5.480833753957057,4.20748639203462,5.301250073498294,4.201844622105922,4.238754368198911,3.8672330609693684,0.009527970874668622,nine,/content/speechcommands/nine/28497c5b_nohash_0.wav,testing,5.0,Kitchen.wav
2520,-201.40520985388832,8.206878145090453,-2.778567431759792,22.412680501677233,3.812236501791219,8.885824908172465,14.086384405477562,1.1485675949493714,7.033223065305679,9.87767111406783,6.857876479904961,4.273105971083414,0.0715704936592374,105.11631507221543,46.617311134216436,47.05995866480694,25.059459964977886,17.530705286163002,8.061542467822907,16.96553649918172,21.539453807425332,7.57463042343025,14.360826793846266,9.589050912175681,8.714157337980938,0.05219970157051175,-2.423463582463478,3.9641429735803926,1.4543147118314508,2.6333233542478456,2.107310725696896,-0.7409074851703108,-2.2937598267821673,-1.2586840776711379,-0.10063728504484035,-0.8081985067434767,-1.0637259643851407,-0.4562547330832898,-0.0005130219844079786,35.08384174952346,11.36726242115434,23.408965507251093,7.3020779515829055,9.147103297041113,4.594259445094485,4.891284319972123,8.464060394609874,5.920230465770504,5.629805138875246,4.954238930249125,5.754796144584663,0.02001012555375586,-1.948825783292332,0.11863954603753962,0.9101468300052536,-0.1360094759298328,1.1240749889653403,0.3709855729854673,-0.04387954249485742,0.16177441263373174,0.006295933974275858,-0.12688000329991567,-0.6139624007480394,-0.18705898109570546,-0.00022092113892237345,28.070123495018173,11.306913904305336,23.762108834468492,8.41676626946823,9.157915461362025,6.360537503082404,4.611272674581947,8.21396142973809,6.353424535819993,7.134871889286016,6.186228171380027,6.293104995030474,0.01366735217730609,nine,/content/speechcommands/nine/cd85758f_nohash_3.wav,testing,5.0,Kitchen.wav
2521,-101.3937618275802,55.757390843124256,12.423847507940529,18.997142947703274,15.938714500988707,8.575601993263124,5.7126665117135875,2.7246961251613824,0.7314725895437026,6.648762735725265,0.7878111792499942,-1.6282764344405756,0.18761502741836011,109.05102522594103,23.85573608231363,18.02455712097998,14.879017214580347,9.433628213709126,7.328384157604976,8.607394363536695,9.0478354812823,7.496334489041835,7.060467344403611,7.211607649128897,7.287538868734663,0.19147042574563553,-3.199448457175035,-0.5271525282315531,0.38801743672989736,-0.7584676809810496,0.03493521891837094,0.3595215051858815,0.24204774876063176,0.04590717251495305,0.3793767635137477,0.706550210843663,0.18349272810157582,-0.4965155652286531,-0.0003775692274493556,30.78796690577527,13.817801492591316,8.754503334471622,9.412107211620027,7.107732486951209,5.202255590884346,6.123173153635538,5.978486374651966,5.814755144388826,5.1510162514691,4.697261831174579,5.810905305504975,0.05288139421180968,-0.6750755831305004,-0.15999844625066853,-0.12136304737211863,-0.11333670314860728,-0.16192686851096832,-0.15429267277673872,0.07329733669053011,0.2927634185615552,0.19139414924519407,0.11773599147368818,0.08412120035053648,0.0670314629708793,0.0001206240306297938,18.087798393597776,11.843126040271564,10.667616632920174,12.125313224242166,9.66558291434503,6.140076812224719,7.097930238702822,6.125530173190226,6.182610358716153,5.978355854858939,5.457958126020642,6.469642056950064,0.03355434383369269,nine,/content/speechcommands/nine/e1469561_nohash_1.wav,testing,5.0,Kitchen.wav
2522,-253.13296054206631,35.18791241309939,19.40617031474955,12.591823381628956,16.453607665746183,6.514595951253703,8.470149282890322,11.776640493873607,10.223670556927168,8.709250876938238,6.067225549350006,6.076792656852321,0.07322117825970054,57.162440206435356,24.005168855466675,29.445915967764062,14.263691019562756,6.2939648276470574,11.00664464205022,9.715220025108618,8.583853315216718,5.787018538777647,4.866665158456392,4.728197941626565,3.543844984754187,0.009079549573945779,0.837954858792854,0.4716485598823851,-0.3917770983580475,-0.4998974424266287,-0.08649208459052128,-0.28349299254286964,-0.43003833171417244,-0.148386341563366,0.0743656844785539,0.16505034956993875,-0.06593596525924866,-0.13334490355018327,-0.0006447980000126747,16.378788011682335,8.055267595492207,11.957608456319358,6.5302214219126995,4.694735235927542,6.7703109650478055,4.839867288199877,6.028924068179432,4.8314700170364215,3.4612911778186395,3.698734648224608,3.067328658370534,0.007052658650163268,-0.4801632151522142,-0.5428196379027166,0.3048305756117508,0.10488711197313716,-0.15834956128975566,-0.41505948447621693,-0.4283495369286095,-0.3632708916132016,-0.2559683568353533,0.008674273949916867,0.012619875366337529,0.11368696999991013,0.0005493598679701487,13.077044284707416,7.426711226146187,9.279216869248401,6.484537340852528,4.953727249850123,7.358329153012791,5.210975141749248,6.446894163607418,5.791532052520992,3.810786541565208,4.659695099668853,4.542876834514768,0.011766401853527406,nine,/content/speechcommands/nine/6205088b_nohash_1.wav,testing,5.0,Kitchen.wav
2523,-164.75652096902493,43.03893738988113,11.131233403268194,11.102673771243216,1.9729508294998237,-2.4893954715696713,3.713333076848831,-3.920412219339852,-2.8126341861126556,0.13583036763621614,-0.05645239632850879,3.2216360159814865,0.09510458074510098,78.61488635273689,29.945986606435955,36.825025626120606,11.803558136660389,10.342882098035695,10.23136014932678,8.478331274706164,9.27868376023604,10.002316531312268,7.342410202443171,7.8930580011200995,6.508859142587716,0.0669090052135078,1.3435548203646022,0.9993620800674214,-0.4910650921352402,-0.4489745946742326,-0.2511528268520471,0.06319203627410624,0.3468934375724362,0.19340778077692658,-0.18622217117494275,0.12195107056426079,0.4351833727163622,-0.20576536311432148,-0.00016904153650806796,21.725095825250936,10.510716917167459,14.32089533025836,6.957457640375067,6.2990266769487695,6.7146072531325665,5.860512598320642,6.4713406723094264,7.037262979322958,5.095374950283009,5.201205807256356,4.79007602979633,0.018544501279167087,-0.237689190982249,0.16671155832703477,0.043762719163065,-0.027514058417356088,0.056236924405671414,0.0046969822634845395,0.2030282244852102,0.5647715584312626,0.24361749621425127,0.11632171384848557,-0.10753359740217677,-0.2118240871719491,9.06962901353836e-05,14.114828065581685,8.828448792485391,11.26756162198193,8.33528422736845,7.748250803800802,7.627835899261065,6.626118079962587,7.707354977700841,8.66894227243323,5.9601241612243525,6.691269406374901,6.153177019111146,0.009622456166354062,nine,/content/speechcommands/nine/1b4c9b89_nohash_4.wav,testing,5.0,Kitchen.wav
2524,-222.10699909349574,47.573243561814195,34.5801844293502,22.14293272124753,16.409042385248714,12.727920404188279,14.450524227415318,4.5841028736149285,3.141455091301884,7.259050044270202,4.527619325040181,4.298896132674821,0.05648070015013218,22.082558654541835,22.465653494719664,9.005858779125205,11.356685742091729,6.319786880427989,6.357803135351342,6.999302697202878,7.63348245952815,5.739327257487528,5.59581872857003,6.036124830458919,3.9596568828768564,0.014904709682155385,0.5930055382398892,-0.22041656095332463,0.1882727400064885,0.04286506123717833,0.16277182487717293,-0.10427519376969749,-0.4594439627931503,-0.049643764122684904,0.006343662586950849,-0.5462556119365035,-0.4016540071537299,0.24063074845971164,-0.000960501451646128,7.616170352650561,6.570954881191567,5.43508281875885,6.306399417119005,3.637213898641644,5.338721370336221,4.462206251438005,3.753158494698645,3.6723678437540923,3.855083727858809,3.4460931696063137,3.209155721237338,0.005077522342393847,-0.46496574873068347,-0.40918332439285265,-0.20233160347158569,-0.04249200028075333,0.11998323853349385,0.1544770495300199,-0.002677322891633397,-0.24075056256108668,-0.2906402730973568,-0.10865229019106405,0.03251283440357723,-0.015207774327826214,-3.0184288819630942e-05,8.051920426543962,5.960307839259085,4.980486018072526,6.28002690429589,3.7646900465874418,7.0825277827131154,5.964763906910201,5.163717554422867,4.876649296321194,4.807990014141339,4.299913569841654,3.865715478285983,0.0028636522025590346,nine,/content/speechcommands/nine/f6af2457_nohash_0.wav,testing,5.0,Kitchen.wav
2525,-226.71919957882284,29.831753259523637,35.036840993565555,29.021472238834903,20.76949381224693,10.554179343977747,10.153845295576623,2.0812074756201406,12.666575493879819,10.678143761381671,-4.223392007861648,3.889980152672467,0.0769895421108231,82.91613743950573,40.231648479583995,33.46261866623251,15.026271895820555,8.70510139950396,11.413179835531372,11.371815388095223,12.2150332593912,9.611969888021616,10.827272931442252,8.24649920983737,8.24323383587176,0.04852209614588953,-0.4976433872046517,0.37045650056447055,-0.0441503512963173,-0.7793642917041123,-0.24835673010934683,-0.2720320592567567,-0.4905412166714082,-0.0747627758837744,-0.28567752799336277,-0.12147797051866507,0.5764908558643097,0.1451516513069803,3.7503338629199615e-05,25.03823203829465,13.019803664084451,17.849128733487646,7.289280690975209,6.2018590033964,7.000477195180827,5.623658466220154,6.344290947875186,6.186699646145958,5.956641146910791,4.726080552022592,5.727930512956642,0.014546058494640671,-0.3744126804464069,-0.09561087099648274,0.11152297787425525,0.06946920776945457,0.013062472229494066,0.22744219306362165,0.1343340626451917,0.06280829730054416,0.028614908486807936,0.09606409893907172,0.08466085390095432,-0.1153339067919838,7.511631896098455e-05,17.809769192904827,11.296226445475007,16.549731146213073,7.182536016650144,7.432056417866172,7.126635357698201,6.995072993727483,7.8740511038879974,6.005148928218412,6.39792602385735,5.57731857499183,6.338518767524582,0.008456928435504319,nine,/content/speechcommands/nine/b83c1acf_nohash_3.wav,testing,5.0,Kitchen.wav
2526,-248.52108971346024,5.680885145085905,17.60260932034445,27.893189622015246,19.974839901489414,-1.5806676637066193,10.300900547904469,11.363059042054525,7.167244336627438,4.175997420274339,0.31322363126863023,5.09745994869841,0.04063347668852657,68.11260161042162,27.313079691698587,37.469967342736446,17.65577591921493,18.23259919051283,18.44725541782625,9.910112619609475,8.576108180851374,8.807668933739782,7.96679925143875,6.17812323386706,7.158561649087601,0.015747066237134736,1.070590209426158,0.6028493825048493,-0.6697050144340478,-0.5056902273071989,0.07870750336099358,0.2557290866475816,0.2927772395843645,-0.17244251949410175,-0.04075234813659814,0.04700166365126999,-0.3312663090141202,0.08742932517258016,0.0007804538153352276,25.70712259548321,10.08757398049633,19.151720091784917,10.124749009114089,10.17902217190637,8.56551444892806,6.68899929952878,7.276181045500315,5.393610054125253,5.587629438232978,4.4161805304609665,4.581285846279731,0.006499830399776334,0.5559601483196369,0.12673032868737633,-0.4271351031640995,0.010533026767517958,0.22706117236673068,0.18841447727111196,0.26784973480263574,0.22553866855105167,-0.11453071869964569,-0.12738550255113304,-0.26791012311255885,-0.16154304058346233,-0.00014305468648672103,24.538598534446404,9.421440650448975,17.408598889564278,8.638415177383802,8.257363026362613,8.706968016281463,6.794077528565091,8.619055667863616,6.21219864239406,6.502184045742577,4.682293286980715,5.211896067878345,0.0048357446283845635,nine,/content/speechcommands/nine/67961766_nohash_1.wav,testing,5.0,Kitchen.wav
2527,-195.18111418425175,0.9631843449428197,18.867681124577047,19.571663831741176,17.23680735857394,1.3544543516577034,4.616989691403045,5.525366566547236,3.3112211079278415,4.155491743926243,2.65757514782013,3.3288646987477453,0.06898341455962509,72.59074925088402,45.51316220107759,22.84601823870053,16.10360676707774,4.808124052586162,14.935688794219919,13.520024043494052,11.51184131120158,11.891683459879703,9.2690660198377,5.178128376166261,6.857367463774163,0.04921220052780099,0.059258849004448264,0.047686030758506553,-0.134222070234677,0.04955708039550257,0.28104906270671726,0.22487356756483354,-0.0228757932367768,-0.17599982014077145,-0.22558181745149788,-0.2011205419725741,-0.28946383854628743,0.15000135378653268,0.0003467949047203987,23.4819785311176,13.576340045992136,13.478508486351247,11.846253354526743,4.289179577130291,7.168750837950602,5.0170359685736425,6.111386802657455,7.072873271695915,6.038913321987184,4.8505295156088035,4.187951019652847,0.016242429477383746,-0.19814835776752204,-0.24064880240786563,0.07654014883633095,0.20804261113512368,-0.05245133146031573,0.030980905362113377,-0.04282317420591794,-0.020138000538384365,0.15202620139712994,0.046523296118266,0.13957626074593377,-0.06532425463526298,-0.00024672330667575203,15.327780896161265,8.212111469084778,12.09861484003944,11.757745129595918,5.157115412969635,7.833720674802703,5.397217515195398,5.876883402601477,7.287702427750937,6.170431923449218,6.456045952094549,5.722303905029563,0.00919749628747095,nine,/content/speechcommands/nine/563aa4e6_nohash_0.wav,testing,5.0,Kitchen.wav
2528,-247.37059818319503,18.536747408611184,18.640718908905896,12.558023073173874,12.492690564299064,6.413753520202128,11.17023323672916,4.582734399401856,14.298448689851645,14.543130378158336,7.19798224446595,4.937588941008899,0.04467734828358516,58.83909722868346,20.88812714241834,31.257156560314897,12.01330663957576,12.28541555442093,8.274065091261232,9.884033469137261,10.265217161956409,5.18375644903148,12.585849493911597,6.350757200578225,6.495291717472458,0.012559237162790926,-2.447942494373692,-0.09306019573495793,0.16442772152389226,0.13581978843621884,0.309751779219886,-0.06745537024471113,0.05569363641854975,-0.10932951782597532,-0.4019823444952233,0.06960683033534296,-0.5305999877655254,0.1161753411095164,-0.0009028667043293676,20.166484730798565,8.551587213471203,12.692729660790466,7.489017739491496,7.14268369308257,6.184170592546089,6.478464878368756,4.261378577314124,4.027794629773371,5.506791162602825,4.0488839013436815,3.7541760083215725,0.004881087001990551,0.43557285480963986,-0.08685460999772664,0.0896891114016063,-0.047829205151098834,0.2816246296174717,0.3855362727103722,0.2024427708542745,0.18810271951120813,-0.012830491242348844,0.09271744977357628,-0.12818419849477458,-0.13792392764987257,3.2928461829821266e-05,18.02231753570136,8.488174212326324,10.076721103300128,7.2241721471319105,7.6852487996588685,6.884316291424082,6.972334234978983,4.129600146567444,5.041475305449459,5.407536851466801,5.477790719054197,4.768274879293592,0.0031967881974761607,nine,/content/speechcommands/nine/2d82a556_nohash_0.wav,testing,5.0,Kitchen.wav
2529,-215.07450272605195,25.816165262087473,25.676575766879793,32.62840754968798,14.54031367293343,-1.7406785791820227,-0.01630910784945755,1.3579478521184525,3.1020364771453797,7.444984490074236,5.6819775042437115,3.0846142071664615,0.09926312178140506,81.91277545520461,32.240762905120455,27.10373085112596,15.63153760850965,8.811510724804533,13.672556991823567,15.547265862249823,9.91499757300528,10.86700629665722,12.098371082360995,8.334828054399763,7.915559449504221,0.07575268197567138,-0.39539596710521197,0.08892953947106048,0.2136487779443901,0.016010793174664452,-0.34860613832343385,-0.41383132231775055,-0.3083966135059022,-0.16925926325078441,-0.12451891243179333,-0.08363034411132544,0.12155470166053166,0.11682051694320172,0.0012336162429663442,26.816192723191833,12.662503567370063,12.31157748650648,9.225173060314814,4.343229883231881,8.26863312724854,6.92118084832868,6.547256083046136,4.80169395724209,7.69913777409457,4.261278985947959,6.30981151012626,0.023487191559756777,-0.22958889772294241,-0.3152979816763029,-0.16231066962941879,0.02401200124657746,0.20640855183040774,0.08778438947884674,0.04162947545408411,-0.17133637756934164,-0.12396883646101517,-0.23161765403905624,-0.37648447617986114,0.02716727493531857,-0.0002185974270105362,22.733546926499375,11.864752707893865,12.288868324004369,10.254897541912962,4.580251885664509,8.602050854794603,6.648704844017687,7.5501415053744045,6.009930296133564,9.301013971602384,5.584310946608078,8.888514926572185,0.014214298865765076,nine,/content/speechcommands/nine/97f4c236_nohash_3.wav,testing,5.0,Kitchen.wav
2530,-162.75516260550546,25.07412991829836,12.699313760594542,7.285098744634658,4.303025386413089,0.9759072302519203,2.857440346552458,5.0148618327428105,6.76561913127466,10.269756228075465,9.219700082735134,2.3663195264757846,0.05038496307679452,101.1090014398276,24.001381685864786,15.888006986976672,20.21268082068218,12.823459221194648,7.589616812304532,10.61068805877751,10.621059015497632,6.643691544582185,6.717461178889094,5.660678533082928,5.845506112579397,0.025180346191348298,1.165338660856629,0.9220230671788769,0.0315063109559579,-0.21890075539871837,-0.5824617828170213,-0.282433319595777,-0.20669908909267326,-0.4261939976617521,-0.30189544738427193,-0.2575829911985196,-0.27467755944538114,-0.20407044882812989,6.770126281246062e-05,49.01674257299425,13.500701826544347,10.441140460656484,9.76317273788879,7.355265142239272,5.692540592047948,7.054835195400691,8.362403963874913,4.368529710225735,5.239893500204364,4.8606736989703405,4.365306379699169,0.012510443111257817,-0.7672922149540757,-0.12030503541466751,0.2291721122453803,0.1548230181515584,0.34068781595213743,0.05740916527619143,0.19393486230815296,0.19726558328454233,0.07581008249588855,0.13170608710903628,0.16922515179331124,0.2386424867524967,7.434207946062088e-05,48.4341715172105,12.966112544447745,13.80460288031537,10.39876829203206,8.5144153583739,8.372464691928634,9.064400829676883,9.989850751387323,5.35609031006396,7.56886819392651,6.0831688430055,5.811319964653002,0.011434519061872712,nine,/content/speechcommands/nine/37dca74f_nohash_2.wav,testing,5.0,Kitchen.wav
2531,-247.2386122739989,49.14217327983624,13.437272453332078,28.775370360109886,10.736262026297542,3.9292700822470277,10.229737277351795,9.353728664180554,6.749230097338715,-3.2626560520489463,-1.4103777958660169,3.7731649371133154,0.08117743773618713,85.66951993476812,24.90409284993596,41.35912906177199,7.955323384672528,12.291652778951697,16.49437486717692,9.259691758227412,5.333763547117954,10.469647562004324,8.402293047065188,6.518245848720211,7.67687508142516,0.04672722175343709,-0.055542102118886945,0.10915093843060104,0.08165597606791855,0.2506016382722218,0.02099132581046107,-0.12285475284109941,-0.14926251129207282,-0.439930097072532,-0.390715746772861,-0.1592272539332412,-0.2722574828791324,-0.37545818332720715,-0.0005498835516552772,21.91512701701567,10.566033750871194,12.916263203369239,5.597864425634568,4.984569225887596,9.550072973921967,5.216110037302364,4.411517572392791,6.15354096801666,4.912590408880656,4.0717279832103594,5.061984643505301,0.011905609767710802,-0.27806180372154093,-0.18902617102650582,0.0778851178130419,-0.09161621651906747,0.017198154059473402,0.11141975373898104,0.03471768805508673,-0.11461303003456011,-0.013310492029086074,-0.13900775324640577,-0.1411507073571898,-0.0250570826067326,-0.0001426230495174726,13.144653942201085,9.310880580958802,9.056631909439773,5.611585690871795,6.192393928698833,8.653263232891742,5.5831617119452694,5.768454464320679,5.742540364383621,4.943647460424477,4.989899308283114,6.227268019816715,0.007891710889566111,nine,/content/speechcommands/nine/ef2a3cfb_nohash_1.wav,testing,5.0,Kitchen.wav
2532,-236.00477979421964,43.86923191676853,13.430266811403218,19.306899872429312,11.068080339722163,6.227894801091077,6.489646015212351,7.596992608576649,10.637281563846459,8.985690458306054,1.8634439283438953,8.912655723616973,0.07558566526859067,86.711458618224,48.19552804205792,32.6194388014363,11.945813835359367,8.571100423340882,10.091678805602031,13.148969486222839,11.785768061171261,8.530595503193867,9.879657333387408,8.660994132842122,8.648339049622441,0.06589497442923993,0.8380393472286245,0.1706743435829579,-0.6478668635812868,-0.7137194675555203,-0.290516498874109,-0.026064358363438286,-0.19243732395928775,-0.19983224322694207,-0.34658250946882757,-0.4333890571241898,-0.036275345912336714,0.08320454798128495,-0.0011281136483434707,26.162626743411515,16.01346940831244,14.73882864285895,7.009515999635662,6.036115826041159,6.052468264325606,6.598935195623504,5.488476304632237,7.238917384799602,6.2435038819694775,5.539956346994866,7.0462017497291995,0.01873231137875228,-0.4148137778469864,-0.02905839258470883,-0.10648492591558695,-0.1401125529673465,0.21862391998923528,0.024296479372897826,-0.00043878021946828957,0.29493577123003906,0.19274904597655287,-0.07195359402865137,-0.1365966213078845,-0.04585084308100899,-0.00015688113247354826,15.684475134244824,12.75488343715946,14.542365077913038,7.967129146662734,6.746598458325789,6.966224038185653,6.6882402605179845,6.866872199770024,9.822806161705854,6.856123455077626,7.36870884594415,8.566462940988123,0.01052350138417037,nine,/content/speechcommands/nine/b83c1acf_nohash_1.wav,testing,5.0,Kitchen.wav
2533,-213.76177021380454,46.276293157857886,-14.828287613859853,23.405183095847427,8.738869110349201,3.9740665288128163,10.038370151239237,3.7402138045539903,15.325540509923872,2.4834822587456724,-9.511073385688306,2.447001853738311,0.061943705659359694,91.36085867512332,21.115549200986283,52.05794232339704,11.105027097805266,12.884795598869069,11.71695825892857,7.81120707236928,8.478849663520908,7.369837741899896,6.850355206142075,9.987010579728398,5.507293580038726,0.026542486850989366,1.0955367676954981,0.5441758518629786,-0.40208112487979963,-0.34670549571023085,0.08363391743595504,0.14882255346638334,0.1857945942589168,0.22227685913125175,0.43421387162413894,0.2510333174973175,-0.28932516763994376,-0.07018440772429985,-0.0007401033034247737,29.014116804205,8.419379691740913,17.691553908293788,5.64286764876059,6.923852111657608,5.3286095705001095,4.034881675668931,3.444499744538755,5.125550399202791,3.7778292501770463,4.05441476498568,3.473819850451806,0.009461690126340343,-0.4414807312222914,0.06941138273014419,0.1053936788546583,0.15066241981890016,0.15571874560152205,-0.01189519131226741,0.03726283606020182,0.0031480910142133093,0.0474484108350594,0.06891501386358095,0.09548766534635136,0.09032279277865905,0.0001164956639210383,24.568335615660573,9.582613873881838,13.948265478778277,5.917492170651035,8.331154085056484,5.139445540338717,4.354888677621401,3.32817180161683,6.040977420350916,4.483163218363576,4.502310952604448,4.076536588489082,0.006087924396639425,nine,/content/speechcommands/nine/dc75148d_nohash_0.wav,testing,5.0,Kitchen.wav
2534,-211.79859213840223,39.15214696846179,33.877927149180934,17.254075420536566,4.721724621077928,-2.525003865547303,-3.4774780569860817,5.064297280904188,9.495079767705244,3.8272956571255596,4.29773784322116,3.5581926397675088,0.08300577581394464,92.94166614462222,41.21621445241283,29.381109175112872,16.675055789065787,12.043636126080854,8.882302631701117,12.087890623400897,7.398373053171729,9.842758071012863,11.679091030137737,7.741843794048018,12.370905937472122,0.07807383786899426,-0.9986881086906503,-0.8190481927971202,-0.3332748303518451,0.13658587309901973,0.08238367614574019,0.05558040422546224,0.2352185873036564,0.02313709789167935,-0.10673582253466593,-0.3159891032324668,0.16203270767653227,0.5384262631676792,0.0002471328743042484,31.89597865804745,14.23133097193833,15.90819775897705,10.55915958618277,8.255884083131207,5.690459111405058,5.480017599364682,5.09716612273918,6.44843033087258,5.423123307892704,4.582846833052214,5.604566942554175,0.0226772813580837,-0.11087907663244488,0.033656932307799356,-0.19313062360096184,0.0016548626230779462,0.2462873450056028,0.21964064490302243,0.2630909237724116,0.23598132839860295,-0.08267451855180852,-0.06699226921286078,-0.21986914626491033,-0.182596217282222,2.2465425233046213e-05,26.0074891118808,13.90113773300271,17.03005566839856,13.415923241430402,8.893004188888881,7.454178038227479,5.674586256181167,5.357913400970135,7.426844067572804,6.393431504855603,5.451299382618855,5.833232179689155,0.012046186038349865,nine,/content/speechcommands/nine/9a7c1f83_nohash_6.wav,testing,5.0,Kitchen.wav
2535,-263.70029826684777,24.689249239095226,38.97425845432383,13.761300788436113,10.976104964101928,1.2156686959551601,3.797075958039611,8.707498625477117,7.783361494169957,3.0128977079510113,-3.1691658861395693,-0.8042549858240473,0.03043908381368965,36.19087055103518,25.84192668318746,16.61871950199314,10.059012507231058,6.442130153588936,9.693472319570741,10.836220362023514,6.204265226858163,7.007796147000937,6.145586784866699,6.707161832585107,4.847942939695695,0.006681408492418388,0.4895275626318219,0.9454587139374305,0.2084653568442333,0.04623296582864081,-0.20208127257804512,-0.3713094751185867,-0.15993108301368328,0.18301312224605706,-0.3932696090033994,-0.28683268013021185,-0.32630172174618605,-0.523339453986556,-0.0006602533882664096,10.945554402265463,7.213789792289968,7.8442880303074665,4.294249334680716,3.709799172531334,4.734146593023011,4.477763268710344,4.189036402922627,4.5397125617236895,4.152828606761522,4.6539187016770285,2.538338722052213,0.0025281066016192358,-0.8709837241543994,-0.565609225936118,0.03513066767230703,0.4190174862203256,0.2864619463354273,0.14771039375761758,0.05551013606595598,-0.1430083729150222,0.05294773219992553,0.2725459627262901,0.037320789637477515,-0.23409485848362815,4.314972708622614e-05,9.786794042146466,6.4627762577356735,7.201689999149237,4.2585130021108695,3.778308095881634,5.59422936914312,5.603784304008579,4.312590856177377,4.8824652666900015,5.26704271219788,6.210281198885494,3.3612134268265983,0.0024793347883415766,nine,/content/speechcommands/nine/aa48c94a_nohash_0.wav,testing,5.0,Kitchen.wav
2536,-271.329170845819,33.55146640767838,21.936648897527686,24.386503726468714,22.144546014406167,13.67598596346067,11.071184671016653,7.3601778896511,12.044478875766316,14.548615312870828,9.103762532715942,13.102461440607595,0.038233735132962465,44.98288621243437,26.171382117574453,20.866168902914122,18.87745821523962,10.590826895775844,11.433345522263851,10.9649323066587,10.626364283734175,5.898740292868465,8.142224350501568,4.568040480820426,3.8069249770593503,0.00613226532274912,0.6699758557262022,-0.1868735953184728,-0.22518835322589031,0.2523459373665569,0.35493881127170296,0.047966332308766874,-0.048171350123812344,-0.10342895572460321,0.14941070077615234,0.33623935166926844,0.30099752026839094,0.06646625641191085,-0.0005062260935383458,17.356086104084355,10.940176377293115,9.636482638942432,8.441695185417679,4.071482472744661,6.544584282866559,6.579194952876409,4.913549638337025,3.9862226647223813,5.451081419061487,3.399488972235178,3.174817517323018,0.0026056160504533037,-0.6843504472939458,-0.60226109576354,-0.5456469190171692,-0.30099109226983906,-0.059400143079940196,0.08902976067895682,0.4093782957497278,0.2227648097737635,0.007408449574075723,0.17706255524318404,0.2873307212907736,0.12286698556956482,-0.0001245095084110896,14.056608855254186,9.933668602869563,8.920746576561685,7.070325162572954,3.9916202232453712,6.883254221759724,6.57387422245343,4.538710304060882,5.032890070919948,6.283401792856025,3.97228377024098,3.6689202945097223,0.0027005026813804556,nine,/content/speechcommands/nine/a591c2ea_nohash_2.wav,testing,5.0,Kitchen.wav
2537,-247.87448031146224,30.4111696493004,12.002166249053058,25.449283606346487,13.692119791627338,1.5701049778574974,0.1876704127033222,5.215570805310707,11.067613375143178,12.875025773048227,1.626073435827537,1.7828569823664073,0.07804560774820857,111.71622782046146,41.52087573997437,44.06253861744721,10.72616337334811,16.49824822470416,21.48580355676833,21.430535977825816,13.014076372284512,10.788618578752674,12.047514643256063,6.6299058309335885,11.128028950709034,0.07195472971628229,0.13766778329924576,0.043338505787113644,-0.06001707654242468,0.32173709246385873,0.020539697157587335,-0.10862145935564942,-0.11797863443274537,0.01630986172763368,0.2256934936503512,0.3725459203440672,0.12311150071300422,-0.0629930698585039,-2.3672116860266655e-05,31.30854667426171,16.679265175230906,18.281576285468258,9.029385173445528,6.170425946823282,9.798285925237634,8.400660592060428,6.430180514717735,6.728948828461539,6.822367133109603,4.912313578186528,4.709414008213461,0.023384102713865332,-0.14484224300689638,0.15475868133916473,-0.06302744952762537,-0.06041059582473807,0.2717558519894083,0.13196115306574352,0.07230708672509281,0.10942357311750897,0.11992472073321583,0.02780977504707026,-0.1822468225723389,-0.05845832013144534,0.00011071333040793737,20.728529836029168,15.665265002966425,16.26580782446266,11.083702696716886,6.951835434001748,9.839982309461965,8.91447964724234,7.119028756376225,8.578672152240461,6.870478283371432,5.4817004939126335,5.780449322439986,0.012741595339939274,nine,/content/speechcommands/nine/b1f8326d_nohash_1.wav,testing,5.0,Kitchen.wav
2538,-265.1472920601978,22.46251722540201,45.635162592120935,20.357907435366105,24.52831739806111,16.271796653986215,14.93528210976973,11.885600182544389,11.231424325854487,7.231070683882353,0.0765719696646515,5.240224524248628,0.0439236487352079,58.97364084828667,42.599654889406736,25.653405376742956,24.61085850178906,8.192564453846684,10.600568292662818,6.960235926804991,7.068432879165916,4.805937615064303,7.182201114092197,8.216919425792366,6.94712531206177,0.016060026228731893,0.3865092764861667,-0.1601484776837666,-0.36241642159316234,-0.0019453446407445322,-0.24220765951012665,-0.30126035279302327,-0.06809738570446756,0.26503395103156263,0.05801297151909968,-0.09668961153133827,-0.05875000073721332,0.10041601981220166,-0.0002768026664853096,17.15872214516121,11.686362291582466,11.371107569953555,9.50153597002957,5.683719668373347,6.329446436701201,4.702757694566873,4.143571228784835,4.119557840804435,4.25824683643134,3.307016814861588,3.8231644000506204,0.00625320130014644,-0.35719882222909505,-0.4027536369760993,-0.33312578064928683,-0.14591212323204344,0.17512080903721433,-0.05173659653031088,-0.12451264112951763,-0.21685541809177336,0.045593579206296385,0.015085674640143213,0.05700548582128611,0.0605121962500468,8.466910442401623e-05,13.17656476509802,10.917034009551454,8.810846532173333,7.569664970545007,6.078831303231855,5.318865904313514,5.8186152737626795,4.840329698124861,4.951391899085858,4.088439830238492,3.6528987428695356,4.2903050284204625,0.004110911416814348,nine,/content/speechcommands/nine/1f653d27_nohash_0.wav,testing,5.0,Kitchen.wav
2539,-221.61658390575457,42.33143454599805,36.27021727916673,14.655485369402335,15.14584342832083,1.92564915563434,-0.6844757000648456,-4.032096735653652,0.11816255242631613,8.366890996574591,4.717326343254091,1.0276238072784114,0.04482428962364793,72.32916233547026,47.63293998811203,18.96342135872782,12.05113445202719,8.262434055982297,12.257716429699292,9.960735893391858,9.62135219460317,7.482564633766484,5.914551590646237,6.005927510821586,6.787420696023137,0.013222919901258673,2.445511924022599,2.5640748152667223,0.8111662915170768,-0.32800248656853437,-0.5561351281997859,-0.8115564053062054,-0.4717858241382268,-0.4162462555325155,-0.4632147476938127,-0.20849102962010171,-0.05931618343561057,0.15118748058624326,0.0009138892975545698,33.1962228883705,17.596879870725935,12.381499980175628,9.08434068568447,4.642962906362945,5.472235724170902,4.489444778844969,5.282719199491948,4.830709893957999,5.022438251948405,4.6185983170451035,4.679492535915426,0.004446051998270902,-0.13192463507426358,-0.23750600894453627,0.10680392904565975,0.20734237930459914,0.07350431444926743,0.15438482088866146,0.05857814688773346,-0.35435940585083975,-0.009372694545926619,0.23463554883617643,-0.008003655679473868,-0.11160593971968784,-3.1437166035175325e-05,34.54680240418825,19.422911521081307,13.305073717586001,11.929765555556923,5.5535983149359405,5.672179986847017,5.44736947769326,5.6366773378284645,6.978251086614822,6.9830317886681605,7.216862124490077,6.274952355236445,0.004592987317286862,nine,/content/speechcommands/nine/5c8af87a_nohash_3.wav,testing,5.0,Kitchen.wav
2540,-226.36114394723415,35.029285389764894,23.705430783516803,26.475639848067885,22.10739420928104,10.791058858946098,0.730882075057183,8.047899251277775,11.353501550127689,1.4863769439860266,8.424071249292819,0.5656431670518445,0.09644190638209693,86.39914383094458,34.36043312898831,26.288844670714333,10.655039220145772,11.998225406509636,11.37157620633434,16.440318113519638,8.420264620113503,9.249577562837016,13.576267949772651,7.871837598067129,8.02090669837811,0.080435873320376,2.7271291352352076,1.8528446077421419,-0.3235546951194103,-0.32896238221682317,-0.07657554506784525,0.1892728123737382,-0.04592131560976146,-0.2058489228070646,-0.48668171990398096,-0.5183698705894391,-0.10582783295041934,0.06823404498737254,0.0011987116247896225,28.8312073044434,15.134082164207172,14.919462491030002,8.018819197176889,6.721431467858572,5.879343710815681,6.0596170406140555,5.484113729653021,5.858606340860579,5.8129120071038844,5.934804234034992,4.609360676899793,0.022688680715233,-0.35139146567435,0.03540108259402549,0.129920067056851,-0.09221865041024084,0.10623740061875354,0.057957581149533983,-0.16088908780792785,-0.018657467022310747,0.0502766362403739,0.13117131575258806,0.009604964257748231,0.10124730185939385,-7.907925173640251e-05,17.710299209393092,12.352290532986531,15.729094462872512,11.411010120079714,8.333564962893641,6.051956914440215,5.476983879028826,5.847516584394647,7.335389921375116,7.480492820030939,7.262899886751923,5.31883344246344,0.010905790333567927,nine,/content/speechcommands/nine/9a7c1f83_nohash_1.wav,testing,5.0,Kitchen.wav
2541,-262.5382528849251,8.979752716021359,34.04199563970126,25.5158718786373,8.965877239552858,15.419158186946037,7.470272675646223,9.194052087945341,15.758213257640968,5.750309424876425,6.334242684604912,4.112147311518134,0.049415832734666765,103.15863581526732,39.483137116046116,20.67381848459902,10.31999331070716,26.687807122147632,5.9841681865850145,13.069693460547182,8.228368779293515,8.458942825649595,5.529821644121893,4.073047789414476,9.448913991183153,0.04142271583594547,0.1845404514666176,0.3531468977604382,0.36048286223329856,0.25263329517567024,0.048516634939386544,0.16389040417809786,0.06607236605514652,-0.22052236724105423,-0.035022192779000344,0.14869357358901197,0.3221444740482607,0.06366752339385832,0.0006780458554144829,39.75005601837955,17.24626023039212,13.598802408697855,7.657255500122101,12.390134071833614,3.48800910493465,6.30529911211616,5.34317338253993,6.866753521042319,4.276955593990236,3.40733176805568,5.286952505241528,0.017177344470976477,-0.02290341720072296,0.2499591277339156,0.31974213671097956,0.42133336874505445,0.15102217844253604,0.016129806477640448,-0.03466572665572665,0.07840713132134122,0.09591340545718575,-0.09562255110644617,-0.028640503449158392,-0.20781053878061134,-0.00010485798120498657,26.415962131068255,18.333776189178383,13.299621270276887,9.429398046621298,11.525293411609125,4.153720117671211,6.009793405847396,5.556059401401219,8.741848818846337,5.985406187756346,5.01761108647494,5.227693935294062,0.014062400343175328,nine,/content/speechcommands/nine/94de6a6a_nohash_4.wav,testing,5.0,Kitchen.wav
2542,-241.1443400651674,35.178423244257914,8.680148742360817,32.58458680790912,19.973240744945322,6.715853374978521,8.117132983682598,-2.07734518188962,4.501401478972296,2.635019517199221,-0.2638022751588308,4.228237027271585,0.07200296901282854,100.15791063738983,31.319435081153912,47.44121809756858,15.669396575131515,10.250770622236491,13.223454895901861,9.54188698133268,15.25227784245491,11.402578575642783,7.007954265530823,6.725553721228731,8.60118734155483,0.05162372856751262,-0.07489492123521256,-0.3674810467302867,-0.4128360759872241,-0.2971413674855424,-0.3415738549338726,-0.10066839239256364,0.16256762972545008,-0.2032435562928105,-0.16285342319322654,0.01661540846063423,-0.25535978823418726,-0.1738244787466544,-0.00033244661866657193,31.72108730416023,11.674430901124108,21.401327582436082,10.75941680190109,9.013234027030506,7.668249683473705,5.837433853376677,7.006181858759626,8.130250668411557,6.156448669500374,4.878574175276291,6.291462001964027,0.01761250939942908,-0.3352335844526768,0.10703895881334034,-0.13046217074755095,-0.15976223370827244,0.04990111375872542,-0.12135636275338087,-0.04442023949325957,-0.029034555649023432,0.06528126413825248,0.08633729637085232,0.22697938338773144,0.1485202518424469,-0.00031139195586244264,22.604635529376303,12.801600493988277,19.513823891894106,13.27833519273447,11.14544440424848,8.635559820821882,6.626942531722494,8.10023945387801,8.726312785492414,9.101101798619649,5.827785522594916,6.575746668274106,0.00970991530707359,nine,/content/speechcommands/nine/cd85758f_nohash_2.wav,testing,5.0,Kitchen.wav
2543,-242.21625976567927,33.68547427741009,10.818527596257598,18.681578291451075,18.05359851556274,2.335078826527271,5.601591835396977,8.782883495085072,5.329932898771371,5.457718891082928,2.6862362748189916,3.4561989287398722,0.06761679460760206,87.00912320299598,40.20808246309052,31.51260177452191,15.41806230205268,4.015991859740873,15.081513960652035,13.125831691792955,8.288418793391351,10.611710715124707,7.750991498736766,5.9813439260338646,6.626956363576883,0.04226167109487057,-1.6379908488073405,-0.5483709680097787,1.3498173155582551,1.0124216407718512,0.33165572397008014,-0.23783496212597746,-0.2829241965707629,-0.09716341338817312,0.2359013783296145,0.3342530119976826,0.12578625252623987,0.22855906986855004,0.001314185980346895,28.36659854479604,13.667094067329625,15.112279271130836,10.629213655167717,4.462124898564845,6.429787274815799,5.093835293601612,4.741507949948363,6.293751059408355,5.682401309951721,3.5025152348099096,3.9666136994433776,0.016408510628046852,-0.00682544401347324,0.12910159532571047,0.10045268592072437,-0.06012833272049794,-0.02835878675388308,0.07297837735233724,-0.010668590744714082,0.06346091270719191,0.25592170058161906,0.24667771101319003,0.052987372627788014,-0.07217924331966064,-0.00010430477559566497,18.5750709814949,11.086196069049462,14.259914968855732,11.989687655196091,6.0210088136662545,7.203819686345917,6.196447289746622,6.187763114933727,7.126035664319322,6.953203082851084,4.696244173483437,4.520543766043621,0.009481291269489529,nine,/content/speechcommands/nine/563aa4e6_nohash_3.wav,testing,5.0,Kitchen.wav
2544,-293.6935343632092,35.264096352503955,26.06587194207812,25.444428077751567,22.30599254651529,7.275316151481579,8.254776281916207,9.911658660641612,10.849724240779862,8.541896854084348,-1.4810136637001095,1.2013903143130291,0.04587762156734243,75.80939797770934,39.17643379290293,37.75507456137719,18.154391174732297,7.446782079175805,17.01430512796657,9.282169259342048,7.748131447554887,7.562398376990725,6.311834554841757,12.196308081550074,10.020434970323725,0.013772014325539548,-0.41873886880249017,0.0342985191010637,-0.04124822592194251,-0.16522866965569888,-0.06819547905996408,-0.06455112279364722,0.20368519509103447,0.4915302562577169,-0.0691754488715233,-0.14223117676388825,-0.01367224830446221,-0.1815826833312332,0.000994530656645375,23.826913886747253,11.266394150335545,17.872116896621073,9.479279727239707,6.0177537417806874,10.957627816528083,4.631380428656943,6.764237274316671,6.465932053546085,4.444191382538263,5.622294169164268,4.568607852274621,0.006273310569539192,-0.15767769305470553,-0.1467920226364501,-0.1180777372845854,0.024049960605058728,-0.03849701447737897,-0.02246627836169483,-0.0591917951976864,0.13459738568116653,0.23169522666561573,-0.0565867225713375,0.08928100410009371,0.1346447356909673,8.719228208065033e-05,16.9391384998355,8.825782887918711,13.723075769149405,9.174360999952308,7.301043437399584,10.909165610521866,5.383098551918567,8.476318422273797,8.694354294949536,5.589640342450951,7.845778890432248,5.846166798240648,0.004578460979816478,nine,/content/speechcommands/nine/d1a4fb3f_nohash_0.wav,testing,5.0,Kitchen.wav
2545,-172.10932032977803,6.216495516811065,32.05372953505686,11.780280717655533,11.919957221819796,4.353837798788318,6.3633832942258906,1.9233151452410888,10.038736168249729,6.360536918809218,2.544928760507184,5.39864804522065,0.08142244574264623,108.28876027009203,39.103273193036024,19.002286454973387,19.247217865149107,12.247869295445952,8.246132639017338,16.225333788963475,11.15319781779111,10.707583013196759,7.020159944593246,6.075133010419914,4.848033351859336,0.053528892679595784,-8.71934283647228,-0.42409494841340306,1.1301850721369828,1.5288552470211199,1.1412244291902307,0.667075015028427,0.6912332057534606,0.18874110338957595,0.2544646928455134,0.03255277086593865,-0.40609570895738356,-0.04561414445977301,-0.00265423241522043,21.536940663189252,11.435364594701918,7.5339171975969705,6.441165035882661,6.198042079638658,5.8859954841719535,6.270676486675406,4.023444867555253,6.46367392319275,4.2660308550904835,3.554873017671945,3.8346573982547856,0.01700754770882893,-0.798320290474954,0.31603339735214414,0.10545478203236651,0.030717298766280265,-0.07488016231852525,0.28474749448135905,0.2952313739375675,0.03248921124367567,-0.07838867252307799,-0.03958162272037716,0.08934022841029744,0.028207711488725955,-6.903841470678647e-05,16.839460455266675,9.053037593829147,6.855145196143924,5.977114095843736,7.192830662832273,7.300282618947334,7.094975651437922,4.415068410643687,6.755716568482137,4.8192420324381855,4.521373009538543,4.56841321937499,0.010772038942319434,nine,/content/speechcommands/nine/b83c1acf_nohash_4.wav,testing,5.0,Kitchen.wav
2546,-256.74837701113256,0.4972763266705311,33.103087008837036,28.763787632615596,13.753792962095886,2.3657225083576527,10.052924703405715,12.12692615107096,13.184602097458804,1.054638433393659,-1.5250918864198597,5.651518269379474,0.061461009783670306,77.93828562427274,34.31279944841233,24.36045176837743,8.154715401083036,15.250157765534944,17.08018535204789,9.523686192053894,4.129107891099218,7.312307261515973,9.194539625986097,8.049208061594928,5.133702328526177,0.036523287207131445,-0.20361267800737667,0.3104050836184246,0.24039889976751352,0.13375285445305432,0.1376496632788705,0.3534607292396993,0.16763409868340504,0.12077959268847946,0.06200389562913153,-0.016696734557104406,-0.12529578964373386,0.0322283020783697,1.2551644636738686e-05,25.966488273424805,14.335033740214607,11.857254758519302,5.308864352664854,6.748576916541631,7.4451161597279105,5.632021572783937,3.319182222866696,5.105054282829033,4.116206263332051,4.336527452353271,3.7463187141292074,0.009731494760439618,-0.2246660943316461,0.12358197750386779,0.07238312088902402,0.10091323208662123,0.1398526892698539,0.28661604872043367,0.23237572721126487,-0.04819270508183434,-0.17800366501140655,-0.14590710789954833,-0.17371541921770814,-0.033089288191253806,-2.6345625519752504e-05,20.668523095767355,15.084733385498733,11.621282887091025,7.780262397393451,7.352096206178219,9.046844239740098,6.536228423936095,4.447093569592048,6.272814838978202,4.329987158702959,4.725413994717872,4.818741731880453,0.00559614518842369,nine,/content/speechcommands/nine/692a88e6_nohash_0.wav,testing,5.0,Kitchen.wav
2547,-288.1462336743434,-13.995694161459724,38.12573693607182,20.710647801074295,14.110253090323521,6.768743512205506,8.614148079877321,12.085433623389555,13.570429845161684,7.8412066894397014,1.9712080386100133,9.94870090741536,0.029862935363780707,25.593412041328342,15.947948671016515,13.918958160925355,7.96346507494411,5.9948679648361844,7.684766394204446,6.74178887233484,5.296477672757889,7.355573350432416,5.235432068738267,4.61450731006976,4.403562118254261,0.007070943277176127,0.00171216681032195,0.052381598768738616,-0.4999260586895562,0.039609232788335925,0.23624987975856337,0.14728701156845944,-0.11892213179208244,0.06664256400157993,0.0444797843436129,-0.04576209093883291,-0.029955412353326456,0.21531942398529613,-0.0002001480109268619,9.828668592633433,7.09102483110417,8.377408324261857,5.357035068655991,5.038872594324797,5.707363191377377,3.926309210560628,4.176720629421052,4.7937779638899976,3.571672946838648,3.87619965924278,3.9142383084699586,0.0027861065877437747,-0.2840802502495895,-0.3958969800745157,-0.4454543784470358,0.01611842135311079,0.16119644329713462,-0.021926400107571985,0.054883955609109206,0.12463658793320563,0.34079861031755293,-0.02960231038898883,-0.07986432394990745,-0.07932263877872678,-6.7740927139918e-05,8.554673282921131,7.019286911779537,7.804484252426595,5.858032959908951,5.7532242049140345,6.685864035479134,4.65484799378668,5.214284403748907,5.343433021476417,4.1252557516348904,5.372611831470404,4.888148642900541,0.0026238734968305095,nine,/content/speechcommands/nine/135c6841_nohash_0.wav,testing,5.0,Kitchen.wav
2548,-230.20854739133506,37.2774625327123,24.453712007274852,30.073338616529966,18.752950792596923,0.9524275515522496,1.0950031363964658,11.462398315018355,9.384861409356894,3.3385614394573624,-4.567771246200813,3.7203263528167274,0.10844543256098405,122.41487088037294,37.78081552864637,31.99184957614422,16.376006543413915,13.214425110724006,12.768969679527519,12.101849792283476,9.564533448909245,13.137931491527093,10.694362921746144,12.407623816830641,7.316775946311817,0.11260982845267213,-0.5351143513255653,-0.4297655772760288,0.572974951775308,0.2752526359640549,0.22078543360035255,0.550412968879279,0.08062613479433665,-0.7140992950214643,-0.6250467653948805,0.026956401243354845,0.14762599043922506,-0.07268975539707369,-0.0006637921136233115,45.53900789672891,17.05976152103364,17.934300673151174,10.676972590111601,8.15628749522561,7.515387251901485,8.26340243385076,6.339503461544307,7.111919241039706,6.597112062721864,5.515377386661504,5.1903479681883296,0.03593226702371757,0.11420559112629007,-0.044107114024540435,-0.41446791441753966,-0.2326976053879439,0.08603603910615784,0.13588120789810562,-0.12366718982270551,-0.19569348485147434,0.023844644591270264,-0.18976286262506156,0.08149014626085058,0.03392770903466165,-2.7250746885935465e-05,40.42566526769317,20.52902567708551,17.914523700793655,13.381683577036902,8.504697892858683,9.021749765210842,9.78877776185213,6.735881558716341,9.814678585449677,8.173945685176664,6.594895964342429,6.8311225086270815,0.021468816294454383,nine,/content/speechcommands/nine/964e8cfd_nohash_4.wav,testing,5.0,Kitchen.wav
2549,-243.00705119264066,32.8028934194165,44.92700326392797,10.445240068769847,-0.8491701868272947,-12.476710067734569,-3.861949897716905,10.226774061360377,17.4438170257457,15.47455841579523,8.177962890649395,5.749442646896878,0.11217802611645311,70.31534267155757,55.61270856911656,24.323231025474882,19.383997121752415,14.749067578671806,18.965273780692613,13.663576971931695,8.397171459772911,8.398146191790488,7.436471275437345,6.640507397153909,7.9650987419330175,0.12436675331059648,0.19301161024471977,0.26274181322876367,0.4992438641727873,0.3321353455561291,0.0550564889310072,0.19260893062966825,0.25044355150151304,0.5753732027545329,0.42991698247828286,0.4118937294133391,0.4459063737327644,0.4832746378030699,0.0006708682424599124,22.124663144029135,17.869813803099383,14.167325585641477,9.659306825477255,7.789357073998631,9.154431007892208,6.259429361914803,4.994217569899281,5.9827977647220765,5.59711715161156,5.173931391928633,5.259135943032489,0.04397599448325392,-0.4839556871086605,-0.3336958734630861,-0.08454508905034051,0.27686345854469857,0.19948739940844623,0.19260427472552746,0.188105147575311,0.11951980188417434,-0.2504587166340146,-0.45082008335651796,0.18294063408464137,0.2762876403971511,2.0189955830574035e-05,15.483930467451412,14.099028772060658,12.094444641154894,9.167741305202284,8.202666108324983,9.141595505930507,6.388867520734736,5.633151682986633,5.756717207339848,5.579103861559328,6.143873883570872,6.7004402643432215,0.02891978544451677,nine,/content/speechcommands/nine/5e3dde6b_nohash_1.wav,testing,5.0,Kitchen.wav
2550,-241.21073451193632,24.21060608543391,40.17615164744251,17.734139808658256,16.93705162518628,12.589575286043864,13.961753638122534,7.125465374374983,8.870819125774943,11.248764722334535,0.22987558698412092,2.9069052430854048,0.057239244459196925,82.94127963621531,49.666232853094996,29.110585304621274,25.201073539920266,13.821435081259187,7.558072318929505,6.099048249933734,12.985433403510529,6.621167573106345,10.271950297729811,10.289207891387278,9.33799804639705,0.028094787966629932,-0.28693065098347814,-0.47955573315505357,-0.38055984017686895,0.5112892572538174,0.3422655510393112,0.07239695043823247,0.40482619544540194,0.47206530942758185,0.4616290482470499,0.14402703647717774,0.0934075753213147,0.30907265534551503,0.0008217703190542036,24.734352038766612,13.54089558128016,14.972030802012112,11.270358059698744,7.007809220962775,4.443559941870476,4.424034287659098,6.222911519913542,4.735996823020461,7.316250007828615,6.1429534980144815,5.096644560032568,0.008254367069847977,0.09860085213621422,0.23589388258605754,-0.036092423739759856,0.005533964550729564,0.16876620746507834,0.044436805481114776,0.05428241038914923,0.2430634013286836,0.029090177681439785,0.0746835420496136,0.07131430735825403,0.02460237536917808,0.00012154548118511835,17.93699091403071,10.630071018957802,13.144895236349454,9.50735373493135,7.4451238694133295,5.14975196531301,6.322230665169543,7.352926824332151,6.364912763293297,7.940695531703188,6.865688081643572,5.204758871787495,0.005070742527630922,nine,/content/speechcommands/nine/6736bc64_nohash_1.wav,testing,5.0,Kitchen.wav
2551,-269.32122750539673,15.307470585022593,33.30380534203518,19.352616034551488,17.60312636439732,8.616133613225777,8.82457695060523,5.974953081333725,12.66809255467784,16.953973766367092,7.9887138248278,6.101316859892327,0.03736779926111922,52.74022053309897,29.645454883400106,19.694830629537066,17.921586352250696,8.94299877023711,10.894433928381183,9.943844837311833,8.37898175782006,5.386517705730108,5.699947029006614,4.923543112576113,2.4164499820218053,0.01147269362544236,-0.8834467124096034,-0.028486043253825394,0.24830431500324127,0.13656606399338914,-0.042314979435285546,-0.2900237965280587,-0.17572794734508468,-0.07381253911747884,-0.1907291590968975,-0.018674814417455797,0.056089839794224126,-0.05919646914019551,-0.0010694039444769583,15.599556721463573,8.824258810977748,9.455193664797342,7.947274788118508,4.330030800597817,6.080775713749596,6.917197551154216,4.316762411869425,3.4324179100855927,4.201004952446885,2.9238222197902304,2.3928532644617495,0.005804418236803002,-0.45966365504740075,-0.13326183034421551,0.07209253496753541,0.08002928580608332,0.19299328899347537,-0.006049136011637775,0.05995464317384792,0.1741993546780856,0.18064206450783307,0.14866054818040464,-0.0466512144505125,-0.13226111178733538,-4.224504033724467e-05,11.481840119122387,7.235269685260445,8.74169527248681,7.163398023093378,5.2799335233328115,5.832039682806835,8.108060426705975,5.181227920410719,4.421690306111194,5.022694536041783,3.3297406424404095,3.5501429207663606,0.004137808083097141,nine,/content/speechcommands/nine/a591c2ea_nohash_0.wav,testing,5.0,Kitchen.wav
